#Range[m] 0 1 2 3 4 5 6 7 8 9
1.800000071525573730e-01 -6.448835134506225586e-03 -6.483405828475952148e-03 -6.444245576858520508e-03 -6.434231996536254883e-03 -6.477832794189453125e-03 -6.446450948715209961e-03 -6.464540958404541016e-03 -6.450712680816650391e-03 -6.468713283538818359e-03 -6.454616785049438477e-03
1.864527691379452845e-01 2.221703529357910156e-03 2.216756343841552734e-03 2.230644226074218750e-03 2.192527055740356445e-03 2.223342657089233398e-03 2.199053764343261719e-03 2.161860466003417969e-03 2.220571041107177734e-03 2.183496952056884766e-03 2.228379249572753906e-03
1.929055311233331682e-01 4.032582044601440430e-03 4.013389348983764648e-03 4.024296998977661133e-03 4.043281078338623047e-03 4.026174545288085938e-03 4.022091627120971680e-03 4.073143005371093750e-03 4.019945859909057617e-03 4.035294055938720703e-03 4.014253616333007812e-03
1.993582931087210797e-01 -5.748122930526733398e-03 -5.752593278884887695e-03 -5.732387304306030273e-03 -5.739688873291015625e-03 -5.718529224395751953e-03 -5.719095468521118164e-03 -5.711704492568969727e-03 -5.737096071243286133e-03 -5.750864744186401367e-03 -5.746483802795410156e-03
2.058110550941089911e-01 3.233641386032104492e-03 3.216356039047241211e-03 3.225803375244140625e-03 3.208518028259277344e-03 3.227889537811279297e-03 3.215998411178588867e-03 3.181725740432739258e-03 3.225475549697875977e-03 3.203243017196655273e-03 3.229647874832153320e-03
2.122638170794968748e-01 1.358181238174438477e-03 1.345008611679077148e-03 1.335412263870239258e-03 1.364886760711669922e-03 1.344442367553710938e-03 1.348465681076049805e-03 1.386165618896484375e-03 1.370698213577270508e-03 1.382380723953247070e-03 1.386910676956176758e-03
2.187165790648847863e-01 -3.636658191680908203e-03 -3.610700368881225586e-03 -3.618955612182617188e-03 -3.640085458755493164e-03 -3.629267215728759766e-03 -3.607362508773803711e-03 -3.629416227340698242e-03 -3.639072179794311523e-03 -3.624945878982543945e-03 -3.630101680755615234e-03
2.251693410502726977e-01 3.353357315063476562e-03 3.324091434478759766e-03 3.363430500030517578e-03 3.341704607009887695e-03 3.353804349899291992e-03 3.348231315612792969e-03 3.337711095809936523e-03 3.345578908920288086e-03 3.352582454681396484e-03 3.346502780914306641e-03
2.316221030356606092e-01 -5.786716938018798828e-04 -5.990266799926757812e-04 -6.159842014312744141e-04 -5.735158920288085938e-04 -5.776882171630859375e-04 -5.998909473419189453e-04 -5.606114864349365234e-04 -5.778670310974121094e-04 -5.666911602020263672e-04 -5.650818347930908203e-04
2.380748650210485207e-01 -1.610219478607177734e-03 -1.572221517562866211e-03 -1.607000827789306641e-03 -1.610010862350463867e-03 -1.599222421646118164e-03 -1.600950956344604492e-03 -1.606762409210205078e-03 -1.622676849365234375e-03 -1.592218875885009766e-03 -1.620799303054809570e-03
2.445276270064364044e-01 1.241922378540039062e-03 1.260876655578613281e-03 1.260548830032348633e-03 1.245975494384765625e-03 1.246988773345947266e-03 1.260846853256225586e-03 1.233756542205810547e-03 1.247555017471313477e-03 1.242190599441528320e-03 1.216411590576171875e-03
2.509803889918242881e-01 2.875030040740966797e-04 2.624988555908203125e-04 2.874732017517089844e-04 2.824664115905761719e-04 2.866387367248535156e-04 2.768635749816894531e-04 2.853572368621826172e-04 2.996027469635009766e-04 2.814531326293945312e-04 3.016889095306396484e-04
2.574331509772121995e-01 -1.106858253479003906e-03 -1.125931739807128906e-03 -1.121073961257934570e-03 -1.103252172470092773e-03 -1.118481159210205078e-03 -1.125544309616088867e-03 -1.111865043640136719e-03 -1.106798648834228516e-03 -1.105368137359619141e-03 -1.101702451705932617e-03
2.638859129626001110e-01 4.782080650329589844e-04 5.043745040893554688e-04 5.010664463043212891e-04 4.761815071105957031e-04 4.846453666687011719e-04 5.210638046264648438e-04 4.932582378387451172e-04 4.747509956359863281e-04 4.864335060119628906e-04 4.759728908538818359e-04
2.703386749479880224e-01 7.391273975372314453e-04 7.218122482299804688e-04 7.341504096984863281e-04 7.517337799072265625e-04 7.400512695312500000e-04 7.222592830657958984e-04 7.304847240447998047e-04 7.514357566833496094e-04 7.265806198120117188e-04 7.404386997222900391e-04
2.767914369333759339e-01 -1.630395650863647461e-03 -1.626729965209960938e-03 -1.631826162338256836e-03 -1.612544059753417969e-03 -1.610666513442993164e-03 -1.634567975997924805e-03 -1.610726118087768555e-03 -1.638948917388916016e-03 -1.641273498535156250e-03 -1.618772745132446289e-03
2.832441989187638454e-01 9.730458259582519531e-04 1.001983880996704102e-03 9.815394878387451172e-04 9.669363498687744141e-04 9.755194187164306641e-04 9.950697422027587891e-04 9.814798831939697266e-04 9.596645832061767578e-04 9.753704071044921875e-04 9.649693965911865234e-04
2.896969609041517568e-01 5.532503128051757812e-04 5.388557910919189453e-04 5.447566509246826172e-04 5.461275577545166016e-04 5.601942539215087891e-04 5.561113357543945312e-04 5.439817905426025391e-04 5.610883235931396484e-04 5.422234535217285156e-04 5.570948123931884766e-04
2.961497228895396683e-01 -1.208335161209106445e-03 -1.224935054779052734e-03 -1.216560602188110352e-03 -1.197606325149536133e-03 -1.197129487991333008e-03 -1.221209764480590820e-03 -1.216799020767211914e-03 -1.200348138809204102e-03 -1.203179359436035156e-03 -1.181393861770629883e-03
3.026024848749275242e-01 9.096860885620117188e-04 9.230673313140869141e-04 9.280145168304443359e-04 8.926689624786376953e-04 9.059607982635498047e-04 8.958578109741210938e-04 9.072422981262207031e-04 8.993744850158691406e-04 9.145736694335937500e-04 8.944272994995117188e-04
3.090552468603154357e-01 1.443028450012207031e-04 1.503229141235351562e-04 1.322627067565917969e-04 1.559257507324218750e-04 1.329183578491210938e-04 1.513659954071044922e-04 1.459121704101562500e-04 1.454055309295654297e-04 1.434385776519775391e-04 1.321732997894287109e-04
3.155080088457033471e-01 -7.426440715789794922e-04 -7.474422454833984375e-04 -7.456243038177490234e-04 -7.362067699432373047e-04 -7.371008396148681641e-04 -7.466971874237060547e-04 -7.389783859252929688e-04 -7.417500019073486328e-04 -7.552504539489746094e-04 -7.289350032806396484e-04
3.219607708310912586e-01 6.274580955505371094e-04 6.344318389892578125e-04 6.400048732757568359e-04 6.316900253295898438e-04 6.371736526489257812e-04 6.318092346191406250e-04 6.345212459564208984e-04 6.215572357177734375e-04 6.361901760101318359e-04 6.310641765594482422e-04
3.284135328164791701e-01 1.208186149597167969e-04 1.315474510192871094e-04 1.273155212402343750e-04 1.173019409179687500e-04 1.048445701599121094e-04 1.218914985656738281e-04 1.251399517059326172e-04 1.125037670135498047e-04 1.360177993774414062e-04 1.181364059448242188e-04
3.348662948018670260e-01 -9.232461452484130859e-04 -9.390115737915039062e-04 -9.114444255828857422e-04 -9.284317493438720703e-04 -9.187459945678710938e-04 -9.226500988006591797e-04 -9.266734123229980469e-04 -9.098947048187255859e-04 -9.240508079528808594e-04 -9.113252162933349609e-04
3.413190567872549375e-01 7.561743259429931641e-04 7.658302783966064453e-04 7.582604885101318359e-04 7.641613483428955078e-04 7.587075233459472656e-04 7.574558258056640625e-04 7.503032684326171875e-04 7.520914077758789062e-04 7.632672786712646484e-04 7.731020450592041016e-04
3.477718187726428489e-01 6.678700447082519531e-05 6.568431854248046875e-05 6.499886512756347656e-05 4.971027374267578125e-05 6.079673767089843750e-05 6.863474845886230469e-05 7.781386375427246094e-05 6.052851676940917969e-05 6.744265556335449219e-05 6.031990051269531250e-05
3.542245807580307604e-01 -6.407499313354492188e-04 -6.411969661712646484e-04 -6.527900695800781250e-04 -6.472170352935791016e-04 -6.458461284637451172e-04 -6.363987922668457031e-04 -6.350874900817871094e-04 -6.399452686309814453e-04 -6.516873836517333984e-04 -6.548762321472167969e-04
3.606773427434186718e-01 7.641315460205078125e-04 7.352828979492187500e-04 7.476210594177246094e-04 7.614195346832275391e-04 7.577240467071533203e-04 7.409155368804931641e-04 7.295012474060058594e-04 7.552802562713623047e-04 7.411241531372070312e-04 7.628798484802246094e-04
3.671301047288065833e-01 -4.544854164123535156e-04 -4.589557647705078125e-04 -4.591345787048339844e-04 -4.473030567169189453e-04 -4.436969757080078125e-04 -4.653930664062500000e-04 -4.385113716125488281e-04 -4.445910453796386719e-04 -4.375874996185302734e-04 -4.570484161376953125e-04
3.735828667141944948e-01 -3.813207149505615234e-04 -3.759860992431640625e-04 -3.725886344909667969e-04 -3.811419010162353516e-04 -3.588199615478515625e-04 -3.605186939239501953e-04 -3.770589828491210938e-04 -3.788173198699951172e-04 -3.782510757446289062e-04 -3.887116909027099609e-04
3.800356286995824062e-01 1.071661710739135742e-03 1.052796840667724609e-03 1.068264245986938477e-03 1.073300838470458984e-03 1.059293746948242188e-03 1.051813364028930664e-03 1.058012247085571289e-03 1.051962375640869141e-03 1.057356595993041992e-03 1.061826944351196289e-03
3.864883906849703177e-01 -7.302463054656982422e-04 -7.376670837402343750e-04 -7.556080818176269531e-04 -7.364153861999511719e-04 -7.312893867492675781e-04 -7.386207580566406250e-04 -7.192194461822509766e-04 -7.337927818298339844e-04 -7.340312004089355469e-04 -7.154047489166259766e-04
3.929411526703582291e-01 -8.267164230346679688e-05 -7.238984107971191406e-05 -7.456541061401367188e-05 -8.612871170043945312e-05 -8.034706115722656250e-05 -7.578730583190917969e-05 -8.970499038696289062e-05 -8.764863014221191406e-05 -7.355213165283203125e-05 -9.617209434509277344e-05
3.993939146557460851e-01 6.262063980102539062e-04 6.254911422729492188e-04 6.234645843505859375e-04 6.239712238311767578e-04 6.349980831146240234e-04 6.247460842132568359e-04 6.179511547088623047e-04 6.243884563446044922e-04 6.135702133178710938e-04 6.286799907684326172e-04
4.058466766411339965e-01 -9.416639804840087891e-04 -9.591281414031982422e-04 -9.601116180419921875e-04 -9.515881538391113281e-04 -9.475946426391601562e-04 -9.618401527404785156e-04 -9.578466415405273438e-04 -9.543895721435546875e-04 -9.541809558868408203e-04 -9.580850601196289062e-04
4.122994386265219080e-01 4.383921623229980469e-04 4.552006721496582031e-04 4.628598690032958984e-04 4.308819770812988281e-04 4.450380802154541016e-04 4.532635211944580078e-04 4.449188709259033203e-04 4.411339759826660156e-04 4.530847072601318359e-04 4.404485225677490234e-04
4.187522006119098195e-01 5.235970020294189453e-04 5.260407924652099609e-04 5.092322826385498047e-04 5.225241184234619141e-04 5.195736885070800781e-04 5.058944225311279297e-04 5.168318748474121094e-04 5.198419094085693359e-04 5.192160606384277344e-04 5.145668983459472656e-04
4.252049625972976754e-01 -1.085340976715087891e-03 -1.086711883544921875e-03 -1.091569662094116211e-03 -1.084148883819580078e-03 -1.086056232452392578e-03 -1.087933778762817383e-03 -1.097798347473144531e-03 -1.087874174118041992e-03 -1.086980104446411133e-03 -1.085817813873291016e-03
4.316577245826856424e-01 6.035566329956054688e-04 6.195604801177978516e-04 6.027519702911376953e-04 5.995333194732666016e-04 6.054937839508056641e-04 6.063878536224365234e-04 6.117820739746093750e-04 6.041228771209716797e-04 6.001293659210205078e-04 5.939304828643798828e-04
4.381104865680734983e-01 -5.990266799926757812e-05 -4.830956459045410156e-05 -4.380941390991210938e-05 -5.939602851867675781e-05 -6.166100502014160156e-05 -4.684925079345703125e-05 -4.976987838745117188e-05 -4.607439041137695312e-05 -4.753470420837402344e-05 -6.669759750366210938e-05
4.445632485534614098e-01 -6.078183650970458984e-04 -6.217658519744873047e-04 -6.052255630493164062e-04 -6.121397018432617188e-04 -6.085932254791259766e-04 -6.150901317596435547e-04 -6.240904331207275391e-04 -6.141364574432373047e-04 -6.145238876342773438e-04 -6.059110164642333984e-04
4.510160105388493212e-01 1.020640134811401367e-03 1.010000705718994141e-03 1.026362180709838867e-03 1.025795936584472656e-03 1.017242670059204102e-03 1.016944646835327148e-03 1.024782657623291016e-03 1.019626855850219727e-03 1.034647226333618164e-03 1.037776470184326172e-03
4.574687725242372327e-01 -9.021461009979248047e-04 -9.001493453979492188e-04 -9.060204029083251953e-04 -8.991360664367675781e-04 -8.978545665740966797e-04 -8.973181247711181641e-04 -8.916854858398437500e-04 -9.028315544128417969e-04 -8.967816829681396484e-04 -9.081065654754638672e-04
4.639215345096251442e-01 -2.584755420684814453e-04 -2.434849739074707031e-04 -2.494752407073974609e-04 -2.471208572387695312e-04 -2.484917640686035156e-04 -2.520680427551269531e-04 -2.617537975311279297e-04 -2.345740795135498047e-04 -2.529323101043701172e-04 -2.448260784149169922e-04
4.703742964950130556e-01 8.386373519897460938e-04 8.391141891479492188e-04 8.380413055419921875e-04 8.484125137329101562e-04 8.507370948791503906e-04 8.336901664733886719e-04 8.436739444732666016e-04 8.435845375061035156e-04 8.418560028076171875e-04 8.608102798461914062e-04
4.768270584804009671e-01 -7.859468460083007812e-04 -7.888972759246826172e-04 -8.018016815185546875e-04 -8.022189140319824219e-04 -8.063614368438720703e-04 -8.023083209991455078e-04 -7.913410663604736328e-04 -7.958710193634033203e-04 -7.867813110351562500e-04 -7.967650890350341797e-04
4.832798204657888230e-01 2.857148647308349609e-04 2.966821193695068359e-04 2.999007701873779297e-04 2.826452255249023438e-04 2.894103527069091797e-04 3.019869327545166016e-04 2.819895744323730469e-04 2.827048301696777344e-04 2.861917018890380859e-04 2.935826778411865234e-04
4.897325824511767345e-01 4.611313343048095703e-04 4.641711711883544922e-04 4.663169384002685547e-04 4.771053791046142578e-04 4.778206348419189453e-04 4.617571830749511719e-04 4.751086235046386719e-04 4.765093326568603516e-04 4.656612873077392578e-04 4.716813564300537109e-04
4.961853444365646459e-01 -1.069635152816772461e-03 -1.074105501174926758e-03 -1.070499420166015625e-03 -1.072049140930175781e-03 -1.087188720703125000e-03 -1.082032918930053711e-03 -1.068830490112304688e-03 -1.066893339157104492e-03 -1.079916954040527344e-03 -1.077473163604736328e-03
5.026381064219525019e-01 5.885064601898193359e-04 5.897879600524902344e-04 5.942583084106445312e-04 5.762279033660888672e-04 5.981028079986572266e-04 5.900561809539794922e-04 5.649626255035400391e-04 5.775094032287597656e-04 5.751252174377441406e-04 5.916059017181396484e-04
5.090908684073405244e-01 2.833008766174316406e-04 2.831220626831054688e-04 2.833902835845947266e-04 2.988278865814208984e-04 2.816915512084960938e-04 2.819299697875976562e-04 2.906620502471923828e-04 2.955794334411621094e-04 2.816021442413330078e-04 2.924799919128417969e-04
5.155436303927283248e-01 -7.660686969757080078e-04 -7.624030113220214844e-04 -7.765293121337890625e-04 -7.675290107727050781e-04 -7.653832435607910156e-04 -7.623732089996337891e-04 -7.757842540740966797e-04 -7.719993591308593750e-04 -7.634460926055908203e-04 -7.682144641876220703e-04
5.219963923781163473e-01 7.233023643493652344e-04 7.323026657104492188e-04 7.279217243194580078e-04 7.227659225463867188e-04 7.255077362060546875e-04 7.337927818298339844e-04 7.237792015075683594e-04 7.255971431732177734e-04 7.290840148925781250e-04 7.090866565704345703e-04
5.284491543635041477e-01 -3.750920295715332031e-04 -3.821253776550292969e-04 -3.721117973327636719e-04 -3.787577152252197266e-04 -3.671050071716308594e-04 -3.736913204193115234e-04 -3.720223903656005859e-04 -3.673732280731201172e-04 -3.728568553924560547e-04 -3.806352615356445312e-04
5.349019163488920592e-01 -3.206431865692138672e-04 -3.088712692260742188e-04 -3.093481063842773438e-04 -3.289282321929931641e-04 -3.159940242767333984e-04 -3.163814544677734375e-04 -3.233551979064941406e-04 -3.098547458648681641e-04 -3.289878368377685547e-04 -3.051459789276123047e-04
5.413546783342799706e-01 8.769333362579345703e-04 8.653700351715087891e-04 8.659958839416503906e-04 8.797049522399902344e-04 8.752942085266113281e-04 8.830726146697998047e-04 8.718371391296386719e-04 8.643567562103271484e-04 8.718669414520263672e-04 8.580684661865234375e-04
5.478074403196678821e-01 -4.516541957855224609e-04 -4.523396492004394531e-04 -4.644989967346191406e-04 -4.447996616363525391e-04 -4.512667655944824219e-04 -4.512071609497070312e-04 -4.581212997436523438e-04 -4.399418830871582031e-04 -4.559457302093505859e-04 -4.600882530212402344e-04
5.542602023050557936e-01 -1.048445701599121094e-04 -1.122653484344482422e-04 -1.083314418792724609e-04 -1.115798950195312500e-04 -1.175105571746826172e-04 -1.122355461120605469e-04 -1.242756843566894531e-04 -9.804964065551757812e-05 -1.153647899627685547e-04 -1.236796379089355469e-04
5.607129642904437050e-01 4.118680953979492188e-04 4.185140132904052734e-04 4.261136054992675781e-04 4.161894321441650391e-04 4.214048385620117188e-04 4.229843616485595703e-04 4.307329654693603516e-04 4.131495952606201172e-04 4.193186759948730469e-04 4.118382930755615234e-04
5.671657262758316165e-01 -5.889832973480224609e-04 -5.902647972106933594e-04 -5.854964256286621094e-04 -5.897879600524902344e-04 -5.747675895690917969e-04 -5.930364131927490234e-04 -5.922317504882812500e-04 -5.918443202972412109e-04 -5.786418914794921875e-04 -6.019771099090576172e-04
5.736184882612194169e-01 3.878474235534667969e-04 3.885030746459960938e-04 3.811717033386230469e-04 3.911256790161132812e-04 3.899931907653808594e-04 3.667175769805908203e-04 3.798902034759521484e-04 3.854632377624511719e-04 3.862977027893066406e-04 3.716945648193359375e-04
5.800712502466074394e-01 3.124773502349853516e-04 2.991557121276855469e-04 2.981126308441162109e-04 3.167390823364257812e-04 2.976953983306884766e-04 2.942383289337158203e-04 3.076195716857910156e-04 3.156661987304687500e-04 3.034472465515136719e-04 2.979636192321777344e-04
5.865240122319952398e-01 -6.197988986968994141e-04 -6.058216094970703125e-04 -6.119012832641601562e-04 -6.083548069000244141e-04 -5.941689014434814453e-04 -5.963742733001708984e-04 -6.000697612762451172e-04 -6.131827831268310547e-04 -6.110370159149169922e-04 -6.146430969238281250e-04
5.929767742173832623e-01 2.691745758056640625e-04 2.678334712982177734e-04 2.575218677520751953e-04 2.494752407073974609e-04 2.551674842834472656e-04 2.478659152984619141e-04 2.613663673400878906e-04 2.570748329162597656e-04 2.517402172088623047e-04 2.543330192565917969e-04
5.994295362027710627e-01 1.120269298553466797e-04 1.236796379089355469e-04 1.070797443389892578e-04 1.163482666015625000e-04 1.193881034851074219e-04 1.169443130493164062e-04 1.055002212524414062e-04 1.237988471984863281e-04 1.110732555389404297e-04 1.174509525299072266e-04
6.058822981881590852e-01 -2.164244651794433594e-04 -2.161264419555664062e-04 -2.227127552032470703e-04 -2.088844776153564453e-04 -2.181231975555419922e-04 -2.200603485107421875e-04 -2.231895923614501953e-04 -2.338290214538574219e-04 -2.193152904510498047e-04 -2.279579639434814453e-04
6.123350601735468857e-01 3.706812858581542969e-04 3.724694252014160156e-04 3.788769245147705078e-04 3.749430179595947266e-04 3.698766231536865234e-04 3.788471221923828125e-04 3.642737865447998047e-04 3.653764724731445312e-04 3.688633441925048828e-04 3.700256347656250000e-04
6.187878221589347971e-01 -1.681745052337646484e-04 -1.731812953948974609e-04 -1.645982265472412109e-04 -1.662969589233398438e-04 -1.676976680755615234e-04 -1.712143421173095703e-04 -1.736283302307128906e-04 -1.704096794128417969e-04 -1.654624938964843750e-04 -1.617670059204101562e-04
6.252405841443227086e-01 -3.105998039245605469e-04 -2.970099449157714844e-04 -3.187656402587890625e-04 -3.172755241394042969e-04 -3.137588500976562500e-04 -3.040730953216552734e-04 -2.948343753814697266e-04 -3.099441528320312500e-04 -2.993643283843994141e-04 -3.115832805633544922e-04
6.316933461297106200e-01 2.893805503845214844e-04 2.928674221038818359e-04 2.878606319427490234e-04 2.987086772918701172e-04 2.911388874053955078e-04 2.782046794891357422e-04 2.814829349517822266e-04 2.792179584503173828e-04 2.850890159606933594e-04 2.942085266113281250e-04
6.381461081150985315e-01 3.635883331298828125e-05 2.810359001159667969e-05 4.109740257263183594e-05 5.006790161132812500e-05 4.971027374267578125e-05 4.187226295471191406e-05 5.027651786804199219e-05 3.355741500854492188e-05 4.154443740844726562e-05 4.190206527709960938e-05
6.445988701004864430e-01 -1.247227191925048828e-04 -1.416504383087158203e-04 -1.325309276580810547e-04 -1.363754272460937500e-04 -1.246631145477294922e-04 -1.267790794372558594e-04 -1.283884048461914062e-04 -1.188218593597412109e-04 -1.321136951446533203e-04 -1.278221607208251953e-04
6.510516320858743544e-01 6.937980651855468750e-05 6.920099258422851562e-05 8.299946784973144531e-05 6.818771362304687500e-05 7.131695747375488281e-05 8.478760719299316406e-05 7.426738739013671875e-05 6.031990051269531250e-05 7.468461990356445312e-05 6.803870201110839844e-05
6.575043940712622659e-01 -1.183152198791503906e-04 -1.237392425537109375e-04 -1.063048839569091797e-04 -1.229047775268554688e-04 -1.227259635925292969e-04 -1.212358474731445312e-04 -1.285076141357421875e-04 -1.262724399566650391e-04 -1.202225685119628906e-04 -1.110136508941650391e-04
6.639571560566501773e-01 -8.240342140197753906e-05 -7.671117782592773438e-05 -7.623434066772460938e-05 -8.311867713928222656e-05 -6.896257400512695312e-05 -8.195638656616210938e-05 -7.736682891845703125e-05 -7.596611976623535156e-05 -8.380413055419921875e-05 -6.958842277526855469e-05
6.704099180420379778e-01 2.332329750061035156e-04 2.412796020507812500e-04 2.434551715850830078e-04 2.416670322418212891e-04 2.483129501342773438e-04 2.449154853820800781e-04 2.336204051971435547e-04 2.402365207672119141e-04 2.430677413940429688e-04 2.377033233642578125e-04
6.768626800274260003e-01 -8.702278137207031250e-06 -2.178549766540527344e-05 -1.356005668640136719e-05 -1.505017280578613281e-05 -1.251697540283203125e-05 -3.814697265625000000e-06 -2.145767211914062500e-06 -1.248717308044433594e-05 -1.093745231628417969e-05 -1.573562622070312500e-05
6.833154420128139117e-01 -1.623928546905517578e-04 -1.705586910247802734e-04 -1.680850982666015625e-04 -1.652240753173828125e-04 -1.815855503082275391e-04 -1.640319824218750000e-04 -1.749396324157714844e-04 -1.800358295440673828e-04 -1.715719699859619141e-04 -1.676678657531738281e-04
6.897682039982017121e-01 5.021691322326660156e-05 4.494190216064453125e-05 4.383921623229980469e-05 4.261732101440429688e-05 4.643201828002929688e-05 4.598498344421386719e-05 5.465745925903320312e-05 5.054473876953125000e-05 5.835294723510742188e-05 6.291270256042480469e-05
6.962209659835896236e-01 4.854798316955566406e-05 6.791949272155761719e-05 5.608797073364257812e-05 5.716085433959960938e-05 6.037950515747070312e-05 5.352497100830078125e-05 6.222724914550781250e-05 6.803870201110839844e-05 4.568696022033691406e-05 6.067752838134765625e-05
7.026737279689775351e-01 8.702278137207031250e-06 2.539157867431640625e-05 1.540780067443847656e-05 2.038478851318359375e-05 8.970499038696289062e-06 1.701712608337402344e-05 1.296401023864746094e-05 2.565979957580566406e-05 2.321600914001464844e-05 2.264976501464843750e-05
7.091264899543654465e-01 4.351139068603515625e-06 8.970499038696289062e-06 -5.960464477539062500e-07 -1.162290573120117188e-06 -2.235174179077148438e-06 -7.241964340209960938e-06 -6.318092346191406250e-06 1.624226570129394531e-05 -3.844499588012695312e-06 -3.397464752197265625e-06
7.155792519397533580e-01 1.293718814849853516e-04 1.392364501953125000e-04 1.400113105773925781e-04 1.321136951446533203e-04 1.366436481475830078e-04 1.351237297058105469e-04 1.472830772399902344e-04 1.280903816223144531e-04 1.518726348876953125e-04 1.452267169952392578e-04
7.220320139251412694e-01 -2.930164337158203125e-04 -2.971887588500976562e-04 -2.932846546173095703e-04 -3.080368041992187500e-04 -3.006756305694580078e-04 -2.979040145874023438e-04 -2.964735031127929688e-04 -3.004372119903564453e-04 -2.988278865814208984e-04 -3.073811531066894531e-04
7.284847759105291809e-01 2.127885818481445312e-05 3.606081008911132812e-05 3.218650817871093750e-05 3.740191459655761719e-05 2.884864807128906250e-05 3.081560134887695312e-05 3.340840339660644531e-05 3.138184547424316406e-05 2.512335777282714844e-05 2.917647361755371094e-05
7.349375378959170924e-01 9.809732437133789062e-04 9.778141975402832031e-04 9.898245334625244141e-04 9.866654872894287109e-04 9.903907775878906250e-04 9.728074073791503906e-04 9.840726852416992188e-04 9.635090827941894531e-04 9.894669055938720703e-04 9.847581386566162109e-04
7.413902998813050038e-01 -1.135408878326416016e-03 -1.138478517532348633e-03 -1.134574413299560547e-03 -1.118272542953491211e-03 -1.115053892135620117e-03 -1.127481460571289062e-03 -1.116096973419189453e-03 -1.116186380386352539e-03 -1.119226217269897461e-03 -1.127153635025024414e-03
7.478430618666929153e-01 7.888674736022949219e-05 8.887052536010742188e-05 7.474422454833984375e-05 7.647275924682617188e-05 8.520483970642089844e-05 1.012682914733886719e-04 7.113814353942871094e-05 7.334351539611816406e-05 7.739663124084472656e-05 8.210539817810058594e-05
7.542958238520808267e-01 1.014590263366699219e-03 1.019775867462158203e-03 1.021891832351684570e-03 1.019328832626342773e-03 1.016676425933837891e-03 1.000285148620605469e-03 1.029908657073974609e-03 1.013100147247314453e-03 1.014202833175659180e-03 1.021593809127807617e-03
7.607485858374687382e-01 -2.572298049926757812e-03 -2.573370933532714844e-03 -2.586752176284790039e-03 -2.560734748840332031e-03 -2.586930990219116211e-03 -2.569347620010375977e-03 -2.586930990219116211e-03 -2.588391304016113281e-03 -2.581745386123657227e-03 -2.567797899246215820e-03
7.672013478228566496e-01 2.875298261642456055e-03 2.881407737731933594e-03 2.893388271331787109e-03 2.876937389373779297e-03 2.884238958358764648e-03 2.875983715057373047e-03 2.865850925445556641e-03 2.873688936233520508e-03 2.882987260818481445e-03 2.873778343200683594e-03
7.736541098082445611e-01 2.021193504333496094e-04 1.840293407440185547e-04 1.792311668395996094e-04 2.178549766540527344e-04 1.986026763916015625e-04 1.960694789886474609e-04 2.222359180450439453e-04 2.014338970184326172e-04 2.173781394958496094e-04 2.001821994781494141e-04
7.801068717936323615e-01 -3.315746784210205078e-03 -3.307163715362548828e-03 -3.317892551422119141e-03 -3.332287073135375977e-03 -3.324210643768310547e-03 -3.299295902252197266e-03 -3.331810235977172852e-03 -3.317296504974365234e-03 -3.342002630233764648e-03 -3.341972827911376953e-03
7.865596337790202730e-01 4.989296197891235352e-03 5.014896392822265625e-03 5.011469125747680664e-03 5.001813173294067383e-03 5.020648241043090820e-03 4.993587732315063477e-03 4.995584487915039062e-03 5.003452301025390625e-03 4.984617233276367188e-03 4.999846220016479492e-03
7.930123957644081845e-01 -2.603143453598022461e-03 -2.631872892379760742e-03 -2.633482217788696289e-03 -2.585560083389282227e-03 -2.626538276672363281e-03 -2.629756927490234375e-03 -2.570360898971557617e-03 -2.588182687759399414e-03 -2.581834793090820312e-03 -2.593576908111572266e-03
7.994651577497960959e-01 -2.669334411621093750e-03 -2.645462751388549805e-03 -2.619802951812744141e-03 -2.695947885513305664e-03 -2.637445926666259766e-03 -2.625644207000732422e-03 -2.670049667358398438e-03 -2.628445625305175781e-03 -2.641052007675170898e-03 -2.617686986923217773e-03
8.059179197351840074e-01 5.607277154922485352e-03 5.598068237304687500e-03 5.576640367507934570e-03 5.598455667495727539e-03 5.604773759841918945e-03 5.600512027740478516e-03 5.620330572128295898e-03 5.592882633209228516e-03 5.610972642898559570e-03 5.592852830886840820e-03
8.123706817205719188e-01 -6.981998682022094727e-03 -6.989717483520507812e-03 -6.997376680374145508e-03 -6.976246833801269531e-03 -6.993174552917480469e-03 -6.989330053329467773e-03 -6.956696510314941406e-03 -6.968259811401367188e-03 -6.968736648559570312e-03 -6.980478763580322266e-03
8.188234437059598303e-01 2.251893281936645508e-03 2.310931682586669922e-03 2.293676137924194336e-03 2.233445644378662109e-03 2.283692359924316406e-03 2.296179533004760742e-03 2.201616764068603516e-03 2.266108989715576172e-03 2.254903316497802734e-03 2.226471900939941406e-03
8.252762056913477418e-01 3.913551568984985352e-03 3.866285085678100586e-03 3.876179456710815430e-03 3.928691148757934570e-03 3.896921873092651367e-03 3.861904144287109375e-03 3.919929265975952148e-03 3.880530595779418945e-03 3.919363021850585938e-03 3.935873508453369141e-03
8.317289676767356532e-01 -8.885592222213745117e-03 -8.868396282196044922e-03 -8.886218070983886719e-03 -8.878737688064575195e-03 -8.905261754989624023e-03 -8.900552988052368164e-03 -8.895754814147949219e-03 -8.888334035873413086e-03 -8.877992630004882812e-03 -8.864879608154296875e-03
8.381817296621235647e-01 7.804155349731445312e-03 7.847130298614501953e-03 7.828295230865478516e-03 7.777720689773559570e-03 7.818788290023803711e-03 7.812470197677612305e-03 7.774978876113891602e-03 7.808387279510498047e-03 7.784664630889892578e-03 7.771164178848266602e-03
8.446344916475114761e-01 -2.482950687408447266e-03 -2.547323703765869141e-03 -2.575218677520751953e-03 -2.481848001480102539e-03 -2.521306276321411133e-03 -2.543866634368896484e-03 -2.485215663909912109e-03 -2.504467964172363281e-03 -2.511620521545410156e-03 -2.463698387145996094e-03
8.510872536328993876e-01 -5.610704421997070312e-03 -5.568563938140869141e-03 -5.569338798522949219e-03 -5.632072687149047852e-03 -5.589604377746582031e-03 -5.563706159591674805e-03 -5.630135536193847656e-03 -5.619436502456665039e-03 -5.636513233184814453e-03 -5.593538284301757812e-03
8.575400156182872990e-01 8.240997791290283203e-03 8.230566978454589844e-03 8.230745792388916016e-03 8.232414722442626953e-03 8.250355720520019531e-03 8.245587348937988281e-03 8.230596780776977539e-03 8.220762014389038086e-03 8.211880922317504883e-03 8.241295814514160156e-03
8.639927776036752105e-01 -5.315601825714111328e-03 -5.360007286071777344e-03 -5.365282297134399414e-03 -5.330204963684082031e-03 -5.370289087295532227e-03 -5.347013473510742188e-03 -5.318909883499145508e-03 -5.331903696060180664e-03 -5.311429500579833984e-03 -5.298614501953125000e-03
8.704455395890630109e-01 -1.531958580017089844e-03 -1.496762037277221680e-03 -1.497447490692138672e-03 -1.550287008285522461e-03 -1.520663499832153320e-03 -1.510590314865112305e-03 -1.567810773849487305e-03 -1.514375209808349609e-03 -1.540660858154296875e-03 -1.549988985061645508e-03
8.768983015744509224e-01 6.395399570465087891e-03 6.395637989044189453e-03 6.367027759552001953e-03 6.407529115676879883e-03 6.386160850524902344e-03 6.377547979354858398e-03 6.400436162948608398e-03 6.364971399307250977e-03 6.383061408996582031e-03 6.353348493576049805e-03
8.833510635598388339e-01 -5.762010812759399414e-03 -5.784541368484497070e-03 -5.764424800872802734e-03 -5.756020545959472656e-03 -5.775719881057739258e-03 -5.769252777099609375e-03 -5.765080451965332031e-03 -5.754172801971435547e-03 -5.753785371780395508e-03 -5.738914012908935547e-03
8.898038255452267453e-01 1.416057348251342773e-03 1.439303159713745117e-03 1.445233821868896484e-03 1.417279243469238281e-03 1.443892717361450195e-03 1.447439193725585938e-03 1.393884420394897461e-03 1.432925462722778320e-03 1.412987709045410156e-03 1.426130533218383789e-03
8.962565875306146568e-01 3.004223108291625977e-03 2.955615520477294922e-03 2.970576286315917969e-03 2.968758344650268555e-03 2.960145473480224609e-03 2.964437007904052734e-03 2.963125705718994141e-03 2.967476844787597656e-03 2.993881702423095703e-03 2.982020378112792969e-03
9.027093495160025682e-01 -4.626750946044921875e-03 -4.627615213394165039e-03 -4.627913236618041992e-03 -4.621535539627075195e-03 -4.618644714355468750e-03 -4.622697830200195312e-03 -4.617631435394287109e-03 -4.608392715454101562e-03 -4.622787237167358398e-03 -4.623830318450927734e-03
9.091621115013904797e-01 2.257555723190307617e-03 2.280801534652709961e-03 2.279639244079589844e-03 2.268284559249877930e-03 2.267211675643920898e-03 2.284139394760131836e-03 2.257972955703735352e-03 2.269625663757324219e-03 2.256184816360473633e-03 2.257883548736572266e-03
9.156148734867783912e-01 1.012176275253295898e-03 1.004844903945922852e-03 1.006782054901123047e-03 1.018971204757690430e-03 1.015335321426391602e-03 9.995400905609130859e-04 1.035422086715698242e-03 1.010417938232421875e-03 1.005113124847412109e-03 1.016378402709960938e-03
9.220676354721663026e-01 -2.721369266510009766e-03 -2.734392881393432617e-03 -2.715796232223510742e-03 -2.732127904891967773e-03 -2.710819244384765625e-03 -2.715528011322021484e-03 -2.737134695053100586e-03 -2.707213163375854492e-03 -2.725511789321899414e-03 -2.708494663238525391e-03
9.285203974575542141e-01 2.180963754653930664e-03 2.189636230468750000e-03 2.196073532104492188e-03 2.171307802200317383e-03 2.174168825149536133e-03 2.190053462982177734e-03 2.167373895645141602e-03 2.181798219680786133e-03 2.178221940994262695e-03 2.179890871047973633e-03
9.349731594429421255e-01 2.529621124267578125e-04 2.356171607971191406e-04 2.383589744567871094e-04 2.532303333282470703e-04 2.341866493225097656e-04 2.362132072448730469e-04 2.563595771789550781e-04 2.610981464385986328e-04 2.619326114654541016e-04 2.547204494476318359e-04
9.414259214283300370e-01 -1.766562461853027344e-03 -1.769453287124633789e-03 -1.755535602569580078e-03 -1.766413450241088867e-03 -1.767456531524658203e-03 -1.765221357345581055e-03 -1.759797334671020508e-03 -1.764327287673950195e-03 -1.771301031112670898e-03 -1.771271228790283203e-03
9.478786834137179484e-01 2.005636692047119141e-03 2.024948596954345703e-03 2.017289400100708008e-03 2.007395029067993164e-03 2.017706632614135742e-03 2.035617828369140625e-03 2.012252807617187500e-03 2.015531063079833984e-03 2.004086971282958984e-03 2.006858587265014648e-03
9.543314453991058599e-01 -3.951489925384521484e-04 -4.102885723114013672e-04 -3.997981548309326172e-04 -3.729760646820068359e-04 -3.992021083831787109e-04 -3.997087478637695312e-04 -3.931522369384765625e-04 -4.028081893920898438e-04 -3.985464572906494141e-04 -4.080533981323242188e-04
9.607842073844936603e-01 -1.045465469360351562e-03 -1.029342412948608398e-03 -1.040577888488769531e-03 -1.040458679199218750e-03 -1.028656959533691406e-03 -1.038283109664916992e-03 -1.047044992446899414e-03 -1.035422086715698242e-03 -1.030325889587402344e-03 -1.040607690811157227e-03
9.672369693698815718e-01 1.561880111694335938e-03 1.565098762512207031e-03 1.554429531097412109e-03 1.544892787933349609e-03 1.562088727951049805e-03 1.546710729598999023e-03 1.545816659927368164e-03 1.553177833557128906e-03 1.546531915664672852e-03 1.541942358016967773e-03
9.736897313552694833e-01 -7.598698139190673828e-04 -7.624924182891845703e-04 -7.633864879608154297e-04 -7.514953613281250000e-04 -7.551610469818115234e-04 -7.763206958770751953e-04 -7.410347461700439453e-04 -7.561147212982177734e-04 -7.564723491668701172e-04 -7.520914077758789062e-04
9.801424933406573947e-01 -1.680552959442138672e-04 -1.594424247741699219e-04 -1.463890075683593750e-04 -1.623034477233886719e-04 -1.644492149353027344e-04 -1.547336578369140625e-04 -1.589059829711914062e-04 -1.603066921234130859e-04 -1.606345176696777344e-04 -1.595318317413330078e-04
9.865952553260453062e-01 9.031891822814941406e-04 9.190142154693603516e-04 9.009540081024169922e-04 9.144544601440429688e-04 9.298622608184814453e-04 9.236633777618408203e-04 9.128749370574951172e-04 9.198784828186035156e-04 9.137690067291259766e-04 9.196102619171142578e-04
9.930480173114332176e-01 -9.628832340240478516e-04 -9.695291519165039062e-04 -9.702742099761962891e-04 -9.644329547882080078e-04 -9.804368019104003906e-04 -9.680986404418945312e-04 -9.625256061553955078e-04 -9.715855121612548828e-04 -9.692311286926269531e-04 -9.627044200897216797e-04
9.995007792968211291e-01 4.303753376007080078e-04 4.338026046752929688e-04 4.366040229797363281e-04 4.239082336425781250e-04 4.310905933380126953e-04 4.187822341918945312e-04 4.298388957977294922e-04 4.301071166992187500e-04 4.187524318695068359e-04 4.323422908782958984e-04
1.005953541282209152e+00 7.870793342590332031e-05 7.510185241699218750e-05 9.688735008239746094e-05 9.590387344360351562e-05 9.432435035705566406e-05 1.024901866912841797e-04 1.032054424285888672e-04 8.663535118103027344e-05 1.031160354614257812e-04 9.393692016601562500e-05
1.012406303267596952e+00 -1.817047595977783203e-04 -1.911520957946777344e-04 -1.702308654785156250e-04 -1.753270626068115234e-04 -1.711547374725341797e-04 -1.707077026367187500e-04 -1.827180385589599609e-04 -1.693665981292724609e-04 -1.684725284576416016e-04 -1.766979694366455078e-04
1.018859065252984752e+00 2.469122409820556641e-04 2.397000789642333984e-04 2.444684505462646484e-04 2.457797527313232422e-04 2.543032169342041016e-04 2.281069755554199219e-04 2.297759056091308594e-04 2.383887767791748047e-04 2.310276031494140625e-04 2.350807189941406250e-04
1.025311827238372775e+00 -2.468824386596679688e-04 -2.415180206298828125e-04 -2.259910106658935547e-04 -2.267062664031982422e-04 -2.487599849700927734e-04 -2.576112747192382812e-04 -2.430677413940429688e-04 -2.449750900268554688e-04 -2.365410327911376953e-04 -2.480447292327880859e-04
1.031764589223760797e+00 2.972483634948730469e-04 2.826452255249023438e-04 2.824068069458007812e-04 2.917647361755371094e-04 2.918541431427001953e-04 3.030002117156982422e-04 2.886950969696044922e-04 2.904832363128662109e-04 3.047585487365722656e-04 2.872943878173828125e-04
1.038217351209148598e+00 -2.165436744689941406e-04 -2.205967903137207031e-04 -2.337694168090820312e-04 -2.213120460510253906e-04 -2.274215221405029297e-04 -2.318322658538818359e-04 -2.295672893524169922e-04 -2.178549766540527344e-04 -2.217590808868408203e-04 -2.261698246002197266e-04
1.044670113194536398e+00 1.137554645538330078e-04 1.134574413299560547e-04 1.105964183807373047e-04 9.986758232116699219e-05 1.067519187927246094e-04 1.145005226135253906e-04 1.094639301300048828e-04 1.126527786254882812e-04 1.098513603210449219e-04 1.114308834075927734e-04
1.051122875179924421e+00 1.717507839202880859e-04 1.584291458129882812e-04 1.786351203918457031e-04 1.837909221649169922e-04 1.870095729827880859e-04 1.792609691619873047e-04 1.812875270843505859e-04 1.760423183441162109e-04 1.890957355499267578e-04 1.812577247619628906e-04
1.057575637165312221e+00 -6.215572357177734375e-04 -6.267130374908447266e-04 -6.211102008819580078e-04 -6.270706653594970703e-04 -6.265342235565185547e-04 -6.344914436340332031e-04 -6.296336650848388672e-04 -6.245076656341552734e-04 -6.200671195983886719e-04 -6.311237812042236328e-04
1.064028399150700022e+00 5.853176116943359375e-04 5.899369716644287109e-04 5.855262279510498047e-04 5.902349948883056641e-04 5.888640880584716797e-04 5.825459957122802734e-04 5.847215652465820312e-04 5.901157855987548828e-04 5.922019481658935547e-04 5.837380886077880859e-04
1.070481161136088044e+00 -1.040697097778320312e-04 -1.048445701599121094e-04 -1.131594181060791016e-04 -9.214878082275390625e-05 -1.076757907867431641e-04 -1.110434532165527344e-04 -8.869171142578125000e-05 -1.042783260345458984e-04 -1.104176044464111328e-04 -1.028776168823242188e-04
1.076933923121476067e+00 -1.511573791503906250e-04 -1.551210880279541016e-04 -1.474916934967041016e-04 -1.586079597473144531e-04 -1.552999019622802734e-04 -1.480281352996826172e-04 -1.495778560638427734e-04 -1.487135887145996094e-04 -1.603662967681884766e-04 -1.577436923980712891e-04
1.083386685106863867e+00 4.166960716247558594e-04 4.067718982696533203e-04 4.070997238159179688e-04 4.190504550933837891e-04 4.165768623352050781e-04 4.184544086456298828e-04 4.189014434814453125e-04 4.062950611114501953e-04 4.209876060485839844e-04 4.183053970336914062e-04
1.089839447092251667e+00 -4.489719867706298828e-04 -4.664659500122070312e-04 -4.537105560302734375e-04 -4.579424858093261719e-04 -4.420280456542968750e-04 -4.520118236541748047e-04 -4.559457302093505859e-04 -4.434883594512939453e-04 -4.447698593139648438e-04 -4.538893699645996094e-04
1.096292209077639690e+00 9.167194366455078125e-05 1.045167446136474609e-04 9.605288505554199219e-05 1.023411750793457031e-04 9.807944297790527344e-05 8.952617645263671875e-05 9.343028068542480469e-05 8.958578109741210938e-05 9.241700172424316406e-05 9.021162986755371094e-05
1.102744971063027712e+00 1.516938209533691406e-04 1.488626003265380859e-04 1.481473445892333984e-04 1.526474952697753906e-04 1.549124717712402344e-04 1.488626003265380859e-04 1.540482044219970703e-04 1.449584960937500000e-04 1.619756221771240234e-04 1.540482044219970703e-04
1.109197733048415513e+00 -3.803670406341552734e-04 -3.885030746459960938e-04 -3.768801689147949219e-04 -3.814697265625000000e-04 -3.905296325683593750e-04 -3.865659236907958984e-04 -3.902316093444824219e-04 -3.792643547058105469e-04 -3.966689109802246094e-04 -3.941953182220458984e-04
1.115650495033803313e+00 2.766549587249755859e-04 2.861917018890380859e-04 2.801716327667236328e-04 2.772212028503417969e-04 2.793073654174804688e-04 2.728998661041259766e-04 2.770125865936279297e-04 2.782940864562988281e-04 2.764761447906494141e-04 2.726316452026367188e-04
1.122103257019191336e+00 -1.044571399688720703e-04 -9.852647781372070312e-05 -9.408593177795410156e-05 -1.012980937957763672e-04 -9.405612945556640625e-05 -9.518861770629882812e-05 -9.632110595703125000e-05 -9.131431579589843750e-05 -9.739398956298828125e-05 -9.253621101379394531e-05
1.128556019004579358e+00 -9.262561798095703125e-05 -8.496642112731933594e-05 -8.729100227355957031e-05 -7.551908493041992188e-05 -8.457899093627929688e-05 -8.702278137207031250e-05 -9.369850158691406250e-05 -8.535385131835937500e-05 -8.207559585571289062e-05 -8.961558341979980469e-05
1.135008780989967159e+00 1.924932003021240234e-04 1.996457576751708984e-04 1.920163631439208984e-04 1.887977123260498047e-04 1.889765262603759766e-04 1.940727233886718750e-04 2.026259899139404297e-04 2.020597457885742188e-04 1.925528049468994141e-04 1.940131187438964844e-04
1.141461542975354959e+00 -8.872151374816894531e-05 -8.949637413024902344e-05 -8.621811866760253906e-05 -8.308887481689453125e-05 -9.205937385559082031e-05 -7.247924804687500000e-05 -8.505582809448242188e-05 -9.512901306152343750e-05 -9.673833847045898438e-05 -9.167194366455078125e-05
1.147914304960742982e+00 1.322925090789794922e-04 1.405775547027587891e-04 1.387596130371093750e-04 1.400113105773925781e-04 1.484155654907226562e-04 1.457035541534423828e-04 1.433193683624267578e-04 1.449882984161376953e-04 1.312494277954101562e-04 1.350641250610351562e-04
1.154367066946130782e+00 -1.433193683624267578e-04 -1.404583454132080078e-04 -1.547634601593017578e-04 -1.358687877655029297e-04 -1.346468925476074219e-04 -1.470744609832763672e-04 -1.484751701354980469e-04 -1.387894153594970703e-04 -1.378953456878662109e-04 -1.482665538787841797e-04
1.160819828931518582e+00 9.483098983764648438e-05 1.079142093658447266e-04 1.011788845062255859e-04 1.120567321777343750e-04 9.956955909729003906e-05 8.922815322875976562e-05 9.211897850036621094e-05 9.876489639282226562e-05 1.080334186553955078e-04 1.110732555389404297e-04
1.167272590916906605e+00 -6.139278411865234375e-06 -1.302361488342285156e-05 -1.135468482971191406e-05 -7.420778274536132812e-06 -7.659196853637695312e-06 -7.659196853637695312e-06 -1.737475395202636719e-05 -1.025199890136718750e-05 6.139278411865234375e-06 -8.463859558105468750e-06
1.173725352902294627e+00 -1.488924026489257812e-04 -1.488924026489257812e-04 -1.457929611206054688e-04 -1.438558101654052734e-04 -1.416206359863281250e-04 -1.421868801116943359e-04 -1.381635665893554688e-04 -1.345872879028320312e-04 -1.558959484100341797e-04 -1.612305641174316406e-04
1.180178114887682428e+00 3.044307231903076172e-04 3.112554550170898438e-04 3.158450126647949219e-04 3.063082695007324219e-04 3.175735473632812500e-04 3.053545951843261719e-04 3.082454204559326172e-04 3.044009208679199219e-04 3.023445606231689453e-04 3.094077110290527344e-04
1.186630876873070450e+00 -2.051591873168945312e-04 -2.093017101287841797e-04 -2.048015594482421875e-04 -2.013742923736572266e-04 -1.945197582244873047e-04 -2.055168151855468750e-04 -2.075433731079101562e-04 -2.201199531555175781e-04 -2.137422561645507812e-04 -2.109706401824951172e-04
1.193083638858458251e+00 6.780028343200683594e-05 7.751584053039550781e-05 6.771087646484375000e-05 7.286667823791503906e-05 7.742643356323242188e-05 7.894635200500488281e-05 8.252263069152832031e-05 9.590387344360351562e-05 7.814168930053710938e-05 7.390975952148437500e-05
1.199536400843846051e+00 2.275407314300537109e-04 2.319514751434326172e-04 2.313256263732910156e-04 2.385973930358886719e-04 2.361834049224853516e-04 2.259612083435058594e-04 2.297461032867431641e-04 2.305805683135986328e-04 2.313256263732910156e-04 2.246499061584472656e-04
1.205989162829234074e+00 -3.496110439300537109e-04 -3.522336483001708984e-04 -3.614425659179687500e-04 -3.494322299957275391e-04 -3.377199172973632812e-04 -3.519952297210693359e-04 -3.454685211181640625e-04 -3.470778465270996094e-04 -3.453493118286132812e-04 -3.418028354644775391e-04
1.212441924814621874e+00 3.167390823364257812e-04 3.299713134765625000e-04 3.321170806884765625e-04 3.295838832855224609e-04 3.339648246765136719e-04 3.191530704498291016e-04 3.190040588378906250e-04 3.190338611602783203e-04 3.246366977691650391e-04 3.190934658050537109e-04
1.218894686800009897e+00 -3.641843795776367188e-05 -4.512071609497070312e-05 -5.200505256652832031e-05 -4.357099533081054688e-05 -3.227591514587402344e-05 -4.124641418457031250e-05 -5.054473876953125000e-05 -4.896521568298339844e-05 -4.410743713378906250e-05 -4.336237907409667969e-05
1.225347448785397697e+00 -1.824796199798583984e-04 -1.813769340515136719e-04 -1.765489578247070312e-04 -1.832544803619384766e-04 -2.074837684631347656e-04 -1.916289329528808594e-04 -1.868307590484619141e-04 -1.905560493469238281e-04 -1.856982707977294922e-04 -1.828670501708984375e-04
1.231800210770785720e+00 2.673566341400146484e-04 2.593696117401123047e-04 2.599358558654785156e-04 2.612173557281494141e-04 2.655982971191406250e-04 2.612769603729248047e-04 2.608597278594970703e-04 2.585053443908691406e-04 2.558827400207519531e-04 2.644360065460205078e-04
1.238252972756173520e+00 -1.960396766662597656e-04 -2.037286758422851562e-04 -2.106130123138427734e-04 -2.039670944213867188e-04 -1.989006996154785156e-04 -2.099573612213134766e-04 -2.091228961944580078e-04 -2.006590366363525391e-04 -2.129673957824707031e-04 -2.020001411437988281e-04
1.244705734741561542e+00 -5.066394805908203125e-06 1.281499862670898438e-06 8.940696716308593750e-08 -9.536743164062500000e-07 5.394220352172851562e-06 3.755092620849609375e-06 6.258487701416015625e-07 -2.413988113403320312e-06 6.854534149169921875e-07 6.586313247680664062e-06
1.251158496726949343e+00 1.422762870788574219e-04 1.424849033355712891e-04 1.339912414550781250e-04 1.327991485595703125e-04 1.369714736938476562e-04 1.468956470489501953e-04 1.441240310668945312e-04 1.286864280700683594e-04 1.407563686370849609e-04 1.389086246490478516e-04
1.257611258712337365e+00 -1.824200153350830078e-04 -1.940727233886718750e-04 -1.882314682006835938e-04 -1.846849918365478516e-04 -1.937448978424072266e-04 -1.870989799499511719e-04 -1.833140850067138672e-04 -1.865625381469726562e-04 -1.901388168334960938e-04 -1.761913299560546875e-04
1.264064020697725166e+00 6.279349327087402344e-05 7.903575897216796875e-05 6.985664367675781250e-05 6.768107414245605469e-05 6.616115570068359375e-05 7.426738739013671875e-05 6.958842277526855469e-05 5.978345870971679688e-05 6.374716758728027344e-05 6.994605064392089844e-05
1.270516782683113188e+00 4.136562347412109375e-05 5.474686622619628906e-05 4.351139068603515625e-05 4.401803016662597656e-05 4.586577415466308594e-05 4.178285598754882812e-05 4.023313522338867188e-05 4.294514656066894531e-05 4.625320434570312500e-05 4.917383193969726562e-05
1.276969544668500989e+00 -1.218020915985107422e-04 -1.173317432403564453e-04 -1.264512538909912109e-04 -1.241862773895263672e-04 -1.254081726074218750e-04 -1.265108585357666016e-04 -1.263618469238281250e-04 -1.217722892761230469e-04 -1.356005668640136719e-04 -1.301765441894531250e-04
1.283422306653888789e+00 6.109476089477539062e-05 5.722045898437500000e-05 6.014108657836914062e-05 5.647540092468261719e-05 5.301833152770996094e-05 5.710124969482421875e-05 4.625320434570312500e-05 5.838274955749511719e-05 5.376338958740234375e-05 5.578994750976562500e-05
1.289875068639276812e+00 7.796287536621093750e-05 8.580088615417480469e-05 7.972121238708496094e-05 7.358193397521972656e-05 8.392333984375000000e-05 8.624792098999023438e-05 7.894635200500488281e-05 7.313489913940429688e-05 7.665157318115234375e-05 8.150935173034667969e-05
1.296327830624664612e+00 -1.316964626312255859e-04 -1.407265663146972656e-04 -1.410841941833496094e-04 -1.484155654907226562e-04 -1.413524150848388672e-04 -1.320540904998779297e-04 -1.476407051086425781e-04 -1.359581947326660156e-04 -1.421868801116943359e-04 -1.370608806610107422e-04
1.302780592610052635e+00 1.040399074554443359e-04 9.736418724060058594e-05 9.763240814208984375e-05 9.828805923461914062e-05 9.950995445251464844e-05 1.082718372344970703e-04 9.918212890625000000e-05 1.095235347747802734e-04 8.630752563476562500e-05 9.393692016601562500e-05
1.309233354595440435e+00 2.768635749816894531e-05 3.457069396972656250e-05 3.561377525329589844e-05 2.646446228027343750e-05 4.133582115173339844e-05 3.606081008911132812e-05 3.314018249511718750e-05 4.038214683532714844e-05 3.156065940856933594e-05 2.798438072204589844e-05
1.315686116580828458e+00 -1.707971096038818359e-04 -1.676976680755615234e-04 -1.575350761413574219e-04 -1.671910285949707031e-04 -1.659989356994628906e-04 -1.687109470367431641e-04 -1.691877841949462891e-04 -1.612007617950439453e-04 -1.639127731323242188e-04 -1.635253429412841797e-04
1.322138878566216258e+00 1.719594001770019531e-04 1.804828643798828125e-04 1.717209815979003906e-04 1.723468303680419922e-04 1.743733882904052734e-04 1.660883426666259766e-04 1.638829708099365234e-04 1.716315746307373047e-04 1.685321331024169922e-04 1.796782016754150391e-04
1.328591640551604280e+00 -3.701448440551757812e-05 -3.162026405334472656e-05 -3.665685653686523438e-05 -2.199411392211914062e-05 -2.995133399963378906e-05 -3.221631050109863281e-05 -3.454089164733886719e-05 -2.172589302062988281e-05 -2.959370613098144531e-05 -3.302097320556640625e-05
1.335044402536992081e+00 -1.943111419677734375e-04 -2.014040946960449219e-04 -1.991987228393554688e-04 -1.967549324035644531e-04 -2.049207687377929688e-04 -2.062916755676269531e-04 -2.017319202423095703e-04 -2.050101757049560547e-04 -2.003014087677001953e-04 -1.942813396453857422e-04
1.341497164522380103e+00 2.823472023010253906e-04 2.819597721099853516e-04 2.788901329040527344e-04 2.763867378234863281e-04 2.928078174591064453e-04 2.852082252502441406e-04 2.864003181457519531e-04 2.855658531188964844e-04 2.811551094055175781e-04 2.859234809875488281e-04
1.347949926507767904e+00 -1.710355281829833984e-04 -1.687407493591308594e-04 -1.614391803741455078e-04 -1.621842384338378906e-04 -1.680850982666015625e-04 -1.689791679382324219e-04 -1.600980758666992188e-04 -1.606345176696777344e-04 -1.499950885772705078e-04 -1.715719699859619141e-04
1.354402688493155926e+00 -7.638335227966308594e-05 -6.759166717529296875e-05 -7.334351539611816406e-05 -7.626414299011230469e-05 -7.075071334838867188e-05 -7.420778274536132812e-05 -8.583068847656250000e-05 -7.623434066772460938e-05 -7.203221321105957031e-05 -7.152557373046875000e-05
1.360855450478543727e+00 2.287328243255615234e-04 2.466738224029541016e-04 2.364218235015869141e-04 2.338290214538574219e-04 2.321600914001464844e-04 2.486109733581542969e-04 2.378523349761962891e-04 2.303123474121093750e-04 2.355277538299560547e-04 2.405643463134765625e-04
1.367308212463931749e+00 -1.763701438903808594e-04 -1.960098743438720703e-04 -1.831948757171630859e-04 -1.827776432037353516e-04 -1.872479915618896484e-04 -1.861751079559326172e-04 -1.927018165588378906e-04 -1.833736896514892578e-04 -1.754462718963623047e-04 -1.803040504455566406e-04
1.373760974449319550e+00 1.261830329895019531e-04 1.262426376342773438e-04 1.303553581237792969e-04 1.185536384582519531e-04 1.301765441894531250e-04 1.324713230133056641e-04 1.356899738311767578e-04 1.365840435028076172e-04 1.351237297058105469e-04 1.223683357238769531e-04
1.380213736434707350e+00 2.214312553405761719e-04 2.144873142242431641e-04 2.207159996032714844e-04 2.269744873046875000e-04 2.213418483734130859e-04 2.175867557525634766e-04 2.165436744689941406e-04 2.170503139495849609e-04 2.079308032989501953e-04 2.111196517944335938e-04
1.386666498420095373e+00 -2.471208572387695312e-04 -2.548694610595703125e-04 -2.404451370239257812e-04 -2.408921718597412109e-04 -2.524852752685546875e-04 -2.417266368865966797e-04 -2.509653568267822266e-04 -2.430379390716552734e-04 -2.462565898895263672e-04 -2.461373805999755859e-04
1.393119260405483173e+00 1.665949821472167969e-04 1.698732376098632812e-04 1.624822616577148438e-04 1.620352268218994141e-04 1.470744609832763672e-04 1.549422740936279297e-04 1.671314239501953125e-04 1.608431339263916016e-04 1.586079597473144531e-04 1.701414585113525391e-04
1.399572022390871195e+00 8.884072303771972656e-05 9.387731552124023438e-05 1.072585582733154297e-04 8.824467658996582031e-05 1.018345355987548828e-04 9.939074516296386719e-05 9.512901306152343750e-05 9.125471115112304688e-05 9.703636169433593750e-05 9.757280349731445312e-05
1.406024784376258996e+00 -1.310110092163085938e-04 -1.190602779388427734e-04 -1.277923583984375000e-04 -1.263320446014404297e-04 -1.175403594970703125e-04 -1.209080219268798828e-04 -1.272261142730712891e-04 -1.394152641296386719e-04 -1.293420791625976562e-04 -1.273155212402343750e-04
1.412477546361647018e+00 1.510381698608398438e-04 1.366436481475830078e-04 1.401901245117187500e-04 1.319050788879394531e-04 1.461505889892578125e-04 1.403689384460449219e-04 1.433491706848144531e-04 1.450479030609130859e-04 1.488029956817626953e-04 1.423656940460205078e-04
1.418930308347034819e+00 -1.734793186187744141e-04 -1.769065856933593750e-04 -1.621842384338378906e-04 -1.615285873413085938e-04 -1.665651798248291016e-04 -1.550018787384033203e-04 -1.856982707977294922e-04 -1.723468303680419922e-04 -1.614391803741455078e-04 -1.665353775024414062e-04
1.425383070332422841e+00 6.106495857238769531e-05 5.444884300231933594e-05 6.699562072753906250e-05 5.173683166503906250e-05 5.510449409484863281e-05 5.722045898437500000e-05 5.823373794555664062e-05 6.771087646484375000e-05 6.341934204101562500e-05 6.186962127685546875e-05
1.431835832317810642e+00 1.024603843688964844e-04 1.022815704345703125e-04 1.001358032226562500e-04 1.089274883270263672e-04 1.000761985778808594e-04 1.034736633300781250e-04 1.061558723449707031e-04 9.807944297790527344e-05 9.703636169433593750e-05 9.927153587341308594e-05
1.438288594303198664e+00 -1.050829887390136719e-04 -8.875131607055664062e-05 -8.749961853027343750e-05 -9.438395500183105469e-05 -8.949637413024902344e-05 -8.273124694824218750e-05 -1.007020473480224609e-04 -8.729100227355957031e-05 -9.331107139587402344e-05 -8.913874626159667969e-05
1.444741356288586465e+00 8.508563041687011719e-05 9.703636169433593750e-05 9.655952453613281250e-05 1.051127910614013672e-04 8.520483970642089844e-05 9.018182754516601562e-05 9.572505950927734375e-05 9.781122207641601562e-05 1.083910465240478516e-04 9.629130363464355469e-05
1.451194118273974487e+00 -4.884600639343261719e-05 -5.576014518737792969e-05 -6.228685379028320312e-05 -5.817413330078125000e-05 -6.565451622009277344e-05 -5.689263343811035156e-05 -6.413459777832031250e-05 -6.520748138427734375e-05 -5.587935447692871094e-05 -6.031990051269531250e-05
1.457646880259362288e+00 -1.290440559387207031e-05 -1.037120819091796875e-05 -1.594424247741699219e-05 -2.205371856689453125e-05 -1.400709152221679688e-05 -1.478195190429687500e-05 -1.266598701477050781e-05 -1.364946365356445312e-05 -1.370906829833984375e-05 -1.236796379089355469e-05
1.464099642244750310e+00 6.836652755737304688e-05 6.556510925292968750e-05 6.955862045288085938e-05 6.955862045288085938e-05 7.119774818420410156e-05 6.875395774841308594e-05 7.331371307373046875e-05 6.341934204101562500e-05 7.340312004089355469e-05 7.113814353942871094e-05
1.470552404230138110e+00 -8.675456047058105469e-05 -8.931756019592285156e-05 -1.008808612823486328e-04 -8.529424667358398438e-05 -9.974837303161621094e-05 -8.553266525268554688e-05 -8.791685104370117188e-05 -7.030367851257324219e-05 -8.991360664367675781e-05 -7.897615432739257812e-05
1.477005166215525911e+00 1.010298728942871094e-05 8.851289749145507812e-06 3.814697265625000000e-06 7.987022399902343750e-06 9.864568710327148438e-06 5.036592483520507812e-06 2.562999725341796875e-06 2.324581146240234375e-06 1.445412635803222656e-05 9.596347808837890625e-06
1.483457928200913933e+00 -1.153349876403808594e-05 -1.844763755798339844e-05 -2.729892730712890625e-05 -9.328126907348632812e-06 -1.671910285949707031e-05 -1.975893974304199219e-05 -1.788139343261718750e-05 -2.503395080566406250e-06 -2.127885818481445312e-05 -7.539987564086914062e-06
1.489910690186301734e+00 -7.802248001098632812e-05 -6.559491157531738281e-05 -6.458163261413574219e-05 -5.418062210083007812e-05 -5.584955215454101562e-05 -6.210803985595703125e-05 -6.270408630371093750e-05 -6.160140037536621094e-05 -6.711483001708984375e-05 -7.194280624389648438e-05
1.496363452171689756e+00 1.023411750793457031e-04 9.325146675109863281e-05 9.760260581970214844e-05 7.960200309753417969e-05 8.293986320495605469e-05 7.247924804687500000e-05 7.987022399902343750e-05 8.559226989746093750e-05 8.553266525268554688e-05 7.694959640502929688e-05
1.502816214157077557e+00 -5.868077278137207031e-05 -5.987286567687988281e-05 -7.188320159912109375e-05 -6.911158561706542969e-05 -5.599856376647949219e-05 -4.875659942626953125e-05 -6.452202796936035156e-05 -6.181001663208007812e-05 -5.444884300231933594e-05 -6.371736526489257812e-05
1.509268976142465579e+00 -5.605816841125488281e-05 -4.237890243530273438e-05 -5.069375038146972656e-05 -4.070997238159179688e-05 -4.157423973083496094e-05 -5.677342414855957031e-05 -4.234910011291503906e-05 -4.366040229797363281e-05 -4.273653030395507812e-05 -4.330277442932128906e-05
1.515721738127853380e+00 6.368756294250488281e-05 6.577372550964355469e-05 6.610155105590820312e-05 7.140636444091796875e-05 5.915760993957519531e-05 6.240606307983398438e-05 6.282329559326171875e-05 7.036328315734863281e-05 6.225705146789550781e-05 6.043910980224609375e-05
1.522174500113241402e+00 -6.785988807678222656e-05 -7.528066635131835938e-05 -8.025765419006347656e-05 -7.981061935424804688e-05 -8.013844490051269531e-05 -7.706880569458007812e-05 -7.057189941406250000e-05 -7.030367851257324219e-05 -7.688999176025390625e-05 -7.778406143188476562e-05
1.528627262098629203e+00 4.142522811889648438e-05 4.467368125915527344e-05 3.159046173095703125e-05 3.978610038757324219e-05 2.703070640563964844e-05 4.690885543823242188e-05 4.109740257263183594e-05 3.883242607116699219e-05 4.994869232177734375e-05 4.944205284118652344e-05
1.535080024084017225e+00 1.186132431030273438e-05 2.393126487731933594e-05 2.074241638183593750e-05 2.852082252502441406e-05 1.278519630432128906e-05 1.123547554016113281e-05 1.189112663269042969e-05 1.949071884155273438e-05 2.104043960571289062e-05 9.804964065551757812e-06
1.541532786069405025e+00 -6.964802742004394531e-05 -8.031725883483886719e-05 -7.656216621398925781e-05 -7.590651512145996094e-05 -5.894899368286132812e-05 -5.769729614257812500e-05 -6.425380706787109375e-05 -7.489323616027832031e-05 -6.991624832153320312e-05 -7.140636444091796875e-05
1.547985548054793048e+00 5.438923835754394531e-05 6.735324859619140625e-05 5.897879600524902344e-05 5.412101745605468750e-05 5.894899368286132812e-05 6.040930747985839844e-05 5.143880844116210938e-05 7.405877113342285156e-05 6.371736526489257812e-05 5.975365638732910156e-05
1.554438310040180848e+00 2.175569534301757812e-06 8.195638656616210938e-06 1.063942909240722656e-05 1.853704452514648438e-05 1.484155654907226562e-05 2.184510231018066406e-05 1.356005668640136719e-05 5.334615707397460938e-06 8.374452590942382812e-06 1.916289329528808594e-05
1.560891072025568649e+00 -2.661347389221191406e-05 -3.302097320556640625e-05 -4.300475120544433594e-05 -2.968311309814453125e-05 -2.920627593994140625e-05 -3.650784492492675781e-05 -2.366304397583007812e-05 -3.516674041748046875e-05 -2.437829971313476562e-05 -2.470612525939941406e-05
1.567343834010956671e+00 6.416440010070800781e-05 6.669759750366210938e-05 6.124377250671386719e-05 5.993247032165527344e-05 7.233023643493652344e-05 6.800889968872070312e-05 6.839632987976074219e-05 5.918741226196289062e-05 6.502866744995117188e-05 7.957220077514648438e-05
1.573796595996344472e+00 -2.577900886535644531e-05 -2.831220626831054688e-05 -2.688169479370117188e-05 -2.855062484741210938e-05 -3.018975257873535156e-05 -2.527236938476562500e-05 -3.412365913391113281e-05 -3.236532211303710938e-05 -2.583861351013183594e-05 -2.989172935485839844e-05
1.580249357981732494e+00 -1.195073127746582031e-05 -2.965331077575683594e-05 -2.509355545043945312e-05 -2.592802047729492188e-05 -8.583068847656250000e-06 -1.513957977294921875e-05 -2.470612525939941406e-05 -1.588463783264160156e-05 -1.972913742065429688e-05 -7.063150405883789062e-06
1.586702119967120295e+00 5.438923835754394531e-05 5.495548248291015625e-05 5.772709846496582031e-05 6.577372550964355469e-05 5.596876144409179688e-05 5.498528480529785156e-05 6.046891212463378906e-05 5.123019218444824219e-05 5.707144737243652344e-05 4.968047142028808594e-05
1.593154881952508317e+00 -4.532933235168457031e-05 -4.240870475769042969e-05 -3.737211227416992188e-05 -4.953145980834960938e-05 -3.916025161743164062e-05 -4.833936691284179688e-05 -4.646182060241699219e-05 -5.757808685302734375e-05 -5.000829696655273438e-05 -5.319714546203613281e-05
1.599607643937896118e+00 5.003809928894042969e-05 6.201863288879394531e-05 5.370378494262695312e-05 5.558133125305175781e-05 6.148219108581542969e-05 4.971027374267578125e-05 7.134675979614257812e-05 7.012486457824707031e-05 5.510449409484863281e-05 5.942583084106445312e-05
1.606060405923284140e+00 9.000301361083984375e-06 9.983777999877929688e-06 4.917383193969726562e-06 1.251697540283203125e-06 4.470348358154296875e-07 2.473592758178710938e-06 1.370906829833984375e-06 -3.248453140258789062e-06 7.510185241699218750e-06 -5.453824996948242188e-06
1.612513167908671941e+00 -5.602836608886718750e-05 -3.829598426818847656e-05 -4.285573959350585938e-05 -5.078315734863281250e-05 -5.134940147399902344e-05 -3.489851951599121094e-05 -4.005432128906250000e-05 -4.780292510986328125e-05 -4.729628562927246094e-05 -4.330277442932128906e-05
1.618965929894059963e+00 6.911158561706542969e-05 6.276369094848632812e-05 7.283687591552734375e-05 7.718801498413085938e-05 7.107853889465332031e-05 7.873773574829101562e-05 7.259845733642578125e-05 8.630752563476562500e-05 7.951259613037109375e-05 7.295608520507812500e-05
1.625418691879447763e+00 -5.236268043518066406e-05 -4.890561103820800781e-05 -5.313754081726074219e-05 -4.768371582031250000e-05 -5.537271499633789062e-05 -6.017088890075683594e-05 -5.581974983215332031e-05 -4.234910011291503906e-05 -5.182623863220214844e-05 -5.936622619628906250e-05
1.631871453864835786e+00 3.153085708618164062e-05 1.546740531921386719e-05 1.892447471618652344e-05 1.904368400573730469e-05 3.024935722351074219e-05 3.185868263244628906e-05 3.188848495483398438e-05 2.253055572509765625e-05 3.427267074584960938e-05 2.366304397583007812e-05
1.638324215850223586e+00 1.591444015502929688e-05 2.655386924743652344e-05 1.919269561767578125e-05 2.115964889526367188e-05 1.463294029235839844e-05 2.384185791015625000e-05 5.155801773071289062e-06 1.963973045349121094e-05 1.695752143859863281e-05 2.020597457885742188e-05
1.644776977835611609e+00 -6.398558616638183594e-05 -6.800889968872070312e-05 -5.701184272766113281e-05 -5.573034286499023438e-05 -6.547570228576660156e-05 -5.719065666198730469e-05 -6.002187728881835938e-05 -6.061792373657226562e-05 -6.711483001708984375e-05 -6.413459777832031250e-05
1.651229739820999409e+00 1.290440559387207031e-04 1.288950443267822266e-04 1.280605792999267578e-04 1.226663589477539062e-04 1.313686370849609375e-04 1.230239868164062500e-04 1.285076141357421875e-04 1.221895217895507812e-04 1.331567764282226562e-04 1.222193241119384766e-04
1.657682501806387210e+00 -5.200505256652832031e-05 -6.324052810668945312e-05 -4.562735557556152344e-05 -6.061792373657226562e-05 -4.860758781433105469e-05 -6.324052810668945312e-05 -5.567073822021484375e-05 -4.270672798156738281e-05 -5.784630775451660156e-05 -4.127621650695800781e-05
1.664135263791775232e+00 1.460313796997070312e-05 1.624226570129394531e-05 2.709031105041503906e-05 2.920627593994140625e-06 6.020069122314453125e-06 9.745359420776367188e-06 1.499056816101074219e-05 1.174211502075195312e-05 1.919269561767578125e-05 1.040101051330566406e-05
1.670588025777163033e+00 4.670023918151855469e-05 4.234910011291503906e-05 3.388524055480957031e-05 3.623962402343750000e-05 2.878904342651367188e-05 3.448128700256347656e-05 4.658102989196777344e-05 4.664063453674316406e-05 3.433227539062500000e-05 2.911686897277832031e-05
1.677040787762551055e+00 -2.900660037994384766e-04 -2.970397472381591797e-04 -3.144741058349609375e-04 -3.136396408081054688e-04 -2.917051315307617188e-04 -2.871155738830566406e-04 -2.913773059844970703e-04 -3.084540367126464844e-04 -3.004968166351318359e-04 -2.971887588500976562e-04
1.683493549747938856e+00 1.317560672760009766e-04 1.282393932342529297e-04 1.330375671386718750e-04 1.293122768402099609e-04 1.140236854553222656e-04 1.037120819091796875e-04 1.243650913238525391e-04 1.085400581359863281e-04 1.145005226135253906e-04 1.095831394195556641e-04
1.689946311733326878e+00 1.088976860046386719e-04 1.111924648284912109e-04 1.187622547149658203e-04 1.101493835449218750e-04 1.191496849060058594e-04 1.164078712463378906e-04 1.138150691986083984e-04 1.201927661895751953e-04 1.196861267089843750e-04 1.109242439270019531e-04
1.696399073718714678e+00 -1.159310340881347656e-04 -1.196563243865966797e-04 -1.034438610076904297e-04 -1.089870929718017578e-04 -1.230835914611816406e-04 -1.051127910614013672e-04 -1.204609870910644531e-04 -1.227855682373046875e-04 -1.152455806732177734e-04 -1.114606857299804688e-04
1.702851835704102701e+00 2.237260341644287109e-04 2.345144748687744141e-04 2.243518829345703125e-04 2.211034297943115234e-04 2.118051052093505859e-04 2.325177192687988281e-04 2.312660217285156250e-04 2.282857894897460938e-04 2.204775810241699219e-04 2.252459526062011719e-04
1.709304597689490501e+00 -4.845857620239257812e-05 -5.698204040527343750e-05 -4.991888999938964844e-05 -5.653500556945800781e-05 -5.391240119934082031e-05 -5.659461021423339844e-05 -6.139278411865234375e-05 -5.605816841125488281e-05 -5.331635475158691406e-05 -4.887580871582031250e-05
1.715757359674878524e+00 1.597404479980468750e-05 -7.331371307373046875e-06 -4.082918167114257812e-06 -3.188848495483398438e-06 6.496906280517578125e-06 -1.788139343261718750e-06 1.132488250732421875e-06 7.420778274536132812e-06 -5.424022674560546875e-06 -9.596347808837890625e-06
1.722210121660266324e+00 1.391768455505371094e-04 1.561343669891357422e-04 1.466274261474609375e-04 1.428425312042236328e-04 1.493692398071289062e-04 1.567900180816650391e-04 1.490414142608642578e-04 1.495778560638427734e-04 1.519918441772460938e-04 1.572072505950927734e-04
1.728662883645654347e+00 -3.135204315185546875e-05 -4.357099533081054688e-05 -4.470348358154296875e-05 -3.141164779663085938e-05 -4.240870475769042969e-05 -4.491209983825683594e-05 -3.844499588012695312e-05 -3.939867019653320312e-05 -4.848837852478027344e-05 -3.209710121154785156e-05
1.735115645631042147e+00 3.516674041748046875e-05 4.342198371887207031e-05 3.424286842346191406e-05 3.612041473388671875e-05 3.984570503234863281e-05 3.936886787414550781e-05 3.513693809509277344e-05 3.018975257873535156e-05 3.045797348022460938e-05 2.980232238769531250e-05
1.741568407616429948e+00 1.612603664398193359e-04 1.474618911743164062e-04 1.610517501831054688e-04 1.562535762786865234e-04 1.704692840576171875e-04 1.618564128875732422e-04 1.553297042846679688e-04 1.572966575622558594e-04 1.572370529174804688e-04 1.727640628814697266e-04
1.748021169601817970e+00 -1.409053802490234375e-04 -1.513659954071044922e-04 -1.455545425415039062e-04 -1.497566699981689453e-04 -1.505017280578613281e-04 -1.558363437652587891e-04 -1.612007617950439453e-04 -1.538693904876708984e-04 -1.564919948577880859e-04 -1.534223556518554688e-04
1.754473931587205771e+00 9.903311729431152344e-05 9.846687316894531250e-05 8.943676948547363281e-05 9.709596633911132812e-05 9.509921073913574219e-05 9.259581565856933594e-05 9.495019912719726562e-05 8.589029312133789062e-05 8.302927017211914062e-05 9.235739707946777344e-05
1.760926693572593793e+00 9.256601333618164062e-05 8.916854858398437500e-05 9.474158287048339844e-05 9.047985076904296875e-05 9.271502494812011719e-05 9.879469871520996094e-05 9.763240814208984375e-05 1.012682914733886719e-04 9.220838546752929688e-05 9.605288505554199219e-05
1.767379455557981593e+00 -1.531839370727539062e-05 -2.026557922363281250e-05 -1.201033592224121094e-05 -2.363324165344238281e-05 -1.192092895507812500e-05 -6.824731826782226562e-06 -1.272559165954589844e-05 -1.540780067443847656e-05 -8.702278137207031250e-06 -2.530217170715332031e-05
1.773832217543369616e+00 8.493661880493164062e-05 9.253621101379394531e-05 8.553266525268554688e-05 9.843707084655761719e-05 9.238719940185546875e-05 1.004636287689208984e-04 8.875131607055664062e-05 9.280443191528320312e-05 9.250640869140625000e-05 7.998943328857421875e-05
1.780284979528757416e+00 -3.087520599365234375e-05 -3.060698509216308594e-05 -3.013014793395996094e-05 -3.162026405334472656e-05 -2.905726432800292969e-05 -2.774596214294433594e-05 -2.399086952209472656e-05 -3.027915954589843750e-05 -2.595782279968261719e-05 -2.390146255493164062e-05
1.786737741514145439e+00 -1.196861267089843750e-04 -1.191794872283935547e-04 -1.332759857177734375e-04 -1.327991485595703125e-04 -1.150369644165039062e-04 -1.200437545776367188e-04 -1.239776611328125000e-04 -1.183748245239257812e-04 -1.182556152343750000e-04 -1.159906387329101562e-04
1.793190503499533239e+00 1.695752143859863281e-05 2.208352088928222656e-05 1.427531242370605469e-05 1.788139343261718750e-05 2.753734588623046875e-05 1.871585845947265625e-05 1.734495162963867188e-05 1.651048660278320312e-05 9.715557098388671875e-06 1.543760299682617188e-05
1.799643265484921262e+00 2.070069313049316406e-04 2.150535583496093750e-04 2.084374427795410156e-04 2.192258834838867188e-04 2.191066741943359375e-04 2.080500125885009766e-04 2.009868621826171875e-04 2.054572105407714844e-04 2.086758613586425781e-04 2.070963382720947266e-04
1.806096027470309062e+00 -1.036226749420166016e-04 -1.086592674255371094e-04 -8.931756019592285156e-05 -9.331107139587402344e-05 -1.008212566375732422e-04 -9.766221046447753906e-05 -1.034438610076904297e-04 -9.524822235107421875e-05 -9.599328041076660156e-05 -9.158253669738769531e-05
1.812548789455697085e+00 8.830428123474121094e-05 1.021027565002441406e-04 9.113550186157226562e-05 9.334087371826171875e-05 1.061856746673583984e-04 8.174777030944824219e-05 8.991360664367675781e-05 8.419156074523925781e-05 9.649991989135742188e-05 8.702278137207031250e-05
1.819001551441084885e+00 9.125471115112304688e-05 9.107589721679687500e-05 9.679794311523437500e-05 7.852911949157714844e-05 9.009242057800292969e-05 9.384751319885253906e-05 9.191036224365234375e-05 9.542703628540039062e-05 9.635090827941894531e-05 9.444355964660644531e-05
1.825454313426472908e+00 -2.599060535430908203e-04 -2.604722976684570312e-04 -2.511739730834960938e-04 -2.492964267730712891e-04 -2.620816230773925781e-04 -2.551078796386718750e-04 -2.514123916625976562e-04 -2.561509609222412109e-04 -2.685189247131347656e-04 -2.547800540924072266e-04
1.831907075411860708e+00 2.327263355255126953e-04 2.301633358001708984e-04 2.255141735076904297e-04 2.186894416809082031e-04 2.478063106536865234e-04 2.407431602478027344e-04 2.355277538299560547e-04 2.380907535552978516e-04 2.382993698120117188e-04 2.368092536926269531e-04
1.838359837397248508e+00 -1.928210258483886719e-05 -1.984834671020507812e-05 -1.856684684753417969e-05 -1.019239425659179688e-05 -2.244114875793457031e-05 -1.934170722961425781e-05 -1.832842826843261719e-05 -1.180171966552734375e-05 -9.357929229736328125e-06 -2.199411392211914062e-05
1.844812599382636531e+00 -1.750886440277099609e-04 -1.845061779022216797e-04 -1.753568649291992188e-04 -1.789629459381103516e-04 -1.865327358245849609e-04 -1.966953277587890625e-04 -1.940131187438964844e-04 -1.874864101409912109e-04 -1.806318759918212891e-04 -1.820325851440429688e-04
1.851265361368024331e+00 2.612769603729248047e-04 2.767145633697509766e-04 2.698600292205810547e-04 2.753436565399169922e-04 2.661049365997314453e-04 2.738535404205322266e-04 2.704560756683349609e-04 2.689361572265625000e-04 2.688467502593994141e-04 2.783238887786865234e-04
1.857718123353412354e+00 -2.115964889526367188e-04 -2.176463603973388672e-04 -2.126097679138183594e-04 -2.070069313049316406e-04 -2.110898494720458984e-04 -2.143681049346923828e-04 -2.059340476989746094e-04 -2.165734767913818359e-04 -2.235472202301025391e-04 -2.115666866302490234e-04
1.864170885338800154e+00 -1.874566078186035156e-05 -1.698732376098632812e-05 -1.814961433410644531e-05 -8.821487426757812500e-06 -1.698732376098632812e-05 -8.016824722290039062e-06 -1.245737075805664062e-05 -2.264976501464843750e-06 -2.330541610717773438e-05 -4.172325134277343750e-07
1.870623647324188177e+00 2.037286758422851562e-04 2.046227455139160156e-04 1.974105834960937500e-04 2.067387104034423828e-04 2.121031284332275391e-04 2.068281173706054688e-04 1.873075962066650391e-04 2.008378505706787109e-04 2.079904079437255859e-04 2.146959304809570312e-04
1.877076409309575977e+00 -2.507269382476806641e-04 -2.428591251373291016e-04 -2.501308917999267578e-04 -2.443492412567138672e-04 -2.533793449401855469e-04 -2.432763576507568359e-04 -2.422928810119628906e-04 -2.442002296447753906e-04 -2.537369728088378906e-04 -2.545416355133056641e-04
1.883529171294964000e+00 6.225705146789550781e-05 6.538629531860351562e-05 6.395578384399414062e-05 7.012486457824707031e-05 6.511807441711425781e-05 6.762146949768066406e-05 6.544589996337890625e-05 7.006525993347167969e-05 5.686283111572265625e-05 6.288290023803710938e-05
1.889981933280351800e+00 6.523728370666503906e-05 5.108118057250976562e-05 5.653500556945800781e-05 6.505846977233886719e-05 5.573034286499023438e-05 5.456805229187011719e-05 5.114078521728515625e-05 7.042288780212402344e-05 6.398558616638183594e-05 6.678700447082519531e-05
1.896434695265739823e+00 -1.986026763916015625e-04 -1.978278160095214844e-04 -1.878738403320312500e-04 -1.989305019378662109e-04 -1.814365386962890625e-04 -1.913607120513916016e-04 -2.067089080810546875e-04 -1.940429210662841797e-04 -1.932680606842041016e-04 -1.923143863677978516e-04
1.902887457251127623e+00 1.287460327148437500e-04 1.184344291687011719e-04 1.276135444641113281e-04 1.306831836700439453e-04 1.230537891387939453e-04 1.348853111267089844e-04 1.377761363983154297e-04 1.341998577117919922e-04 1.213252544403076172e-04 1.346468925476074219e-04
1.909340219236515646e+00 3.412365913391113281e-05 2.008676528930664062e-05 1.901388168334960938e-05 2.577900886535644531e-05 3.135204315185546875e-05 1.227855682373046875e-05 2.458691596984863281e-05 1.186132431030273438e-05 1.785159111022949219e-05 1.579523086547851562e-05
1.915792981221903446e+00 -1.323521137237548828e-04 -1.343488693237304688e-04 -1.444816589355468750e-04 -1.518428325653076172e-04 -1.361370086669921875e-04 -1.420080661773681641e-04 -1.480579376220703125e-04 -1.319646835327148438e-04 -1.445114612579345703e-04 -1.472234725952148438e-04
1.922245743207291468e+00 1.339316368103027344e-04 1.327097415924072266e-04 1.433491706848144531e-04 1.392662525177001953e-04 1.452565193176269531e-04 1.390278339385986328e-04 1.386702060699462891e-04 1.448988914489746094e-04 1.440942287445068359e-04 1.340806484222412109e-04
1.928698505192679269e+00 -2.467632293701171875e-05 -2.914667129516601562e-05 -3.650784492492675781e-05 -3.916025161743164062e-05 -2.199411392211914062e-05 -3.060698509216308594e-05 -3.424286842346191406e-05 -2.276897430419921875e-05 -2.837181091308593750e-05 -2.819299697875976562e-05
1.935151267178067069e+00 -4.938244819641113281e-05 -4.383921623229980469e-05 -4.583597183227539062e-05 -4.568696022033691406e-05 -5.456805229187011719e-05 -5.865097045898437500e-05 -5.868077278137207031e-05 -4.541873931884765625e-05 -5.075335502624511719e-05 -6.240606307983398438e-05
1.941604029163455092e+00 1.354217529296875000e-04 1.147985458374023438e-04 1.246333122253417969e-04 1.236498355865478516e-04 1.354217529296875000e-04 1.351833343505859375e-04 1.346766948699951172e-04 1.408457756042480469e-04 1.387000083923339844e-04 1.390874385833740234e-04
1.948056791148842892e+00 -5.534291267395019531e-05 -5.728006362915039062e-05 -5.835294723510742188e-05 -6.428360939025878906e-05 -4.971027374267578125e-05 -5.540251731872558594e-05 -6.130337715148925781e-05 -5.781650543212890625e-05 -5.635619163513183594e-05 -5.897879600524902344e-05
1.954509553134230915e+00 -9.757280349731445312e-05 -9.918212890625000000e-05 -9.214878082275390625e-05 -1.012384891510009766e-04 -1.022517681121826172e-04 -1.010894775390625000e-04 -1.047253608703613281e-04 -1.032352447509765625e-04 -8.630752563476562500e-05 -9.232759475708007812e-05
1.960962315119618715e+00 1.952052116394042969e-04 1.894235610961914062e-04 2.019107341766357422e-04 1.941621303558349609e-04 2.059936523437500000e-04 1.929700374603271484e-04 1.975893974304199219e-04 1.943111419677734375e-04 2.023279666900634766e-04 2.000033855438232422e-04
1.967415077105006738e+00 -1.232922077178955078e-04 -1.360476016998291016e-04 -1.234412193298339844e-04 -1.244544982910156250e-04 -1.270771026611328125e-04 -1.199841499328613281e-04 -1.318752765655517578e-04 -1.160502433776855469e-04 -1.344680786132812500e-04 -1.357495784759521484e-04
1.973867839090394538e+00 5.662441253662109375e-07 1.099705696105957031e-05 1.099705696105957031e-05 1.627206802368164062e-05 2.264976501464843750e-06 -1.937150955200195312e-06 -1.168251037597656250e-05 8.642673492431640625e-06 5.364418029785156250e-06 2.861022949218750000e-06
1.980320601075782561e+00 1.259446144104003906e-04 1.281499862670898438e-04 1.240968704223632812e-04 1.210570335388183594e-04 1.160800457000732422e-04 1.213252544403076172e-04 1.135468482971191406e-04 1.133978366851806641e-04 1.083910465240478516e-04 1.145601272583007812e-04
1.986773363061170361e+00 -2.411007881164550781e-04 -2.472996711730957031e-04 -2.250373363494873047e-04 -2.381801605224609375e-04 -2.349019050598144531e-04 -2.332925796508789062e-04 -2.253651618957519531e-04 -2.278685569763183594e-04 -2.217590808868408203e-04 -2.304911613464355469e-04
1.993226125046558384e+00 1.563727855682373047e-04 1.628696918487548828e-04 1.670420169830322266e-04 1.653432846069335938e-04 1.609027385711669922e-04 1.668930053710937500e-04 1.611411571502685547e-04 1.610815525054931641e-04 1.680254936218261719e-04 1.725256443023681641e-04
1.999678887031946184e+00 8.535385131835937500e-05 8.347630500793457031e-05 8.594989776611328125e-05 7.122755050659179688e-05 8.609890937805175781e-05 8.523464202880859375e-05 7.769465446472167969e-05 8.648633956909179688e-05 8.708238601684570312e-05 8.442997932434082031e-05
2.006131649017333984e+00 -1.187324523925781250e-04 -9.620189666748046875e-05 -1.184046268463134766e-04 -1.052021980285644531e-04 -1.015961170196533203e-04 -1.081526279449462891e-04 -1.110136508941650391e-04 -1.038610935211181641e-04 -1.040697097778320312e-04 -1.028180122375488281e-04
