#Range[m] 0 1 2 3 4 5 6 7 8 9
1.800000071525573730e-01 -6.533890962600708008e-03 -6.502538919448852539e-03 -6.488800048828125000e-03 -6.524085998535156250e-03 -6.527453660964965820e-03 -6.517142057418823242e-03 -6.517738103866577148e-03 -6.541460752487182617e-03 -6.568312644958496094e-03 -6.557494401931762695e-03
1.864527691379452845e-01 2.331346273422241211e-03 2.209216356277465820e-03 2.231061458587646484e-03 2.292186021804809570e-03 2.304166555404663086e-03 2.279460430145263672e-03 2.267003059387207031e-03 2.296835184097290039e-03 2.355128526687622070e-03 2.372503280639648438e-03
1.929055311233331682e-01 3.987997770309448242e-03 4.069298505783081055e-03 4.044473171234130859e-03 3.972828388214111328e-03 3.943681716918945312e-03 3.987550735473632812e-03 4.035890102386474609e-03 3.990381956100463867e-03 3.948867321014404297e-03 3.938585519790649414e-03
1.993582931087210797e-01 -5.772948265075683594e-03 -5.769491195678710938e-03 -5.745172500610351562e-03 -5.752086639404296875e-03 -5.767226219177246094e-03 -5.771726369857788086e-03 -5.743414163589477539e-03 -5.756556987762451172e-03 -5.753219127655029297e-03 -5.788415670394897461e-03
2.058110550941089911e-01 3.283321857452392578e-03 3.210425376892089844e-03 3.217786550521850586e-03 3.251671791076660156e-03 3.271460533142089844e-03 3.232628107070922852e-03 3.239959478378295898e-03 3.234803676605224609e-03 3.286004066467285156e-03 3.291398286819458008e-03
2.122638170794968748e-01 1.336812973022460938e-03 1.404285430908203125e-03 1.345455646514892578e-03 1.322776079177856445e-03 1.290082931518554688e-03 1.336067914962768555e-03 1.353085041046142578e-03 1.327276229858398438e-03 1.291960477828979492e-03 1.287460327148437500e-03
2.187165790648847863e-01 -3.624767065048217773e-03 -3.629505634307861328e-03 -3.599613904953002930e-03 -3.598451614379882812e-03 -3.577023744583129883e-03 -3.603726625442504883e-03 -3.609776496887207031e-03 -3.590971231460571289e-03 -3.564387559890747070e-03 -3.589898347854614258e-03
2.251693410502726977e-01 3.359466791152954102e-03 3.346145153045654297e-03 3.334373235702514648e-03 3.353327512741088867e-03 3.346920013427734375e-03 3.348022699356079102e-03 3.367692232131958008e-03 3.338515758514404297e-03 3.346711397171020508e-03 3.367781639099121094e-03
2.316221030356606092e-01 -5.919337272644042969e-04 -5.694329738616943359e-04 -6.000399589538574219e-04 -6.065070629119873047e-04 -6.269514560699462891e-04 -6.032288074493408203e-04 -5.971193313598632812e-04 -6.103813648223876953e-04 -6.345808506011962891e-04 -6.078183650970458984e-04
2.380748650210485207e-01 -1.600205898284912109e-03 -1.605719327926635742e-03 -1.584678888320922852e-03 -1.568853855133056641e-03 -1.579672098159790039e-03 -1.565635204315185547e-03 -1.569867134094238281e-03 -1.556545495986938477e-03 -1.552045345306396484e-03 -1.569390296936035156e-03
2.445276270064364044e-01 1.227140426635742188e-03 1.234352588653564453e-03 1.239836215972900391e-03 1.227557659149169922e-03 1.233726739883422852e-03 1.217126846313476562e-03 1.210898160934448242e-03 1.211702823638916016e-03 1.230210065841674805e-03 1.201242208480834961e-03
2.509803889918242881e-01 2.995431423187255859e-04 2.861917018890380859e-04 2.743303775787353516e-04 2.824366092681884766e-04 2.654492855072021484e-04 2.615451812744140625e-04 2.649128437042236328e-04 2.683699131011962891e-04 2.650916576385498047e-04 2.755224704742431641e-04
2.574331509772121995e-01 -1.100420951843261719e-03 -1.118123531341552734e-03 -1.106560230255126953e-03 -1.102745532989501953e-03 -1.115024089813232422e-03 -1.099437475204467773e-03 -1.089841127395629883e-03 -1.111745834350585938e-03 -1.095145940780639648e-03 -1.099377870559692383e-03
2.638859129626001110e-01 4.686117172241210938e-04 4.866123199462890625e-04 5.102753639221191406e-04 4.906058311462402344e-04 4.919171333312988281e-04 4.741847515106201172e-04 4.920661449432373047e-04 4.975497722625732422e-04 5.012452602386474609e-04 4.785358905792236328e-04
2.703386749479880224e-01 7.270276546478271484e-04 7.476508617401123047e-04 7.361471652984619141e-04 7.135272026062011719e-04 7.154941558837890625e-04 7.182061672210693359e-04 7.308125495910644531e-04 7.205009460449218750e-04 7.077455520629882812e-04 7.251799106597900391e-04
2.767914369333759339e-01 -1.597583293914794922e-03 -1.622706651687622070e-03 -1.640468835830688477e-03 -1.614391803741455078e-03 -1.620978116989135742e-03 -1.602441072463989258e-03 -1.602292060852050781e-03 -1.621007919311523438e-03 -1.607090234756469727e-03 -1.609057188034057617e-03
2.832441989187638454e-01 9.850263595581054688e-04 9.775757789611816406e-04 9.943246841430664062e-04 9.892284870147705078e-04 9.894967079162597656e-04 9.846091270446777344e-04 9.819269180297851562e-04 1.000821590423583984e-03 9.934604167938232422e-04 9.847879409790039062e-04
2.896969609041517568e-01 5.283653736114501953e-04 5.617737770080566406e-04 5.405545234680175781e-04 5.441606044769287109e-04 5.334019660949707031e-04 5.438029766082763672e-04 5.294084548950195312e-04 5.176663398742675781e-04 5.229115486145019531e-04 5.328357219696044922e-04
2.961497228895396683e-01 -1.189589500427246094e-03 -1.206845045089721680e-03 -1.212447881698608398e-03 -1.211971044540405273e-03 -1.199275255203247070e-03 -1.212954521179199219e-03 -1.198321580886840820e-03 -1.203835010528564453e-03 -1.206576824188232422e-03 -1.172184944152832031e-03
3.026024848749275242e-01 9.185075759887695312e-04 9.073019027709960938e-04 9.300410747528076172e-04 9.332597255706787109e-04 9.269416332244873047e-04 9.241402149200439453e-04 9.181797504425048828e-04 9.287893772125244141e-04 9.360313415527343750e-04 9.091198444366455078e-04
3.090552468603154357e-01 1.072585582733154297e-04 1.541078090667724609e-04 1.379847526550292969e-04 1.405775547027587891e-04 1.184642314910888672e-04 1.319348812103271484e-04 1.363158226013183594e-04 1.385211944580078125e-04 1.183152198791503906e-04 1.350641250610351562e-04
3.155080088457033471e-01 -7.298290729522705078e-04 -7.559955120086669922e-04 -7.682144641876220703e-04 -7.571280002593994141e-04 -7.508993148803710938e-04 -7.720887660980224609e-04 -7.522404193878173828e-04 -7.599294185638427734e-04 -7.638931274414062500e-04 -7.458329200744628906e-04
3.219607708310912586e-01 6.554722785949707031e-04 6.421804428100585938e-04 6.488263607025146484e-04 6.431639194488525391e-04 6.451010704040527344e-04 6.506443023681640625e-04 6.496608257293701172e-04 6.603896617889404297e-04 6.718337535858154297e-04 6.544888019561767578e-04
3.284135328164791701e-01 1.070499420166015625e-04 1.271665096282958984e-04 1.184642314910888672e-04 1.009702682495117188e-04 1.001358032226562500e-04 1.044869422912597656e-04 1.226365566253662109e-04 1.071393489837646484e-04 1.109242439270019531e-04 1.009702682495117188e-04
3.348662948018670260e-01 -9.265840053558349609e-04 -9.340047836303710938e-04 -9.202957153320312500e-04 -9.281337261199951172e-04 -9.250938892364501953e-04 -9.431242942810058594e-04 -9.433627128601074219e-04 -9.404420852661132812e-04 -9.440779685974121094e-04 -9.354948997497558594e-04
3.413190567872549375e-01 7.879436016082763672e-04 7.728636264801025391e-04 7.540583610534667969e-04 7.892847061157226562e-04 7.830560207366943359e-04 7.824301719665527344e-04 7.861852645874023438e-04 7.989704608917236328e-04 7.919967174530029297e-04 7.922947406768798828e-04
3.477718187726428489e-01 4.750490188598632812e-05 7.647275924682617188e-05 7.086992263793945312e-05 6.049871444702148438e-05 5.930662155151367188e-05 6.774067878723144531e-05 7.918477058410644531e-05 6.178021430969238281e-05 6.106495857238769531e-05 4.148483276367187500e-05
3.542245807580307604e-01 -6.531476974487304688e-04 -6.622970104217529297e-04 -6.521642208099365234e-04 -6.510913372039794922e-04 -6.346404552459716797e-04 -6.418228149414062500e-04 -6.579458713531494141e-04 -6.761550903320312500e-04 -6.447434425354003906e-04 -6.512999534606933594e-04
3.606773427434186718e-01 7.563233375549316406e-04 7.462501525878906250e-04 7.485449314117431641e-04 7.579624652862548828e-04 7.452964782714843750e-04 7.508397102355957031e-04 7.518529891967773438e-04 7.545351982116699219e-04 7.477700710296630859e-04 7.745921611785888672e-04
3.671301047288065833e-01 -4.650354385375976562e-04 -4.435479640960693359e-04 -4.519820213317871094e-04 -4.644989967346191406e-04 -4.618465900421142578e-04 -4.530251026153564453e-04 -4.424154758453369141e-04 -4.474520683288574219e-04 -4.504024982452392578e-04 -4.675686359405517578e-04
3.735828667141944948e-01 -3.710091114044189453e-04 -3.791153430938720703e-04 -3.725588321685791016e-04 -3.786087036132812500e-04 -3.630220890045166016e-04 -3.782808780670166016e-04 -3.947615623474121094e-04 -3.702342510223388672e-04 -3.553330898284912109e-04 -3.688335418701171875e-04
3.800356286995824062e-01 1.060813665390014648e-03 1.050591468811035156e-03 1.046836376190185547e-03 1.064866781234741211e-03 1.059889793395996094e-03 1.065969467163085938e-03 1.064807176589965820e-03 1.055479049682617188e-03 1.054733991622924805e-03 1.074105501174926758e-03
3.864883906849703177e-01 -7.390081882476806641e-04 -7.259547710418701172e-04 -7.498264312744140625e-04 -7.424652576446533203e-04 -7.473826408386230469e-04 -7.467567920684814453e-04 -7.404983043670654297e-04 -7.480382919311523438e-04 -7.515847682952880859e-04 -7.476806640625000000e-04
3.929411526703582291e-01 -7.578730583190917969e-05 -7.981061935424804688e-05 -6.687641143798828125e-05 -6.389617919921875000e-05 -6.067752838134765625e-05 -7.575750350952148438e-05 -6.771087646484375000e-05 -6.392598152160644531e-05 -5.832314491271972656e-05 -6.830692291259765625e-05
3.993939146557460851e-01 6.232261657714843750e-04 6.224513053894042969e-04 6.356537342071533203e-04 6.172955036163330078e-04 6.196796894073486328e-04 6.341040134429931641e-04 6.174445152282714844e-04 6.081759929656982422e-04 5.984306335449218750e-04 6.144344806671142578e-04
4.058466766411339965e-01 -9.371042251586914062e-04 -9.534955024719238281e-04 -9.584128856658935547e-04 -9.665489196777343750e-04 -9.649991989135742188e-04 -9.587705135345458984e-04 -9.449422359466552734e-04 -9.539425373077392578e-04 -9.779930114746093750e-04 -9.587407112121582031e-04
4.122994386265219080e-01 4.611313343048095703e-04 4.630982875823974609e-04 4.653334617614746094e-04 4.796683788299560547e-04 4.738569259643554688e-04 4.652440547943115234e-04 4.599690437316894531e-04 4.740953445434570312e-04 4.886984825134277344e-04 4.813969135284423828e-04
4.187522006119098195e-01 5.039572715759277344e-04 5.300939083099365234e-04 5.147159099578857422e-04 5.058050155639648438e-04 4.886388778686523438e-04 5.021393299102783203e-04 4.938244819641113281e-04 4.878640174865722656e-04 4.761815071105957031e-04 4.820525646209716797e-04
4.252049625972976754e-01 -1.077651977539062500e-03 -1.105248928070068359e-03 -1.114517450332641602e-03 -1.084327697753906250e-03 -1.086413860321044922e-03 -1.090973615646362305e-03 -1.091361045837402344e-03 -1.094818115234375000e-03 -1.092165708541870117e-03 -1.077622175216674805e-03
4.316577245826856424e-01 6.138682365417480469e-04 6.240308284759521484e-04 6.232857704162597656e-04 6.267130374908447266e-04 6.304383277893066406e-04 6.218254566192626953e-04 6.200969219207763672e-04 6.325244903564453125e-04 6.391108036041259766e-04 6.375610828399658203e-04
4.381104865680734983e-01 -6.216764450073242188e-05 -5.444884300231933594e-05 -5.999207496643066406e-05 -7.909536361694335938e-05 -6.929039955139160156e-05 -6.455183029174804688e-05 -7.057189941406250000e-05 -6.878376007080078125e-05 -8.401274681091308594e-05 -8.288025856018066406e-05
4.445632485534614098e-01 -5.844235420227050781e-04 -6.220042705535888672e-04 -6.165504455566406250e-04 -6.015002727508544922e-04 -5.961954593658447266e-04 -6.206333637237548828e-04 -6.153881549835205078e-04 -6.032586097717285156e-04 -6.048083305358886719e-04 -5.863606929779052734e-04
4.510160105388493212e-01 1.035302877426147461e-03 1.034736633300781250e-03 1.018822193145751953e-03 1.042097806930541992e-03 1.019686460494995117e-03 1.030862331390380859e-03 1.043587923049926758e-03 1.039922237396240234e-03 1.040518283843994141e-03 1.041471958160400391e-03
4.574687725242372327e-01 -9.073317050933837891e-04 -9.032189846038818359e-04 -9.106397628784179688e-04 -9.189546108245849609e-04 -9.260177612304687500e-04 -9.201169013977050781e-04 -9.188055992126464844e-04 -9.196996688842773438e-04 -9.264647960662841797e-04 -9.370744228363037109e-04
4.639215345096251442e-01 -2.378821372985839844e-04 -2.559423446655273438e-04 -2.489686012268066406e-04 -2.325773239135742188e-04 -2.272725105285644531e-04 -2.490878105163574219e-04 -2.394914627075195312e-04 -2.371966838836669922e-04 -2.386271953582763672e-04 -2.250373363494873047e-04
4.703742964950130556e-01 8.429884910583496094e-04 8.477866649627685547e-04 8.446574211120605469e-04 8.178651332855224609e-04 8.360147476196289062e-04 8.505582809448242188e-04 8.482038974761962891e-04 8.347928524017333984e-04 8.398592472076416016e-04 8.349120616912841797e-04
4.768270584804009671e-01 -7.924437522888183594e-04 -7.850825786590576172e-04 -7.932186126708984375e-04 -7.939636707305908203e-04 -7.957518100738525391e-04 -7.907748222351074219e-04 -7.908940315246582031e-04 -8.012950420379638672e-04 -8.109509944915771484e-04 -8.045732975006103516e-04
4.832798204657888230e-01 3.010034561157226562e-04 2.903342247009277344e-04 2.927780151367187500e-04 3.022551536560058594e-04 3.167986869812011719e-04 2.966225147247314453e-04 2.924501895904541016e-04 2.989470958709716797e-04 3.140866756439208984e-04 3.064572811126708984e-04
4.897325824511767345e-01 4.630386829376220703e-04 4.575848579406738281e-04 4.502534866333007812e-04 4.416704177856445312e-04 4.541575908660888672e-04 4.488825798034667969e-04 4.616379737854003906e-04 4.510283470153808594e-04 4.306435585021972656e-04 4.668831825256347656e-04
4.961853444365646459e-01 -1.081496477127075195e-03 -1.068472862243652344e-03 -1.087784767150878906e-03 -1.077473163604736328e-03 -1.074165105819702148e-03 -1.069933176040649414e-03 -1.076608896255493164e-03 -1.074165105819702148e-03 -1.078754663467407227e-03 -1.077353954315185547e-03
5.026381064219525019e-01 5.801916122436523438e-04 5.961656570434570312e-04 5.997121334075927734e-04 5.921423435211181641e-04 6.024241447448730469e-04 5.922019481658935547e-04 5.940496921539306641e-04 6.043016910552978516e-04 6.216764450073242188e-04 6.108880043029785156e-04
5.090908684073405244e-01 2.714097499847412109e-04 3.034472465515136719e-04 2.777874469757080078e-04 2.688765525817871094e-04 2.750754356384277344e-04 2.844333648681640625e-04 2.754628658294677734e-04 2.769529819488525391e-04 2.683997154235839844e-04 2.765655517578125000e-04
5.155436303927283248e-01 -7.532238960266113281e-04 -7.644295692443847656e-04 -7.608234882354736328e-04 -7.509887218475341797e-04 -7.647573947906494141e-04 -7.554292678833007812e-04 -7.556080818176269531e-04 -7.523000240325927734e-04 -7.427334785461425781e-04 -7.548332214355468750e-04
5.219963923781163473e-01 7.330477237701416016e-04 7.322132587432861328e-04 7.423460483551025391e-04 7.275044918060302734e-04 7.344782352447509766e-04 7.354915142059326172e-04 7.238388061523437500e-04 7.371604442596435547e-04 7.450580596923828125e-04 7.255673408508300781e-04
5.284491543635041477e-01 -3.943443298339843750e-04 -3.911852836608886719e-04 -3.871023654937744141e-04 -3.962516784667968750e-04 -4.097521305084228516e-04 -3.868639469146728516e-04 -4.006326198577880859e-04 -4.071891307830810547e-04 -4.120469093322753906e-04 -4.019737243652343750e-04
5.349019163488920592e-01 -2.963542938232421875e-04 -3.103911876678466797e-04 -3.064572811126708984e-04 -2.990067005157470703e-04 -2.852380275726318359e-04 -3.025233745574951172e-04 -3.104209899902343750e-04 -2.856552600860595703e-04 -2.879798412322998047e-04 -2.879798412322998047e-04
5.413546783342799706e-01 8.631646633148193359e-04 8.797943592071533203e-04 8.761584758758544922e-04 8.758008480072021484e-04 8.675158023834228516e-04 8.817613124847412109e-04 8.779168128967285156e-04 8.705258369445800781e-04 8.771419525146484375e-04 8.729398250579833984e-04
5.478074403196678821e-01 -4.720389842987060547e-04 -4.435181617736816406e-04 -4.597008228302001953e-04 -4.591643810272216797e-04 -4.751086235046386719e-04 -4.767477512359619141e-04 -4.568696022033691406e-04 -4.721879959106445312e-04 -4.696547985076904297e-04 -4.738867282867431641e-04
5.542602023050557936e-01 -1.118183135986328125e-04 -1.144707202911376953e-04 -1.116096973419189453e-04 -1.086294651031494141e-04 -8.329749107360839844e-05 -1.025199890136718750e-04 -1.048445701599121094e-04 -1.032948493957519531e-04 -1.007318496704101562e-04 -8.946657180786132812e-05
5.607129642904437050e-01 4.255771636962890625e-04 4.213452339172363281e-04 4.164278507232666016e-04 4.146993160247802734e-04 4.065930843353271484e-04 4.297792911529541016e-04 4.107952117919921875e-04 4.198849201202392578e-04 4.185736179351806641e-04 4.141628742218017578e-04
5.671657262758316165e-01 -5.903542041778564453e-04 -5.855560302734375000e-04 -5.830526351928710938e-04 -5.834698677062988281e-04 -5.964636802673339844e-04 -5.919635295867919922e-04 -5.865395069122314453e-04 -5.960464477539062500e-04 -6.002187728881835938e-04 -6.008446216583251953e-04
5.736184882612194169e-01 3.973245620727539062e-04 3.834068775177001953e-04 3.861486911773681641e-04 3.923475742340087891e-04 3.998279571533203125e-04 3.875792026519775391e-04 3.845989704132080078e-04 3.854930400848388672e-04 3.917515277862548828e-04 4.064738750457763672e-04
5.800712502466074394e-01 2.985894680023193359e-04 2.997517585754394531e-04 3.015697002410888672e-04 2.896189689636230469e-04 2.940595149993896484e-04 2.816915512084960938e-04 2.894699573516845703e-04 3.051161766052246094e-04 2.806782722473144531e-04 2.923011779785156250e-04
5.865240122319952398e-01 -6.135404109954833984e-04 -6.137788295745849609e-04 -6.120204925537109375e-04 -5.956590175628662109e-04 -6.166696548461914062e-04 -6.084740161895751953e-04 -6.018877029418945312e-04 -6.002485752105712891e-04 -6.058216094970703125e-04 -6.141364574432373047e-04
5.929767742173832623e-01 2.727508544921875000e-04 2.646744251251220703e-04 2.737939357757568359e-04 2.604126930236816406e-04 2.590119838714599609e-04 2.619624137878417969e-04 2.555549144744873047e-04 2.550482749938964844e-04 2.590119838714599609e-04 2.655386924743652344e-04
5.994295362027710627e-01 1.225173473358154297e-04 1.257061958312988281e-04 1.109838485717773438e-04 1.125037670135498047e-04 1.111924648284912109e-04 1.078546047210693359e-04 1.096129417419433594e-04 1.031160354614257812e-04 1.053810119628906250e-04 1.085698604583740234e-04
6.058822981881590852e-01 -2.140402793884277344e-04 -2.184510231018066406e-04 -2.137720584869384766e-04 -2.173781394958496094e-04 -2.096295356750488281e-04 -2.129971981048583984e-04 -2.206563949584960938e-04 -2.155601978302001953e-04 -2.014935016632080078e-04 -2.197623252868652344e-04
6.123350601735468857e-01 3.686547279357910156e-04 3.737509250640869141e-04 3.774166107177734375e-04 3.745257854461669922e-04 3.755986690521240234e-04 3.692805767059326172e-04 3.677010536193847656e-04 3.605484962463378906e-04 3.671944141387939453e-04 3.665089607238769531e-04
6.187878221589347971e-01 -1.811981201171875000e-04 -1.577436923980712891e-04 -1.752972602844238281e-04 -1.734197139739990234e-04 -1.916289329528808594e-04 -1.749992370605468750e-04 -1.781880855560302734e-04 -1.814663410186767578e-04 -1.739859580993652344e-04 -1.817345619201660156e-04
6.252405841443227086e-01 -3.053247928619384766e-04 -3.062486648559570312e-04 -3.096759319305419922e-04 -3.018975257873535156e-04 -3.113150596618652344e-04 -3.168582916259765625e-04 -3.028512001037597656e-04 -2.995729446411132812e-04 -3.063082695007324219e-04 -2.992153167724609375e-04
6.316933461297106200e-01 2.908408641815185547e-04 2.865791320800781250e-04 2.932548522949218750e-04 2.901852130889892578e-04 2.880096435546875000e-04 2.891123294830322266e-04 2.929866313934326172e-04 2.983510494232177734e-04 3.033876419067382812e-04 2.862811088562011719e-04
6.381461081150985315e-01 4.118680953979492188e-05 3.567337989807128906e-05 3.841519355773925781e-05 4.732608795166015625e-05 4.220008850097656250e-05 2.801418304443359375e-05 5.906820297241210938e-05 3.859400749206542969e-05 3.311038017272949219e-05 3.686547279357910156e-05
6.445988701004864430e-01 -1.196861267089843750e-04 -1.209378242492675781e-04 -1.393556594848632812e-04 -1.306533813476562500e-04 -1.296401023864746094e-04 -1.359879970550537109e-04 -1.244246959686279297e-04 -1.301169395446777344e-04 -1.265704631805419922e-04 -1.320540904998779297e-04
6.510516320858743544e-01 6.011128425598144531e-05 7.587671279907226562e-05 6.690621376037597656e-05 6.815791130065917969e-05 6.496906280517578125e-05 6.148219108581542969e-05 6.815791130065917969e-05 7.584691047668457031e-05 5.903840065002441406e-05 6.610155105590820312e-05
6.575043940712622659e-01 -1.185834407806396484e-04 -1.287758350372314453e-04 -1.318156719207763672e-04 -1.278519630432128906e-04 -1.126825809478759766e-04 -1.166760921478271484e-04 -1.056790351867675781e-04 -1.277625560760498047e-04 -1.223683357238769531e-04 -1.284480094909667969e-04
6.639571560566501773e-01 -7.373094558715820312e-05 -7.000565528869628906e-05 -8.940696716308593750e-05 -8.434057235717773438e-05 -7.331371307373046875e-05 -7.691979408264160156e-05 -7.686018943786621094e-05 -6.681680679321289062e-05 -7.942318916320800781e-05 -7.042288780212402344e-05
6.704099180420379778e-01 2.560317516326904297e-04 2.499818801879882812e-04 2.474486827850341797e-04 2.432167530059814453e-04 2.449452877044677734e-04 2.413690090179443359e-04 2.469122409820556641e-04 2.406835556030273438e-04 2.548098564147949219e-04 2.292394638061523438e-04
6.768626800274260003e-01 -1.525878906250000000e-05 -1.162290573120117188e-06 -6.854534149169921875e-06 -1.457333564758300781e-05 -5.781650543212890625e-06 -1.698732376098632812e-05 4.768371582031250000e-07 -1.943111419677734375e-05 -1.633167266845703125e-05 -2.357363700866699219e-05
6.833154420128139117e-01 -1.698434352874755859e-04 -1.632571220397949219e-04 -1.708269119262695312e-04 -1.760125160217285156e-04 -1.730918884277343750e-04 -1.850128173828125000e-04 -1.754760742187500000e-04 -1.691877841949462891e-04 -1.810491085052490234e-04 -1.596808433532714844e-04
6.897682039982017121e-01 5.590915679931640625e-05 5.155801773071289062e-05 4.151463508605957031e-05 6.556510925292968750e-05 4.836916923522949219e-05 4.538893699645996094e-05 4.860758781433105469e-05 4.589557647705078125e-05 5.447864532470703125e-05 4.422664642333984375e-05
6.962209659835896236e-01 5.295872688293457031e-05 5.835294723510742188e-05 5.087256431579589844e-05 4.905462265014648438e-05 6.008148193359375000e-05 4.869699478149414062e-05 6.255507469177246094e-05 5.716085433959960938e-05 6.356835365295410156e-05 4.783272743225097656e-05
7.026737279689775351e-01 1.636147499084472656e-05 1.722574234008789062e-05 2.294778823852539062e-05 1.680850982666015625e-05 2.777576446533203125e-05 1.749396324157714844e-05 1.251697540283203125e-05 2.643465995788574219e-05 2.130866050720214844e-05 2.056360244750976562e-05
7.091264899543654465e-01 -5.125999450683593750e-06 -6.794929504394531250e-06 2.413988113403320312e-06 2.682209014892578125e-07 4.231929779052734375e-06 -3.039836883544921875e-06 2.592802047729492188e-06 1.519918441772460938e-06 -3.993511199951171875e-06 -1.788139343261718750e-06
7.155792519397533580e-01 1.326501369476318359e-04 1.350939273834228516e-04 1.224577426910400391e-04 1.401901245117187500e-04 1.434981822967529297e-04 1.309216022491455078e-04 1.404881477355957031e-04 1.321136951446533203e-04 1.280605792999267578e-04 1.312196254730224609e-04
7.220320139251412694e-01 -3.086030483245849609e-04 -3.091990947723388672e-04 -2.971291542053222656e-04 -3.121495246887207031e-04 -3.022551536560058594e-04 -2.972185611724853516e-04 -3.118216991424560547e-04 -3.105103969573974609e-04 -3.072321414947509766e-04 -3.034770488739013672e-04
7.284847759105291809e-01 4.255771636962890625e-05 3.030896186828613281e-05 3.641843795776367188e-05 3.111362457275390625e-05 3.463029861450195312e-05 2.840161323547363281e-05 2.875924110412597656e-05 2.712011337280273438e-05 4.407763481140136719e-05 5.346536636352539062e-05
7.349375378959170924e-01 9.751617908477783203e-04 9.925365447998046875e-04 9.903311729431152344e-04 9.783506393432617188e-04 9.799301624298095703e-04 9.767711162567138672e-04 9.773075580596923828e-04 9.717643260955810547e-04 9.866058826446533203e-04 9.686648845672607422e-04
7.413902998813050038e-01 -1.124590635299682617e-03 -1.120775938034057617e-03 -1.125544309616088867e-03 -1.116603612899780273e-03 -1.138329505920410156e-03 -1.123547554016113281e-03 -1.118063926696777344e-03 -1.125723123550415039e-03 -1.140207052230834961e-03 -1.134544610977172852e-03
7.478430618666929153e-01 7.489323616027832031e-05 6.371736526489257812e-05 6.738305091857910156e-05 8.821487426757812500e-05 9.638071060180664062e-05 7.301568984985351562e-05 9.217858314514160156e-05 8.893013000488281250e-05 1.108050346374511719e-04 8.696317672729492188e-05
7.542958238520808267e-01 1.028984785079956055e-03 1.048237085342407227e-03 1.027584075927734375e-03 1.031130552291870117e-03 1.013308763504028320e-03 1.026183366775512695e-03 1.001268625259399414e-03 1.017481088638305664e-03 1.014828681945800781e-03 1.015424728393554688e-03
7.607485858374687382e-01 -2.577990293502807617e-03 -2.563059329986572266e-03 -2.571463584899902344e-03 -2.566128969192504883e-03 -2.562284469604492188e-03 -2.567619085311889648e-03 -2.557098865509033203e-03 -2.578288316726684570e-03 -2.566695213317871094e-03 -2.557784318923950195e-03
7.672013478228566496e-01 2.874463796615600586e-03 2.838671207427978516e-03 2.856314182281494141e-03 2.874344587326049805e-03 2.883911132812500000e-03 2.874076366424560547e-03 2.862006425857543945e-03 2.887099981307983398e-03 2.897232770919799805e-03 2.887427806854248047e-03
7.736541098082445611e-01 1.875758171081542969e-04 2.451241016387939453e-04 1.997351646423339844e-04 1.808106899261474609e-04 1.621544361114501953e-04 2.017021179199218750e-04 2.236664295196533203e-04 1.767277717590332031e-04 1.523196697235107422e-04 1.643896102905273438e-04
7.801068717936323615e-01 -3.305584192276000977e-03 -3.336101770401000977e-03 -3.338336944580078125e-03 -3.289103507995605469e-03 -3.310948610305786133e-03 -3.325581550598144531e-03 -3.307461738586425781e-03 -3.304213285446166992e-03 -3.285378217697143555e-03 -3.290921449661254883e-03
7.865596337790202730e-01 5.011588335037231445e-03 5.003899335861206055e-03 4.997134208679199219e-03 4.999041557312011719e-03 4.999935626983642578e-03 4.991769790649414062e-03 5.001127719879150391e-03 5.007475614547729492e-03 5.040317773818969727e-03 5.027860403060913086e-03
7.930123957644081845e-01 -2.629727125167846680e-03 -2.553254365921020508e-03 -2.595275640487670898e-03 -2.630233764648437500e-03 -2.663165330886840820e-03 -2.595245838165283203e-03 -2.578139305114746094e-03 -2.639144659042358398e-03 -2.712935209274291992e-03 -2.683877944946289062e-03
7.994651577497960959e-01 -2.593040466308593750e-03 -2.676069736480712891e-03 -2.601951360702514648e-03 -2.578586339950561523e-03 -2.563446760177612305e-03 -2.642303705215454102e-03 -2.646237611770629883e-03 -2.580791711807250977e-03 -2.536326646804809570e-03 -2.569794654846191406e-03
8.059179197351840074e-01 5.567014217376708984e-03 5.624949932098388672e-03 5.587816238403320312e-03 5.580484867095947266e-03 5.551010370254516602e-03 5.563110113143920898e-03 5.612105131149291992e-03 5.552917718887329102e-03 5.500048398971557617e-03 5.519688129425048828e-03
8.123706817205719188e-01 -7.007628679275512695e-03 -6.957828998565673828e-03 -6.988644599914550781e-03 -6.987899541854858398e-03 -6.990343332290649414e-03 -6.973922252655029297e-03 -6.969094276428222656e-03 -6.995350122451782227e-03 -7.042616605758666992e-03 -7.011115550994873047e-03
8.188234437059598303e-01 2.271980047225952148e-03 2.208560705184936523e-03 2.256631851196289062e-03 2.287030220031738281e-03 2.346932888031005859e-03 2.265840768814086914e-03 2.234578132629394531e-03 2.331972122192382812e-03 2.392917871475219727e-03 2.357065677642822266e-03
8.252762056913477418e-01 3.875404596328735352e-03 3.967493772506713867e-03 3.898531198501586914e-03 3.870576620101928711e-03 3.812849521636962891e-03 3.884822130203247070e-03 3.905445337295532227e-03 3.830224275588989258e-03 3.782898187637329102e-03 3.805875778198242188e-03
8.317289676767356532e-01 -8.853018283843994141e-03 -8.862942457199096680e-03 -8.851557970046997070e-03 -8.867621421813964844e-03 -8.851766586303710938e-03 -8.862435817718505859e-03 -8.849710226058959961e-03 -8.863329887390136719e-03 -8.850812911987304688e-03 -8.852332830429077148e-03
8.381817296621235647e-01 7.792741060256958008e-03 7.708102464675903320e-03 7.763087749481201172e-03 7.818311452865600586e-03 7.845938205718994141e-03 7.791101932525634766e-03 7.781207561492919922e-03 7.824540138244628906e-03 7.859230041503906250e-03 7.838606834411621094e-03
8.446344916475114761e-01 -2.551883459091186523e-03 -2.431809902191162109e-03 -2.528041601181030273e-03 -2.567470073699951172e-03 -2.607077360153198242e-03 -2.509862184524536133e-03 -2.513825893402099609e-03 -2.585053443908691406e-03 -2.663254737854003906e-03 -2.614289522171020508e-03
8.510872536328993876e-01 -5.561381578445434570e-03 -5.653411149978637695e-03 -5.578905344009399414e-03 -5.552113056182861328e-03 -5.525290966033935547e-03 -5.579769611358642578e-03 -5.596458911895751953e-03 -5.525857210159301758e-03 -5.471825599670410156e-03 -5.497723817825317383e-03
8.575400156182872990e-01 8.215785026550292969e-03 8.205503225326538086e-03 8.223623037338256836e-03 8.216023445129394531e-03 8.209854364395141602e-03 8.232831954956054688e-03 8.210003376007080078e-03 8.228957653045654297e-03 8.245080709457397461e-03 8.233547210693359375e-03
8.639927776036752105e-01 -5.338728427886962891e-03 -5.267858505249023438e-03 -5.327880382537841797e-03 -5.362212657928466797e-03 -5.386769771575927734e-03 -5.319446325302124023e-03 -5.323916673660278320e-03 -5.402952432632446289e-03 -5.474090576171875000e-03 -5.411207675933837891e-03
8.704455395890630109e-01 -1.470685005187988281e-03 -1.584947109222412109e-03 -1.513034105300903320e-03 -1.480489969253540039e-03 -1.454472541809082031e-03 -1.493692398071289062e-03 -1.509666442871093750e-03 -1.442581415176391602e-03 -1.366436481475830078e-03 -1.421958208084106445e-03
8.768983015744509224e-01 6.321012973785400391e-03 6.377965211868286133e-03 6.347745656967163086e-03 6.330788135528564453e-03 6.317734718322753906e-03 6.344527006149291992e-03 6.355732679367065430e-03 6.341278553009033203e-03 6.301611661911010742e-03 6.315916776657104492e-03
8.833510635598388339e-01 -5.760669708251953125e-03 -5.738288164138793945e-03 -5.759000778198242188e-03 -5.776405334472656250e-03 -5.775570869445800781e-03 -5.761802196502685547e-03 -5.767852067947387695e-03 -5.782335996627807617e-03 -5.783319473266601562e-03 -5.782395601272583008e-03
8.898038255452267453e-01 1.451998949050903320e-03 1.371711492538452148e-03 1.444965600967407227e-03 1.455187797546386719e-03 1.475363969802856445e-03 1.449495553970336914e-03 1.415103673934936523e-03 1.472026109695434570e-03 1.515805721282958984e-03 1.477003097534179688e-03
8.962565875306146568e-01 2.931892871856689453e-03 3.011316061019897461e-03 2.975970506668090820e-03 2.937316894531250000e-03 2.945035696029663086e-03 2.957612276077270508e-03 2.959638833999633789e-03 2.934187650680541992e-03 2.904117107391357422e-03 2.932190895080566406e-03
9.027093495160025682e-01 -4.618525505065917969e-03 -4.623860120773315430e-03 -4.631102085113525391e-03 -4.628539085388183594e-03 -4.619449377059936523e-03 -4.620224237442016602e-03 -4.613161087036132812e-03 -4.608929157257080078e-03 -4.602700471878051758e-03 -4.607230424880981445e-03
9.091621115013904797e-01 2.292186021804809570e-03 2.245038747787475586e-03 2.286553382873535156e-03 2.273321151733398438e-03 2.284586429595947266e-03 2.266675233840942383e-03 2.275735139846801758e-03 2.304345369338989258e-03 2.318412065505981445e-03 2.317965030670166016e-03
9.156148734867783912e-01 9.980797767639160156e-04 1.050442457199096680e-03 1.026779413223266602e-03 9.917914867401123047e-04 9.679794311523437500e-04 1.014113426208496094e-03 1.003921031951904297e-03 9.794533252716064453e-04 9.602010250091552734e-04 9.574890136718750000e-04
9.220676354721663026e-01 -2.713382244110107422e-03 -2.723455429077148438e-03 -2.723932266235351562e-03 -2.720415592193603516e-03 -2.690047025680541992e-03 -2.724647521972656250e-03 -2.717196941375732422e-03 -2.701431512832641602e-03 -2.695053815841674805e-03 -2.693772315979003906e-03
9.285203974575542141e-01 2.182930707931518555e-03 2.154082059860229492e-03 2.179563045501708984e-03 2.191752195358276367e-03 2.190470695495605469e-03 2.190321683883666992e-03 2.200335264205932617e-03 2.197355031967163086e-03 2.218455076217651367e-03 2.200573682785034180e-03
9.349731594429421255e-01 2.382993698120117188e-04 2.695918083190917969e-04 2.444088459014892578e-04 2.441704273223876953e-04 2.272725105285644531e-04 2.413094043731689453e-04 2.552866935729980469e-04 2.301633358001708984e-04 2.104938030242919922e-04 2.155303955078125000e-04
9.414259214283300370e-01 -1.753240823745727539e-03 -1.779496669769287109e-03 -1.786798238754272461e-03 -1.758515834808349609e-03 -1.747250556945800781e-03 -1.765072345733642578e-03 -1.759231090545654297e-03 -1.753985881805419922e-03 -1.764476299285888672e-03 -1.753330230712890625e-03
9.478786834137179484e-01 2.017706632614135742e-03 2.003043889999389648e-03 2.004712820053100586e-03 2.025961875915527344e-03 2.022415399551391602e-03 2.011895179748535156e-03 1.999139785766601562e-03 2.017945051193237305e-03 2.041965723037719727e-03 2.043962478637695312e-03
9.543314453991058599e-01 -4.074871540069580078e-04 -3.931820392608642578e-04 -4.216730594635009766e-04 -4.114806652069091797e-04 -4.344582557678222656e-04 -3.972351551055908203e-04 -4.050731658935546875e-04 -4.117786884307861328e-04 -4.365444183349609375e-04 -4.383325576782226562e-04
9.607842073844936603e-01 -1.014202833175659180e-03 -1.055836677551269531e-03 -1.021742820739746094e-03 -1.031786203384399414e-03 -1.016944646835327148e-03 -1.029133796691894531e-03 -1.039773225784301758e-03 -1.019299030303955078e-03 -1.002401113510131836e-03 -1.006752252578735352e-03
9.672369693698815718e-01 1.536250114440917969e-03 1.557439565658569336e-03 1.549631357192993164e-03 1.546472311019897461e-03 1.545101404190063477e-03 1.550942659378051758e-03 1.546978950500488281e-03 1.538515090942382812e-03 1.553326845169067383e-03 1.550167798995971680e-03
9.736897313552694833e-01 -7.505416870117187500e-04 -7.506608963012695312e-04 -7.624030113220214844e-04 -7.570087909698486328e-04 -7.643401622772216797e-04 -7.480680942535400391e-04 -7.577836513519287109e-04 -7.700324058532714844e-04 -7.781088352203369141e-04 -7.789134979248046875e-04
9.801424933406573947e-01 -1.515448093414306641e-04 -1.746118068695068359e-04 -1.664161682128906250e-04 -1.408755779266357422e-04 -1.370906829833984375e-04 -1.589953899383544922e-04 -1.772642135620117188e-04 -1.528561115264892578e-04 -1.415610313415527344e-04 -1.504123210906982422e-04
9.865952553260453062e-01 9.108781814575195312e-04 9.289979934692382812e-04 9.103417396545410156e-04 9.149312973022460938e-04 8.997321128845214844e-04 9.106099605560302734e-04 9.165704250335693359e-04 9.118616580963134766e-04 9.118914604187011719e-04 9.255111217498779297e-04
9.930480173114332176e-01 -9.781420230865478516e-04 -9.596943855285644531e-04 -9.759962558746337891e-04 -9.651184082031250000e-04 -9.635686874389648438e-04 -9.631514549255371094e-04 -9.674727916717529297e-04 -9.688138961791992188e-04 -9.744167327880859375e-04 -9.693205356597900391e-04
9.995007792968211291e-01 4.234611988067626953e-04 4.177391529083251953e-04 4.356801509857177734e-04 4.341602325439453125e-04 4.338622093200683594e-04 4.294514656066894531e-04 4.333555698394775391e-04 4.314482212066650391e-04 4.374682903289794922e-04 4.392564296722412109e-04
1.005953541282209152e+00 9.873509407043457031e-05 9.113550186157226562e-05 9.247660636901855469e-05 8.329749107360839844e-05 9.649991989135742188e-05 9.274482727050781250e-05 9.816884994506835938e-05 8.472800254821777344e-05 8.836388587951660156e-05 8.469820022583007812e-05
1.012406303267596952e+00 -1.749098300933837891e-04 -1.765787601470947266e-04 -1.747608184814453125e-04 -1.676678657531738281e-04 -1.648366451263427734e-04 -1.620352268218994141e-04 -1.741647720336914062e-04 -1.747310161590576172e-04 -1.688301563262939453e-04 -1.783370971679687500e-04
1.018859065252984752e+00 2.299249172210693359e-04 2.370774745941162109e-04 2.426505088806152344e-04 2.364516258239746094e-04 2.425909042358398438e-04 2.258718013763427734e-04 2.354681491851806641e-04 2.306401729583740234e-04 2.437531948089599609e-04 2.306103706359863281e-04
1.025311827238372775e+00 -2.381503582000732422e-04 -2.436339855194091797e-04 -2.468228340148925781e-04 -2.247691154479980469e-04 -2.419352531433105469e-04 -2.319216728210449219e-04 -2.457201480865478516e-04 -2.399086952209472656e-04 -2.378821372985839844e-04 -2.359151840209960938e-04
1.031764589223760797e+00 3.121793270111083984e-04 2.931356430053710938e-04 2.940893173217773438e-04 2.909302711486816406e-04 2.960860729217529297e-04 2.992153167724609375e-04 2.922117710113525391e-04 2.855360507965087891e-04 2.925395965576171875e-04 2.918541431427001953e-04
1.038217351209148598e+00 -2.321004867553710938e-04 -2.195537090301513672e-04 -2.305805683135986328e-04 -2.227723598480224609e-04 -2.226233482360839844e-04 -2.286136150360107422e-04 -2.203285694122314453e-04 -2.305209636688232422e-04 -2.335608005523681641e-04 -2.203881740570068359e-04
1.044670113194536398e+00 1.111328601837158203e-04 1.174807548522949219e-04 1.175403594970703125e-04 1.210868358612060547e-04 1.230239868164062500e-04 1.118183135986328125e-04 1.162588596343994141e-04 1.156926155090332031e-04 1.222193241119384766e-04 1.067221164703369141e-04
1.051122875179924421e+00 1.798272132873535156e-04 1.875460147857666016e-04 1.848638057708740234e-04 1.912415027618408203e-04 1.796185970306396484e-04 1.738965511322021484e-04 1.901686191558837891e-04 1.882314682006835938e-04 1.817047595977783203e-04 1.767575740814208984e-04
1.057575637165312221e+00 -6.207227706909179688e-04 -6.267428398132324219e-04 -6.257295608520507812e-04 -6.341338157653808594e-04 -6.206631660461425781e-04 -6.219148635864257812e-04 -6.209909915924072266e-04 -6.256699562072753906e-04 -6.251931190490722656e-04 -6.282329559326171875e-04
1.064028399150700022e+00 5.927979946136474609e-04 5.910098552703857422e-04 5.934238433837890625e-04 5.929172039031982422e-04 5.891621112823486328e-04 5.901157855987548828e-04 5.936920642852783203e-04 5.989968776702880859e-04 5.921125411987304688e-04 5.955994129180908203e-04
1.070481161136088044e+00 -1.007020473480224609e-04 -9.235739707946777344e-05 -1.014471054077148438e-04 -1.069903373718261719e-04 -1.031458377838134766e-04 -1.020729541778564453e-04 -1.019239425659179688e-04 -1.160204410552978516e-04 -1.131594181060791016e-04 -1.099109649658203125e-04
1.076933923121476067e+00 -1.432001590728759766e-04 -1.597106456756591797e-04 -1.501142978668212891e-04 -1.486837863922119141e-04 -1.426041126251220703e-04 -1.550018787384033203e-04 -1.529753208160400391e-04 -1.449584960937500000e-04 -1.446604728698730469e-04 -1.421868801116943359e-04
1.083386685106863867e+00 4.093647003173828125e-04 4.074275493621826172e-04 4.248023033142089844e-04 4.148781299591064453e-04 4.096329212188720703e-04 4.098415374755859375e-04 4.087090492248535156e-04 4.117786884307861328e-04 4.027485847473144531e-04 4.140734672546386719e-04
1.089839447092251667e+00 -4.519820213317871094e-04 -4.674792289733886719e-04 -4.534125328063964844e-04 -4.535615444183349609e-04 -4.564225673675537109e-04 -4.551112651824951172e-04 -4.539489746093750000e-04 -4.644989967346191406e-04 -4.615187644958496094e-04 -4.624128341674804688e-04
1.096292209077639690e+00 9.876489639282226562e-05 9.879469871520996094e-05 9.670853614807128906e-05 9.796023368835449219e-05 1.104772090911865234e-04 9.888410568237304688e-05 1.002848148345947266e-04 9.614229202270507812e-05 1.153051853179931641e-04 1.085102558135986328e-04
1.102744971063027712e+00 1.392364501953125000e-04 1.536309719085693359e-04 1.513957977294921875e-04 1.460313796997070312e-04 1.399219036102294922e-04 1.448690891265869141e-04 1.495480537414550781e-04 1.442432403564453125e-04 1.338720321655273438e-04 1.404881477355957031e-04
1.109197733048415513e+00 -3.757774829864501953e-04 -3.856718540191650391e-04 -3.880858421325683594e-04 -3.932416439056396484e-04 -3.876388072967529297e-04 -3.902018070220947266e-04 -3.740787506103515625e-04 -3.882944583892822266e-04 -3.804862499237060547e-04 -3.859102725982666016e-04
1.115650495033803313e+00 2.799928188323974609e-04 2.752244472503662109e-04 2.825558185577392578e-04 2.663433551788330078e-04 2.769529819488525391e-04 2.740621566772460938e-04 2.923607826232910156e-04 2.753138542175292969e-04 2.775192260742187500e-04 2.812147140502929688e-04
1.122103257019191336e+00 -1.163482666015625000e-04 -1.150965690612792969e-04 -1.072585582733154297e-04 -1.059174537658691406e-04 -1.111626625061035156e-04 -1.095831394195556641e-04 -9.891390800476074219e-05 -9.629130363464355469e-05 -1.222491264343261719e-04 -1.162886619567871094e-04
1.128556019004579358e+00 -8.758902549743652344e-05 -9.560585021972656250e-05 -9.024143218994140625e-05 -9.629130363464355469e-05 -9.229779243469238281e-05 -8.192658424377441406e-05 -8.654594421386718750e-05 -8.702278137207031250e-05 -8.732080459594726562e-05 -8.288025856018066406e-05
1.135008780989967159e+00 1.847445964813232422e-04 1.988112926483154297e-04 1.856386661529541016e-04 2.001523971557617188e-04 1.904368400573730469e-04 2.005398273468017578e-04 1.862645149230957031e-04 1.908242702484130859e-04 1.851618289947509766e-04 1.887381076812744141e-04
1.141461542975354959e+00 -8.761882781982421875e-05 -8.347630500793457031e-05 -8.270144462585449219e-05 -8.922815322875976562e-05 -8.893013000488281250e-05 -8.475780487060546875e-05 -8.714199066162109375e-05 -9.429454803466796875e-05 -8.428096771240234375e-05 -7.241964340209960938e-05
1.147914304960742982e+00 1.579821109771728516e-04 1.392364501953125000e-04 1.339614391326904297e-04 1.446008682250976562e-04 1.406371593475341797e-04 1.398324966430664062e-04 1.457929611206054688e-04 1.522004604339599609e-04 1.360476016998291016e-04 1.453161239624023438e-04
1.154367066946130782e+00 -1.264214515686035156e-04 -1.410841941833496094e-04 -1.289546489715576172e-04 -1.412332057952880859e-04 -1.436173915863037109e-04 -1.403987407684326172e-04 -1.468062400817871094e-04 -1.402795314788818359e-04 -1.573860645294189453e-04 -1.464188098907470703e-04
1.160819828931518582e+00 1.005828380584716797e-04 9.593367576599121094e-05 1.058876514434814453e-04 1.083910465240478516e-04 1.132488250732421875e-04 1.093745231628417969e-04 9.745359420776367188e-05 1.058578491210937500e-04 1.024603843688964844e-04 1.062154769897460938e-04
1.167272590916906605e+00 -2.801418304443359375e-06 -9.328126907348632812e-06 -7.450580596923828125e-06 -2.324581146240234375e-05 -8.910894393920898438e-06 -1.716613769531250000e-05 -5.364418029785156250e-06 -4.857778549194335938e-06 -7.331371307373046875e-06 -1.397728919982910156e-05
1.173725352902294627e+00 -1.462697982788085938e-04 -1.335740089416503906e-04 -1.660287380218505859e-04 -1.437664031982421875e-04 -1.386702060699462891e-04 -1.470446586608886719e-04 -1.585185527801513672e-04 -1.391470432281494141e-04 -1.446902751922607422e-04 -1.507103443145751953e-04
1.180178114887682428e+00 3.176927566528320312e-04 3.058612346649169922e-04 2.989470958709716797e-04 3.167688846588134766e-04 3.021955490112304688e-04 3.033578395843505859e-04 3.017783164978027344e-04 3.032982349395751953e-04 3.151297569274902344e-04 3.038942813873291016e-04
1.186630876873070450e+00 -1.988708972930908203e-04 -2.079904079437255859e-04 -2.012848854064941406e-04 -1.982152462005615234e-04 -2.003312110900878906e-04 -2.092421054840087891e-04 -2.031624317169189453e-04 -1.981854438781738281e-04 -2.060234546661376953e-04 -2.011358737945556641e-04
1.193083638858458251e+00 6.112456321716308594e-05 6.717443466186523438e-05 7.116794586181640625e-05 7.605552673339843750e-05 8.261203765869140625e-05 7.793307304382324219e-05 8.228421211242675781e-05 8.386373519897460938e-05 8.285045623779296875e-05 9.277462959289550781e-05
1.199536400843846051e+00 2.359747886657714844e-04 2.316832542419433594e-04 2.182424068450927734e-04 2.336800098419189453e-04 2.367496490478515625e-04 2.363920211791992188e-04 2.375245094299316406e-04 2.383291721343994141e-04 2.377927303314208984e-04 2.336800098419189453e-04
1.205989162829234074e+00 -3.465116024017333984e-04 -3.593266010284423828e-04 -3.522038459777832031e-04 -3.586113452911376953e-04 -3.481805324554443359e-04 -3.499686717987060547e-04 -3.459453582763671875e-04 -3.476440906524658203e-04 -3.462135791778564453e-04 -3.444850444793701172e-04
1.212441924814621874e+00 3.292560577392578125e-04 3.239512443542480469e-04 3.236532211303710938e-04 3.271996974945068359e-04 3.264248371124267578e-04 3.212392330169677734e-04 3.275275230407714844e-04 3.282129764556884766e-04 3.384053707122802734e-04 3.424882888793945312e-04
1.218894686800009897e+00 -5.355477333068847656e-05 -4.777312278747558594e-05 -3.939867019653320312e-05 -4.941225051879882812e-05 -5.033612251281738281e-05 -4.175305366516113281e-05 -4.062056541442871094e-05 -3.829598426818847656e-05 -4.431605339050292969e-05 -4.118680953979492188e-05
1.225347448785397697e+00 -1.728832721710205078e-04 -1.838207244873046875e-04 -1.895427703857421875e-04 -1.855194568634033203e-04 -1.741051673889160156e-04 -1.818835735321044922e-04 -1.998245716094970703e-04 -1.784861087799072266e-04 -1.802146434783935547e-04 -1.797080039978027344e-04
1.231800210770785720e+00 2.616941928863525391e-04 2.633035182952880859e-04 2.624392509460449219e-04 2.680718898773193359e-04 2.675354480743408203e-04 2.585947513580322266e-04 2.576410770416259766e-04 2.627968788146972656e-04 2.563595771789550781e-04 2.543330192565917969e-04
1.238252972756173520e+00 -2.059042453765869141e-04 -2.011358737945556641e-04 -2.047717571258544922e-04 -2.020001411437988281e-04 -2.016127109527587891e-04 -2.178251743316650391e-04 -2.029538154602050781e-04 -1.935064792633056641e-04 -1.978278160095214844e-04 -2.003312110900878906e-04
1.244705734741561542e+00 3.486871719360351562e-06 -7.271766662597656250e-06 1.499056816101074219e-05 1.877546310424804688e-06 3.755092620849609375e-06 -2.503395080566406250e-06 -5.722045898437500000e-06 3.904104232788085938e-06 3.695487976074218750e-06 2.056360244750976562e-06
1.251158496726949343e+00 1.421272754669189453e-04 1.438558101654052734e-04 1.402497291564941406e-04 1.223385334014892578e-04 1.405477523803710938e-04 1.427531242370605469e-04 1.405179500579833984e-04 1.386702060699462891e-04 1.376867294311523438e-04 1.366436481475830078e-04
1.257611258712337365e+00 -1.847743988037109375e-04 -1.766383647918701172e-04 -1.856088638305664062e-04 -1.791715621948242188e-04 -1.866221427917480469e-04 -1.984238624572753906e-04 -1.856684684753417969e-04 -1.922845840454101562e-04 -1.824796199798583984e-04 -1.971125602722167969e-04
1.264064020697725166e+00 7.128715515136718750e-05 5.942583084106445312e-05 6.440281867980957031e-05 6.833672523498535156e-05 7.098913192749023438e-05 8.222460746765136719e-05 6.440281867980957031e-05 6.318092346191406250e-05 6.708502769470214844e-05 6.562471389770507812e-05
1.270516782683113188e+00 5.134940147399902344e-05 4.807114601135253906e-05 3.972649574279785156e-05 4.407763481140136719e-05 6.064772605895996094e-05 4.497170448303222656e-05 4.467368125915527344e-05 5.206465721130371094e-05 4.187226295471191406e-05 4.336237907409667969e-05
1.276969544668500989e+00 -1.165568828582763672e-04 -1.280605792999267578e-04 -1.332759857177734375e-04 -1.201033592224121094e-04 -1.278221607208251953e-04 -1.293718814849853516e-04 -1.253485679626464844e-04 -1.238882541656494141e-04 -1.197457313537597656e-04 -1.290142536163330078e-04
1.283422306653888789e+00 4.723668098449707031e-05 6.347894668579101562e-05 5.340576171875000000e-05 5.915760993957519531e-05 6.181001663208007812e-05 5.260109901428222656e-05 5.218386650085449219e-05 5.993247032165527344e-05 6.338953971862792969e-05 6.178021430969238281e-05
1.289875068639276812e+00 7.313489913940429688e-05 8.988380432128906250e-05 7.012486457824707031e-05 8.112192153930664062e-05 7.507205009460449219e-05 8.085370063781738281e-05 8.222460746765136719e-05 6.794929504394531250e-05 7.754564285278320312e-05 9.179115295410156250e-05
1.296327830624664612e+00 -1.404881477355957031e-04 -1.422762870788574219e-04 -1.388490200042724609e-04 -1.352429389953613281e-04 -1.419484615325927734e-04 -1.372694969177246094e-04 -1.369714736938476562e-04 -1.476407051086425781e-04 -1.488626003265380859e-04 -1.446902751922607422e-04
1.302780592610052635e+00 1.019537448883056641e-04 9.873509407043457031e-05 1.020133495330810547e-04 1.070797443389892578e-04 9.998679161071777344e-05 9.408593177795410156e-05 8.788704872131347656e-05 1.041591167449951172e-04 1.019835472106933594e-04 8.973479270935058594e-05
1.309233354595440435e+00 2.047419548034667969e-05 4.199147224426269531e-05 3.135204315185546875e-05 2.744793891906738281e-05 2.843141555786132812e-05 4.249811172485351562e-05 3.725290298461914062e-05 2.616643905639648438e-05 3.883242607116699219e-05 3.889203071594238281e-05
1.315686116580828458e+00 -1.645684242248535156e-04 -1.806318759918212891e-04 -1.641213893890380859e-04 -1.583397388458251953e-04 -1.672208309173583984e-04 -1.729726791381835938e-04 -1.653432846069335938e-04 -1.624226570129394531e-04 -1.696646213531494141e-04 -1.741945743560791016e-04
1.322138878566216258e+00 1.737773418426513672e-04 1.690089702606201172e-04 1.709461212158203125e-04 1.749992370605468750e-04 1.848340034484863281e-04 1.752078533172607422e-04 1.685321331024169922e-04 1.793801784515380859e-04 1.724064350128173828e-04 1.844763755798339844e-04
1.328591640551604280e+00 -3.510713577270507812e-05 -2.199411392211914062e-05 -3.725290298461914062e-05 -3.978610038757324219e-05 -3.838539123535156250e-05 -4.115700721740722656e-05 -2.822279930114746094e-05 -2.810359001159667969e-05 -3.868341445922851562e-05 -4.050135612487792969e-05
1.335044402536992081e+00 -2.118945121765136719e-04 -2.006590366363525391e-04 -1.960098743438720703e-04 -2.047121524810791016e-04 -1.919865608215332031e-04 -1.972913742065429688e-04 -2.043843269348144531e-04 -1.931786537170410156e-04 -1.947581768035888672e-04 -2.046525478363037109e-04
1.341497164522380103e+00 2.997219562530517578e-04 2.887248992919921875e-04 2.776086330413818359e-04 2.902150154113769531e-04 2.743601799011230469e-04 2.857148647308349609e-04 3.015995025634765625e-04 2.913177013397216797e-04 2.855956554412841797e-04 2.771317958831787109e-04
1.347949926507767904e+00 -1.767873764038085938e-04 -1.643002033233642578e-04 -1.747012138366699219e-04 -1.809298992156982422e-04 -1.814067363739013672e-04 -1.699030399322509766e-04 -1.536905765533447266e-04 -1.666545867919921875e-04 -1.840889453887939453e-04 -1.716911792755126953e-04
1.354402688493155926e+00 -7.143616676330566406e-05 -6.958842277526855469e-05 -7.829070091247558594e-05 -6.303191184997558594e-05 -7.671117782592773438e-05 -7.355213165283203125e-05 -7.948279380798339844e-05 -6.231665611267089844e-05 -6.890296936035156250e-05 -7.984042167663574219e-05
1.360855450478543727e+00 2.444982528686523438e-04 2.499818801879882812e-04 2.416968345642089844e-04 2.375841140747070312e-04 2.382397651672363281e-04 2.478361129760742188e-04 2.389848232269287109e-04 2.433657646179199219e-04 2.415776252746582031e-04 2.272427082061767578e-04
1.367308212463931749e+00 -1.804232597351074219e-04 -1.882314682006835938e-04 -1.903176307678222656e-04 -1.820027828216552734e-04 -1.858770847320556641e-04 -1.842677593231201172e-04 -1.819133758544921875e-04 -1.938641071319580078e-04 -1.736879348754882812e-04 -1.763999462127685547e-04
1.373760974449319550e+00 1.342892646789550781e-04 1.342296600341796875e-04 1.254975795745849609e-04 1.361370086669921875e-04 1.351535320281982422e-04 1.377463340759277344e-04 1.372396945953369141e-04 1.317262649536132812e-04 1.416802406311035156e-04 1.325905323028564453e-04
1.380213736434707350e+00 2.138316631317138672e-04 2.072751522064208984e-04 2.096593379974365234e-04 2.136528491973876953e-04 2.118349075317382812e-04 2.181828022003173828e-04 2.082884311676025391e-04 1.982450485229492188e-04 2.045929431915283203e-04 2.058446407318115234e-04
1.386666498420095373e+00 -2.540647983551025391e-04 -2.383887767791748047e-04 -2.409219741821289062e-04 -2.361238002777099609e-04 -2.434849739074707031e-04 -2.447068691253662109e-04 -2.462267875671386719e-04 -2.418756484985351562e-04 -2.356171607971191406e-04 -2.461969852447509766e-04
1.393119260405483173e+00 1.638233661651611328e-04 1.591444015502929688e-04 1.680254936218261719e-04 1.727640628814697266e-04 1.719594001770019531e-04 1.691281795501708984e-04 1.692771911621093750e-04 1.630187034606933594e-04 1.667439937591552734e-04 1.627504825592041016e-04
1.399572022390871195e+00 9.450316429138183594e-05 9.012222290039062500e-05 8.624792098999023438e-05 7.900595664978027344e-05 9.208917617797851562e-05 8.708238601684570312e-05 7.727742195129394531e-05 8.150935173034667969e-05 9.328126907348632812e-05 9.152293205261230469e-05
1.406024784376258996e+00 -1.354515552520751953e-04 -1.228451728820800781e-04 -1.309812068939208984e-04 -1.341402530670166016e-04 -1.249313354492187500e-04 -1.294612884521484375e-04 -1.209378242492675781e-04 -1.217424869537353516e-04 -1.090764999389648438e-04 -1.252591609954833984e-04
1.412477546361647018e+00 1.476407051086425781e-04 1.396238803863525391e-04 1.451075077056884766e-04 1.536607742309570312e-04 1.389980316162109375e-04 1.523494720458984375e-04 1.573860645294189453e-04 1.361072063446044922e-04 1.549422740936279297e-04 1.454949378967285156e-04
1.418930308347034819e+00 -1.639723777770996094e-04 -1.624226570129394531e-04 -1.695454120635986328e-04 -1.758337020874023438e-04 -1.875758171081542969e-04 -1.648068428039550781e-04 -1.633167266845703125e-04 -1.687407493591308594e-04 -1.672208309173583984e-04 -1.731812953948974609e-04
1.425383070332422841e+00 6.598234176635742188e-05 6.628036499023437500e-05 6.863474845886230469e-05 6.487965583801269531e-05 6.186962127685546875e-05 6.711483001708984375e-05 6.222724914550781250e-05 5.590915679931640625e-05 5.865097045898437500e-05 6.830692291259765625e-05
1.431835832317810642e+00 9.405612945556640625e-05 1.046657562255859375e-04 1.010894775390625000e-04 1.018941402435302734e-04 1.076459884643554688e-04 9.432435035705566406e-05 1.094937324523925781e-04 1.059174537658691406e-04 8.642673492431640625e-05 1.020729541778564453e-04
1.438288594303198664e+00 -9.566545486450195312e-05 -9.968876838684082031e-05 -7.897615432739257812e-05 -8.299946784973144531e-05 -8.460879325866699219e-05 -8.022785186767578125e-05 -8.648633956909179688e-05 -9.533762931823730469e-05 -8.487701416015625000e-05 -9.167194366455078125e-05
1.444741356288586465e+00 9.417533874511718750e-05 9.763240814208984375e-05 9.644031524658203125e-05 9.110569953918457031e-05 9.062886238098144531e-05 7.954239845275878906e-05 9.465217590332031250e-05 9.593367576599121094e-05 1.066327095031738281e-04 9.801983833312988281e-05
1.451194118273974487e+00 -5.882978439331054688e-05 -4.684925079345703125e-05 -6.976723670959472656e-05 -5.972385406494140625e-05 -6.580352783203125000e-05 -5.868077278137207031e-05 -6.115436553955078125e-05 -5.146861076354980469e-05 -6.690621376037597656e-05 -5.602836608886718750e-05
1.457646880259362288e+00 -1.069903373718261719e-05 -1.597404479980468750e-05 -1.260638236999511719e-05 -2.056360244750976562e-06 -1.004338264465332031e-05 -1.436471939086914062e-05 -1.263618469238281250e-05 -1.198053359985351562e-05 -9.745359420776367188e-06 -8.106231689453125000e-06
1.464099642244750310e+00 6.473064422607421875e-05 5.412101745605468750e-05 5.903840065002441406e-05 6.246566772460937500e-05 7.528066635131835938e-05 6.985664367675781250e-05 6.842613220214843750e-05 5.805492401123046875e-05 6.493926048278808594e-05 7.313489913940429688e-05
1.470552404230138110e+00 -8.547306060791015625e-05 -9.238719940185546875e-05 -8.940696716308593750e-05 -8.791685104370117188e-05 -8.928775787353515625e-05 -9.143352508544921875e-05 -9.512901306152343750e-05 -8.934736251831054688e-05 -8.487701416015625000e-05 -8.627772331237792969e-05
1.477005166215525911e+00 1.889467239379882812e-05 8.940696716308593750e-06 4.142522811889648438e-06 2.086162567138671875e-05 1.442432403564453125e-05 1.251697540283203125e-05 1.603364944458007812e-05 6.258487701416015625e-06 1.078844070434570312e-05 6.526708602905273438e-06
1.483457928200913933e+00 -2.273917198181152344e-05 -1.701712608337402344e-05 -2.574920654296875000e-05 -3.361701965332031250e-05 -1.075863838195800781e-05 -1.215934753417968750e-05 -1.370906829833984375e-05 -1.972913742065429688e-05 -1.713633537292480469e-05 -1.373887062072753906e-05
1.489910690186301734e+00 -6.598234176635742188e-05 -5.924701690673828125e-05 -4.920363426208496094e-05 -5.093216896057128906e-05 -5.951523780822753906e-05 -5.361437797546386719e-05 -6.332993507385253906e-05 -6.011128425598144531e-05 -5.620718002319335938e-05 -5.984306335449218750e-05
1.496363452171689756e+00 9.083747863769531250e-05 7.885694503784179688e-05 7.650256156921386719e-05 7.155537605285644531e-05 8.189678192138671875e-05 7.334351539611816406e-05 8.869171142578125000e-05 7.691979408264160156e-05 8.392333984375000000e-05 8.270144462585449219e-05
1.502816214157077557e+00 -7.900595664978027344e-05 -5.945563316345214844e-05 -5.361437797546386719e-05 -7.686018943786621094e-05 -4.824995994567871094e-05 -6.741285324096679688e-05 -6.899237632751464844e-05 -5.525350570678710938e-05 -6.747245788574218750e-05 -6.908178329467773438e-05
1.509268976142465579e+00 -3.832578659057617188e-05 -3.463029861450195312e-05 -3.010034561157226562e-05 -3.129243850708007812e-05 -2.864003181457519531e-05 -4.109740257263183594e-05 -3.260374069213867188e-05 -4.109740257263183594e-05 -2.634525299072265625e-05 -3.328919410705566406e-05
1.515721738127853380e+00 7.164478302001953125e-05 6.276369094848632812e-05 4.488229751586914062e-05 5.611777305603027344e-05 5.686283111572265625e-05 6.285309791564941406e-05 7.084012031555175781e-05 6.267428398132324219e-05 6.166100502014160156e-05 6.344914436340332031e-05
1.522174500113241402e+00 -8.225440979003906250e-05 -6.812810897827148438e-05 -7.340312004089355469e-05 -8.153915405273437500e-05 -7.012486457824707031e-05 -6.344914436340332031e-05 -8.219480514526367188e-05 -8.088350296020507812e-05 -7.697939872741699219e-05 -7.063150405883789062e-05
1.528627262098629203e+00 4.008412361145019531e-05 4.181265830993652344e-05 2.449750900268554688e-05 4.211068153381347656e-05 4.193186759948730469e-05 3.412365913391113281e-05 3.036856651306152344e-05 4.395842552185058594e-05 2.971291542053222656e-05 4.258751869201660156e-05
1.535080024084017225e+00 2.846121788024902344e-05 5.543231964111328125e-06 5.841255187988281250e-06 2.101063728332519531e-05 2.059340476989746094e-05 1.105666160583496094e-05 1.731514930725097656e-05 2.440810203552246094e-05 1.674890518188476562e-05 1.692771911621093750e-05
1.541532786069405025e+00 -7.706880569458007812e-05 -7.244944572448730469e-05 -7.370114326477050781e-05 -6.574392318725585938e-05 -7.081031799316406250e-05 -5.781650543212890625e-05 -7.578730583190917969e-05 -6.797909736633300781e-05 -7.957220077514648438e-05 -7.751584053039550781e-05
1.547985548054793048e+00 6.714463233947753906e-05 5.993247032165527344e-05 6.383657455444335938e-05 5.993247032165527344e-05 6.437301635742187500e-05 6.225705146789550781e-05 6.043910980224609375e-05 5.656480789184570312e-05 6.547570228576660156e-05 5.820393562316894531e-05
1.554438310040180848e+00 1.460313796997070312e-05 1.907348632812500000e-06 -8.642673492431640625e-07 5.006790161132812500e-06 6.556510925292968750e-06 1.278519630432128906e-05 2.434849739074707031e-05 2.592802047729492188e-06 4.619359970092773438e-06 1.689791679382324219e-05
1.560891072025568649e+00 -3.558397293090820312e-05 -2.974271774291992188e-05 -3.087520599365234375e-05 -2.256035804748535156e-05 -4.056096076965332031e-05 -4.485249519348144531e-05 -2.315640449523925781e-05 -2.560019493103027344e-05 -2.405047416687011719e-05 -3.305077552795410156e-05
1.567343834010956671e+00 7.319450378417968750e-05 6.946921348571777344e-05 6.347894668579101562e-05 7.742643356323242188e-05 7.393956184387207031e-05 7.641315460205078125e-05 7.060170173645019531e-05 6.195902824401855469e-05 8.571147918701171875e-05 6.213784217834472656e-05
1.573796595996344472e+00 -2.536177635192871094e-05 -4.556775093078613281e-05 -5.015730857849121094e-05 -5.331635475158691406e-05 -3.424286842346191406e-05 -3.346800804138183594e-05 -2.375245094299316406e-05 -3.835558891296386719e-05 -3.701448440551757812e-05 -3.653764724731445312e-05
1.580249357981732494e+00 -1.510977745056152344e-05 1.311302185058593750e-05 2.652406692504882812e-06 9.775161743164062500e-06 -6.347894668579101562e-06 -1.204013824462890625e-05 -1.814961433410644531e-05 -1.445412635803222656e-05 -2.455711364746093750e-05 -2.193450927734375000e-05
1.586702119967120295e+00 6.505846977233886719e-05 4.380941390991210938e-05 4.097819328308105469e-05 4.917383193969726562e-05 4.777312278747558594e-05 5.626678466796875000e-05 5.832314491271972656e-05 6.651878356933593750e-05 6.893277168273925781e-05 6.514787673950195312e-05
1.593154881952508317e+00 -4.369020462036132812e-05 -5.230307579040527344e-05 -5.960464477539062500e-05 -7.438659667968750000e-05 -6.222724914550781250e-05 -4.765391349792480469e-05 -4.804134368896484375e-05 -4.792213439941406250e-05 -3.755092620849609375e-05 -5.966424942016601562e-05
1.599607643937896118e+00 6.526708602905273438e-05 8.141994476318359375e-05 7.811188697814941406e-05 8.571147918701171875e-05 8.770823478698730469e-05 5.996227264404296875e-05 5.310773849487304688e-05 6.699562072753906250e-05 5.942583084106445312e-05 5.844235420227050781e-05
1.606060405923284140e+00 1.055002212524414062e-05 -1.227855682373046875e-05 -1.972913742065429688e-05 -1.472234725952148438e-05 -4.649162292480468750e-06 3.099441528320312500e-06 9.089708328247070312e-06 3.159046173095703125e-06 3.486871719360351562e-06 -3.397464752197265625e-06
1.612513167908671941e+00 -4.401803016662597656e-05 -3.218650817871093750e-05 -2.408027648925781250e-05 -3.588199615478515625e-05 -4.297494888305664062e-05 -5.212426185607910156e-05 -5.239248275756835938e-05 -5.280971527099609375e-05 -4.771351814270019531e-05 -3.427267074584960938e-05
1.618965929894059963e+00 6.511807441711425781e-05 7.393956184387207031e-05 6.932020187377929688e-05 6.407499313354492188e-05 7.528066635131835938e-05 8.198618888854980469e-05 8.437037467956542969e-05 8.186697959899902344e-05 9.119510650634765625e-05 7.426738739013671875e-05
1.625418691879447763e+00 -4.780292510986328125e-05 -5.346536636352539062e-05 -7.021427154541015625e-05 -6.154179573059082031e-05 -6.252527236938476562e-05 -6.106495857238769531e-05 -5.415081977844238281e-05 -5.522370338439941406e-05 -6.154179573059082031e-05 -5.120038986206054688e-05
1.631871453864835786e+00 2.679228782653808594e-05 3.558397293090820312e-05 3.635883331298828125e-05 3.984570503234863281e-05 3.793835639953613281e-05 2.744793891906738281e-05 2.866983413696289062e-05 2.685189247131347656e-05 2.068281173706054688e-05 2.646446228027343750e-05
1.638324215850223586e+00 1.829862594604492188e-05 2.288818359375000000e-05 1.421570777893066406e-05 1.150369644165039062e-05 1.391768455505371094e-05 1.344084739685058594e-05 7.688999176025390625e-06 1.302361488342285156e-05 9.626150131225585938e-06 1.463294029235839844e-05
1.644776977835611609e+00 -6.559491157531738281e-05 -5.561113357543945312e-05 -4.613399505615234375e-05 -6.586313247680664062e-05 -6.902217864990234375e-05 -6.020069122314453125e-05 -6.648898124694824219e-05 -5.492568016052246094e-05 -6.321072578430175781e-05 -6.964802742004394531e-05
1.651229739820999409e+00 1.199841499328613281e-04 1.158416271209716797e-04 1.231431961059570312e-04 1.326799392700195312e-04 1.326501369476318359e-04 1.254975795745849609e-04 1.198649406433105469e-04 1.233220100402832031e-04 1.184940338134765625e-04 1.235604286193847656e-04
1.657682501806387210e+00 -5.456805229187011719e-05 -4.696846008300781250e-05 -5.182623863220214844e-05 -4.231929779052734375e-05 -4.747509956359863281e-05 -4.512071609497070312e-05 -4.318356513977050781e-05 -6.720423698425292969e-05 -5.096197128295898438e-05 -6.049871444702148438e-05
1.664135263791775232e+00 1.585483551025390625e-05 9.536743164062500000e-07 1.066923141479492188e-05 1.457333564758300781e-05 1.192092895507812500e-05 1.156330108642578125e-05 1.034140586853027344e-05 1.105666160583496094e-05 1.206994056701660156e-05 4.559755325317382812e-06
1.670588025777163033e+00 3.379583358764648438e-05 3.206729888916015625e-05 3.403425216674804688e-05 2.527236938476562500e-05 3.421306610107421875e-05 4.166364669799804688e-05 3.549456596374511719e-05 3.761053085327148438e-05 2.583861351013183594e-05 2.604722976684570312e-05
1.677040787762551055e+00 -2.928674221038818359e-04 -2.913475036621093750e-04 -2.855956554412841797e-04 -2.903044223785400391e-04 -2.814233303070068359e-04 -2.993941307067871094e-04 -2.806782722473144531e-04 -2.835988998413085938e-04 -2.945959568023681641e-04 -2.992153167724609375e-04
1.683493549747938856e+00 1.149177551269531250e-04 1.054704189300537109e-04 9.801983833312988281e-05 1.241564750671386719e-04 1.207590103149414062e-04 1.184046268463134766e-04 1.060962677001953125e-04 1.184046268463134766e-04 1.329183578491210938e-04 1.176595687866210938e-04
1.689946311733326878e+00 1.138150691986083984e-04 1.309514045715332031e-04 1.345574855804443359e-04 1.206099987030029297e-04 1.292824745178222656e-04 1.152455806732177734e-04 1.159608364105224609e-04 1.133084297180175781e-04 1.152753829956054688e-04 1.037120819091796875e-04
1.696399073718714678e+00 -1.137852668762207031e-04 -1.362264156341552734e-04 -1.399219036102294922e-04 -1.261532306671142578e-04 -1.266598701477050781e-04 -1.139640808105468750e-04 -1.160502433776855469e-04 -1.025795936584472656e-04 -1.082718372344970703e-04 -1.090764999389648438e-04
1.702851835704102701e+00 2.162456512451171875e-04 2.102255821228027344e-04 2.175569534301757812e-04 2.182424068450927734e-04 2.138912677764892578e-04 2.169609069824218750e-04 2.235472202301025391e-04 2.166926860809326172e-04 2.189576625823974609e-04 2.137422561645507812e-04
1.709304597689490501e+00 -4.270672798156738281e-05 -5.170702934265136719e-05 -3.668665885925292969e-05 -4.440546035766601562e-05 -3.740191459655761719e-05 -4.222989082336425781e-05 -5.015730857849121094e-05 -5.933642387390136719e-05 -5.605816841125488281e-05 -4.583597183227539062e-05
1.715757359674878524e+00 -4.470348358154296875e-07 -1.752376556396484375e-05 -6.645917892456054688e-06 -1.814961433410644531e-05 -3.188848495483398438e-06 -8.970499038696289062e-06 -1.665949821472167969e-05 -3.188848495483398438e-06 -1.013278961181640625e-06 -5.811452865600585938e-06
1.722210121660266324e+00 1.525282859802246094e-04 1.606941223144531250e-04 1.650750637054443359e-04 1.536309719085693359e-04 1.400411128997802734e-04 1.562237739562988281e-04 1.511573791503906250e-04 1.535713672637939453e-04 1.478791236877441406e-04 1.517534255981445312e-04
1.728662883645654347e+00 -4.631280899047851562e-05 -5.239248275756835938e-05 -4.002451896667480469e-05 -4.738569259643554688e-05 -4.038214683532714844e-05 -4.383921623229980469e-05 -4.273653030395507812e-05 -4.857778549194335938e-05 -5.009770393371582031e-05 -3.758072853088378906e-05
1.735115645631042147e+00 3.913044929504394531e-05 3.740191459655761719e-05 3.391504287719726562e-05 4.488229751586914062e-05 3.573298454284667969e-05 4.714727401733398438e-05 2.399086952209472656e-05 3.460049629211425781e-05 4.085898399353027344e-05 3.165006637573242188e-05
1.741568407616429948e+00 1.659393310546875000e-04 1.704990863800048828e-04 1.750588417053222656e-04 1.748502254486083984e-04 1.646876335144042969e-04 1.722872257232666016e-04 1.704692840576171875e-04 1.642405986785888672e-04 1.654326915740966797e-04 1.734495162963867188e-04
1.748021169601817970e+00 -1.507103443145751953e-04 -1.390576362609863281e-04 -1.619458198547363281e-04 -1.552402973175048828e-04 -1.499652862548828125e-04 -1.539587974548339844e-04 -1.451075077056884766e-04 -1.491606235504150391e-04 -1.525282859802246094e-04 -1.486837863922119141e-04
1.754473931587205771e+00 9.265542030334472656e-05 1.009702682495117188e-04 9.569525718688964844e-05 9.560585021972656250e-05 1.097619533538818359e-04 9.402632713317871094e-05 9.837746620178222656e-05 9.328126907348632812e-05 9.131431579589843750e-05 9.772181510925292969e-05
1.760926693572593793e+00 9.176135063171386719e-05 9.635090827941894531e-05 8.943676948547363281e-05 8.580088615417480469e-05 8.881092071533203125e-05 1.024901866912841797e-04 8.538365364074707031e-05 8.502602577209472656e-05 8.073449134826660156e-05 8.404254913330078125e-05
1.767379455557981593e+00 -1.141428947448730469e-05 -1.391768455505371094e-05 -1.966953277587890625e-06 -2.056360244750976562e-05 -5.930662155151367188e-06 -6.705522537231445312e-06 -1.168251037597656250e-05 -2.127885818481445312e-05 -1.677870750427246094e-05 -1.743435859680175781e-05
1.773832217543369616e+00 8.723139762878417969e-05 7.501244544982910156e-05 9.071826934814453125e-05 9.855628013610839844e-05 9.682774543762207031e-05 9.757280349731445312e-05 8.791685104370117188e-05 9.191036224365234375e-05 7.671117782592773438e-05 8.994340896606445312e-05
1.780284979528757416e+00 -2.235174179077148438e-05 -2.577900886535644531e-05 -3.352761268615722656e-05 -3.090500831604003906e-05 -3.734230995178222656e-05 -1.844763755798339844e-05 -2.598762512207031250e-05 -2.008676528930664062e-05 -3.084540367126464844e-05 -3.588199615478515625e-05
1.786737741514145439e+00 -1.181960105895996094e-04 -1.219809055328369141e-04 -1.217126846313476562e-04 -1.249909400939941406e-04 -1.247823238372802734e-04 -1.351237297058105469e-04 -1.087784767150878906e-04 -1.272261142730712891e-04 -1.204311847686767578e-04 -1.110136508941650391e-04
1.793190503499533239e+00 1.478195190429687500e-05 1.016259193420410156e-05 9.864568710327148438e-06 -1.430511474609375000e-06 8.612871170043945312e-06 1.904368400573730469e-05 7.420778274536132812e-06 1.770257949829101562e-05 1.657009124755859375e-05 6.347894668579101562e-06
1.799643265484921262e+00 2.143979072570800781e-04 2.071261405944824219e-04 2.100765705108642578e-04 2.137422561645507812e-04 2.121925354003906250e-04 2.088546752929687500e-04 2.026557922363281250e-04 2.113878726959228516e-04 2.078413963317871094e-04 2.008974552154541016e-04
1.806096027470309062e+00 -8.812546730041503906e-05 -1.082718372344970703e-04 -1.059472560882568359e-04 -8.937716484069824219e-05 -9.769201278686523438e-05 -9.220838546752929688e-05 -8.925795555114746094e-05 -9.167194366455078125e-05 -9.885430335998535156e-05 -9.432435035705566406e-05
1.812548789455697085e+00 7.852911949157714844e-05 8.949637413024902344e-05 8.934736251831054688e-05 8.657574653625488281e-05 9.667873382568359375e-05 9.855628013610839844e-05 9.012222290039062500e-05 9.304285049438476562e-05 9.483098983764648438e-05 8.699297904968261719e-05
1.819001551441084885e+00 9.408593177795410156e-05 9.587407112121582031e-05 8.732080459594726562e-05 9.167194366455078125e-05 8.755922317504882812e-05 8.931756019592285156e-05 1.015663146972656250e-04 8.013844490051269531e-05 8.371472358703613281e-05 7.772445678710937500e-05
1.825454313426472908e+00 -2.613663673400878906e-04 -2.540349960327148438e-04 -2.548098564147949219e-04 -2.529323101043701172e-04 -2.619922161102294922e-04 -2.570450305938720703e-04 -2.529025077819824219e-04 -2.553761005401611328e-04 -2.570450305938720703e-04 -2.653896808624267578e-04
1.831907075411860708e+00 2.321600914001464844e-04 2.388656139373779297e-04 2.383589744567871094e-04 2.424418926239013672e-04 2.464950084686279297e-04 2.321004867553710938e-04 2.217888832092285156e-04 2.351999282836914062e-04 2.307295799255371094e-04 2.287924289703369141e-04
1.838359837397248508e+00 -1.919269561767578125e-05 -1.212954521179199219e-05 -1.758337020874023438e-05 -1.278519630432128906e-05 -2.342462539672851562e-05 -1.722574234008789062e-05 -2.068281173706054688e-05 -2.688169479370117188e-05 -2.440810203552246094e-05 -1.907348632812500000e-05
1.844812599382636531e+00 -1.815557479858398438e-04 -1.833140850067138672e-04 -1.682937145233154297e-04 -1.878440380096435547e-04 -1.831352710723876953e-04 -1.873970031738281250e-04 -1.841485500335693359e-04 -1.808702945709228516e-04 -1.835823059082031250e-04 -1.704990863800048828e-04
1.851265361368024331e+00 2.686977386474609375e-04 2.759397029876708984e-04 2.735555171966552734e-04 2.663731575012207031e-04 2.771615982055664062e-04 2.785623073577880859e-04 2.707242965698242188e-04 2.707242965698242188e-04 2.734959125518798828e-04 2.695620059967041016e-04
1.857718123353412354e+00 -2.135336399078369141e-04 -2.099275588989257812e-04 -2.193152904510498047e-04 -2.092421054840087891e-04 -2.194643020629882812e-04 -2.209842205047607422e-04 -2.132952213287353516e-04 -2.166926860809326172e-04 -2.114176750183105469e-04 -2.216100692749023438e-04
1.864170885338800154e+00 -2.145767211914062500e-06 -1.353025436401367188e-05 -1.183152198791503906e-05 -1.037120819091796875e-05 -6.526708602905273438e-06 -3.725290298461914062e-06 -2.089142799377441406e-05 -2.276897430419921875e-05 -1.287460327148437500e-05 -5.632638931274414062e-06
1.870623647324188177e+00 1.930594444274902344e-04 2.178549766540527344e-04 2.014935016632080078e-04 2.011060714721679688e-04 2.025663852691650391e-04 2.110600471496582031e-04 2.080202102661132812e-04 2.093315124511718750e-04 1.950562000274658203e-04 2.049803733825683594e-04
1.877076409309575977e+00 -2.495050430297851562e-04 -2.482533454895019531e-04 -2.374649047851562500e-04 -2.459287643432617188e-04 -2.423524856567382812e-04 -2.458989620208740234e-04 -2.434253692626953125e-04 -2.426803112030029297e-04 -2.505183219909667969e-04 -2.401769161224365234e-04
1.883529171294964000e+00 7.072091102600097656e-05 6.195902824401855469e-05 6.505846977233886719e-05 6.654858589172363281e-05 5.954504013061523438e-05 6.347894668579101562e-05 5.960464477539062500e-05 7.149577140808105469e-05 6.178021430969238281e-05 6.806850433349609375e-05
1.889981933280351800e+00 5.748867988586425781e-05 6.812810897827148438e-05 6.145238876342773438e-05 6.484985351562500000e-05 5.733966827392578125e-05 4.974007606506347656e-05 6.213784217834472656e-05 5.778670310974121094e-05 5.355477333068847656e-05 6.878376007080078125e-05
1.896434695265739823e+00 -1.896321773529052734e-04 -1.895427703857421875e-04 -1.980066299438476562e-04 -2.025961875915527344e-04 -1.853406429290771484e-04 -1.946091651916503906e-04 -1.951158046722412109e-04 -1.835525035858154297e-04 -1.997947692871093750e-04 -2.021193504333496094e-04
1.902887457251127623e+00 1.400113105773925781e-04 1.395642757415771484e-04 1.352429389953613281e-04 1.289248466491699219e-04 1.370012760162353516e-04 1.408159732818603516e-04 1.315474510192871094e-04 1.419782638549804688e-04 1.242756843566894531e-04 1.294016838073730469e-04
1.909340219236515646e+00 1.645088195800781250e-05 1.901388168334960938e-05 3.150105476379394531e-05 3.480911254882812500e-05 2.428889274597167969e-05 2.062320709228515625e-05 2.321600914001464844e-05 1.761317253112792969e-05 3.013014793395996094e-05 2.020597457885742188e-05
1.915792981221903446e+00 -1.531839370727539062e-04 -1.516938209533691406e-04 -1.531839370727539062e-04 -1.481473445892333984e-04 -1.521408557891845703e-04 -1.485645771026611328e-04 -1.458525657653808594e-04 -1.539885997772216797e-04 -1.459717750549316406e-04 -1.501142978668212891e-04
1.922245743207291468e+00 1.378655433654785156e-04 1.480579376220703125e-04 1.417398452758789062e-04 1.480877399444580078e-04 1.435279846191406250e-04 1.383721828460693359e-04 1.410543918609619141e-04 1.436471939086914062e-04 1.327991485595703125e-04 1.384913921356201172e-04
1.928698505192679269e+00 -3.066658973693847656e-05 -3.549456596374511719e-05 -2.714991569519042969e-05 -3.767013549804687500e-05 -4.324316978454589844e-05 -4.246830940246582031e-05 -3.781914710998535156e-05 -3.191828727722167969e-05 -3.126263618469238281e-05 -4.684925079345703125e-05
1.935151267178067069e+00 -3.808736801147460938e-05 -4.529953002929687500e-05 -5.045533180236816406e-05 -5.397200584411621094e-05 -6.043910980224609375e-05 -4.208087921142578125e-05 -5.409121513366699219e-05 -5.197525024414062500e-05 -4.398822784423828125e-05 -4.133582115173339844e-05
1.941604029163455092e+00 1.320540904998779297e-04 1.336634159088134766e-04 1.299679279327392578e-04 1.285672187805175781e-04 1.369416713714599609e-04 1.369416713714599609e-04 1.357197761535644531e-04 1.244544982910156250e-04 1.240670680999755859e-04 1.269876956939697266e-04
1.948056791148842892e+00 -6.109476089477539062e-05 -5.587935447692871094e-05 -5.277991294860839844e-05 -6.464123725891113281e-05 -6.178021430969238281e-05 -6.744265556335449219e-05 -6.362795829772949219e-05 -5.948543548583984375e-05 -5.632638931274414062e-05 -7.662177085876464844e-05
1.954509553134230915e+00 -8.702278137207031250e-05 -9.003281593322753906e-05 -1.012086868286132812e-04 -1.115202903747558594e-04 -9.667873382568359375e-05 -9.524822235107421875e-05 -9.399652481079101562e-05 -9.366869926452636719e-05 -8.365511894226074219e-05 -9.760260581970214844e-05
1.960962315119618715e+00 1.955330371856689453e-04 1.875460147857666016e-04 1.902878284454345703e-04 1.927316188812255859e-04 2.017319202423095703e-04 1.864433288574218750e-04 2.033114433288574219e-04 1.960098743438720703e-04 1.964867115020751953e-04 2.004802227020263672e-04
1.967415077105006738e+00 -1.338124275207519531e-04 -1.312494277954101562e-04 -1.306533813476562500e-04 -1.398921012878417969e-04 -1.362562179565429688e-04 -1.364052295684814453e-04 -1.257359981536865234e-04 -1.239180564880371094e-04 -1.344978809356689453e-04 -1.262426376342773438e-04
1.973867839090394538e+00 1.430511474609375000e-05 1.132488250732421875e-05 1.537799835205078125e-05 1.141428947448730469e-05 6.079673767089843750e-06 4.887580871582031250e-06 1.034140586853027344e-05 4.082918167114257812e-06 2.163648605346679688e-05 8.434057235717773438e-06
1.980320601075782561e+00 1.136660575866699219e-04 1.268684864044189453e-04 1.216828823089599609e-04 1.139342784881591797e-04 1.205801963806152344e-04 1.128315925598144531e-04 1.199245452880859375e-04 1.177489757537841797e-04 1.237094402313232422e-04 1.114010810852050781e-04
1.986773363061170361e+00 -2.382993698120117188e-04 -2.312958240509033203e-04 -2.467632293701171875e-04 -2.360939979553222656e-04 -2.309381961822509766e-04 -2.440214157104492188e-04 -2.382695674896240234e-04 -2.286434173583984375e-04 -2.385079860687255859e-04 -2.283453941345214844e-04
1.993226125046558384e+00 1.689195632934570312e-04 1.491904258728027344e-04 1.669526100158691406e-04 1.668632030487060547e-04 1.610517501831054688e-04 1.525580883026123047e-04 1.677572727203369141e-04 1.685917377471923828e-04 1.665353775024414062e-04 1.668930053710937500e-04
1.999678887031946184e+00 7.224082946777343750e-05 7.742643356323242188e-05 7.906556129455566406e-05 7.897615432739257812e-05 7.277727127075195312e-05 7.852911949157714844e-05 7.683038711547851562e-05 7.370114326477050781e-05 6.279349327087402344e-05 7.626414299011230469e-05
2.006131649017333984e+00 -1.004040241241455078e-04 -1.095235347747802734e-04 -8.970499038696289062e-05 -1.101791858673095703e-04 -9.739398956298828125e-05 -1.079142093658447266e-04 -1.022517681121826172e-04 -9.766221046447753906e-05 -8.931756019592285156e-05 -1.075863838195800781e-04
