#Range[m] 0 1 2 3 4 5 6 7 8 9
1.800000071525573730e-01 -4.554212093353271484e-02 -4.541891813278198242e-02 -4.538437724113464355e-02 -4.526406526565551758e-02 -4.534718394279479980e-02 -4.532653093338012695e-02 -4.527130722999572754e-02 -4.529571533203125000e-02 -4.536399245262145996e-02 -4.528248310089111328e-02
1.864527691379452845e-01 3.586012125015258789e-02 3.581181168556213379e-02 3.578856587409973145e-02 3.585892915725708008e-02 3.588002920150756836e-02 3.583517670631408691e-02 3.582292795181274414e-02 3.590163588523864746e-02 3.577959537506103516e-02 3.586333990097045898e-02
1.929055311233331682e-01 9.125858545303344727e-03 9.096682071685791016e-03 9.113669395446777344e-03 8.911430835723876953e-03 8.841961622238159180e-03 8.971303701400756836e-03 9.041458368301391602e-03 8.810549974441528320e-03 9.119242429733276367e-03 9.012937545776367188e-03
1.993582931087210797e-01 -2.260956168174743652e-02 -2.254301309585571289e-02 -2.252626419067382812e-02 -2.246811985969543457e-02 -2.250021696090698242e-02 -2.248308062553405762e-02 -2.253353595733642578e-02 -2.251231670379638672e-02 -2.260228991508483887e-02 -2.259802818298339844e-02
2.058110550941089911e-01 3.175735473632812500e-03 3.144770860671997070e-03 3.132104873657226562e-03 3.142714500427246094e-03 3.208249807357788086e-03 3.143370151519775391e-03 3.155380487442016602e-03 3.161549568176269531e-03 3.097742795944213867e-03 3.145337104797363281e-03
2.122638170794968748e-01 6.967723369598388672e-03 6.969779729843139648e-03 6.964653730392456055e-03 6.942808628082275391e-03 6.886094808578491211e-03 6.939232349395751953e-03 6.993651390075683594e-03 6.930172443389892578e-03 7.046014070510864258e-03 7.041841745376586914e-03
2.187165790648847863e-01 7.347196340560913086e-03 7.386088371276855469e-03 7.356256246566772461e-03 7.386684417724609375e-03 7.434278726577758789e-03 7.401227951049804688e-03 7.317513227462768555e-03 7.351636886596679688e-03 7.258206605911254883e-03 7.230430841445922852e-03
2.251693410502726977e-01 -1.565629243850708008e-02 -1.563844084739685059e-02 -1.567888259887695312e-02 -1.568874716758728027e-02 -1.566746830940246582e-02 -1.563036441802978516e-02 -1.562362909317016602e-02 -1.570498943328857422e-02 -1.557624340057373047e-02 -1.555868983268737793e-02
2.316221030356606092e-01 -5.870491266250610352e-03 -5.877792835235595703e-03 -5.839765071868896484e-03 -5.829602479934692383e-03 -5.900561809539794922e-03 -5.866229534149169922e-03 -5.809545516967773438e-03 -5.777686834335327148e-03 -5.822479724884033203e-03 -5.831003189086914062e-03
2.380748650210485207e-01 2.587792277336120605e-02 2.591487765312194824e-02 2.589339017868041992e-02 2.591103315353393555e-02 2.592739462852478027e-02 2.593207359313964844e-02 2.589035034179687500e-02 2.590149641036987305e-02 2.585497498512268066e-02 2.587959170341491699e-02
2.445276270064364044e-01 -1.070481538772583008e-02 -1.061362028121948242e-02 -1.060828566551208496e-02 -1.070550084114074707e-02 -1.067921519279479980e-02 -1.069962978363037109e-02 -1.077330112457275391e-02 -1.078957319259643555e-02 -1.071426272392272949e-02 -1.064515113830566406e-02
2.509803889918242881e-01 -2.530610561370849609e-02 -2.532061934471130371e-02 -2.525654435157775879e-02 -2.518969774246215820e-02 -2.521032094955444336e-02 -2.525371313095092773e-02 -2.517843246459960938e-02 -2.520364522933959961e-02 -2.519008517265319824e-02 -2.521154284477233887e-02
2.574331509772121995e-01 2.876633405685424805e-02 2.875375747680664062e-02 2.876132726669311523e-02 2.885776758193969727e-02 2.876728773117065430e-02 2.879664301872253418e-02 2.883702516555786133e-02 2.880793809890747070e-02 2.876883745193481445e-02 2.885386347770690918e-02
2.638859129626001110e-01 4.937559366226196289e-03 4.931330680847167969e-03 4.865854978561401367e-03 4.745751619338989258e-03 4.793733358383178711e-03 4.860460758209228516e-03 4.771143198013305664e-03 4.700601100921630859e-03 4.895061254501342773e-03 4.786759614944458008e-03
2.703386749479880224e-01 -3.736096620559692383e-02 -3.737738728523254395e-02 -3.734993934631347656e-02 -3.729417920112609863e-02 -3.732475638389587402e-02 -3.734043240547180176e-02 -3.732377290725708008e-02 -3.731757402420043945e-02 -3.729507327079772949e-02 -3.728169202804565430e-02
2.767914369333759339e-01 1.959145069122314453e-02 1.959946751594543457e-02 1.966866850852966309e-02 1.970055699348449707e-02 1.968464255332946777e-02 1.961177587509155273e-02 1.970455050468444824e-02 1.978018879890441895e-02 1.973089575767517090e-02 1.970493793487548828e-02
2.832441989187638454e-01 2.022933959960937500e-02 2.023690938949584961e-02 2.013632655143737793e-02 2.008762955665588379e-02 2.012628316879272461e-02 2.018800377845764160e-02 2.012225985527038574e-02 2.011549472808837891e-02 2.019512653350830078e-02 2.014088630676269531e-02
2.896969609041517568e-01 -3.327733278274536133e-02 -3.328248858451843262e-02 -3.330546617507934570e-02 -3.327938914299011230e-02 -3.332182765007019043e-02 -3.330397605895996094e-02 -3.331804275512695312e-02 -3.333732485771179199e-02 -3.328368067741394043e-02 -3.332445025444030762e-02
2.961497228895396683e-01 2.917051315307617188e-03 2.928733825683593750e-03 2.918541431427001953e-03 3.067314624786376953e-03 3.005295991897583008e-03 2.967298030853271484e-03 3.012359142303466797e-03 3.012448549270629883e-03 2.913445234298706055e-03 2.922534942626953125e-03
3.026024848749275242e-01 2.583783864974975586e-02 2.586886286735534668e-02 2.584695816040039062e-02 2.581232786178588867e-02 2.577984333038330078e-02 2.583846449851989746e-02 2.585735917091369629e-02 2.579969167709350586e-02 2.591040730476379395e-02 2.583554387092590332e-02
3.090552468603154357e-01 -2.188026905059814453e-02 -2.180743217468261719e-02 -2.186423540115356445e-02 -2.194315195083618164e-02 -2.192866802215576172e-02 -2.190515398979187012e-02 -2.193114161491394043e-02 -2.197551727294921875e-02 -2.188721299171447754e-02 -2.191093564033508301e-02
3.155080088457033471e-01 -1.290601491928100586e-02 -1.290482282638549805e-02 -1.287567615509033203e-02 -1.283794641494750977e-02 -1.280549168586730957e-02 -1.285585761070251465e-02 -1.277068257331848145e-02 -1.280516386032104492e-02 -1.288226246833801270e-02 -1.287582516670227051e-02
3.219607708310912586e-01 2.558115124702453613e-02 2.555203437805175781e-02 2.556797862052917480e-02 2.555266022682189941e-02 2.554777264595031738e-02 2.554869651794433594e-02 2.554678916931152344e-02 2.555143833160400391e-02 2.556559443473815918e-02 2.556028962135314941e-02
3.284135328164791701e-01 -4.531264305114746094e-03 -4.532158374786376953e-03 -4.574924707412719727e-03 -4.654318094253540039e-03 -4.621058702468872070e-03 -4.585951566696166992e-03 -4.577845335006713867e-03 -4.608958959579467773e-03 -4.577964544296264648e-03 -4.610866308212280273e-03
3.348662948018670260e-01 -1.969450712203979492e-02 -1.968237757682800293e-02 -1.966762542724609375e-02 -1.965487003326416016e-02 -1.964408159255981445e-02 -1.961198449134826660e-02 -1.960626244544982910e-02 -1.962998509407043457e-02 -1.963275671005249023e-02 -1.962864398956298828e-02
3.413190567872549375e-01 1.361373066902160645e-02 1.361331343650817871e-02 1.357740163803100586e-02 1.366490125656127930e-02 1.362219452857971191e-02 1.361614465713500977e-02 1.362076401710510254e-02 1.364779472351074219e-02 1.360559463500976562e-02 1.363360881805419922e-02
3.477718187726428489e-01 1.039046049118041992e-02 1.040348410606384277e-02 1.038569211959838867e-02 1.034119725227355957e-02 1.032456755638122559e-02 1.034677028656005859e-02 1.035434007644653320e-02 1.029095053672790527e-02 1.034879684448242188e-02 1.029899716377258301e-02
3.542245807580307604e-01 -1.582446694374084473e-02 -1.585438847541809082e-02 -1.585969328880310059e-02 -1.584464311599731445e-02 -1.584810018539428711e-02 -1.583802700042724609e-02 -1.586362719535827637e-02 -1.588109135627746582e-02 -1.589193940162658691e-02 -1.583260297775268555e-02
3.606773427434186718e-01 -1.177787780761718750e-03 -1.189500093460083008e-03 -1.194357872009277344e-03 -1.165896654129028320e-03 -1.146018505096435547e-03 -1.163423061370849609e-03 -1.128822565078735352e-03 -1.130729913711547852e-03 -1.176953315734863281e-03 -1.174986362457275391e-03
3.671301047288065833e-01 1.573756337165832520e-02 1.573285460472106934e-02 1.571878790855407715e-02 1.570397615432739258e-02 1.570427417755126953e-02 1.572883129119873047e-02 1.572582125663757324e-02 1.569655537605285645e-02 1.571598649024963379e-02 1.570451259613037109e-02
3.735828667141944948e-01 -6.340265274047851562e-03 -6.348043680191040039e-03 -6.348669528961181641e-03 -6.375730037689208984e-03 -6.355822086334228516e-03 -6.346642971038818359e-03 -6.377011537551879883e-03 -6.343156099319458008e-03 -6.319224834442138672e-03 -6.341040134429931641e-03
3.800356286995824062e-01 -1.095154881477355957e-02 -1.097014546394348145e-02 -1.092344522476196289e-02 -1.093763113021850586e-02 -1.092833280563354492e-02 -1.096186041831970215e-02 -1.095536351203918457e-02 -1.093521714210510254e-02 -1.099094748497009277e-02 -1.094472408294677734e-02
3.864883906849703177e-01 1.347863674163818359e-02 1.344805955886840820e-02 1.349386572837829590e-02 1.349142193794250488e-02 1.348859071731567383e-02 1.347765326499938965e-02 1.349720358848571777e-02 1.352581381797790527e-02 1.347053050994873047e-02 1.348751783370971680e-02
3.929411526703582291e-01 5.637943744659423828e-03 5.643844604492187500e-03 5.610555410385131836e-03 5.582541227340698242e-03 5.604714155197143555e-03 5.598276853561401367e-03 5.560040473937988281e-03 5.563437938690185547e-03 5.589336156845092773e-03 5.607962608337402344e-03
3.993939146557460851e-01 -1.664668321609497070e-02 -1.665699481964111328e-02 -1.662936806678771973e-02 -1.663526892662048340e-02 -1.665028929710388184e-02 -1.662704348564147949e-02 -1.664188504219055176e-02 -1.664200425148010254e-02 -1.662486791610717773e-02 -1.661026477813720703e-02
4.058466766411339965e-01 4.906415939331054688e-03 4.906743764877319336e-03 4.921019077301025391e-03 4.997819662094116211e-03 4.958242177963256836e-03 4.920542240142822266e-03 4.939496517181396484e-03 4.946678876876831055e-03 4.918724298477172852e-03 4.955857992172241211e-03
4.122994386265219080e-01 1.385912299156188965e-02 1.385831832885742188e-02 1.384404301643371582e-02 1.383370161056518555e-02 1.381540298461914062e-02 1.380717754364013672e-02 1.379090547561645508e-02 1.380842924118041992e-02 1.380935311317443848e-02 1.378667354583740234e-02
4.187522006119098195e-01 -1.274394989013671875e-02 -1.273086667060852051e-02 -1.271942257881164551e-02 -1.276785135269165039e-02 -1.274418830871582031e-02 -1.274377107620239258e-02 -1.273399591445922852e-02 -1.277235150337219238e-02 -1.273089647293090820e-02 -1.273563504219055176e-02
4.252049625972976754e-01 -5.733519792556762695e-03 -5.742907524108886719e-03 -5.731910467147827148e-03 -5.655437707901000977e-03 -5.651026964187622070e-03 -5.685567855834960938e-03 -5.669564008712768555e-03 -5.612373352050781250e-03 -5.680918693542480469e-03 -5.665987730026245117e-03
4.316577245826856424e-01 1.504832506179809570e-02 1.507487893104553223e-02 1.506748795509338379e-02 1.505944132804870605e-02 1.506397128105163574e-02 1.507219672203063965e-02 1.506921648979187012e-02 1.508542895317077637e-02 1.509392261505126953e-02 1.503038406372070312e-02
4.381104865680734983e-01 -4.558950662612915039e-03 -4.559189081192016602e-03 -4.566758871078491211e-03 -4.592031240463256836e-03 -4.584133625030517578e-03 -4.573255777359008789e-03 -4.584908485412597656e-03 -4.617184400558471680e-03 -4.546403884887695312e-03 -4.552304744720458984e-03
4.445632485534614098e-01 -1.173034310340881348e-02 -1.174339652061462402e-02 -1.171261072158813477e-02 -1.167246699333190918e-02 -1.169243454933166504e-02 -1.170113682746887207e-02 -1.171004772186279297e-02 -1.164984703063964844e-02 -1.168826222419738770e-02 -1.168695092201232910e-02
4.510160105388493212e-01 1.098808646202087402e-02 1.098570227622985840e-02 1.097297668457031250e-02 1.100376248359680176e-02 1.098895072937011719e-02 1.096540689468383789e-02 1.099389791488647461e-02 1.096981763839721680e-02 1.096183061599731445e-02 1.095110177993774414e-02
4.574687725242372327e-01 2.543300390243530273e-03 2.535820007324218750e-03 2.524286508560180664e-03 2.517491579055786133e-03 2.518981695175170898e-03 2.555817365646362305e-03 2.570450305938720703e-03 2.509534358978271484e-03 2.595603466033935547e-03 2.554476261138916016e-03
4.639215345096251442e-01 -1.230251789093017578e-02 -1.228180527687072754e-02 -1.229643821716308594e-02 -1.229313015937805176e-02 -1.229712367057800293e-02 -1.230239868164062500e-02 -1.229640841484069824e-02 -1.229321956634521484e-02 -1.228460669517517090e-02 -1.228785514831542969e-02
4.703742964950130556e-01 2.584517002105712891e-03 2.593457698822021484e-03 2.615749835968017578e-03 2.620428800582885742e-03 2.617895603179931641e-03 2.596676349639892578e-03 2.654105424880981445e-03 2.644479274749755859e-03 2.605706453323364258e-03 2.616971731185913086e-03
4.768270584804009671e-01 9.811580181121826172e-03 9.833455085754394531e-03 9.820729494094848633e-03 9.806334972381591797e-03 9.809434413909912109e-03 9.786099195480346680e-03 9.816527366638183594e-03 9.784966707229614258e-03 9.797722101211547852e-03 9.810030460357666016e-03
4.832798204657888230e-01 -8.436203002929687500e-03 -8.421450853347778320e-03 -8.411556482315063477e-03 -8.462429046630859375e-03 -8.433014154434204102e-03 -8.438169956207275391e-03 -8.414626121520996094e-03 -8.435040712356567383e-03 -8.427739143371582031e-03 -8.444786071777343750e-03
4.897325824511767345e-01 -5.489647388458251953e-03 -5.467325448989868164e-03 -5.484521389007568359e-03 -5.467504262924194336e-03 -5.482524633407592773e-03 -5.459249019622802734e-03 -5.447387695312500000e-03 -5.451232194900512695e-03 -5.443125963211059570e-03 -5.421370267868041992e-03
4.961853444365646459e-01 1.032987236976623535e-02 1.032093167304992676e-02 1.031026244163513184e-02 1.032069325447082520e-02 1.031589508056640625e-02 1.031380891799926758e-02 1.032397150993347168e-02 1.031795144081115723e-02 1.031681895256042480e-02 1.031705737113952637e-02
5.026381064219525019e-01 -8.743703365325927734e-04 -8.713603019714355469e-04 -8.862614631652832031e-04 -9.150207042694091797e-04 -9.022653102874755859e-04 -8.724629878997802734e-04 -9.019672870635986328e-04 -9.435415267944335938e-04 -8.881986141204833984e-04 -9.165406227111816406e-04
5.090908684073405244e-01 -9.071260690689086914e-03 -9.083092212677001953e-03 -9.072422981262207031e-03 -9.083777666091918945e-03 -9.066492319107055664e-03 -9.066700935363769531e-03 -9.063422679901123047e-03 -9.067565202713012695e-03 -9.056895971298217773e-03 -9.038269519805908203e-03
5.155436303927283248e-01 6.701111793518066406e-03 6.687551736831665039e-03 6.719529628753662109e-03 6.715893745422363281e-03 6.699323654174804688e-03 6.703257560729980469e-03 6.705522537231445312e-03 6.725847721099853516e-03 6.690621376037597656e-03 6.689965724945068359e-03
5.219963923781163473e-01 4.914939403533935547e-03 4.909306764602661133e-03 4.895359277725219727e-03 4.882127046585083008e-03 4.900962114334106445e-03 4.916906356811523438e-03 4.889518022537231445e-03 4.864901304244995117e-03 4.891306161880493164e-03 4.871040582656860352e-03
5.284491543635041477e-01 -9.372711181640625000e-03 -9.391039609909057617e-03 -9.377300739288330078e-03 -9.374737739562988281e-03 -9.385854005813598633e-03 -9.359657764434814453e-03 -9.382903575897216797e-03 -9.357213973999023438e-03 -9.355068206787109375e-03 -9.351164102554321289e-03
5.349019163488920592e-01 2.519011497497558594e-03 2.511918544769287109e-03 2.523362636566162109e-03 2.537250518798828125e-03 2.532660961151123047e-03 2.503126859664916992e-03 2.490490674972534180e-03 2.523839473724365234e-03 2.474278211593627930e-03 2.508223056793212891e-03
5.413546783342799706e-01 7.542550563812255859e-03 7.538437843322753906e-03 7.540494203567504883e-03 7.535696029663085938e-03 7.554471492767333984e-03 7.537513971328735352e-03 7.533699274063110352e-03 7.541447877883911133e-03 7.535368204116821289e-03 7.539361715316772461e-03
5.478074403196678821e-01 -5.500584840774536133e-03 -5.492955446243286133e-03 -5.497843027114868164e-03 -5.503773689270019531e-03 -5.487650632858276367e-03 -5.480557680130004883e-03 -5.511522293090820312e-03 -5.510032176971435547e-03 -5.482435226440429688e-03 -5.489975214004516602e-03
5.542602023050557936e-01 -3.646969795227050781e-03 -3.675431013107299805e-03 -3.671377897262573242e-03 -3.656625747680664062e-03 -3.664702177047729492e-03 -3.657370805740356445e-03 -3.643184900283813477e-03 -3.601491451263427734e-03 -3.652662038803100586e-03 -3.659695386886596680e-03
5.607129642904437050e-01 7.669210433959960938e-03 7.669538259506225586e-03 7.659256458282470703e-03 7.677346467971801758e-03 7.665991783142089844e-03 7.668107748031616211e-03 7.645130157470703125e-03 7.651269435882568359e-03 7.653385400772094727e-03 7.662504911422729492e-03
5.671657262758316165e-01 -2.401173114776611328e-04 -2.417564392089843750e-04 -2.278089523315429688e-04 -2.471506595611572266e-04 -2.366602420806884766e-04 -2.620518207550048828e-04 -2.665519714355468750e-04 -2.677440643310546875e-04 -2.467632293701171875e-04 -2.660155296325683594e-04
5.736184882612194169e-01 -6.164371967315673828e-03 -6.141394376754760742e-03 -6.136655807495117188e-03 -6.132990121841430664e-03 -6.140083074569702148e-03 -6.142586469650268555e-03 -6.117075681686401367e-03 -6.121128797531127930e-03 -6.152391433715820312e-03 -6.134361028671264648e-03
5.800712502466074394e-01 4.113882780075073242e-03 4.112452268600463867e-03 4.136532545089721680e-03 4.142433404922485352e-03 4.125714302062988281e-03 4.105955362319946289e-03 4.125207662582397461e-03 4.148572683334350586e-03 4.118740558624267578e-03 4.133135080337524414e-03
5.865240122319952398e-01 3.487676382064819336e-03 3.473639488220214844e-03 3.485053777694702148e-03 3.474742174148559570e-03 3.472924232482910156e-03 3.470748662948608398e-03 3.463685512542724609e-03 3.458499908447265625e-03 3.486454486846923828e-03 3.485500812530517578e-03
5.929767742173832623e-01 -6.017178297042846680e-03 -5.996495485305786133e-03 -6.010919809341430664e-03 -6.003618240356445312e-03 -5.998462438583374023e-03 -5.999654531478881836e-03 -6.002902984619140625e-03 -6.005823612213134766e-03 -6.003290414810180664e-03 -6.003051996231079102e-03
5.994295362027710627e-01 -9.956955909729003906e-05 -1.060664653778076172e-04 -9.647011756896972656e-05 -9.569525718688964844e-05 -1.128911972045898438e-04 -9.164214134216308594e-05 -9.647011756896972656e-05 -7.212162017822265625e-05 -9.286403656005859375e-05 -1.070797443389892578e-04
6.058822981881590852e-01 5.690544843673706055e-03 5.712091922760009766e-03 5.689412355422973633e-03 5.702972412109375000e-03 5.703926086425781250e-03 5.711257457733154297e-03 5.717813968658447266e-03 5.694389343261718750e-03 5.704253911972045898e-03 5.697607994079589844e-03
6.123350601735468857e-01 -3.579348325729370117e-03 -3.563970327377319336e-03 -3.584295511245727539e-03 -3.582119941711425781e-03 -3.571420907974243164e-03 -3.558099269866943359e-03 -3.552883863449096680e-03 -3.571838140487670898e-03 -3.540217876434326172e-03 -3.567129373550415039e-03
6.187878221589347971e-01 -3.677189350128173828e-03 -3.684222698211669922e-03 -3.669679164886474609e-03 -3.664165735244750977e-03 -3.681182861328125000e-03 -3.664284944534301758e-03 -3.667831420898437500e-03 -3.663867712020874023e-03 -3.670871257781982422e-03 -3.667384386062622070e-03
6.252405841443227086e-01 4.625856876373291016e-03 4.631131887435913086e-03 4.633516073226928711e-03 4.635155200958251953e-03 4.626333713531494141e-03 4.622876644134521484e-03 4.645228385925292969e-03 4.637241363525390625e-03 4.618525505065917969e-03 4.633486270904541016e-03
6.316933461297106200e-01 1.416325569152832031e-03 1.444488763809204102e-03 1.442819833755493164e-03 1.420944929122924805e-03 1.436173915863037109e-03 1.432687044143676758e-03 1.412093639373779297e-03 1.393198966979980469e-03 1.427680253982543945e-03 1.423418521881103516e-03
6.381461081150985315e-01 -6.113350391387939453e-03 -6.117552518844604492e-03 -6.095260381698608398e-03 -6.107836961746215820e-03 -6.101429462432861328e-03 -6.110101938247680664e-03 -6.094932556152343750e-03 -6.099820137023925781e-03 -6.098747253417968750e-03 -6.109178066253662109e-03
6.445988701004864430e-01 1.377105712890625000e-03 1.374959945678710938e-03 1.387149095535278320e-03 1.391887664794921875e-03 1.384228467941284180e-03 1.403927803039550781e-03 1.411855220794677734e-03 1.403748989105224609e-03 1.385658979415893555e-03 1.398175954818725586e-03
6.510516320858743544e-01 4.824548959732055664e-03 4.812806844711303711e-03 4.815131425857543945e-03 4.801750183105468750e-03 4.808396100997924805e-03 4.804760217666625977e-03 4.786789417266845703e-03 4.805058240890502930e-03 4.828661680221557617e-03 4.804790019989013672e-03
6.575043940712622659e-01 -4.853457212448120117e-03 -4.850864410400390625e-03 -4.868686199188232422e-03 -4.867464303970336914e-03 -4.868954420089721680e-03 -4.834294319152832031e-03 -4.851639270782470703e-03 -4.869788885116577148e-03 -4.833757877349853516e-03 -4.837423563003540039e-03
6.639571560566501773e-01 -2.450317144393920898e-03 -2.439707517623901367e-03 -2.441018819808959961e-03 -2.431511878967285156e-03 -2.433001995086669922e-03 -2.434700727462768555e-03 -2.440899610519409180e-03 -2.417653799057006836e-03 -2.438664436340332031e-03 -2.458065748214721680e-03
6.704099180420379778e-01 6.728380918502807617e-03 6.725996732711791992e-03 6.729304790496826172e-03 6.709843873977661133e-03 6.727278232574462891e-03 6.723016500473022461e-03 6.717950105667114258e-03 6.728589534759521484e-03 6.722062826156616211e-03 6.723612546920776367e-03
6.768626800274260003e-01 -1.040101051330566406e-03 -1.037806272506713867e-03 -1.056522130966186523e-03 -1.063555479049682617e-03 -1.068115234375000000e-03 -1.059055328369140625e-03 -1.059055328369140625e-03 -1.079738140106201172e-03 -1.057744026184082031e-03 -1.036733388900756836e-03
6.833154420128139117e-01 -7.294952869415283203e-03 -7.323205471038818359e-03 -7.298380136489868164e-03 -7.296621799468994141e-03 -7.288247346878051758e-03 -7.318943738937377930e-03 -7.324606180191040039e-03 -7.285684347152709961e-03 -7.331967353820800781e-03 -7.319748401641845703e-03
6.897682039982017121e-01 7.674574851989746094e-03 7.636308670043945312e-03 7.646590471267700195e-03 7.659852504730224609e-03 7.641851902008056641e-03 7.632672786712646484e-03 7.650762796401977539e-03 7.649242877960205078e-03 7.658481597900390625e-03 7.665038108825683594e-03
6.962209659835896236e-01 2.833366394042968750e-03 2.848476171493530273e-03 2.858817577362060547e-03 2.828359603881835938e-03 2.829402685165405273e-03 2.822548151016235352e-03 2.814561128616333008e-03 2.809405326843261719e-03 2.829700708389282227e-03 2.822756767272949219e-03
7.026737279689775351e-01 -1.052248477935791016e-02 -1.051050424575805664e-02 -1.050680875778198242e-02 -1.051715016365051270e-02 -1.046845316886901855e-02 -1.051160693168640137e-02 -1.049304008483886719e-02 -1.051244139671325684e-02 -1.055133342742919922e-02 -1.053428649902343750e-02
7.091264899543654465e-01 5.700021982192993164e-03 5.667626857757568359e-03 5.656778812408447266e-03 5.693733692169189453e-03 5.654692649841308594e-03 5.696773529052734375e-03 5.733519792556762695e-03 5.731433629989624023e-03 5.753159523010253906e-03 5.736649036407470703e-03
7.155792519397533580e-01 7.198601961135864258e-03 7.222414016723632812e-03 7.177442312240600586e-03 7.173448801040649414e-03 7.180482149124145508e-03 7.176131010055541992e-03 7.145911455154418945e-03 7.170408964157104492e-03 7.142603397369384766e-03 7.141947746276855469e-03
7.220320139251412694e-01 -1.178556680679321289e-02 -1.178973913192749023e-02 -1.179775595664978027e-02 -1.183152198791503906e-02 -1.174801588058471680e-02 -1.179552078247070312e-02 -1.178365945816040039e-02 -1.182162761688232422e-02 -1.179802417755126953e-02 -1.180142164230346680e-02
7.284847759105291809e-01 3.509759902954101562e-03 3.511875867843627930e-03 3.530561923980712891e-03 3.561079502105712891e-03 3.504306077957153320e-03 3.519058227539062500e-03 3.556221723556518555e-03 3.581345081329345703e-03 3.546416759490966797e-03 3.580689430236816406e-03
7.349375378959170924e-01 1.016700267791748047e-02 1.019361615180969238e-02 1.018959283828735352e-02 1.016351580619812012e-02 1.016175746917724609e-02 1.016369462013244629e-02 1.013264060020446777e-02 1.012036204338073730e-02 1.011729240417480469e-02 1.007369160652160645e-02
7.413902998813050038e-01 -1.162558794021606445e-02 -1.166513562202453613e-02 -1.167318224906921387e-02 -1.168277859687805176e-02 -1.168140769004821777e-02 -1.165178418159484863e-02 -1.168805360794067383e-02 -1.171025633811950684e-02 -1.166078448295593262e-02 -1.162049174308776855e-02
7.478430618666929153e-01 1.250922679901123047e-03 1.259237527847290039e-03 1.257181167602539062e-03 1.292586326599121094e-03 1.275300979614257812e-03 1.269638538360595703e-03 1.295238733291625977e-03 1.290768384933471680e-03 1.275449991226196289e-03 1.263320446014404297e-03
7.542958238520808267e-01 1.051741838455200195e-02 1.051658391952514648e-02 1.049098372459411621e-02 1.048645377159118652e-02 1.051664352416992188e-02 1.050347089767456055e-02 1.049244403839111328e-02 1.047354936599731445e-02 1.044690608978271484e-02 1.045304536819458008e-02
7.607485858374687382e-01 -1.073583960533142090e-02 -1.075872778892517090e-02 -1.075029373168945312e-02 -1.079487800598144531e-02 -1.079639792442321777e-02 -1.076439023017883301e-02 -1.076537370681762695e-02 -1.077136397361755371e-02 -1.070967316627502441e-02 -1.070791482925415039e-02
7.672013478228566496e-01 2.446323633193969727e-03 2.452254295349121094e-03 2.480506896972656250e-03 2.502173185348510742e-03 2.483636140823364258e-03 2.456277608871459961e-03 2.439200878143310547e-03 2.503991127014160156e-03 2.407431602478027344e-03 2.447575330734252930e-03
7.736541098082445611e-01 8.591294288635253906e-03 8.572131395339965820e-03 8.580476045608520508e-03 8.563458919525146484e-03 8.606195449829101562e-03 8.582174777984619141e-03 8.571505546569824219e-03 8.556157350540161133e-03 8.569031953811645508e-03 8.552849292755126953e-03
7.801068717936323615e-01 -7.938444614410400391e-03 -7.951259613037109375e-03 -7.971763610839843750e-03 -7.976293563842773438e-03 -7.973819971084594727e-03 -7.959067821502685547e-03 -7.959365844726562500e-03 -7.984191179275512695e-03 -7.935136556625366211e-03 -7.926195859909057617e-03
7.865596337790202730e-01 7.676482200622558594e-04 7.428228855133056641e-04 7.636249065399169922e-04 8.115470409393310547e-04 8.010566234588623047e-04 7.851719856262207031e-04 8.290410041809082031e-04 8.247196674346923828e-04 7.790625095367431641e-04 7.681548595428466797e-04
7.930123957644081845e-01 6.326109170913696289e-03 6.344228982925415039e-03 6.293982267379760742e-03 6.305158138275146484e-03 6.305366754531860352e-03 6.297409534454345703e-03 6.268233060836791992e-03 6.283074617385864258e-03 6.280303001403808594e-03 6.305724382400512695e-03
7.994651577497960959e-01 -5.605399608612060547e-03 -5.602091550827026367e-03 -5.626797676086425781e-03 -5.644112825393676758e-03 -5.642533302307128906e-03 -5.634844303131103516e-03 -5.603283643722534180e-03 -5.638957023620605469e-03 -5.572587251663208008e-03 -5.575448274612426758e-03
8.059179197351840074e-01 6.392896175384521484e-04 6.524026393890380859e-04 6.558299064636230469e-04 6.825923919677734375e-04 6.838738918304443359e-04 6.619691848754882812e-04 6.559491157531738281e-04 7.077753543853759766e-04 6.491541862487792969e-04 6.348192691802978516e-04
8.123706817205719188e-01 3.256112337112426758e-03 3.259837627410888672e-03 3.247022628784179688e-03 3.238588571548461914e-03 3.216236829757690430e-03 3.229260444641113281e-03 3.237843513488769531e-03 3.215998411178588867e-03 3.240138292312622070e-03 3.231048583984375000e-03
8.188234437059598303e-01 -3.163129091262817383e-03 -3.178060054779052734e-03 -3.177821636199951172e-03 -3.178685903549194336e-03 -3.189504146575927734e-03 -3.168106079101562500e-03 -3.162384033203125000e-03 -3.164231777191162109e-03 -3.151506185531616211e-03 -3.147721290588378906e-03
8.252762056913477418e-01 7.957518100738525391e-04 8.018314838409423828e-04 7.936060428619384766e-04 8.081495761871337891e-04 8.348524570465087891e-04 8.061528205871582031e-04 8.009374141693115234e-04 8.054971694946289062e-04 7.866322994232177734e-04 7.708072662353515625e-04
8.317289676767356532e-01 1.395434141159057617e-03 1.385957002639770508e-03 1.378118991851806641e-03 1.372605562210083008e-03 1.367837190628051758e-03 1.371294260025024414e-03 1.388162374496459961e-03 1.363039016723632812e-03 1.394957304000854492e-03 1.384079456329345703e-03
8.381817296621235647e-01 -1.975536346435546875e-03 -1.964032649993896484e-03 -1.953423023223876953e-03 -1.971632242202758789e-03 -1.990139484405517578e-03 -1.974940299987792969e-03 -1.964837312698364258e-03 -1.957356929779052734e-03 -1.944273710250854492e-03 -1.959234476089477539e-03
8.446344916475114761e-01 1.718014478683471680e-03 1.714080572128295898e-03 1.717567443847656250e-03 1.718819141387939453e-03 1.725077629089355469e-03 1.721382141113281250e-03 1.705288887023925781e-03 1.710146665573120117e-03 1.694738864898681641e-03 1.694381237030029297e-03
8.510872536328993876e-01 6.248652935028076172e-04 6.219446659088134766e-04 6.190240383148193359e-04 6.104707717895507812e-04 6.101727485656738281e-04 6.275475025177001953e-04 6.249248981475830078e-04 6.062686443328857422e-04 6.287992000579833984e-04 6.401836872100830078e-04
8.575400156182872990e-01 -2.044051885604858398e-03 -2.027451992034912109e-03 -2.036988735198974609e-03 -2.018719911575317383e-03 -2.021461725234985352e-03 -2.015888690948486328e-03 -2.027094364166259766e-03 -2.006411552429199219e-03 -2.014756202697753906e-03 -2.022087574005126953e-03
8.639927776036752105e-01 1.311898231506347656e-03 1.316905021667480469e-03 1.306593418121337891e-03 1.305729150772094727e-03 1.321375370025634766e-03 1.300990581512451172e-03 1.309573650360107422e-03 1.311212778091430664e-03 1.308709383010864258e-03 1.307338476181030273e-03
8.704455395890630109e-01 -6.294250488281250000e-05 -7.060170173645019531e-05 -7.003545761108398438e-05 -9.584426879882812500e-05 -8.895993232727050781e-05 -8.589029312133789062e-05 -7.763504981994628906e-05 -7.688999176025390625e-05 -5.894899368286132812e-05 -7.015466690063476562e-05
8.768983015744509224e-01 -1.418620347976684570e-03 -1.410901546478271484e-03 -1.419484615325927734e-03 -1.410335302352905273e-03 -1.417309045791625977e-03 -1.409143209457397461e-03 -1.420289278030395508e-03 -1.410871744155883789e-03 -1.424849033355712891e-03 -1.413196325302124023e-03
8.833510635598388339e-01 1.592814922332763672e-03 1.596540212631225586e-03 1.593589782714843750e-03 1.602560281753540039e-03 1.603662967681884766e-03 1.584708690643310547e-03 1.582205295562744141e-03 1.592129468917846680e-03 1.593023538589477539e-03 1.595973968505859375e-03
8.898038255452267453e-01 -3.630518913269042969e-04 -3.724098205566406250e-04 -3.680884838104248047e-04 -3.857314586639404297e-04 -3.788769245147705078e-04 -3.749430179595947266e-04 -3.601610660552978516e-04 -3.781020641326904297e-04 -3.617703914642333984e-04 -3.672242164611816406e-04
8.962565875306146568e-01 -1.195996999740600586e-03 -1.194536685943603516e-03 -1.200586557388305664e-03 -1.206755638122558594e-03 -1.210927963256835938e-03 -1.197695732116699219e-03 -1.181721687316894531e-03 -1.184612512588500977e-03 -1.200377941131591797e-03 -1.198053359985351562e-03
9.027093495160025682e-01 1.417815685272216797e-03 1.412570476531982422e-03 1.420050859451293945e-03 1.406431198120117188e-03 1.413702964782714844e-03 1.418352127075195312e-03 1.413673162460327148e-03 1.420080661773681641e-03 1.412719488143920898e-03 1.419842243194580078e-03
9.091621115013904797e-01 -5.901753902435302734e-04 -5.843341350555419922e-04 -5.989074707031250000e-04 -5.904734134674072266e-04 -5.978047847747802734e-04 -5.978941917419433594e-04 -6.010830402374267578e-04 -6.028115749359130859e-04 -5.936622619628906250e-04 -5.908310413360595703e-04
9.156148734867783912e-01 -4.568099975585937500e-04 -4.602968692779541016e-04 -4.507005214691162109e-04 -4.521608352661132812e-04 -4.630982875823974609e-04 -4.541575908660888672e-04 -4.458129405975341797e-04 -4.520416259765625000e-04 -4.499852657318115234e-04 -4.454851150512695312e-04
9.220676354721663026e-01 1.360237598419189453e-03 1.357495784759521484e-03 1.363545656204223633e-03 1.350104808807373047e-03 1.360028982162475586e-03 1.357257366180419922e-03 1.334667205810546875e-03 1.359760761260986328e-03 1.344978809356689453e-03 1.363337039947509766e-03
9.285203974575542141e-01 -1.162678003311157227e-03 -1.159071922302246094e-03 -1.167625188827514648e-03 -1.162707805633544922e-03 -1.180946826934814453e-03 -1.174211502075195312e-03 -1.161277294158935547e-03 -1.176536083221435547e-03 -1.165896654129028320e-03 -1.164466142654418945e-03
9.349731594429421255e-01 -3.785192966461181641e-04 -3.794431686401367188e-04 -3.802478313446044922e-04 -3.784298896789550781e-04 -3.733336925506591797e-04 -3.792345523834228516e-04 -3.570020198822021484e-04 -3.705620765686035156e-04 -3.687441349029541016e-04 -3.699064254760742188e-04
9.414259214283300370e-01 1.564234495162963867e-03 1.558035612106323242e-03 1.550436019897460938e-03 1.571476459503173828e-03 1.559287309646606445e-03 1.556098461151123047e-03 1.563161611557006836e-03 1.556366682052612305e-03 1.563340425491333008e-03 1.555949449539184570e-03
9.478786834137179484e-01 -1.240432262420654297e-03 -1.237422227859497070e-03 -1.234531402587890625e-03 -1.251906156539916992e-03 -1.258432865142822266e-03 -1.246780157089233398e-03 -1.234143972396850586e-03 -1.240640878677368164e-03 -1.238495111465454102e-03 -1.241832971572875977e-03
9.543314453991058599e-01 -4.365444183349609375e-04 -4.415810108184814453e-04 -4.428327083587646484e-04 -4.295110702514648438e-04 -4.280507564544677734e-04 -4.309713840484619141e-04 -4.321336746215820312e-04 -4.305243492126464844e-04 -4.443228244781494141e-04 -4.301071166992187500e-04
9.607842073844936603e-01 1.604288816452026367e-03 1.602619886398315430e-03 1.597672700881958008e-03 1.604169607162475586e-03 1.611828804016113281e-03 1.597613096237182617e-03 1.591056585311889648e-03 1.594901084899902344e-03 1.593381166458129883e-03 1.598954200744628906e-03
9.672369693698815718e-01 -1.311540603637695312e-03 -1.306623220443725586e-03 -1.327991485595703125e-03 -1.327395439147949219e-03 -1.320481300354003906e-03 -1.297414302825927734e-03 -1.316279172897338867e-03 -1.315444707870483398e-03 -1.302450895309448242e-03 -1.315593719482421875e-03
9.736897313552694833e-01 -4.411041736602783203e-04 -4.404783248901367188e-04 -4.282295703887939453e-04 -4.345476627349853516e-04 -4.344582557678222656e-04 -4.364848136901855469e-04 -4.236400127410888672e-04 -4.231929779052734375e-04 -4.283785820007324219e-04 -4.362761974334716797e-04
9.801424933406573947e-01 1.687169075012207031e-03 1.690894365310668945e-03 1.695871353149414062e-03 1.679778099060058594e-03 1.689434051513671875e-03 1.686930656433105469e-03 1.674562692642211914e-03 1.698344945907592773e-03 1.694142818450927734e-03 1.678228378295898438e-03
9.865952553260453062e-01 -1.037448644638061523e-03 -1.046419143676757812e-03 -1.032292842864990234e-03 -1.043021678924560547e-03 -1.043856143951416016e-03 -1.045227050781250000e-03 -1.057088375091552734e-03 -1.046270132064819336e-03 -1.055926084518432617e-03 -1.051694154739379883e-03
9.930480173114332176e-01 -5.638301372528076172e-04 -5.775094032287597656e-04 -5.765259265899658203e-04 -5.604922771453857422e-04 -5.613863468170166016e-04 -5.855560302734375000e-04 -5.790293216705322266e-04 -5.722939968109130859e-04 -5.856752395629882812e-04 -5.822181701660156250e-04
9.995007792968211291e-01 1.392811536788940430e-03 1.389116048812866211e-03 1.389265060424804688e-03 1.392394304275512695e-03 1.387566328048706055e-03 1.406252384185791016e-03 1.392096281051635742e-03 1.394748687744140625e-03 1.399219036102294922e-03 1.391381025314331055e-03
1.005953541282209152e+00 -6.219744682312011719e-04 -6.037950515747070312e-04 -6.103515625000000000e-04 -6.299614906311035156e-04 -6.207227706909179688e-04 -6.310045719146728516e-04 -6.150901317596435547e-04 -6.090402603149414062e-04 -6.048083305358886719e-04 -6.195306777954101562e-04
1.012406303267596952e+00 -7.349848747253417969e-04 -7.387101650238037109e-04 -7.386803627014160156e-04 -7.350146770477294922e-04 -7.407069206237792969e-04 -7.366240024566650391e-04 -7.313191890716552734e-04 -7.224678993225097656e-04 -7.431507110595703125e-04 -7.390081882476806641e-04
1.018859065252984752e+00 1.041442155838012695e-03 1.040458679199218750e-03 1.044541597366333008e-03 1.048654317855834961e-03 1.044839620590209961e-03 1.058191061019897461e-03 1.043856143951416016e-03 1.037538051605224609e-03 1.041620969772338867e-03 1.048237085342407227e-03
1.025311827238372775e+00 -2.128183841705322266e-04 -2.153813838958740234e-04 -2.100765705108642578e-04 -2.171397209167480469e-04 -2.192854881286621094e-04 -2.265274524688720703e-04 -2.187788486480712891e-04 -2.118051052093505859e-04 -2.172291278839111328e-04 -2.130568027496337891e-04
1.031764589223760797e+00 -8.119344711303710938e-04 -8.021593093872070312e-04 -8.091032505035400391e-04 -8.048117160797119141e-04 -7.984638214111328125e-04 -8.074343204498291016e-04 -7.917582988739013672e-04 -8.074045181274414062e-04 -8.097887039184570312e-04 -7.990598678588867188e-04
1.038217351209148598e+00 6.783604621887207031e-04 6.825625896453857422e-04 6.833076477050781250e-04 6.864666938781738281e-04 6.889700889587402344e-04 6.827712059020996094e-04 6.757080554962158203e-04 6.830990314483642578e-04 6.895661354064941406e-04 6.851851940155029297e-04
1.044670113194536398e+00 4.284977912902832031e-04 4.252493381500244141e-04 4.387795925140380859e-04 4.381537437438964844e-04 4.217922687530517578e-04 4.287362098693847656e-04 4.329085350036621094e-04 4.295408725738525391e-04 4.380643367767333984e-04 4.301667213439941406e-04
1.051122875179924421e+00 -6.523430347442626953e-04 -6.661415100097656250e-04 -6.601214408874511719e-04 -6.574690341949462891e-04 -6.612539291381835938e-04 -6.648004055023193359e-04 -6.639659404754638672e-04 -6.643235683441162109e-04 -6.640851497650146484e-04 -6.507933139801025391e-04
1.057575637165312221e+00 -9.325146675109863281e-05 -8.291006088256835938e-05 -8.416175842285156250e-05 -8.276104927062988281e-05 -7.832050323486328125e-05 -8.380413055419921875e-05 -8.928775787353515625e-05 -1.035630702972412109e-04 -1.064240932464599609e-04 -9.343028068542480469e-05
1.064028399150700022e+00 3.752112388610839844e-04 3.680586814880371094e-04 3.800094127655029297e-04 3.821551799774169922e-04 3.723204135894775391e-04 3.907680511474609375e-04 3.931224346160888672e-04 3.888309001922607422e-04 3.867745399475097656e-04 3.759562969207763672e-04
1.070481161136088044e+00 -1.629889011383056641e-04 -1.557469367980957031e-04 -1.763403415679931641e-04 -1.618266105651855469e-04 -1.622140407562255859e-04 -1.537203788757324219e-04 -1.608431339263916016e-04 -1.606643199920654297e-04 -1.692473888397216797e-04 -1.625418663024902344e-04
1.076933923121476067e+00 -8.285045623779296875e-05 -8.258223533630371094e-05 -8.407235145568847656e-05 -7.775425910949707031e-05 -8.568167686462402344e-05 -8.416175842285156250e-05 -8.103251457214355469e-05 -8.744001388549804688e-05 -8.416175842285156250e-05 -9.414553642272949219e-05
1.083386685106863867e+00 2.858638763427734375e-04 2.686977386474609375e-04 2.650618553161621094e-04 2.948045730590820312e-04 2.790093421936035156e-04 2.749860286712646484e-04 2.872049808502197266e-04 2.733767032623291016e-04 2.743899822235107422e-04 2.751052379608154297e-04
1.089839447092251667e+00 -1.525282859802246094e-04 -1.531243324279785156e-04 -1.541972160339355469e-04 -1.565217971801757812e-04 -1.480281352996826172e-04 -1.489520072937011719e-04 -1.556873321533203125e-04 -1.517236232757568359e-04 -1.538097858428955078e-04 -1.506209373474121094e-04
1.096292209077639690e+00 -2.924799919128417969e-04 -2.965629100799560547e-04 -2.881586551666259766e-04 -2.827644348144531250e-04 -2.957880496978759766e-04 -2.999603748321533203e-04 -2.841949462890625000e-04 -3.066956996917724609e-04 -2.931058406829833984e-04 -2.813339233398437500e-04
1.102744971063027712e+00 -3.203749656677246094e-05 -4.237890243530273438e-05 -3.114342689514160156e-05 -2.962350845336914062e-05 -2.104043960571289062e-05 -2.914667129516601562e-05 -4.100799560546875000e-05 -3.358721733093261719e-05 -4.497170448303222656e-05 -3.090500831604003906e-05
1.109197733048415513e+00 2.359747886657714844e-04 2.368390560150146484e-04 2.483427524566650391e-04 2.377927303314208984e-04 2.394914627075195312e-04 2.404153347015380859e-04 2.417564392089843750e-04 2.478957176208496094e-04 2.654790878295898438e-04 2.401769161224365234e-04
1.115650495033803313e+00 -6.775259971618652344e-04 -6.676614284515380859e-04 -6.794631481170654297e-04 -6.842613220214843750e-04 -6.827712059020996094e-04 -6.764531135559082031e-04 -6.969273090362548828e-04 -6.883740425109863281e-04 -6.813406944274902344e-04 -6.763935089111328125e-04
1.122103257019191336e+00 -1.490712165832519531e-04 -1.367926597595214844e-04 -1.500844955444335938e-04 -1.363158226013183594e-04 -1.326203346252441406e-04 -1.461207866668701172e-04 -1.378357410430908203e-04 -1.390576362609863281e-04 -1.411139965057373047e-04 -1.268386840820312500e-04
1.128556019004579358e+00 4.893839359283447266e-04 4.997253417968750000e-04 4.944205284118652344e-04 4.972219467163085938e-04 4.821121692657470703e-04 4.931986331939697266e-04 4.924535751342773438e-04 4.910826683044433594e-04 4.889369010925292969e-04 4.967749118804931641e-04
1.135008780989967159e+00 -4.313290119171142578e-04 -4.412829875946044922e-04 -4.275143146514892578e-04 -4.352033138275146484e-04 -4.258751869201660156e-04 -4.235208034515380859e-04 -4.281401634216308594e-04 -4.426240921020507812e-04 -4.352033138275146484e-04 -4.172027111053466797e-04
1.141461542975354959e+00 -3.272891044616699219e-04 -3.292858600616455078e-04 -3.207325935363769531e-04 -3.319382667541503906e-04 -3.425478935241699219e-04 -3.319978713989257812e-04 -3.310143947601318359e-04 -3.263056278228759766e-04 -3.261566162109375000e-04 -3.308653831481933594e-04
1.147914304960742982e+00 4.901587963104248047e-04 4.984140396118164062e-04 4.917383193969726562e-04 4.884898662567138672e-04 5.012154579162597656e-04 4.876255989074707031e-04 5.008280277252197266e-04 4.913210868835449219e-04 4.969537258148193359e-04 4.912912845611572266e-04
1.154367066946130782e+00 4.082918167114257812e-05 4.333257675170898438e-05 3.057718276977539062e-05 3.239512443542480469e-05 3.820657730102539062e-05 2.709031105041503906e-05 3.257393836975097656e-05 4.056096076965332031e-05 3.728270530700683594e-05 3.826618194580078125e-05
1.160819828931518582e+00 -4.234015941619873047e-04 -4.149973392486572266e-04 -4.260838031768798828e-04 -4.065632820129394531e-04 -4.253983497619628906e-04 -4.246830940246582031e-04 -4.339218139648437500e-04 -4.288852214813232422e-04 -4.351139068603515625e-04 -4.325807094573974609e-04
1.167272590916906605e+00 2.350509166717529297e-04 2.199411392211914062e-04 2.243816852569580078e-04 2.259612083435058594e-04 2.216994762420654297e-04 2.306103706359863281e-04 2.335906028747558594e-04 2.308785915374755859e-04 2.175569534301757812e-04 2.256333827972412109e-04
1.173725352902294627e+00 2.385377883911132812e-04 2.283453941345214844e-04 2.357363700866699219e-04 2.322196960449218750e-04 2.363920211791992188e-04 2.290904521942138672e-04 2.231597900390625000e-04 2.305507659912109375e-04 2.408027648925781250e-04 2.249479293823242188e-04
1.180178114887682428e+00 -4.436671733856201172e-04 -4.478991031646728516e-04 -4.386305809020996094e-04 -4.278719425201416016e-04 -4.413425922393798828e-04 -4.305541515350341797e-04 -4.363954067230224609e-04 -4.317164421081542969e-04 -4.296600818634033203e-04 -4.445016384124755859e-04
1.186630876873070450e+00 1.895427703857421875e-05 8.344650268554687500e-06 -3.814697265625000000e-06 8.791685104370117188e-06 9.596347808837890625e-06 1.373887062072753906e-05 1.662969589233398438e-05 1.135468482971191406e-05 1.645088195800781250e-05 -5.781650543212890625e-06
1.193083638858458251e+00 5.511641502380371094e-04 5.463957786560058594e-04 5.612373352050781250e-04 5.493760108947753906e-04 5.574524402618408203e-04 5.392730236053466797e-04 5.410015583038330078e-04 5.504786968231201172e-04 5.447864532470703125e-04 5.460381507873535156e-04
1.199536400843846051e+00 -1.769065856933593750e-04 -1.729726791381835938e-04 -1.750290393829345703e-04 -1.827180385589599609e-04 -1.985728740692138672e-04 -1.837313175201416016e-04 -1.933574676513671875e-04 -1.834928989410400391e-04 -1.787543296813964844e-04 -1.713633537292480469e-04
1.205989162829234074e+00 -3.232359886169433594e-04 -3.263950347900390625e-04 -3.237128257751464844e-04 -3.350377082824707031e-04 -3.241002559661865234e-04 -3.111660480499267578e-04 -3.232955932617187500e-04 -3.188848495483398438e-04 -3.203451633453369141e-04 -3.205239772796630859e-04
1.212441924814621874e+00 4.304051399230957031e-04 4.357397556304931641e-04 4.284381866455078125e-04 4.316270351409912109e-04 4.301667213439941406e-04 4.427731037139892578e-04 4.290044307708740234e-04 4.321634769439697266e-04 4.225373268127441406e-04 4.237294197082519531e-04
1.218894686800009897e+00 1.600086688995361328e-04 1.455247402191162109e-04 1.457035541534423828e-04 1.511275768280029297e-04 1.512765884399414062e-04 1.478493213653564453e-04 1.471638679504394531e-04 1.452267169952392578e-04 1.531243324279785156e-04 1.491308212280273438e-04
1.225347448785397697e+00 -3.761053085327148438e-04 -3.825128078460693359e-04 -3.778934478759765625e-04 -3.770887851715087891e-04 -3.862977027893066406e-04 -3.861188888549804688e-04 -3.820359706878662109e-04 -3.808438777923583984e-04 -3.823935985565185547e-04 -3.900825977325439453e-04
1.231800210770785720e+00 3.032982349395751953e-04 2.904832363128662109e-04 2.963542938232421875e-04 2.927482128143310547e-04 2.909898757934570312e-04 3.004670143127441406e-04 3.062486648559570312e-04 2.992153167724609375e-04 2.839267253875732422e-04 3.028213977813720703e-04
1.238252972756173520e+00 2.116858959197998047e-04 2.134442329406738281e-04 2.122521400451660156e-04 2.273023128509521484e-04 2.080500125885009766e-04 2.174079418182373047e-04 2.302229404449462891e-04 2.159476280212402344e-04 2.225637435913085938e-04 2.204775810241699219e-04
1.244705734741561542e+00 -3.548264503479003906e-04 -3.526210784912109375e-04 -3.525912761688232422e-04 -3.407895565032958984e-04 -3.480315208435058594e-04 -3.437995910644531250e-04 -3.429949283599853516e-04 -3.542602062225341797e-04 -3.576278686523437500e-04 -3.565847873687744141e-04
1.251158496726949343e+00 -6.735324859619140625e-05 -3.781914710998535156e-05 -6.446242332458496094e-05 -6.580352783203125000e-05 -5.105137825012207031e-05 -6.106495857238769531e-05 -5.576014518737792969e-05 -5.799531936645507812e-05 -5.301833152770996094e-05 -5.406141281127929688e-05
1.257611258712337365e+00 3.904998302459716797e-04 3.901422023773193359e-04 3.852844238281250000e-04 3.875195980072021484e-04 3.950297832489013672e-04 3.807246685028076172e-04 3.892779350280761719e-04 3.800988197326660156e-04 3.798007965087890625e-04 3.868341445922851562e-04
1.264064020697725166e+00 -1.892447471618652344e-04 -1.851320266723632812e-04 -1.896917819976806641e-04 -1.965463161468505859e-04 -1.814663410186767578e-04 -1.664459705352783203e-04 -1.834332942962646484e-04 -1.718401908874511719e-04 -1.785755157470703125e-04 -1.734495162963867188e-04
1.270516782683113188e+00 -3.493726253509521484e-04 -3.501474857330322266e-04 -3.544986248016357422e-04 -3.567636013031005859e-04 -3.450512886047363281e-04 -3.457963466644287109e-04 -3.566145896911621094e-04 -3.547370433807373047e-04 -3.398954868316650391e-04 -3.530979156494140625e-04
1.276969544668500989e+00 3.579258918762207031e-04 3.651678562164306641e-04 3.744959831237792969e-04 3.637969493865966797e-04 3.522634506225585938e-04 3.683567047119140625e-04 3.635585308074951172e-04 3.645718097686767578e-04 3.594458103179931641e-04 3.670752048492431641e-04
1.283422306653888789e+00 3.701448440551757812e-05 4.556775093078613281e-05 3.972649574279785156e-05 4.467368125915527344e-05 2.944469451904296875e-05 2.622604370117187500e-05 4.005432128906250000e-05 4.208087921142578125e-05 4.860758781433105469e-05 4.217028617858886719e-05
1.289875068639276812e+00 -3.890991210937500000e-04 -3.916919231414794922e-04 -3.929734230041503906e-04 -3.842413425445556641e-04 -3.898441791534423828e-04 -3.911256790161132812e-04 -3.762245178222656250e-04 -3.844797611236572266e-04 -3.964304924011230469e-04 -3.820955753326416016e-04
1.296327830624664612e+00 2.875030040740966797e-04 2.856552600860595703e-04 2.877712249755859375e-04 2.847611904144287109e-04 2.855062484741210938e-04 2.825856208801269531e-04 2.827346324920654297e-04 2.801120281219482422e-04 2.853274345397949219e-04 2.862215042114257812e-04
1.302780592610052635e+00 1.170933246612548828e-04 1.085996627807617188e-04 1.000463962554931641e-04 1.017749309539794922e-04 1.183748245239257812e-04 1.021027565002441406e-04 1.197457313537597656e-04 1.100003719329833984e-04 1.120567321777343750e-04 1.116394996643066406e-04
1.309233354595440435e+00 -3.706216812133789062e-04 -3.696978092193603516e-04 -3.853142261505126953e-04 -3.655254840850830078e-04 -3.769099712371826172e-04 -3.812611103057861328e-04 -3.829598426818847656e-04 -3.779530525207519531e-04 -3.775954246520996094e-04 -3.707706928253173828e-04
1.315686116580828458e+00 2.424716949462890625e-04 2.423822879791259766e-04 2.264380455017089844e-04 2.376437187194824219e-04 2.378821372985839844e-04 2.344548702239990234e-04 2.340972423553466797e-04 2.333819866180419922e-04 2.413392066955566406e-04 2.346336841583251953e-04
1.322138878566216258e+00 1.572072505950927734e-04 1.562833786010742188e-04 1.586675643920898438e-04 1.620352268218994141e-04 1.644790172576904297e-04 1.599490642547607422e-04 1.514554023742675781e-04 1.604557037353515625e-04 1.618564128875732422e-04 1.654326915740966797e-04
1.328591640551604280e+00 -2.509355545043945312e-04 -2.692341804504394531e-04 -2.545118331909179688e-04 -2.439320087432861328e-04 -2.625584602355957031e-04 -2.596080303192138672e-04 -2.487301826477050781e-04 -2.601444721221923828e-04 -2.594292163848876953e-04 -2.627670764923095703e-04
1.335044402536992081e+00 6.115436553955078125e-05 4.985928535461425781e-05 5.614757537841796875e-05 5.140900611877441406e-05 4.866719245910644531e-05 5.683302879333496094e-05 4.655122756958007812e-05 4.664063453674316406e-05 5.075335502624511719e-05 4.014372825622558594e-05
1.341497164522380103e+00 9.933114051818847656e-05 8.964538574218750000e-05 9.331107139587402344e-05 9.253621101379394531e-05 1.021623611450195312e-04 8.913874626159667969e-05 1.007616519927978516e-04 9.104609489440917969e-05 8.976459503173828125e-05 9.274482727050781250e-05
1.347949926507767904e+00 -1.695752143859863281e-05 -1.707673072814941406e-05 -2.607703208923339844e-05 -7.659196853637695312e-06 -3.197789192199707031e-05 -2.950429916381835938e-05 -1.743435859680175781e-05 -2.175569534301757812e-05 -1.209974288940429688e-05 -1.755356788635253906e-05
1.354402688493155926e+00 8.505582809448242188e-05 7.721781730651855469e-05 7.703900337219238281e-05 7.295608520507812500e-05 6.967782974243164062e-05 6.750226020812988281e-05 6.827712059020996094e-05 7.751584053039550781e-05 6.741285324096679688e-05 7.390975952148437500e-05
1.360855450478543727e+00 -1.049637794494628906e-04 -1.177489757537841797e-04 -1.097321510314941406e-04 -1.204609870910644531e-04 -1.102387905120849609e-04 -1.242160797119140625e-04 -1.191794872283935547e-04 -1.091361045837402344e-04 -1.253783702850341797e-04 -1.184046268463134766e-04
1.367308212463931749e+00 -8.144974708557128906e-05 -8.416175842285156250e-05 -9.223818778991699219e-05 -8.878111839294433594e-05 -8.240342140197753906e-05 -8.913874626159667969e-05 -8.982419967651367188e-05 -1.008808612823486328e-04 -9.298324584960937500e-05 -9.945034980773925781e-05
1.373760974449319550e+00 9.286403656005859375e-05 9.188055992126464844e-05 9.858608245849609375e-05 9.617209434509277344e-05 9.503960609436035156e-05 8.186697959899902344e-05 1.051425933837890625e-04 1.001060009002685547e-04 1.048147678375244141e-04 9.244680404663085938e-05
1.380213736434707350e+00 -2.552866935729980469e-04 -2.740025520324707031e-04 -2.632141113281250000e-04 -2.560317516326904297e-04 -2.632141113281250000e-04 -2.525150775909423828e-04 -2.740025520324707031e-04 -2.582371234893798828e-04 -2.630054950714111328e-04 -2.511739730834960938e-04
1.386666498420095373e+00 1.743435859680175781e-04 1.617968082427978516e-04 1.824200153350830078e-04 1.764595508575439453e-04 1.766979694366455078e-04 1.815259456634521484e-04 1.779198646545410156e-04 1.839697360992431641e-04 1.875162124633789062e-04 1.851022243499755859e-04
1.393119260405483173e+00 2.706050872802734375e-04 2.604424953460693359e-04 2.574324607849121094e-04 2.713501453399658203e-04 2.601444721221923828e-04 2.653896808624267578e-04 2.553462982177734375e-04 2.550780773162841797e-04 2.573728561401367188e-04 2.644062042236328125e-04
1.399572022390871195e+00 -5.005598068237304688e-04 -5.028843879699707031e-04 -4.892349243164062500e-04 -4.964172840118408203e-04 -4.990100860595703125e-04 -4.986822605133056641e-04 -4.994869232177734375e-04 -4.835426807403564453e-04 -4.928112030029296875e-04 -4.909634590148925781e-04
1.406024784376258996e+00 2.216696739196777344e-04 2.202987670898437500e-04 2.146959304809570312e-04 2.194344997406005859e-04 2.251565456390380859e-04 2.284049987792968750e-04 2.214312553405761719e-04 2.258718013763427734e-04 2.217590808868408203e-04 2.186000347137451172e-04
1.412477546361647018e+00 1.469552516937255859e-04 1.448392868041992188e-04 1.350641250610351562e-04 1.415908336639404297e-04 1.472234725952148438e-04 1.342296600341796875e-04 1.546442508697509766e-04 1.380443572998046875e-04 1.395046710968017578e-04 1.443326473236083984e-04
1.418930308347034819e+00 -3.252327442169189453e-04 -3.457069396972656250e-04 -3.479123115539550781e-04 -3.367364406585693359e-04 -3.382563591003417969e-04 -3.381073474884033203e-04 -3.382265567779541016e-04 -3.303885459899902344e-04 -3.409683704376220703e-04 -3.283023834228515625e-04
1.425383070332422841e+00 2.423524856567382812e-04 2.591311931610107422e-04 2.646744251251220703e-04 2.469718456268310547e-04 2.557039260864257812e-04 2.499222755432128906e-04 2.483725547790527344e-04 2.625584602355957031e-04 2.467334270477294922e-04 2.496242523193359375e-04
1.431835832317810642e+00 2.501308917999267578e-04 2.545118331909179688e-04 2.526640892028808594e-04 2.592802047729492188e-04 2.633631229400634766e-04 2.580583095550537109e-04 2.669095993041992188e-04 2.615153789520263672e-04 2.562701702117919922e-04 2.516806125640869141e-04
1.438288594303198664e+00 -5.342960357666015625e-04 -5.491077899932861328e-04 -5.418062210083007812e-04 -5.289316177368164062e-04 -5.543231964111328125e-04 -5.423128604888916016e-04 -5.389451980590820312e-04 -5.373060703277587891e-04 -5.389750003814697266e-04 -5.439817905426025391e-04
1.444741356288586465e+00 1.176297664642333984e-04 1.166760921478271484e-04 1.137852668762207031e-04 1.198351383209228516e-04 9.781122207641601562e-05 1.183450222015380859e-04 1.121759414672851562e-04 1.313686370849609375e-04 1.212954521179199219e-04 1.260340213775634766e-04
1.451194118273974487e+00 4.372596740722656250e-04 4.429221153259277344e-04 4.377365112304687500e-04 4.356205463409423828e-04 4.449188709259033203e-04 4.367530345916748047e-04 4.394948482513427734e-04 4.359483718872070312e-04 4.374682903289794922e-04 4.289746284484863281e-04
1.457646880259362288e+00 -3.126263618469238281e-04 -3.114640712738037109e-04 -3.239214420318603516e-04 -3.049373626708984375e-04 -3.195106983184814453e-04 -3.098845481872558594e-04 -3.139674663543701172e-04 -3.092586994171142578e-04 -3.161132335662841797e-04 -3.128647804260253906e-04
1.464099642244750310e+00 2.261102199554443359e-04 2.214908599853515625e-04 2.184212207794189453e-04 2.240538597106933594e-04 2.012550830841064453e-04 2.137124538421630859e-04 2.015531063079833984e-04 2.216994762420654297e-04 2.175569534301757812e-04 2.171695232391357422e-04
1.470552404230138110e+00 2.315044403076171875e-04 2.416968345642089844e-04 2.228617668151855469e-04 2.381503582000732422e-04 2.349019050598144531e-04 2.413094043731689453e-04 2.378225326538085938e-04 2.349317073822021484e-04 2.290904521942138672e-04 2.360939979553222656e-04
1.477005166215525911e+00 -2.720057964324951172e-04 -2.702772617340087891e-04 -2.759695053100585938e-04 -2.756714820861816406e-04 -2.746284008026123047e-04 -2.732276916503906250e-04 -2.682805061340332031e-04 -2.670288085937500000e-04 -2.660155296325683594e-04 -2.797842025756835938e-04
1.483457928200913933e+00 3.272294998168945312e-05 2.008676528930664062e-05 2.813339233398437500e-05 1.806020736694335938e-05 1.475214958190917969e-05 2.038478851318359375e-05 4.947185516357421875e-06 2.020597457885742188e-05 1.502037048339843750e-05 1.245737075805664062e-05
1.489910690186301734e+00 2.114772796630859375e-04 2.249777317047119141e-04 2.101063728332519531e-04 2.233088016510009766e-04 2.202689647674560547e-04 2.199709415435791016e-04 2.204775810241699219e-04 2.199411392211914062e-04 2.264380455017089844e-04 2.343356609344482422e-04
1.496363452171689756e+00 -1.429021358489990234e-04 -1.493394374847412109e-04 -1.583099365234375000e-04 -1.626312732696533203e-04 -1.536309719085693359e-04 -1.544952392578125000e-04 -1.538097858428955078e-04 -1.582503318786621094e-04 -1.543760299682617188e-04 -1.637637615203857422e-04
1.502816214157077557e+00 -1.925230026245117188e-05 -1.642107963562011719e-05 -1.141428947448730469e-05 -9.566545486450195312e-06 -1.057982444763183594e-05 -1.445412635803222656e-05 -1.138448715209960938e-05 -1.165270805358886719e-05 -1.704692840576171875e-05 -1.710653305053710938e-05
1.509268976142465579e+00 9.754300117492675781e-05 9.843707084655761719e-05 1.065731048583984375e-04 9.569525718688964844e-05 8.177757263183593750e-05 8.612871170043945312e-05 8.720159530639648438e-05 9.274482727050781250e-05 9.229779243469238281e-05 9.334087371826171875e-05
1.515721738127853380e+00 -6.118416786193847656e-05 -6.112456321716308594e-05 -6.523728370666503906e-05 -5.972385406494140625e-05 -7.039308547973632812e-05 -7.751584053039550781e-05 -7.736682891845703125e-05 -5.072355270385742188e-05 -6.061792373657226562e-05 -7.238984107971191406e-05
1.522174500113241402e+00 5.447864532470703125e-05 5.462765693664550781e-05 5.650520324707031250e-05 6.476044654846191406e-05 6.297230720520019531e-05 5.570054054260253906e-05 5.254149436950683594e-05 4.807114601135253906e-05 4.744529724121093750e-05 5.474686622619628906e-05
1.528627262098629203e+00 1.057982444763183594e-05 9.208917617797851562e-06 9.000301361083984375e-06 1.046061515808105469e-05 5.513429641723632812e-06 7.688999176025390625e-06 5.245208740234375000e-06 1.597404479980468750e-05 1.090764999389648438e-05 8.285045623779296875e-06
1.535080024084017225e+00 -6.869435310363769531e-05 -4.312396049499511719e-05 -6.264448165893554688e-05 -6.404519081115722656e-05 -6.151199340820312500e-05 -6.651878356933593750e-05 -5.835294723510742188e-05 -5.510449409484863281e-05 -6.487965583801269531e-05 -6.034970283508300781e-05
1.541532786069405025e+00 3.093481063842773438e-05 3.665685653686523438e-05 4.547834396362304688e-05 3.486871719360351562e-05 3.734230995178222656e-05 3.373622894287109375e-05 4.056096076965332031e-05 3.397464752197265625e-05 4.968047142028808594e-05 5.021691322326660156e-05
1.547985548054793048e+00 -3.382563591003417969e-05 -3.418326377868652344e-05 -2.294778823852539062e-05 -2.211332321166992188e-05 -3.227591514587402344e-05 -2.214312553405761719e-05 -1.940131187438964844e-05 -4.100799560546875000e-05 -1.576542854309082031e-05 -2.789497375488281250e-05
1.554438310040180848e+00 -3.346800804138183594e-05 -2.446770668029785156e-05 -2.562999725341796875e-05 -2.777576446533203125e-05 -2.321600914001464844e-05 -3.364682197570800781e-05 -2.703070640563964844e-05 -3.626942634582519531e-05 -3.084540367126464844e-05 -1.820921897888183594e-05
1.560891072025568649e+00 1.137256622314453125e-04 1.150965690612792969e-04 1.142024993896484375e-04 1.046061515808105469e-04 1.113414764404296875e-04 1.119375228881835938e-04 1.134574413299560547e-04 1.048743724822998047e-04 1.052320003509521484e-04 1.097619533538818359e-04
1.567343834010956671e+00 -1.184940338134765625e-04 -1.214742660522460938e-04 -1.159608364105224609e-04 -1.215636730194091797e-04 -1.164674758911132812e-04 -1.078248023986816406e-04 -1.212358474731445312e-04 -1.135170459747314453e-04 -1.034140586853027344e-04 -1.102983951568603516e-04
1.573796595996344472e+00 -1.236796379089355469e-05 -2.014636993408203125e-05 -1.022219657897949219e-05 -2.390146255493164062e-05 -9.775161743164062500e-06 -8.672475814819335938e-06 -1.662969589233398438e-05 -8.821487426757812500e-06 -1.803040504455566406e-05 -1.227855682373046875e-05
1.580249357981732494e+00 9.799003601074218750e-05 9.068846702575683594e-05 9.357929229736328125e-05 8.657574653625488281e-05 9.006261825561523438e-05 8.985400199890136719e-05 9.176135063171386719e-05 9.128451347351074219e-05 8.538365364074707031e-05 9.393692016601562500e-05
1.586702119967120295e+00 -1.263618469238281250e-04 -1.201033592224121094e-04 -1.176893711090087891e-04 -1.136064529418945312e-04 -1.034438610076904297e-04 -1.148581504821777344e-04 -1.160502433776855469e-04 -1.302063465118408203e-04 -1.237392425537109375e-04 -1.144409179687500000e-04
1.593154881952508317e+00 2.285838127136230469e-05 3.299117088317871094e-05 3.635883331298828125e-05 3.004074096679687500e-05 2.574920654296875000e-05 3.790855407714843750e-05 3.513693809509277344e-05 2.682209014892578125e-05 3.242492675781250000e-05 2.646446228027343750e-05
1.599607643937896118e+00 9.348988533020019531e-05 8.854269981384277344e-05 9.280443191528320312e-05 8.440017700195312500e-05 8.293986320495605469e-05 8.961558341979980469e-05 1.010298728942871094e-04 9.527802467346191406e-05 7.301568984985351562e-05 9.995698928833007812e-05
1.606060405923284140e+00 -1.002550125122070312e-04 -1.103281974792480469e-04 -9.289383888244628906e-05 -1.065433025360107422e-04 -1.043081283569335938e-04 -9.971857070922851562e-05 -9.924173355102539062e-05 -1.103579998016357422e-04 -1.045167446136474609e-04 -1.010000705718994141e-04
1.612513167908671941e+00 2.157688140869140625e-05 3.120303153991699219e-05 1.445412635803222656e-05 3.021955490112304688e-05 1.999735832214355469e-05 2.425909042358398438e-05 2.637505531311035156e-05 1.791119575500488281e-05 3.102421760559082031e-05 2.187490463256835938e-05
1.618965929894059963e+00 3.007054328918457031e-05 3.603100776672363281e-05 3.516674041748046875e-05 3.734230995178222656e-05 4.014372825622558594e-05 3.984570503234863281e-05 2.822279930114746094e-05 3.916025161743164062e-05 3.752112388610839844e-05 3.144145011901855469e-05
1.625418691879447763e+00 -6.669759750366210938e-05 -7.724761962890625000e-05 -7.203221321105957031e-05 -7.495284080505371094e-05 -6.136298179626464844e-05 -6.654858589172363281e-05 -6.055831909179687500e-05 -6.884336471557617188e-05 -6.437301635742187500e-05 -6.848573684692382812e-05
1.631871453864835786e+00 1.603364944458007812e-05 2.890825271606445312e-06 3.188848495483398438e-06 6.824731826782226562e-06 2.890825271606445312e-06 6.586313247680664062e-06 9.834766387939453125e-07 9.149312973022460938e-06 6.169080734252929688e-06 2.086162567138671875e-06
1.638324215850223586e+00 6.067752838134765625e-05 5.993247032165527344e-05 5.146861076354980469e-05 6.583333015441894531e-05 6.210803985595703125e-05 6.926059722900390625e-05 5.325675010681152344e-05 6.210803985595703125e-05 5.480647087097167969e-05 5.045533180236816406e-05
1.644776977835611609e+00 -5.629658699035644531e-05 -7.268786430358886719e-05 -6.607174873352050781e-05 -7.164478302001953125e-05 -6.806850433349609375e-05 -6.848573684692382812e-05 -7.799267768859863281e-05 -7.408857345581054688e-05 -7.444620132446289062e-05 -7.241964340209960938e-05
1.651229739820999409e+00 1.192092895507812500e-05 8.314847946166992188e-06 9.596347808837890625e-06 1.427531242370605469e-05 9.953975677490234375e-06 1.350045204162597656e-05 2.053380012512207031e-05 1.016259193420410156e-05 1.329183578491210938e-05 1.001358032226562500e-05
1.657682501806387210e+00 8.529424667358398438e-05 8.544325828552246094e-05 7.924437522888183594e-05 8.597970008850097656e-05 9.086728096008300781e-05 9.390711784362792969e-05 8.624792098999023438e-05 9.477138519287109375e-05 8.279085159301757812e-05 7.334351539611816406e-05
1.664135263791775232e+00 -6.845593452453613281e-05 -6.270408630371093750e-05 -7.188320159912109375e-05 -6.321072578430175781e-05 -5.891919136047363281e-05 -6.031990051269531250e-05 -7.358193397521972656e-05 -5.584955215454101562e-05 -5.280971527099609375e-05 -5.090236663818359375e-05
1.670588025777163033e+00 -2.780556678771972656e-05 -3.361701965332031250e-05 -3.531575202941894531e-05 -2.461671829223632812e-05 -4.640221595764160156e-05 -3.796815872192382812e-05 -2.861022949218750000e-05 -3.674626350402832031e-05 -4.440546035766601562e-05 -2.953410148620605469e-05
1.677040787762551055e+00 -1.215934753417968750e-05 -7.092952728271484375e-06 1.847743988037109375e-06 -1.266598701477050781e-05 -7.152557373046875000e-06 -1.406669616699218750e-05 -4.768371582031250000e-07 -6.586313247680664062e-06 -1.239776611328125000e-05 -1.490116119384765625e-06
1.683493549747938856e+00 -3.534555435180664062e-05 -3.123283386230468750e-05 -3.811717033386230469e-05 -2.756714820861816406e-05 -3.573298454284667969e-05 -2.202391624450683594e-05 -4.100799560546875000e-05 -4.225969314575195312e-05 -2.670288085937500000e-05 -3.251433372497558594e-05
1.689946311733326878e+00 1.636147499084472656e-04 1.578629016876220703e-04 1.579225063323974609e-04 1.585185527801513672e-04 1.653432846069335938e-04 1.608431339263916016e-04 1.609921455383300781e-04 1.634955406188964844e-04 1.609623432159423828e-04 1.578032970428466797e-04
1.696399073718714678e+00 6.276369094848632812e-05 6.085634231567382812e-05 5.197525024414062500e-05 7.155537605285644531e-05 7.241964340209960938e-05 6.145238876342773438e-05 5.415081977844238281e-05 7.259845733642578125e-05 7.510185241699218750e-05 5.424022674560546875e-05
1.702851835704102701e+00 -1.604557037353515625e-04 -1.620948314666748047e-04 -1.488327980041503906e-04 -1.446604728698730469e-04 -1.598894596099853516e-04 -1.596808433532714844e-04 -1.555979251861572266e-04 -1.562535762786865234e-04 -1.483857631683349609e-04 -1.594126224517822266e-04
1.709304597689490501e+00 3.951787948608398438e-05 3.325939178466796875e-05 3.108382225036621094e-05 4.294514656066894531e-05 3.385543823242187500e-05 3.322958946228027344e-05 2.405047416687011719e-05 2.819299697875976562e-05 4.479289054870605469e-05 3.644824028015136719e-05
1.715757359674878524e+00 2.756714820861816406e-05 3.400444984436035156e-05 3.781914710998535156e-05 3.266334533691406250e-05 4.085898399353027344e-05 3.409385681152343750e-05 3.769993782043457031e-05 2.956390380859375000e-05 3.814697265625000000e-05 4.175305366516113281e-05
1.722210121660266324e+00 -8.028745651245117188e-05 -9.968876838684082031e-05 -9.766221046447753906e-05 -9.611248970031738281e-05 -9.039044380187988281e-05 -9.122490882873535156e-05 -8.702278137207031250e-05 -9.384751319885253906e-05 -9.453296661376953125e-05 -9.903311729431152344e-05
1.728662883645654347e+00 2.938508987426757812e-05 1.689791679382324219e-05 2.503395080566406250e-05 1.618266105651855469e-05 1.463294029235839844e-05 1.788139343261718750e-05 2.542138099670410156e-05 2.858042716979980469e-05 2.062320709228515625e-05 2.303719520568847656e-05
1.735115645631042147e+00 5.784630775451660156e-05 4.813075065612792969e-05 5.140900611877441406e-05 5.519390106201171875e-05 4.899501800537109375e-05 5.111098289489746094e-05 5.212426185607910156e-05 4.512071609497070312e-05 5.447864532470703125e-05 5.218386650085449219e-05
1.741568407616429948e+00 -6.303191184997558594e-05 -6.529688835144042969e-05 -5.698204040527343750e-05 -5.742907524108886719e-05 -6.896257400512695312e-05 -6.598234176635742188e-05 -6.717443466186523438e-05 -6.943941116333007812e-05 -5.987286567687988281e-05 -5.090236663818359375e-05
1.748021169601817970e+00 2.342462539672851562e-05 1.391768455505371094e-05 3.024935722351074219e-05 3.299117088317871094e-05 2.291798591613769531e-05 2.375245094299316406e-05 2.568960189819335938e-05 2.068281173706054688e-05 1.859664916992187500e-05 2.905726432800292969e-05
1.754473931587205771e+00 1.306533813476562500e-04 1.274347305297851562e-04 1.174509525299072266e-04 1.169443130493164062e-04 1.236200332641601562e-04 1.330673694610595703e-04 1.135766506195068359e-04 1.328587532043457031e-04 1.387596130371093750e-04 1.229047775268554688e-04
1.760926693572593793e+00 -3.838539123535156250e-05 -3.540515899658203125e-05 -3.558397293090820312e-05 -2.697110176086425781e-05 -3.427267074584960938e-05 -3.764033317565917969e-05 -2.789497375488281250e-05 -3.618001937866210938e-05 -4.261732101440429688e-05 -4.348158836364746094e-05
1.767379455557981593e+00 8.642673492431640625e-06 1.704692840576171875e-05 2.682209014892578125e-05 1.546740531921386719e-05 1.895427703857421875e-05 2.059340476989746094e-05 1.850724220275878906e-05 2.047419548034667969e-05 1.567602157592773438e-05 1.880526542663574219e-05
1.773832217543369616e+00 8.463859558105468750e-05 9.077787399291992188e-05 1.018047332763671875e-04 9.280443191528320312e-05 8.586049079895019531e-05 9.196996688842773438e-05 9.047985076904296875e-05 9.724497795104980469e-05 9.447336196899414062e-05 9.387731552124023438e-05
1.780284979528757416e+00 -4.053115844726562500e-05 -4.592537879943847656e-05 -5.641579627990722656e-05 -4.413723945617675781e-05 -5.140900611877441406e-05 -4.363059997558593750e-05 -5.206465721130371094e-05 -4.711747169494628906e-05 -3.874301910400390625e-05 -5.391240119934082031e-05
1.786737741514145439e+00 -1.005530357360839844e-04 -1.001656055450439453e-04 -9.775161743164062500e-05 -9.661912918090820312e-05 -9.211897850036621094e-05 -9.465217590332031250e-05 -9.492039680480957031e-05 -8.651614189147949219e-05 -1.054406166076660156e-04 -9.530782699584960938e-05
1.793190503499533239e+00 8.949637413024902344e-05 8.198618888854980469e-05 9.721517562866210938e-05 9.787082672119140625e-05 9.253621101379394531e-05 8.463859558105468750e-05 8.913874626159667969e-05 9.554624557495117188e-05 8.803606033325195312e-05 9.346008300781250000e-05
1.799643265484921262e+00 7.507205009460449219e-05 7.706880569458007812e-05 7.483363151550292969e-05 7.310509681701660156e-05 7.086992263793945312e-05 8.115172386169433594e-05 7.718801498413085938e-05 6.696581840515136719e-05 7.265806198120117188e-05 6.985664367675781250e-05
1.806096027470309062e+00 -4.073977470397949219e-05 -4.354119300842285156e-05 -4.616379737854003906e-05 -5.087256431579589844e-05 -3.874301910400390625e-05 -4.056096076965332031e-05 -4.857778549194335938e-05 -5.719065666198730469e-05 -5.671381950378417969e-05 -3.105401992797851562e-05
1.812548789455697085e+00 1.074373722076416016e-04 9.629130363464355469e-05 1.007318496704101562e-04 1.021325588226318359e-04 1.021623611450195312e-04 1.079738140106201172e-04 1.041293144226074219e-04 1.094341278076171875e-04 1.012980937957763672e-04 1.013278961181640625e-04
1.819001551441084885e+00 -9.089708328247070312e-06 9.953975677490234375e-06 8.642673492431640625e-07 -2.026557922363281250e-06 4.529953002929687500e-06 9.536743164062500000e-07 6.556510925292968750e-07 8.225440979003906250e-06 5.424022674560546875e-06 -4.768371582031250000e-07
1.825454313426472908e+00 -1.173615455627441406e-04 -1.114904880523681641e-04 -1.140236854553222656e-04 -1.236498355865478516e-04 -1.188814640045166016e-04 -1.273155212402343750e-04 -1.201033592224121094e-04 -1.131892204284667969e-04 -1.186132431030273438e-04 -1.232326030731201172e-04
1.831907075411860708e+00 8.150935173034667969e-05 8.189678192138671875e-05 7.784366607666015625e-05 6.544589996337890625e-05 9.059906005859375000e-05 6.821751594543457031e-05 7.939338684082031250e-05 7.921457290649414062e-05 7.632374763488769531e-05 9.107589721679687500e-05
1.838359837397248508e+00 2.780556678771972656e-05 3.063678741455078125e-05 2.864003181457519531e-05 1.916289329528808594e-05 2.875924110412597656e-05 9.149312973022460938e-06 2.637505531311035156e-05 1.695752143859863281e-05 1.516938209533691406e-05 3.436207771301269531e-05
1.844812599382636531e+00 -1.080036163330078125e-04 -1.019537448883056641e-04 -1.192986965179443359e-04 -1.062750816345214844e-04 -1.074075698852539062e-04 -1.098215579986572266e-04 -1.029372215270996094e-04 -1.134574413299560547e-04 -1.134276390075683594e-04 -1.058578491210937500e-04
1.851265361368024331e+00 1.142621040344238281e-04 1.033544540405273438e-04 1.069903373718261719e-04 1.051723957061767578e-04 1.071393489837646484e-04 1.098811626434326172e-04 1.035034656524658203e-04 1.023113727569580078e-04 9.962916374206542969e-05 1.130998134613037109e-04
1.857718123353412354e+00 3.433227539062500000e-05 3.910064697265625000e-05 3.540515899658203125e-05 4.690885543823242188e-05 3.820657730102539062e-05 4.422664642333984375e-05 4.863739013671875000e-05 3.254413604736328125e-05 4.467368125915527344e-05 3.707408905029296875e-05
1.864170885338800154e+00 -1.671612262725830078e-04 -1.565814018249511719e-04 -1.695454120635986328e-04 -1.462399959564208984e-04 -1.662075519561767578e-04 -1.618266105651855469e-04 -1.517534255981445312e-04 -1.513063907623291016e-04 -1.503825187683105469e-04 -1.529455184936523438e-04
1.870623647324188177e+00 9.387731552124023438e-05 8.177757263183593750e-05 8.276104927062988281e-05 8.282065391540527344e-05 9.113550186157226562e-05 8.866190910339355469e-05 8.666515350341796875e-05 1.000165939331054688e-04 8.738040924072265625e-05 9.188055992126464844e-05
1.877076409309575977e+00 1.045763492584228516e-04 1.062154769897460938e-04 1.101493835449218750e-04 9.089708328247070312e-05 1.001358032226562500e-04 1.013278961181640625e-04 9.977817535400390625e-05 1.101493835449218750e-04 9.772181510925292969e-05 1.052916049957275391e-04
1.883529171294964000e+00 -2.312958240509033203e-04 -2.495348453521728516e-04 -2.367496490478515625e-04 -2.523958683013916016e-04 -2.351403236389160156e-04 -2.414584159851074219e-04 -2.410113811492919922e-04 -2.565979957580566406e-04 -2.396404743194580078e-04 -2.463459968566894531e-04
1.889981933280351800e+00 8.553266525268554688e-05 7.924437522888183594e-05 8.735060691833496094e-05 9.343028068542480469e-05 9.220838546752929688e-05 8.669495582580566406e-05 7.471442222595214844e-05 9.462237358093261719e-05 8.887052536010742188e-05 9.471178054809570312e-05
1.896434695265739823e+00 1.783072948455810547e-04 1.815557479858398438e-04 1.882314682006835938e-04 1.848936080932617188e-04 1.778900623321533203e-04 1.806616783142089844e-04 1.895725727081298828e-04 1.894235610961914062e-04 1.897811889648437500e-04 1.890957355499267578e-04
1.902887457251127623e+00 -2.658367156982421875e-04 -2.785623073577880859e-04 -2.623796463012695312e-04 -2.695620059967041016e-04 -2.765059471130371094e-04 -2.740025520324707031e-04 -2.746880054473876953e-04 -2.789497375488281250e-04 -2.720952033996582031e-04 -2.734959125518798828e-04
1.909340219236515646e+00 1.088380813598632812e-04 1.088082790374755859e-04 9.498000144958496094e-05 1.000761985778808594e-04 1.062154769897460938e-04 1.067221164703369141e-04 1.085698604583740234e-04 1.150965690612792969e-04 1.051425933837890625e-04 1.134276390075683594e-04
1.915792981221903446e+00 2.627670764923095703e-04 2.579391002655029297e-04 2.613663673400878906e-04 2.582073211669921875e-04 2.588331699371337891e-04 2.619922161102294922e-04 2.543330192565917969e-04 2.569556236267089844e-04 2.654492855072021484e-04 2.551674842834472656e-04
1.922245743207291468e+00 -4.055202007293701172e-04 -4.062950611114501953e-04 -4.075765609741210938e-04 -4.232525825500488281e-04 -4.031360149383544922e-04 -4.123747348785400391e-04 -4.060566425323486328e-04 -4.135370254516601562e-04 -4.051625728607177734e-04 -4.110336303710937500e-04
1.928698505192679269e+00 1.930892467498779297e-04 1.866817474365234375e-04 1.919269561767578125e-04 1.999735832214355469e-04 2.026259899139404297e-04 2.040565013885498047e-04 1.954138278961181641e-04 2.011358737945556641e-04 1.824498176574707031e-04 2.000331878662109375e-04
1.935151267178067069e+00 3.488361835479736328e-04 3.555119037628173828e-04 3.502964973449707031e-04 3.668069839477539062e-04 3.554821014404296875e-04 3.638267517089843750e-04 3.540813922882080078e-04 3.486275672912597656e-04 3.475546836853027344e-04 3.578364849090576172e-04
1.941604029163455092e+00 -4.396140575408935547e-04 -4.334151744842529297e-04 -4.335939884185791016e-04 -4.475712776184082031e-04 -4.334747791290283203e-04 -4.299283027648925781e-04 -4.228055477142333984e-04 -4.394054412841796875e-04 -4.263222217559814453e-04 -4.322826862335205078e-04
1.948056791148842892e+00 1.494288444519042969e-04 1.488924026489257812e-04 1.437664031982421875e-04 1.474618911743164062e-04 1.471638679504394531e-04 1.578330993652343750e-04 1.596808433532714844e-04 1.552402973175048828e-04 1.472830772399902344e-04 1.496374607086181641e-04
1.954509553134230915e+00 3.238022327423095703e-04 3.202557563781738281e-04 3.228783607482910156e-04 3.359913825988769531e-04 3.336966037750244141e-04 3.208220005035400391e-04 3.288686275482177734e-04 3.281533718109130859e-04 3.208816051483154297e-04 3.318488597869873047e-04
1.960962315119618715e+00 -4.803836345672607422e-04 -4.919469356536865234e-04 -4.846453666687011719e-04 -4.813075065612792969e-04 -4.760026931762695312e-04 -4.841089248657226562e-04 -4.781186580657958984e-04 -4.763007164001464844e-04 -4.774630069732666016e-04 -4.799664020538330078e-04
1.967415077105006738e+00 1.964271068572998047e-04 2.047121524810791016e-04 2.024769783020019531e-04 1.863837242126464844e-04 1.979470252990722656e-04 1.873970031738281250e-04 2.085566520690917969e-04 1.885294914245605469e-04 1.986026763916015625e-04 1.852810382843017578e-04
1.973867839090394538e+00 3.664493560791015625e-04 3.740191459655761719e-04 3.703832626342773438e-04 3.654062747955322266e-04 3.688931465148925781e-04 3.654062747955322266e-04 3.810822963714599609e-04 3.646314144134521484e-04 3.686249256134033203e-04 3.722310066223144531e-04
1.980320601075782561e+00 -5.525052547454833984e-04 -5.447864532470703125e-04 -5.439221858978271484e-04 -5.516409873962402344e-04 -5.417764186859130859e-04 -5.443990230560302734e-04 -5.296468734741210938e-04 -5.474984645843505859e-04 -5.508065223693847656e-04 -5.483627319335937500e-04
1.986773363061170361e+00 1.170933246612548828e-04 1.287460327148437500e-04 1.278221607208251953e-04 1.366436481475830078e-04 1.304149627685546875e-04 1.151561737060546875e-04 1.270771026611328125e-04 1.214742660522460938e-04 1.195967197418212891e-04 1.265704631805419922e-04
1.993226125046558384e+00 4.197061061859130859e-04 4.246234893798828125e-04 4.296302795410156250e-04 4.161894321441650391e-04 4.218220710754394531e-04 4.173815250396728516e-04 4.139244556427001953e-04 4.279315471649169922e-04 4.228651523590087891e-04 4.263818264007568359e-04
1.999678887031946184e+00 -4.570782184600830078e-04 -4.536509513854980469e-04 -4.403293132781982422e-04 -4.511177539825439453e-04 -4.490911960601806641e-04 -4.690885543823242188e-04 -4.589855670928955078e-04 -4.537403583526611328e-04 -4.505813121795654297e-04 -4.484057426452636719e-04
2.006131649017333984e+00 2.543628215789794922e-04 2.636313438415527344e-04 2.672672271728515625e-04 2.755224704742431641e-04 2.534389495849609375e-04 2.677738666534423828e-04 2.486109733581542969e-04 2.626180648803710938e-04 2.615749835968017578e-04 2.572238445281982422e-04
