#Range[m] 0 1 2 3 4 5 6 7 8 9
1.800000071525573730e-01 -4.666227102279663086e-02 -4.657694697380065918e-02 -4.650709033012390137e-02 -4.642260074615478516e-02 -4.650565981864929199e-02 -4.651537537574768066e-02 -4.656013846397399902e-02 -4.662275314331054688e-02 -4.647725820541381836e-02 -4.655432701110839844e-02
1.864527691379452845e-01 3.559169173240661621e-02 3.561672568321228027e-02 3.569835424423217773e-02 3.556185960769653320e-02 3.562378883361816406e-02 3.571695089340209961e-02 3.567311167716979980e-02 3.560200333595275879e-02 3.565463423728942871e-02 3.562414646148681641e-02
1.929055311233331682e-01 1.017642021179199219e-02 1.012274622917175293e-02 1.002496480941772461e-02 1.001384854316711426e-02 1.002195477485656738e-02 9.906589984893798828e-03 1.009178161621093750e-02 1.012676954269409180e-02 1.000142097473144531e-02 1.003360748291015625e-02
1.993582931087210797e-01 -2.310323715209960938e-02 -2.308848500251770020e-02 -2.308398485183715820e-02 -2.307721972465515137e-02 -2.306163311004638672e-02 -2.305218577384948730e-02 -2.310252189636230469e-02 -2.310031652450561523e-02 -2.303597331047058105e-02 -2.306216955184936523e-02
2.058110550941089911e-01 3.172338008880615234e-03 3.143668174743652344e-03 3.202974796295166016e-03 3.100305795669555664e-03 3.156274557113647461e-03 3.229171037673950195e-03 3.196448087692260742e-03 3.172039985656738281e-03 3.189325332641601562e-03 3.191292285919189453e-03
2.122638170794968748e-01 7.035404443740844727e-03 7.036715745925903320e-03 7.013708353042602539e-03 7.062405347824096680e-03 7.011622190475463867e-03 6.945371627807617188e-03 6.991177797317504883e-03 6.989985704421997070e-03 6.986558437347412109e-03 7.017463445663452148e-03
2.187165790648847863e-01 7.297605276107788086e-03 7.331490516662597656e-03 7.311671972274780273e-03 7.329612970352172852e-03 7.353603839874267578e-03 7.358461618423461914e-03 7.312893867492675781e-03 7.348477840423583984e-03 7.341861724853515625e-03 7.337242364883422852e-03
2.251693410502726977e-01 -1.514792442321777344e-02 -1.520168781280517578e-02 -1.524567604064941406e-02 -1.525998115539550781e-02 -1.522010564804077148e-02 -1.521009206771850586e-02 -1.516830921173095703e-02 -1.515877246856689453e-02 -1.522704958915710449e-02 -1.522144675254821777e-02
2.316221030356606092e-01 -6.477534770965576172e-03 -6.423324346542358398e-03 -6.377965211868286133e-03 -6.410956382751464844e-03 -6.442099809646606445e-03 -6.449937820434570312e-03 -6.467938423156738281e-03 -6.500899791717529297e-03 -6.419867277145385742e-03 -6.406784057617187500e-03
2.380748650210485207e-01 2.551311254501342773e-02 2.550932765007019043e-02 2.552360296249389648e-02 2.551284432411193848e-02 2.556887269020080566e-02 2.556225657463073730e-02 2.552822232246398926e-02 2.553379535675048828e-02 2.555730938911437988e-02 2.553093433380126953e-02
2.445276270064364044e-01 -9.315669536590576172e-03 -9.323924779891967773e-03 -9.451478719711303711e-03 -9.478598833084106445e-03 -9.694546461105346680e-03 -9.481877088546752930e-03 -9.450614452362060547e-03 -9.322345256805419922e-03 -9.433805942535400391e-03 -9.379684925079345703e-03
2.509803889918242881e-01 -2.579209208488464355e-02 -2.579259872436523438e-02 -2.573117613792419434e-02 -2.572292089462280273e-02 -2.577465772628784180e-02 -2.575087547302246094e-02 -2.578836679458618164e-02 -2.584883570671081543e-02 -2.576884627342224121e-02 -2.581733465194702148e-02
2.574331509772121995e-01 2.770164608955383301e-02 2.774581313133239746e-02 2.780500054359436035e-02 2.781295776367187500e-02 2.776661515235900879e-02 2.782073616981506348e-02 2.776703238487243652e-02 2.772355079650878906e-02 2.786928415298461914e-02 2.774345874786376953e-02
2.638859129626001110e-01 6.318777799606323242e-03 6.208300590515136719e-03 6.084889173507690430e-03 6.216347217559814453e-03 6.161957979202270508e-03 6.149500608444213867e-03 6.209135055541992188e-03 6.306797266006469727e-03 6.170600652694702148e-03 6.181895732879638672e-03
2.703386749479880224e-01 -3.730079531669616699e-02 -3.733515739440917969e-02 -3.732833266258239746e-02 -3.731548786163330078e-02 -3.737401962280273438e-02 -3.735393285751342773e-02 -3.735461831092834473e-02 -3.735259175300598145e-02 -3.734737634658813477e-02 -3.734636306762695312e-02
2.767914369333759339e-01 1.821589469909667969e-02 1.836884021759033203e-02 1.841130852699279785e-02 1.835182309150695801e-02 1.838004589080810547e-02 1.846539974212646484e-02 1.832771301269531250e-02 1.828932762145996094e-02 1.839584112167358398e-02 1.828995347023010254e-02
2.832441989187638454e-01 2.114439010620117188e-02 2.113571763038635254e-02 2.102133631706237793e-02 2.106809616088867188e-02 2.106910943984985352e-02 2.104049921035766602e-02 2.110964059829711914e-02 2.114716172218322754e-02 2.104845643043518066e-02 2.114212512969970703e-02
2.896969609041517568e-01 -3.257936239242553711e-02 -3.260293602943420410e-02 -3.266650438308715820e-02 -3.262856602668762207e-02 -3.269085288047790527e-02 -3.269341588020324707e-02 -3.264933824539184570e-02 -3.262934088706970215e-02 -3.269761800765991211e-02 -3.264197707176208496e-02
2.961497228895396683e-01 1.620143651962280273e-03 1.662373542785644531e-03 1.717180013656616211e-03 1.652956008911132812e-03 1.640439033508300781e-03 1.654863357543945312e-03 1.601099967956542969e-03 1.563578844070434570e-03 1.670986413955688477e-03 1.621693372726440430e-03
3.026024848749275242e-01 2.632015943527221680e-02 2.633211016654968262e-02 2.627763152122497559e-02 2.631407976150512695e-02 2.633166313171386719e-02 2.626344561576843262e-02 2.637201547622680664e-02 2.639567852020263672e-02 2.635467052459716797e-02 2.633306384086608887e-02
3.090552468603154357e-01 -2.066871523857116699e-02 -2.071815729141235352e-02 -2.080070972442626953e-02 -2.076345682144165039e-02 -2.080243825912475586e-02 -2.081045508384704590e-02 -2.078086137771606445e-02 -2.075150609016418457e-02 -2.082204818725585938e-02 -2.079629898071289062e-02
3.155080088457033471e-01 -1.355212926864624023e-02 -1.358577609062194824e-02 -1.349666714668273926e-02 -1.358306407928466797e-02 -1.352819800376892090e-02 -1.346659660339355469e-02 -1.352658867835998535e-02 -1.359128952026367188e-02 -1.350671052932739258e-02 -1.353564858436584473e-02
3.219607708310912586e-01 2.498567104339599609e-02 2.501463890075683594e-02 2.503311634063720703e-02 2.502167224884033203e-02 2.503111958503723145e-02 2.504119277000427246e-02 2.508068084716796875e-02 2.504488825798034668e-02 2.504953742027282715e-02 2.502962946891784668e-02
3.284135328164791701e-01 -3.592520952224731445e-03 -3.587156534194946289e-03 -3.655970096588134766e-03 -3.634452819824218750e-03 -3.625839948654174805e-03 -3.652095794677734375e-03 -3.628492355346679688e-03 -3.590673208236694336e-03 -3.675550222396850586e-03 -3.601819276809692383e-03
3.348662948018670260e-01 -1.936793327331542969e-02 -1.942571997642517090e-02 -1.938664913177490234e-02 -1.943701505661010742e-02 -1.940491795539855957e-02 -1.939311623573303223e-02 -1.941680908203125000e-02 -1.941874623298645020e-02 -1.941052079200744629e-02 -1.944011449813842773e-02
3.413190567872549375e-01 1.246958971023559570e-02 1.254352927207946777e-02 1.258400082588195801e-02 1.252940297126770020e-02 1.255267858505249023e-02 1.257127523422241211e-02 1.255637407302856445e-02 1.252582669258117676e-02 1.255020499229431152e-02 1.254245638847351074e-02
3.477718187726428489e-01 1.074993610382080078e-02 1.075646281242370605e-02 1.073539257049560547e-02 1.071614027023315430e-02 1.073634624481201172e-02 1.070815324783325195e-02 1.074996590614318848e-02 1.076996326446533203e-02 1.072517037391662598e-02 1.074841618537902832e-02
3.542245807580307604e-01 -1.485431194305419922e-02 -1.488912105560302734e-02 -1.491716504096984863e-02 -1.488986611366271973e-02 -1.489776372909545898e-02 -1.493185758590698242e-02 -1.488074660301208496e-02 -1.489159464836120605e-02 -1.490983366966247559e-02 -1.485559344291687012e-02
3.606773427434186718e-01 -2.255350351333618164e-03 -2.233624458312988281e-03 -2.155780792236328125e-03 -2.205699682235717773e-03 -2.181768417358398438e-03 -2.174705266952514648e-03 -2.196103334426879883e-03 -2.234905958175659180e-03 -2.170741558074951172e-03 -2.202242612838745117e-03
3.671301047288065833e-01 1.532635092735290527e-02 1.534497737884521484e-02 1.532828807830810547e-02 1.534837484359741211e-02 1.535645127296447754e-02 1.532018184661865234e-02 1.533755660057067871e-02 1.535892486572265625e-02 1.534676551818847656e-02 1.535812020301818848e-02
3.735828667141944948e-01 -5.016893148422241211e-03 -5.038261413574218750e-03 -5.046039819717407227e-03 -5.041360855102539062e-03 -5.023181438446044922e-03 -5.025357007980346680e-03 -5.030244588851928711e-03 -5.005806684494018555e-03 -5.046278238296508789e-03 -5.031764507293701172e-03
3.800356286995824062e-01 -1.155123114585876465e-02 -1.155897974967956543e-02 -1.154065132141113281e-02 -1.155355572700500488e-02 -1.154997944831848145e-02 -1.152142882347106934e-02 -1.157090067863464355e-02 -1.158583164215087891e-02 -1.156106591224670410e-02 -1.156064867973327637e-02
3.864883906849703177e-01 1.234954595565795898e-02 1.240408420562744141e-02 1.242998242378234863e-02 1.241621375083923340e-02 1.243710517883300781e-02 1.242798566818237305e-02 1.240071654319763184e-02 1.241075992584228516e-02 1.242375373840332031e-02 1.242330670356750488e-02
3.929411526703582291e-01 6.599009037017822266e-03 6.621241569519042969e-03 6.555020809173583984e-03 6.617367267608642578e-03 6.588369607925415039e-03 6.576776504516601562e-03 6.600528955459594727e-03 6.614834070205688477e-03 6.576091051101684570e-03 6.570637226104736328e-03
3.993939146557460851e-01 -1.608902215957641602e-02 -1.612323522567749023e-02 -1.611405611038208008e-02 -1.613155007362365723e-02 -1.614567637443542480e-02 -1.613461971282958984e-02 -1.614511013031005859e-02 -1.612538099288940430e-02 -1.613140106201171875e-02 -1.612097024917602539e-02
4.058466766411339965e-01 3.557056188583374023e-03 3.552198410034179688e-03 3.617763519287109375e-03 3.610968589782714844e-03 3.584563732147216797e-03 3.594189882278442383e-03 3.569602966308593750e-03 3.533065319061279297e-03 3.612428903579711914e-03 3.565669059753417969e-03
4.122994386265219080e-01 1.388660073280334473e-02 1.391318440437316895e-02 1.389089226722717285e-02 1.391315460205078125e-02 1.392394304275512695e-02 1.389220356941223145e-02 1.391947269439697266e-02 1.391679048538208008e-02 1.389616727828979492e-02 1.391792297363281250e-02
4.187522006119098195e-01 -1.139655709266662598e-02 -1.143315434455871582e-02 -1.146373152732849121e-02 -1.143273711204528809e-02 -1.145061850547790527e-02 -1.143944263458251953e-02 -1.144284009933471680e-02 -1.142683625221252441e-02 -1.144656538963317871e-02 -1.143351197242736816e-02
4.252049625972976754e-01 -6.602674722671508789e-03 -6.603211164474487305e-03 -6.555706262588500977e-03 -6.556957960128784180e-03 -6.578117609024047852e-03 -6.551593542098999023e-03 -6.592988967895507812e-03 -6.608873605728149414e-03 -6.582319736480712891e-03 -6.571501493453979492e-03
4.316577245826856424e-01 1.400318741798400879e-02 1.400950551033020020e-02 1.403197646141052246e-02 1.401442289352416992e-02 1.403498649597167969e-02 1.403841376304626465e-02 1.399612426757812500e-02 1.402127742767333984e-02 1.402544975280761719e-02 1.397764682769775391e-02
4.381104865680734983e-01 -2.714216709136962891e-03 -2.722442150115966797e-03 -2.781212329864501953e-03 -2.739250659942626953e-03 -2.765655517578125000e-03 -2.769440412521362305e-03 -2.744913101196289062e-03 -2.711027860641479492e-03 -2.799659967422485352e-03 -2.745479345321655273e-03
4.445632485534614098e-01 -1.158061623573303223e-02 -1.158976554870605469e-02 -1.156094670295715332e-02 -1.158139109611511230e-02 -1.157236099243164062e-02 -1.154217123985290527e-02 -1.156529784202575684e-02 -1.158791780471801758e-02 -1.157057285308837891e-02 -1.158213615417480469e-02
4.510160105388493212e-01 8.693456649780273438e-03 8.720219135284423828e-03 8.746594190597534180e-03 8.720874786376953125e-03 8.716017007827758789e-03 8.726447820663452148e-03 8.708894252777099609e-03 8.695214986801147461e-03 8.722960948944091797e-03 8.710086345672607422e-03
4.574687725242372327e-01 4.564076662063598633e-03 4.568457603454589844e-03 4.539608955383300781e-03 4.538327455520629883e-03 4.538536071777343750e-03 4.535883665084838867e-03 4.578381776809692383e-03 4.592746496200561523e-03 4.553109407424926758e-03 4.567742347717285156e-03
4.639215345096251442e-01 -1.095485687255859375e-02 -1.096698641777038574e-02 -1.096865534782409668e-02 -1.098462939262390137e-02 -1.099681854248046875e-02 -1.097989082336425781e-02 -1.098644733428955078e-02 -1.098182797431945801e-02 -1.098915934562683105e-02 -1.097476482391357422e-02
4.703742964950130556e-01 -4.625320434570312500e-04 -4.694759845733642578e-04 -4.191398620605468750e-04 -4.537403583526611328e-04 -4.527568817138671875e-04 -4.107356071472167969e-04 -4.521310329437255859e-04 -4.604160785675048828e-04 -4.197955131530761719e-04 -4.429817199707031250e-04
4.768270584804009671e-01 1.076930761337280273e-02 1.076689362525939941e-02 1.076233386993408203e-02 1.078122854232788086e-02 1.074796915054321289e-02 1.077234745025634766e-02 1.077362895011901855e-02 1.081326603889465332e-02 1.076444983482360840e-02 1.077950000762939453e-02
4.832798204657888230e-01 -5.506694316864013672e-03 -5.494773387908935547e-03 -5.536586046218872070e-03 -5.512058734893798828e-03 -5.508810281753540039e-03 -5.525112152099609375e-03 -5.508065223693847656e-03 -5.509823560714721680e-03 -5.522578954696655273e-03 -5.525052547454833984e-03
4.897325824511767345e-01 -8.354008197784423828e-03 -8.354485034942626953e-03 -8.351773023605346680e-03 -8.379012346267700195e-03 -8.383333683013916016e-03 -8.364289999008178711e-03 -8.374482393264770508e-03 -8.377730846405029297e-03 -8.358657360076904297e-03 -8.365482091903686523e-03
4.961853444365646459e-01 9.397357702255249023e-03 9.413719177246093750e-03 9.440392255783081055e-03 9.418219327926635742e-03 9.432971477508544922e-03 9.439021348953247070e-03 9.444713592529296875e-03 9.434044361114501953e-03 9.439140558242797852e-03 9.440839290618896484e-03
5.026381064219525019e-01 3.625392913818359375e-03 3.611057996749877930e-03 3.589302301406860352e-03 3.582030534744262695e-03 3.586798906326293945e-03 3.574788570404052734e-03 3.617942333221435547e-03 3.616839647293090820e-03 3.588616847991943359e-03 3.579050302505493164e-03
5.090908684073405244e-01 -1.126140356063842773e-02 -1.127597689628601074e-02 -1.131355762481689453e-02 -1.128244400024414062e-02 -1.131063699722290039e-02 -1.133498549461364746e-02 -1.129510998725891113e-02 -1.129388809204101562e-02 -1.129987835884094238e-02 -1.126280426979064941e-02
5.155436303927283248e-01 2.979636192321777344e-03 2.986937761306762695e-03 3.048688173294067383e-03 3.019750118255615234e-03 3.037214279174804688e-03 3.058850765228271484e-03 3.025472164154052734e-03 2.994388341903686523e-03 3.041505813598632812e-03 3.047287464141845703e-03
5.219963923781163473e-01 1.142975687980651855e-02 1.142519712448120117e-02 1.139065623283386230e-02 1.142764091491699219e-02 1.141342520713806152e-02 1.135763525962829590e-02 1.140767335891723633e-02 1.142093539237976074e-02 1.140534877777099609e-02 1.141211390495300293e-02
5.284491543635041477e-01 -1.126676797866821289e-02 -1.129007339477539062e-02 -1.131889224052429199e-02 -1.130416989326477051e-02 -1.129359006881713867e-02 -1.128563284873962402e-02 -1.126882433891296387e-02 -1.126402616500854492e-02 -1.131069660186767578e-02 -1.128986477851867676e-02
5.349019163488920592e-01 -2.532750368118286133e-03 -2.564311027526855469e-03 -2.489179372787475586e-03 -2.506494522094726562e-03 -2.497941255569458008e-03 -2.464383840560913086e-03 -2.539306879043579102e-03 -2.559661865234375000e-03 -2.490311861038208008e-03 -2.510994672775268555e-03
5.413546783342799706e-01 1.592779159545898438e-02 1.594346761703491211e-02 1.593282818794250488e-02 1.594516634941101074e-02 1.593348383903503418e-02 1.592329144477844238e-02 1.593858003616333008e-02 1.594513654708862305e-02 1.594218611717224121e-02 1.591590046882629395e-02
5.478074403196678821e-01 -6.526380777359008789e-03 -6.569236516952514648e-03 -6.624490022659301758e-03 -6.561666727066040039e-03 -6.591320037841796875e-03 -6.587743759155273438e-03 -6.611406803131103516e-03 -6.571233272552490234e-03 -6.616830825805664062e-03 -6.589949131011962891e-03
5.542602023050557936e-01 -1.115915179252624512e-02 -1.119518280029296875e-02 -1.112282276153564453e-02 -1.115098595619201660e-02 -1.102343201637268066e-02 -1.114356517791748047e-02 -1.110520958900451660e-02 -1.120069622993469238e-02 -1.111677289009094238e-02 -1.114764809608459473e-02
5.607129642904437050e-01 1.633793115615844727e-02 1.638457179069519043e-02 1.641154289245605469e-02 1.640149950981140137e-02 1.638913154602050781e-02 1.637861132621765137e-02 1.635378599166870117e-02 1.637861132621765137e-02 1.637038588523864746e-02 1.639243960380554199e-02
5.671657262758316165e-01 1.133382320404052734e-04 7.918477058410644531e-05 2.548098564147949219e-05 4.532933235168457031e-05 7.420778274536132812e-05 7.969141006469726562e-05 5.787611007690429688e-05 1.126229763031005859e-04 1.585483551025390625e-05 4.386901855468750000e-05
5.736184882612194169e-01 -1.463091373443603516e-02 -1.461336016654968262e-02 -1.455271244049072266e-02 -1.458802819252014160e-02 -1.459872722625732422e-02 -1.461321115493774414e-02 -1.458173990249633789e-02 -1.463440060615539551e-02 -1.458224654197692871e-02 -1.460096240043640137e-02
5.800712502466074394e-01 1.282411813735961914e-02 1.288455724716186523e-02 1.288881897926330566e-02 1.291248202323913574e-02 1.290827989578247070e-02 1.291519403457641602e-02 1.288104057312011719e-02 1.282820105552673340e-02 1.292097568511962891e-02 1.287776231765747070e-02
5.865240122319952398e-01 3.901302814483642578e-03 3.835409879684448242e-03 3.808110952377319336e-03 3.842502832412719727e-03 3.826051950454711914e-03 3.816246986389160156e-03 3.842622041702270508e-03 3.910303115844726562e-03 3.824532032012939453e-03 3.835409879684448242e-03
5.929767742173832623e-01 -1.459914445877075195e-02 -1.456665992736816406e-02 -1.455947756767272949e-02 -1.456001400947570801e-02 -1.458385586738586426e-02 -1.459568738937377930e-02 -1.455721259117126465e-02 -1.458716392517089844e-02 -1.458132266998291016e-02 -1.456838846206665039e-02
5.994295362027710627e-01 8.063316345214843750e-03 8.064806461334228516e-03 8.111685514450073242e-03 8.078128099441528320e-03 8.120834827423095703e-03 8.127093315124511719e-03 8.089423179626464844e-03 8.076816797256469727e-03 8.129447698593139648e-03 8.094489574432373047e-03
6.058822981881590852e-01 5.579441785812377930e-03 5.569964647293090820e-03 5.541235208511352539e-03 5.546391010284423828e-03 5.560874938964843750e-03 5.566745996475219727e-03 5.578279495239257812e-03 5.584836006164550781e-03 5.536764860153198242e-03 5.557924509048461914e-03
6.123350601735468857e-01 -1.040488481521606445e-02 -1.040443778038024902e-02 -1.041358709335327148e-02 -1.039573550224304199e-02 -1.040583848953247070e-02 -1.037913560867309570e-02 -1.039820909500122070e-02 -1.041752099990844727e-02 -1.040792465209960938e-02 -1.039409637451171875e-02
6.187878221589347971e-01 3.965735435485839844e-03 3.951281309127807617e-03 3.986239433288574219e-03 3.964096307754516602e-03 3.991872072219848633e-03 3.974378108978271484e-03 3.977715969085693359e-03 3.969371318817138672e-03 4.004299640655517578e-03 3.975957632064819336e-03
6.252405841443227086e-01 4.671841859817504883e-03 4.697442054748535156e-03 4.659980535507202148e-03 4.688322544097900391e-03 4.665255546569824219e-03 4.667848348617553711e-03 4.692137241363525391e-03 4.682511091232299805e-03 4.657089710235595703e-03 4.665493965148925781e-03
6.316933461297106200e-01 -5.102515220642089844e-03 -5.081892013549804688e-03 -5.088537931442260742e-03 -5.088537931442260742e-03 -5.093008279800415039e-03 -5.086481571197509766e-03 -5.084186792373657227e-03 -5.079120397567749023e-03 -5.087435245513916016e-03 -5.092442035675048828e-03
6.381461081150985315e-01 6.669759750366210938e-05 7.429718971252441406e-05 9.408593177795410156e-05 9.667873382568359375e-05 8.884072303771972656e-05 1.049339771270751953e-04 8.630752563476562500e-05 7.626414299011230469e-05 8.931756019592285156e-05 8.103251457214355469e-05
6.445988701004864430e-01 2.645879983901977539e-03 2.626955509185791016e-03 2.638161182403564453e-03 2.643793821334838867e-03 2.626210451126098633e-03 2.615749835968017578e-03 2.629011869430541992e-03 2.635478973388671875e-03 2.621978521347045898e-03 2.644658088684082031e-03
6.510516320858743544e-01 -7.691085338592529297e-04 -7.658600807189941406e-04 -7.711946964263916016e-04 -7.465183734893798828e-04 -7.717311382293701172e-04 -7.769465446472167969e-04 -7.616579532623291016e-04 -7.550120353698730469e-04 -7.632374763488769531e-04 -7.715225219726562500e-04
6.575043940712622659e-01 -1.230508089065551758e-03 -1.249581575393676758e-03 -1.241266727447509766e-03 -1.237452030181884766e-03 -1.228690147399902344e-03 -1.220464706420898438e-03 -1.240521669387817383e-03 -1.234889030456542969e-03 -1.232117414474487305e-03 -1.226216554641723633e-03
6.639571560566501773e-01 1.741051673889160156e-04 1.636743545532226562e-04 1.538991928100585938e-04 1.556277275085449219e-04 1.539289951324462891e-04 1.535713672637939453e-04 1.544356346130371094e-04 1.595318317413330078e-04 1.544952392578125000e-04 1.503527164459228516e-04
6.704099180420379778e-01 1.709192991256713867e-03 1.725524663925170898e-03 1.733273267745971680e-03 1.736491918563842773e-03 1.717895269393920898e-03 1.743108034133911133e-03 1.731276512145996094e-03 1.735448837280273438e-03 1.731544733047485352e-03 1.736164093017578125e-03
6.768626800274260003e-01 -4.018843173980712891e-04 -4.036426544189453125e-04 -4.227459430694580078e-04 -4.124641418457031250e-04 -4.142522811889648438e-04 -4.175007343292236328e-04 -4.054605960845947266e-04 -3.904402256011962891e-04 -4.153251647949218750e-04 -4.150569438934326172e-04
6.833154420128139117e-01 -2.342015504837036133e-03 -2.364516258239746094e-03 -2.372592687606811523e-03 -2.358138561248779297e-03 -2.368628978729248047e-03 -2.370089292526245117e-03 -2.363294363021850586e-03 -2.373278141021728516e-03 -2.361536026000976562e-03 -2.358227968215942383e-03
6.897682039982017121e-01 2.597987651824951172e-03 2.602607011795043945e-03 2.605348825454711914e-03 2.625763416290283203e-03 2.613842487335205078e-03 2.622812986373901367e-03 2.602159976959228516e-03 2.603709697723388672e-03 2.610802650451660156e-03 2.602577209472656250e-03
6.962209659835896236e-01 1.006424427032470703e-03 9.991526603698730469e-04 1.001924276351928711e-03 1.007288694381713867e-03 9.989440441131591797e-04 1.006364822387695312e-03 1.015096902847290039e-03 1.017481088638305664e-03 1.002997159957885742e-03 1.006841659545898438e-03
7.026737279689775351e-01 -3.546327352523803711e-03 -3.590047359466552734e-03 -3.577262163162231445e-03 -3.561973571777343750e-03 -3.570228815078735352e-03 -3.576040267944335938e-03 -3.586262464523315430e-03 -3.579646348953247070e-03 -3.584295511245727539e-03 -3.590047359466552734e-03
7.091264899543654465e-01 1.578181982040405273e-03 1.573026180267333984e-03 1.585781574249267578e-03 1.607209444046020508e-03 1.615643501281738281e-03 1.597136259078979492e-03 1.590520143508911133e-03 1.578152179718017578e-03 1.597285270690917969e-03 1.586347818374633789e-03
7.155792519397533580e-01 2.574265003204345703e-03 2.558231353759765625e-03 2.546846866607666016e-03 2.551794052124023438e-03 2.552866935729980469e-03 2.562940120697021484e-03 2.564162015914916992e-03 2.570778131484985352e-03 2.557516098022460938e-03 2.586066722869873047e-03
7.220320139251412694e-01 -3.314346075057983398e-03 -3.316223621368408203e-03 -3.340184688568115234e-03 -3.331691026687622070e-03 -3.320842981338500977e-03 -3.322929143905639648e-03 -3.316223621368408203e-03 -3.325790166854858398e-03 -3.329038619995117188e-03 -3.343701362609863281e-03
7.284847759105291809e-01 3.525018692016601562e-04 3.556311130523681641e-04 3.656744956970214844e-04 3.581941127777099609e-04 3.640353679656982422e-04 3.595352172851562500e-04 3.514885902404785156e-04 3.546178340911865234e-04 3.508627414703369141e-04 3.604590892791748047e-04
7.349375378959170924e-01 3.106892108917236328e-03 3.116011619567871094e-03 3.116548061370849609e-03 3.092795610427856445e-03 3.090530633926391602e-03 3.080815076828002930e-03 3.127664327621459961e-03 3.102600574493408203e-03 3.095477819442749023e-03 3.108292818069458008e-03
7.413902998813050038e-01 -2.266377210617065430e-03 -2.271741628646850586e-03 -2.272188663482666016e-03 -2.260565757751464844e-03 -2.263545989990234375e-03 -2.288907766342163086e-03 -2.263098955154418945e-03 -2.281278371810913086e-03 -2.277523279190063477e-03 -2.245455980300903320e-03
7.478430618666929153e-01 -1.206874847412109375e-03 -1.202106475830078125e-03 -1.205950975418090820e-03 -1.215189695358276367e-03 -1.201301813125610352e-03 -1.207083463668823242e-03 -1.206576824188232422e-03 -1.202583312988281250e-03 -1.206934452056884766e-03 -1.210004091262817383e-03
7.542958238520808267e-01 2.713918685913085938e-03 2.705901861190795898e-03 2.718687057495117188e-03 2.718657255172729492e-03 2.730906009674072266e-03 2.709984779357910156e-03 2.715170383453369141e-03 2.712488174438476562e-03 2.715140581130981445e-03 2.715706825256347656e-03
7.607485858374687382e-01 -9.572505950927734375e-04 -9.542405605316162109e-04 -9.542107582092285156e-04 -9.434521198272705078e-04 -9.536147117614746094e-04 -9.501576423645019531e-04 -9.467303752899169922e-04 -9.405314922332763672e-04 -9.425282478332519531e-04 -9.399652481079101562e-04
7.672013478228566496e-01 -1.309096813201904297e-03 -1.298666000366210938e-03 -1.296162605285644531e-03 -1.301616430282592773e-03 -1.285105943679809570e-03 -1.293569803237915039e-03 -1.303613185882568359e-03 -1.317471265792846680e-03 -1.288861036300659180e-03 -1.297831535339355469e-03
7.736541098082445611e-01 2.039849758148193359e-03 2.050757408142089844e-03 2.049416303634643555e-03 2.050936222076416016e-03 2.050995826721191406e-03 2.032309770584106445e-03 2.046287059783935547e-03 2.050071954727172852e-03 2.055078744888305664e-03 2.045005559921264648e-03
7.801068717936323615e-01 2.810359001159667969e-04 2.982914447784423828e-04 2.785921096801757812e-04 2.881884574890136719e-04 2.852976322174072266e-04 2.749860286712646484e-04 2.796947956085205078e-04 2.808570861816406250e-04 2.732872962951660156e-04 2.756416797637939453e-04
7.865596337790202730e-01 -1.064211130142211914e-03 -1.072376966476440430e-03 -1.074761152267456055e-03 -1.059979200363159180e-03 -1.054883003234863281e-03 -1.048475503921508789e-03 -1.067221164703369141e-03 -1.074016094207763672e-03 -1.071602106094360352e-03 -1.065611839294433594e-03
7.930123957644081845e-01 9.074509143829345703e-04 9.078681468963623047e-04 9.001791477203369141e-04 8.885562419891357422e-04 8.994340896606445312e-04 9.092092514038085938e-04 9.083449840545654297e-04 8.983314037322998047e-04 9.029805660247802734e-04 9.070932865142822266e-04
7.994651577497960959e-01 3.864169120788574219e-04 3.815293312072753906e-04 3.973841667175292969e-04 3.878772258758544922e-04 3.921389579772949219e-04 3.791749477386474609e-04 4.020631313323974609e-04 4.023313522338867188e-04 3.928244113922119141e-04 4.007220268249511719e-04
8.059179197351840074e-01 -7.103681564331054688e-04 -7.090568542480468750e-04 -7.093846797943115234e-04 -7.224977016448974609e-04 -7.087290287017822266e-04 -7.177889347076416016e-04 -7.098913192749023438e-04 -7.108151912689208984e-04 -7.044076919555664062e-04 -7.159709930419921875e-04
8.123706817205719188e-01 -4.485249519348144531e-04 -4.626512527465820312e-04 -4.542768001556396484e-04 -4.508197307586669922e-04 -4.602670669555664062e-04 -4.427433013916015625e-04 -4.631280899047851562e-04 -4.609525203704833984e-04 -4.501342773437500000e-04 -4.560351371765136719e-04
8.188234437059598303e-01 5.576014518737792969e-04 5.619525909423828125e-04 5.673170089721679688e-04 5.587041378021240234e-04 5.539655685424804688e-04 5.531311035156250000e-04 5.539655685424804688e-04 5.682110786437988281e-04 5.592405796051025391e-04 5.549490451812744141e-04
8.252762056913477418e-01 2.094507217407226562e-04 2.067983150482177734e-04 2.076327800750732422e-04 2.085566520690917969e-04 2.023577690124511719e-04 2.027451992034912109e-04 2.142786979675292969e-04 2.058744430541992188e-04 2.118945121765136719e-04 2.278089523315429688e-04
8.317289676767356532e-01 -8.837580680847167969e-04 -8.831322193145751953e-04 -8.790194988250732422e-04 -8.802115917205810547e-04 -8.874237537384033203e-04 -8.732676506042480469e-04 -8.718371391296386719e-04 -8.788704872131347656e-04 -8.851885795593261719e-04 -8.872747421264648438e-04
8.381817296621235647e-01 1.837611198425292969e-04 1.770853996276855469e-04 1.761317253112792969e-04 1.691877841949462891e-04 1.733005046844482422e-04 1.707077026367187500e-04 1.754760742187500000e-04 1.712143421173095703e-04 1.729726791381835938e-04 1.770853996276855469e-04
8.446344916475114761e-01 9.940564632415771484e-04 1.004755496978759766e-03 9.960234165191650391e-04 1.007407903671264648e-03 1.001596450805664062e-03 1.003861427307128906e-03 9.908974170684814453e-04 1.008391380310058594e-03 9.876787662506103516e-04 1.001179218292236328e-03
8.510872536328993876e-01 -2.644062042236328125e-04 -2.711415290832519531e-04 -2.647638320922851562e-04 -2.663731575012207031e-04 -2.678632736206054688e-04 -2.664029598236083984e-04 -2.561807632446289062e-04 -2.618432044982910156e-04 -2.609789371490478516e-04 -2.720355987548828125e-04
8.575400156182872990e-01 -9.025037288665771484e-04 -9.132921695709228516e-04 -9.111464023590087891e-04 -9.096264839172363281e-04 -9.090900421142578125e-04 -9.073317050933837891e-04 -9.080171585083007812e-04 -9.123086929321289062e-04 -9.045600891113281250e-04 -9.118914604187011719e-04
8.639927776036752105e-01 5.212426185607910156e-04 5.208849906921386719e-04 5.154311656951904297e-04 5.140900611877441406e-04 5.191266536712646484e-04 5.199015140533447266e-04 5.259513854980468750e-04 5.207359790802001953e-04 5.270242691040039062e-04 5.045533180236816406e-04
8.704455395890630109e-01 3.143250942230224609e-04 3.114044666290283203e-04 3.140866756439208984e-04 3.208816051483154297e-04 3.038942813873291016e-04 3.235042095184326172e-04 3.209710121154785156e-04 3.264844417572021484e-04 3.028213977813720703e-04 3.192722797393798828e-04
8.768983015744509224e-01 -9.308755397796630859e-04 -9.259581565856933594e-04 -9.315311908721923828e-04 -9.374916553497314453e-04 -9.286999702453613281e-04 -9.266436100006103516e-04 -9.359717369079589844e-04 -9.366869926452636719e-04 -9.221732616424560547e-04 -9.301602840423583984e-04
8.833510635598388339e-01 3.428161144256591797e-04 3.348588943481445312e-04 3.405511379241943359e-04 3.310441970825195312e-04 3.450810909271240234e-04 3.403723239898681641e-04 3.603100776672363281e-04 3.485381603240966797e-04 3.406405448913574219e-04 3.382563591003417969e-04
8.898038255452267453e-01 8.390247821807861328e-04 8.331835269927978516e-04 8.150935173034667969e-04 8.267462253570556641e-04 8.260607719421386719e-04 8.345544338226318359e-04 8.353590965270996094e-04 8.403360843658447266e-04 8.326470851898193359e-04 8.291900157928466797e-04
8.962565875306146568e-01 -8.327960968017578125e-04 -8.397102355957031250e-04 -8.381605148315429688e-04 -8.201897144317626953e-04 -8.192956447601318359e-04 -8.385777473449707031e-04 -8.321106433868408203e-04 -8.339285850524902344e-04 -8.285939693450927734e-04 -8.246600627899169922e-04
9.027093495160025682e-01 -4.165470600128173828e-04 -4.309713840484619141e-04 -4.137456417083740234e-04 -4.288256168365478516e-04 -4.305243492126464844e-04 -4.129707813262939453e-04 -4.173517227172851562e-04 -4.152953624725341797e-04 -4.294812679290771484e-04 -4.207789897918701172e-04
9.091621115013904797e-01 9.306371212005615234e-04 9.363591670989990234e-04 9.495913982391357422e-04 9.496212005615234375e-04 9.521245956420898438e-04 9.541511535644531250e-04 9.411871433258056641e-04 9.434521198272705078e-04 9.369850158691406250e-04 9.373128414154052734e-04
9.156148734867783912e-01 -2.139806747436523438e-05 -2.104043960571289062e-05 -3.385543823242187500e-05 -6.735324859619140625e-06 -2.652406692504882812e-05 -3.099441528320312500e-05 -2.384185791015625000e-05 -2.562999725341796875e-05 -2.494454383850097656e-05 -2.932548522949218750e-05
9.220676354721663026e-01 -9.093582630157470703e-04 -9.050369262695312500e-04 -8.863508701324462891e-04 -9.032785892486572266e-04 -8.972287178039550781e-04 -9.064674377441406250e-04 -8.989572525024414062e-04 -9.015202522277832031e-04 -8.932948112487792969e-04 -9.021461009979248047e-04
9.285203974575542141e-01 5.188584327697753906e-04 5.185604095458984375e-04 5.159676074981689453e-04 5.141794681549072266e-04 5.190670490264892578e-04 5.261301994323730469e-04 5.132257938385009766e-04 5.215704441070556641e-04 5.226433277130126953e-04 5.189776420593261719e-04
9.349731594429421255e-01 5.576014518737792969e-04 5.521178245544433594e-04 5.709826946258544922e-04 5.674362182617187500e-04 5.576014518737792969e-04 5.506575107574462891e-04 5.521178245544433594e-04 5.465447902679443359e-04 5.559027194976806641e-04 5.557239055633544922e-04
9.414259214283300370e-01 -8.339285850524902344e-04 -8.347332477569580078e-04 -8.338987827301025391e-04 -8.279681205749511719e-04 -8.395016193389892578e-04 -8.379817008972167969e-04 -8.333921432495117188e-04 -8.412003517150878906e-04 -8.342266082763671875e-04 -8.324384689331054688e-04
9.478786834137179484e-01 3.802776336669921875e-05 2.625584602355957031e-05 3.778934478759765625e-05 3.510713577270507812e-05 3.898143768310546875e-05 4.327297210693359375e-05 3.042817115783691406e-05 2.613663673400878906e-05 3.919005393981933594e-05 3.525614738464355469e-05
9.543314453991058599e-01 9.123980998992919922e-04 9.037554264068603516e-04 9.236931800842285156e-04 9.097158908843994141e-04 9.108185768127441406e-04 9.048581123352050781e-04 9.041130542755126953e-04 9.235441684722900391e-04 9.198486804962158203e-04 9.256005287170410156e-04
9.607842073844936603e-01 -6.277859210968017578e-04 -6.249547004699707031e-04 -6.318092346191406250e-04 -6.356239318847656250e-04 -6.280243396759033203e-04 -6.362199783325195312e-04 -6.223320960998535156e-04 -6.172358989715576172e-04 -6.357133388519287109e-04 -6.504356861114501953e-04
9.672369693698815718e-01 -6.174147129058837891e-04 -6.183683872222900391e-04 -6.220340728759765625e-04 -6.135404109954833984e-04 -6.031990051269531250e-04 -6.119012832641601562e-04 -6.149113178253173828e-04 -6.188452243804931641e-04 -6.136000156402587891e-04 -6.183087825775146484e-04
9.736897313552694833e-01 9.170770645141601562e-04 9.184181690216064453e-04 9.203255176544189453e-04 9.295046329498291016e-04 9.108781814575195312e-04 9.287297725677490234e-04 9.182691574096679688e-04 9.285807609558105469e-04 9.261965751647949219e-04 9.196698665618896484e-04
9.801424933406573947e-01 -2.950429916381835938e-05 -4.461407661437988281e-05 -4.684925079345703125e-05 -3.698468208312988281e-05 -4.094839096069335938e-05 -4.053115844726562500e-05 -3.793835639953613281e-05 -3.004074096679687500e-05 -4.017353057861328125e-05 -3.680586814880371094e-05
9.865952553260453062e-01 -8.366107940673828125e-04 -8.453130722045898438e-04 -8.388757705688476562e-04 -8.383095264434814453e-04 -8.429288864135742188e-04 -8.535385131835937500e-04 -8.478164672851562500e-04 -8.546710014343261719e-04 -8.455514907836914062e-04 -8.536279201507568359e-04
9.930480173114332176e-01 5.764961242675781250e-04 5.845129489898681641e-04 6.009638309478759766e-04 5.844533443450927734e-04 5.926191806793212891e-04 5.860030651092529297e-04 5.815923213958740234e-04 5.740523338317871094e-04 5.789399147033691406e-04 5.843937397003173828e-04
9.995007792968211291e-01 2.271533012390136719e-04 2.273023128509521484e-04 2.232789993286132812e-04 2.223849296569824219e-04 2.345144748687744141e-04 2.284348011016845703e-04 2.379119396209716797e-04 2.275407314300537109e-04 2.301633358001708984e-04 2.220571041107177734e-04
1.005953541282209152e+00 -6.231069564819335938e-04 -6.397664546966552734e-04 -6.355941295623779297e-04 -6.273388862609863281e-04 -6.391704082489013672e-04 -6.385445594787597656e-04 -6.369352340698242188e-04 -6.322860717773437500e-04 -6.391108036041259766e-04 -6.412267684936523438e-04
1.012406303267596952e+00 1.177787780761718750e-04 1.227557659149169922e-04 1.274645328521728516e-04 1.242458820343017578e-04 1.213550567626953125e-04 1.275241374969482422e-04 1.237094402313232422e-04 1.128315925598144531e-04 1.313984394073486328e-04 1.184940338134765625e-04
1.018859065252984752e+00 4.903972148895263672e-04 4.814863204956054688e-04 4.875659942626953125e-04 4.955828189849853516e-04 4.701912403106689453e-04 4.803538322448730469e-04 4.668831825256347656e-04 4.695951938629150391e-04 4.850327968597412109e-04 4.774332046508789062e-04
1.025311827238372775e+00 -3.583133220672607422e-04 -3.527402877807617188e-04 -3.671050071716308594e-04 -3.504157066345214844e-04 -3.646314144134521484e-04 -3.610551357269287109e-04 -3.604888916015625000e-04 -3.537535667419433594e-04 -3.563165664672851562e-04 -3.650486469268798828e-04
1.031764589223760797e+00 -2.830624580383300781e-04 -2.826750278472900391e-04 -2.835392951965332031e-04 -2.801418304443359375e-04 -2.891719341278076172e-04 -2.832412719726562500e-04 -2.836287021636962891e-04 -2.616643905639648438e-04 -2.915859222412109375e-04 -2.738237380981445312e-04
1.038217351209148598e+00 3.830492496490478516e-04 3.858506679534912109e-04 3.864467144012451172e-04 3.766715526580810547e-04 3.945827484130859375e-04 3.886520862579345703e-04 3.882050514221191406e-04 3.792941570281982422e-04 3.935694694519042969e-04 3.853440284729003906e-04
1.044670113194536398e+00 3.327429294586181641e-04 3.369152545928955078e-04 3.317594528198242188e-04 3.325343132019042969e-04 3.305971622467041016e-04 3.291368484497070312e-04 3.384053707122802734e-04 3.329813480377197266e-04 3.295242786407470703e-04 3.365874290466308594e-04
1.051122875179924421e+00 -3.816485404968261719e-04 -3.899335861206054688e-04 -3.873407840728759766e-04 -3.930628299713134766e-04 -3.806948661804199219e-04 -3.911852836608886719e-04 -3.818869590759277344e-04 -3.842711448669433594e-04 -3.824830055236816406e-04 -3.859102725982666016e-04
1.057575637165312221e+00 -3.085732460021972656e-04 -3.078579902648925781e-04 -3.049969673156738281e-04 -3.087222576141357422e-04 -3.085136413574218750e-04 -2.978742122650146484e-04 -3.000795841217041016e-04 -3.106296062469482422e-04 -3.038942813873291016e-04 -2.959072589874267578e-04
1.064028399150700022e+00 3.942549228668212891e-04 4.002153873443603516e-04 4.061460494995117188e-04 4.331767559051513672e-04 4.054605960845947266e-04 3.950893878936767578e-04 3.979206085205078125e-04 4.053115844726562500e-04 4.124343395233154297e-04 4.090666770935058594e-04
1.070481161136088044e+00 -2.368688583374023438e-04 -2.433657646179199219e-04 -2.528429031372070312e-04 -2.347230911254882812e-04 -2.462863922119140625e-04 -2.426207065582275391e-04 -2.503693103790283203e-04 -2.561807632446289062e-04 -2.425312995910644531e-04 -2.414286136627197266e-04
1.076933923121476067e+00 -2.865791320800781250e-04 -2.654194831848144531e-04 -2.719163894653320312e-04 -2.815425395965576172e-04 -2.678632736206054688e-04 -2.717673778533935547e-04 -2.742111682891845703e-04 -2.664625644683837891e-04 -2.581179141998291016e-04 -2.652108669281005859e-04
1.083386685106863867e+00 4.106163978576660156e-04 4.075467586517333984e-04 4.066526889801025391e-04 4.033744335174560547e-04 4.130899906158447266e-04 4.072785377502441406e-04 4.031956195831298828e-04 4.103481769561767578e-04 4.035234451293945312e-04 3.955364227294921875e-04
1.089839447092251667e+00 -1.203715801239013672e-04 -1.201331615447998047e-04 -1.224875450134277344e-04 -1.250207424163818359e-04 -1.175701618194580078e-04 -1.280605792999267578e-04 -1.156032085418701172e-04 -1.202821731567382812e-04 -1.151561737060546875e-04 -1.344084739685058594e-04
1.096292209077639690e+00 -6.640553474426269531e-04 -6.627440452575683594e-04 -6.760060787200927734e-04 -6.553828716278076172e-04 -6.499290466308593750e-04 -6.482005119323730469e-04 -6.570219993591308594e-04 -6.555318832397460938e-04 -6.730854511260986328e-04 -6.559193134307861328e-04
1.102744971063027712e+00 1.368522644042968750e-04 1.450181007385253906e-04 1.350939273834228516e-04 1.461207866668701172e-04 1.388788223266601562e-04 1.359283924102783203e-04 1.315474510192871094e-04 1.391172409057617188e-04 1.436173915863037109e-04 1.432597637176513672e-04
1.109197733048415513e+00 3.192722797393798828e-04 3.070533275604248047e-04 3.072917461395263672e-04 3.122389316558837891e-04 3.164708614349365234e-04 3.193616867065429688e-04 3.137588500976562500e-04 3.139972686767578125e-04 3.274083137512207031e-04 3.045201301574707031e-04
1.115650495033803313e+00 -9.011626243591308594e-04 -9.144246578216552734e-04 -9.241402149200439453e-04 -9.166300296783447266e-04 -9.232461452484130859e-04 -9.196400642395019531e-04 -9.139478206634521484e-04 -9.208023548126220703e-04 -9.257197380065917969e-04 -9.266138076782226562e-04
1.122103257019191336e+00 2.893805503845214844e-05 1.376867294311523438e-05 7.957220077514648438e-06 1.931190490722656250e-05 2.375245094299316406e-05 4.127621650695800781e-05 1.987814903259277344e-05 2.145767211914062500e-05 9.655952453613281250e-06 8.881092071533203125e-06
1.128556019004579358e+00 6.629526615142822266e-04 6.705820560455322266e-04 6.648302078247070312e-04 6.792247295379638672e-04 6.541013717651367188e-04 6.704926490783691406e-04 6.690025329589843750e-04 6.773471832275390625e-04 6.717443466186523438e-04 6.819665431976318359e-04
1.135008780989967159e+00 -6.719827651977539062e-04 -6.840229034423828125e-04 -6.713569164276123047e-04 -6.670951843261718750e-04 -6.859898567199707031e-04 -6.766617298126220703e-04 -6.876885890960693359e-04 -6.664693355560302734e-04 -6.788671016693115234e-04 -6.738901138305664062e-04
1.141461542975354959e+00 -3.238916397094726562e-04 -3.249049186706542969e-04 -3.221929073333740234e-04 -3.123879432678222656e-04 -3.010034561157226562e-04 -3.195106983184814453e-04 -3.018677234649658203e-04 -3.099441528320312500e-04 -3.060698509216308594e-04 -3.188848495483398438e-04
1.147914304960742982e+00 7.863640785217285156e-04 7.888674736022949219e-04 7.962882518768310547e-04 8.031725883483886719e-04 7.898509502410888672e-04 7.859170436859130859e-04 7.932186126708984375e-04 7.928907871246337891e-04 7.918179035186767578e-04 7.890462875366210938e-04
1.154367066946130782e+00 -2.771615982055664062e-04 -2.624094486236572266e-04 -2.785027027130126953e-04 -2.766847610473632812e-04 -2.835988998413085938e-04 -2.785623073577880859e-04 -2.764761447906494141e-04 -2.757310867309570312e-04 -2.773702144622802734e-04 -2.620816230773925781e-04
1.160819828931518582e+00 -4.141926765441894531e-04 -4.250705242156982422e-04 -4.215836524963378906e-04 -4.140734672546386719e-04 -4.122257232666015625e-04 -4.160404205322265625e-04 -4.149973392486572266e-04 -4.116892814636230469e-04 -4.264414310455322266e-04 -4.179477691650390625e-04
1.167272590916906605e+00 4.968941211700439453e-04 5.036294460296630859e-04 5.101859569549560547e-04 5.014538764953613281e-04 5.043447017669677734e-04 5.017220973968505859e-04 5.014240741729736328e-04 5.056262016296386719e-04 5.075633525848388672e-04 5.048215389251708984e-04
1.173725352902294627e+00 3.230571746826171875e-05 3.570318222045898438e-05 3.528594970703125000e-05 2.819299697875976562e-05 3.051757812500000000e-05 4.214048385620117188e-05 3.355741500854492188e-05 3.305077552795410156e-05 4.100799560546875000e-05 2.294778823852539062e-05
1.180178114887682428e+00 -4.345178604125976562e-04 -4.388689994812011719e-04 -4.310607910156250000e-04 -4.346072673797607422e-04 -4.277825355529785156e-04 -4.260540008544921875e-04 -4.515349864959716797e-04 -4.447400569915771484e-04 -4.305541515350341797e-04 -4.285573959350585938e-04
1.186630876873070450e+00 2.712905406951904297e-04 2.624392509460449219e-04 2.677738666534423828e-04 2.646148204803466797e-04 2.680122852325439453e-04 2.565383911132812500e-04 2.737939357757568359e-04 2.616047859191894531e-04 2.631545066833496094e-04 2.724826335906982422e-04
1.193083638858458251e+00 3.237724304199218750e-04 3.384947776794433594e-04 3.337562084197998047e-04 3.270208835601806641e-04 3.271102905273437500e-04 3.419220447540283203e-04 3.314614295959472656e-04 3.382265567779541016e-04 3.251731395721435547e-04 3.404319286346435547e-04
1.199536400843846051e+00 -2.254843711853027344e-04 -2.169013023376464844e-04 -2.276003360748291016e-04 -2.295672893524169922e-04 -2.271234989166259766e-04 -2.330839633941650391e-04 -2.270936965942382812e-04 -2.256333827972412109e-04 -2.299249172210693359e-04 -2.205669879913330078e-04
1.205989162829234074e+00 -1.771748065948486328e-04 -1.839399337768554688e-04 -1.742839813232421875e-04 -1.781880855560302734e-04 -1.679360866546630859e-04 -1.797676086425781250e-04 -1.603364944458007812e-04 -1.706480979919433594e-04 -1.760721206665039062e-04 -1.519918441772460938e-04
1.212441924814621874e+00 3.355443477630615234e-04 3.430545330047607422e-04 3.432035446166992188e-04 3.308653831481933594e-04 3.412365913391113281e-04 3.409087657928466797e-04 3.381073474884033203e-04 3.322064876556396484e-04 3.340542316436767578e-04 3.293752670288085938e-04
1.218894686800009897e+00 1.004040241241455078e-04 9.617209434509277344e-05 9.855628013610839844e-05 1.008808612823486328e-04 1.024305820465087891e-04 1.039505004882812500e-04 8.305907249450683594e-05 9.766221046447753906e-05 1.065731048583984375e-04 9.587407112121582031e-05
1.225347448785397697e+00 -3.321170806884765625e-04 -3.336668014526367188e-04 -3.328621387481689453e-04 -3.430843353271484375e-04 -3.352761268615722656e-04 -3.432035446166992188e-04 -3.287792205810546875e-04 -3.514587879180908203e-04 -3.336668014526367188e-04 -3.435611724853515625e-04
1.231800210770785720e+00 2.506077289581298828e-04 2.517402172088623047e-04 2.590715885162353516e-04 2.608001232147216797e-04 2.740919589996337891e-04 2.506375312805175781e-04 2.605020999908447266e-04 2.589821815490722656e-04 2.554655075073242188e-04 2.506077289581298828e-04
1.238252972756173520e+00 1.600980758666992188e-04 1.625418663024902344e-04 1.620650291442871094e-04 1.681447029113769531e-04 1.527369022369384766e-04 1.488029956817626953e-04 1.687407493591308594e-04 1.504719257354736328e-04 1.582205295562744141e-04 1.662671566009521484e-04
1.244705734741561542e+00 -3.575682640075683594e-04 -3.665685653686523438e-04 -3.624260425567626953e-04 -3.602504730224609375e-04 -3.699660301208496094e-04 -3.599524497985839844e-04 -3.734230995178222656e-04 -3.553628921508789062e-04 -3.503859043121337891e-04 -3.693401813507080078e-04
1.251158496726949343e+00 6.258487701416015625e-05 5.698204040527343750e-05 5.623698234558105469e-05 6.398558616638183594e-05 7.379055023193359375e-05 6.961822509765625000e-05 6.416440010070800781e-05 6.532669067382812500e-05 5.933642387390136719e-05 7.376074790954589844e-05
1.257611258712337365e+00 2.843439579010009766e-04 2.879202365875244141e-04 2.839565277099609375e-04 2.753138542175292969e-04 2.782046794891357422e-04 2.834200859069824219e-04 2.837777137756347656e-04 2.765059471130371094e-04 2.608001232147216797e-04 2.990365028381347656e-04
1.264064020697725166e+00 -2.566277980804443359e-04 -2.605915069580078125e-04 -2.571046352386474609e-04 -2.786517143249511719e-04 -2.535283565521240234e-04 -2.646148204803466797e-04 -2.658367156982421875e-04 -2.639293670654296875e-04 -2.632141113281250000e-04 -2.651214599609375000e-04
1.270516782683113188e+00 -1.620054244995117188e-04 -1.663565635681152344e-04 -1.561939716339111328e-04 -1.526474952697753906e-04 -1.664459705352783203e-04 -1.551508903503417969e-04 -1.557171344757080078e-04 -1.609623432159423828e-04 -1.584589481353759766e-04 -1.594722270965576172e-04
1.276969544668500989e+00 2.669394016265869141e-04 2.614259719848632812e-04 2.643167972564697266e-04 2.691447734832763672e-04 2.714693546295166016e-04 2.664923667907714844e-04 2.801120281219482422e-04 2.727508544921875000e-04 2.629458904266357422e-04 2.734363079071044922e-04
1.283422306653888789e+00 -4.094839096069335938e-05 -2.112984657287597656e-05 -2.941489219665527344e-05 -4.017353057861328125e-05 -2.917647361755371094e-05 -3.725290298461914062e-05 -4.208087921142578125e-05 -4.106760025024414062e-05 -3.984570503234863281e-05 -2.756714820861816406e-05
1.289875068639276812e+00 -1.975893974304199219e-04 -1.927316188812255859e-04 -2.028644084930419922e-04 -1.933872699737548828e-04 -2.035200595855712891e-04 -1.799464225769042969e-04 -2.062618732452392578e-04 -1.815557479858398438e-04 -1.969337463378906250e-04 -1.914501190185546875e-04
1.296327830624664612e+00 2.011358737945556641e-04 2.044141292572021484e-04 2.044439315795898438e-04 2.070665359497070312e-04 2.029240131378173828e-04 2.011358737945556641e-04 2.095699310302734375e-04 1.973211765289306641e-04 2.026855945587158203e-04 1.985728740692138672e-04
1.302780592610052635e+00 5.266070365905761719e-05 3.191828727722167969e-05 3.588199615478515625e-05 4.240870475769042969e-05 3.463029861450195312e-05 4.002451896667480469e-05 3.179907798767089844e-05 3.057718276977539062e-05 4.115700721740722656e-05 3.942847251892089844e-05
1.309233354595440435e+00 -2.538561820983886719e-04 -2.539157867431640625e-04 -2.564489841461181641e-04 -2.632439136505126953e-04 -2.653598785400390625e-04 -2.631247043609619141e-04 -2.780258655548095703e-04 -2.626180648803710938e-04 -2.672076225280761719e-04 -2.666413784027099609e-04
1.315686116580828458e+00 1.624822616577148438e-04 1.764297485351562500e-04 1.812577247619628906e-04 1.820623874664306641e-04 1.663267612457275391e-04 1.665651798248291016e-04 1.809895038604736328e-04 1.719594001770019531e-04 1.851618289947509766e-04 1.787245273590087891e-04
1.322138878566216258e+00 1.206994056701660156e-04 1.192688941955566406e-04 1.261234283447265625e-04 1.283288002014160156e-04 1.125335693359375000e-04 1.195073127746582031e-04 1.241862773895263672e-04 1.402497291564941406e-04 1.248121261596679688e-04 1.283288002014160156e-04
1.328591640551604280e+00 -2.039670944213867188e-04 -2.064108848571777344e-04 -2.069771289825439453e-04 -2.120733261108398438e-04 -2.143681049346923828e-04 -2.171099185943603516e-04 -1.970529556274414062e-04 -1.998543739318847656e-04 -2.061426639556884766e-04 -2.154409885406494141e-04
1.335044402536992081e+00 9.238719940185546875e-06 9.685754776000976562e-06 8.583068847656250000e-06 1.433491706848144531e-05 3.278255462646484375e-06 1.579523086547851562e-05 6.437301635742187500e-06 9.924173355102539062e-06 -2.205371856689453125e-06 4.142522811889648438e-06
1.341497164522380103e+00 1.699626445770263672e-04 1.817047595977783203e-04 1.749694347381591797e-04 1.719892024993896484e-04 1.813769340515136719e-04 1.688599586486816406e-04 1.797378063201904297e-04 1.687407493591308594e-04 1.756548881530761719e-04 1.900196075439453125e-04
1.347949926507767904e+00 -1.064240932464599609e-04 -1.042485237121582031e-04 -9.632110595703125000e-05 -9.238719940185546875e-05 -9.655952453613281250e-05 -1.049339771270751953e-04 -9.167194366455078125e-05 -1.014769077301025391e-04 -9.664893150329589844e-05 -9.411573410034179688e-05
1.354402688493155926e+00 6.973743438720703125e-06 1.558661460876464844e-05 3.844499588012695312e-06 1.242756843566894531e-05 2.038478851318359375e-05 1.159310340881347656e-05 1.007318496704101562e-05 6.258487701416015625e-06 1.096725463867187500e-05 8.612871170043945312e-06
1.360855450478543727e+00 5.063414573669433594e-05 6.037950515747070312e-05 5.286931991577148438e-05 6.052851676940917969e-05 5.498528480529785156e-05 4.726648330688476562e-05 6.580352783203125000e-05 4.422664642333984375e-05 5.269050598144531250e-05 6.029009819030761719e-05
1.367308212463931749e+00 -2.019405364990234375e-04 -2.096593379974365234e-04 -1.861751079559326172e-04 -2.016723155975341797e-04 -1.940727233886718750e-04 -2.037584781646728516e-04 -1.959800720214843750e-04 -1.974999904632568359e-04 -1.985430717468261719e-04 -1.948773860931396484e-04
1.373760974449319550e+00 -7.808208465576171875e-06 -2.741813659667968750e-06 -2.473592758178710938e-06 6.973743438720703125e-06 4.589557647705078125e-06 -8.732080459594726562e-06 9.626150131225585938e-06 8.463859558105468750e-06 2.264976501464843750e-06 -1.728534698486328125e-06
1.380213736434707350e+00 1.302361488342285156e-05 1.344084739685058594e-05 1.055002212524414062e-05 2.712011337280273438e-06 8.970499038696289062e-06 5.692243576049804688e-06 8.612871170043945312e-06 8.106231689453125000e-06 1.436471939086914062e-05 9.059906005859375000e-06
1.386666498420095373e+00 -1.704692840576171875e-05 -2.115964889526367188e-05 -3.072619438171386719e-05 -1.692771911621093750e-05 -2.089142799377441406e-05 -2.098083496093750000e-05 -2.574920654296875000e-05 -2.539157867431640625e-05 -3.424286842346191406e-05 -2.586841583251953125e-05
1.393119260405483173e+00 5.471706390380859375e-05 4.485249519348144531e-05 4.351139068603515625e-05 4.956126213073730469e-05 4.425644874572753906e-05 5.096197128295898438e-05 4.637241363525390625e-05 4.607439041137695312e-05 4.649162292480468750e-05 6.273388862609863281e-05
1.399572022390871195e+00 -2.655088901519775391e-04 -2.624094486236572266e-04 -2.518296241760253906e-04 -2.503097057342529297e-04 -2.648234367370605469e-04 -2.503991127014160156e-04 -2.495646476745605469e-04 -2.552270889282226562e-04 -2.531111240386962891e-04 -2.577900886535644531e-04
1.406024784376258996e+00 2.399384975433349609e-04 2.376437187194824219e-04 2.467632293701171875e-04 2.399981021881103516e-04 2.402067184448242188e-04 2.370178699493408203e-04 2.419054508209228516e-04 2.444684505462646484e-04 2.489984035491943359e-04 2.370476722717285156e-04
1.412477546361647018e+00 -1.308917999267578125e-04 -1.215338706970214844e-04 -1.177191734313964844e-04 -1.236498355865478516e-04 -1.241862773895263672e-04 -1.152455806732177734e-04 -1.268684864044189453e-04 -1.280605792999267578e-04 -1.159310340881347656e-04 -1.319050788879394531e-04
1.418930308347034819e+00 -1.165270805358886719e-05 -2.291798591613769531e-05 -2.536177635192871094e-05 -3.498792648315429688e-05 -2.148747444152832031e-05 -2.384185791015625000e-05 -2.372264862060546875e-05 -2.151727676391601562e-05 -1.811981201171875000e-05 -4.729628562927246094e-05
1.425383070332422841e+00 2.026855945587158203e-04 2.065300941467285156e-04 2.058446407318115234e-04 2.024769783020019531e-04 1.944601535797119141e-04 2.065896987915039062e-04 2.065300941467285156e-04 2.237856388092041016e-04 2.092421054840087891e-04 2.092123031616210938e-04
1.431835832317810642e+00 -3.728270530700683594e-05 -5.125999450683593750e-05 -5.823373794555664062e-05 -4.187226295471191406e-05 -4.425644874572753906e-05 -3.528594970703125000e-05 -6.330013275146484375e-05 -4.529953002929687500e-05 -5.403161048889160156e-05 -6.681680679321289062e-05
1.438288594303198664e+00 -2.363622188568115234e-04 -2.405345439910888672e-04 -2.440214157104492188e-04 -2.445578575134277344e-04 -2.419650554656982422e-04 -2.489089965820312500e-04 -2.452433109283447266e-04 -2.472996711730957031e-04 -2.318322658538818359e-04 -2.439320087432861328e-04
1.444741356288586465e+00 5.877017974853515625e-05 4.932284355163574219e-05 6.726384162902832031e-05 5.549192428588867188e-05 5.486607551574707031e-05 6.067752838134765625e-05 5.567073822021484375e-05 5.993247032165527344e-05 5.230307579040527344e-05 6.154179573059082031e-05
1.451194118273974487e+00 5.194544792175292969e-05 5.602836608886718750e-05 6.061792373657226562e-05 5.936622619628906250e-05 5.939602851867675781e-05 5.820393562316894531e-05 5.647540092468261719e-05 7.101893424987792969e-05 6.115436553955078125e-05 6.404519081115722656e-05
1.457646880259362288e+00 -3.546476364135742188e-05 -2.995133399963378906e-05 -3.790855407714843750e-05 -3.165006637573242188e-05 -1.963973045349121094e-05 -2.732872962951660156e-05 -2.324581146240234375e-05 -2.714991569519042969e-05 -3.758072853088378906e-05 -2.819299697875976562e-05
1.464099642244750310e+00 1.427233219146728516e-04 1.475811004638671875e-04 1.483261585235595703e-04 1.577138900756835938e-04 1.537799835205078125e-04 1.603066921234130859e-04 1.473426818847656250e-04 1.460909843444824219e-04 1.499056816101074219e-04 1.449286937713623047e-04
1.470552404230138110e+00 -8.082389831542968750e-05 -8.276104927062988281e-05 -7.632374763488769531e-05 -8.022785186767578125e-05 -7.471442222595214844e-05 -7.352232933044433594e-05 -7.733702659606933594e-05 -7.474422454833984375e-05 -7.638335227966308594e-05 -7.548928260803222656e-05
1.477005166215525911e+00 9.000301361083984375e-06 1.099705696105957031e-05 2.682209014892578125e-06 3.963708877563476562e-06 1.326203346252441406e-05 1.788139343261718750e-07 1.546740531921386719e-05 1.010298728942871094e-05 2.178549766540527344e-05 5.483627319335937500e-06
1.483457928200913933e+00 -2.741813659667968750e-06 1.156330108642578125e-05 9.477138519287109375e-06 1.153349876403808594e-05 8.821487426757812500e-06 5.990266799926757812e-06 6.258487701416015625e-06 -1.788139343261718750e-06 7.152557373046875000e-07 -2.771615982055664062e-06
1.489910690186301734e+00 -5.686283111572265625e-05 -5.593895912170410156e-05 -4.026293754577636719e-05 -3.844499588012695312e-05 -4.503130912780761719e-05 -4.878640174865722656e-05 -4.002451896667480469e-05 -3.814697265625000000e-05 -4.684925079345703125e-05 -3.293156623840332031e-05
1.496363452171689756e+00 3.501772880554199219e-05 4.112720489501953125e-05 4.228949546813964844e-05 4.619359970092773438e-05 3.477931022644042969e-05 4.193186759948730469e-05 3.737211227416992188e-05 4.273653030395507812e-05 3.844499588012695312e-05 3.978610038757324219e-05
1.502816214157077557e+00 5.856156349182128906e-05 4.622340202331542969e-05 5.936622619628906250e-05 6.511807441711425781e-05 6.672739982604980469e-05 5.248188972473144531e-05 5.981326103210449219e-05 4.902482032775878906e-05 5.099177360534667969e-05 6.303191184997558594e-05
1.509268976142465579e+00 -7.131695747375488281e-05 -6.490945816040039062e-05 -7.566809654235839844e-05 -6.961822509765625000e-05 -6.613135337829589844e-05 -7.393956184387207031e-05 -7.289648056030273438e-05 -6.750226020812988281e-05 -6.362795829772949219e-05 -6.026029586791992188e-05
1.515721738127853380e+00 2.354383468627929688e-05 3.781914710998535156e-05 2.792477607727050781e-05 2.342462539672851562e-05 3.102421760559082031e-05 3.308057785034179688e-05 2.282857894897460938e-05 2.205371856689453125e-05 3.650784492492675781e-05 3.558397293090820312e-05
1.522174500113241402e+00 9.989738464355468750e-05 1.031458377838134766e-04 1.097619533538818359e-04 1.188516616821289062e-04 1.038014888763427734e-04 1.217722892761230469e-04 1.180768013000488281e-04 1.118779182434082031e-04 1.092255115509033203e-04 9.974837303161621094e-05
1.528627262098629203e+00 -6.115436553955078125e-05 -6.049871444702148438e-05 -6.034970283508300781e-05 -5.182623863220214844e-05 -5.516409873962402344e-05 -5.549192428588867188e-05 -6.207823753356933594e-05 -5.406141281127929688e-05 -5.388259887695312500e-05 -4.771351814270019531e-05
1.535080024084017225e+00 -6.735324859619140625e-06 -1.510977745056152344e-05 -8.046627044677734375e-06 -9.298324584960937500e-06 -7.450580596923828125e-06 -9.715557098388671875e-06 -7.480382919311523438e-06 -1.126527786254882812e-05 -1.880526542663574219e-05 -1.847743988037109375e-05
1.541532786069405025e+00 6.043910980224609375e-05 7.367134094238281250e-05 6.666779518127441406e-05 6.216764450073242188e-05 6.940960884094238281e-05 6.622076034545898438e-05 6.377696990966796875e-05 5.805492401123046875e-05 6.785988807678222656e-05 5.912780761718750000e-05
1.547985548054793048e+00 -5.972385406494140625e-05 -4.151463508605957031e-05 -4.339218139648437500e-05 -3.635883331298828125e-05 -3.811717033386230469e-05 -3.984570503234863281e-05 -4.515051841735839844e-05 -4.294514656066894531e-05 -4.547834396362304688e-05 -3.427267074584960938e-05
1.554438310040180848e+00 -4.982948303222656250e-05 -5.808472633361816406e-05 -5.665421485900878906e-05 -6.267428398132324219e-05 -4.163384437561035156e-05 -5.230307579040527344e-05 -5.152821540832519531e-05 -5.680322647094726562e-05 -6.777048110961914062e-05 -6.154179573059082031e-05
1.560891072025568649e+00 1.174509525299072266e-04 1.035034656524658203e-04 1.007914543151855469e-04 1.048445701599121094e-04 1.120567321777343750e-04 9.828805923461914062e-05 1.230835914611816406e-04 1.001656055450439453e-04 9.715557098388671875e-05 8.600950241088867188e-05
1.567343834010956671e+00 -4.917383193969726562e-05 -4.631280899047851562e-05 -3.185868263244628906e-05 -4.023313522338867188e-05 -4.538893699645996094e-05 -3.871321678161621094e-05 -4.586577415466308594e-05 -4.038214683532714844e-05 -2.869963645935058594e-05 -3.311038017272949219e-05
1.573796595996344472e+00 -7.787346839904785156e-05 -9.012222290039062500e-05 -7.966160774230957031e-05 -7.006525993347167969e-05 -7.694959640502929688e-05 -6.633996963500976562e-05 -7.522106170654296875e-05 -7.241964340209960938e-05 -7.730722427368164062e-05 -7.605552673339843750e-05
1.580249357981732494e+00 3.397464752197265625e-05 4.896521568298339844e-05 4.473328590393066406e-05 3.355741500854492188e-05 4.929304122924804688e-05 4.568696022033691406e-05 5.155801773071289062e-05 4.395842552185058594e-05 4.485249519348144531e-05 4.094839096069335938e-05
1.586702119967120295e+00 -2.306699752807617188e-05 -1.266598701477050781e-05 -1.823902130126953125e-05 -2.205371856689453125e-05 -1.317262649536132812e-05 -1.803040504455566406e-05 -1.144409179687500000e-05 -1.734495162963867188e-05 -2.521276473999023438e-05 -2.366304397583007812e-05
1.593154881952508317e+00 -2.479553222656250000e-05 -1.308321952819824219e-05 -2.530217170715332031e-05 -1.567602157592773438e-05 -1.919269561767578125e-05 -2.044439315795898438e-05 -1.841783523559570312e-05 -1.552700996398925781e-05 -1.877546310424804688e-05 -1.421570777893066406e-05
1.599607643937896118e+00 2.229213714599609375e-05 2.491474151611328125e-05 1.099705696105957031e-05 1.451373100280761719e-05 1.135468482971191406e-05 2.580881118774414062e-05 1.192092895507812500e-05 1.764297485351562500e-05 1.600384712219238281e-05 2.110004425048828125e-05
1.606060405923284140e+00 2.589821815490722656e-05 3.504753112792968750e-05 3.457069396972656250e-05 3.245472908020019531e-05 2.527236938476562500e-05 2.658367156982421875e-05 2.741813659667968750e-05 3.716349601745605469e-05 3.734230995178222656e-05 2.646446228027343750e-05
1.612513167908671941e+00 -4.634261131286621094e-05 -6.505846977233886719e-05 -5.441904067993164062e-05 -5.710124969482421875e-05 -4.625320434570312500e-05 -5.483627319335937500e-05 -5.555152893066406250e-05 -5.081295967102050781e-05 -4.726648330688476562e-05 -4.807114601135253906e-05
1.618965929894059963e+00 -5.123019218444824219e-05 -3.418326377868652344e-05 -2.977252006530761719e-05 -3.689527511596679688e-05 -3.734230995178222656e-05 -2.795457839965820312e-05 -2.574920654296875000e-05 -3.546476364135742188e-05 -2.786517143249511719e-05 -3.072619438171386719e-05
1.625418691879447763e+00 8.562207221984863281e-05 1.004636287689208984e-04 9.602308273315429688e-05 9.718537330627441406e-05 1.009106636047363281e-04 8.982419967651367188e-05 1.027286052703857422e-04 8.863210678100585938e-05 9.456276893615722656e-05 9.152293205261230469e-05
1.631871453864835786e+00 -9.864568710327148438e-06 -2.539157867431640625e-05 -2.411007881164550781e-05 -1.454353332519531250e-05 -1.972913742065429688e-05 -3.245472908020019531e-05 -1.707673072814941406e-05 -2.986192703247070312e-05 -2.762675285339355469e-05 -3.001093864440917969e-05
1.638324215850223586e+00 -6.508827209472656250e-05 -6.797909736633300781e-05 -6.100535392761230469e-05 -6.332993507385253906e-05 -5.969405174255371094e-05 -5.844235420227050781e-05 -6.178021430969238281e-05 -5.415081977844238281e-05 -5.522370338439941406e-05 -6.040930747985839844e-05
1.644776977835611609e+00 9.796023368835449219e-05 1.020431518554687500e-04 1.077055931091308594e-04 1.011788845062255859e-04 1.024603843688964844e-04 9.953975677490234375e-05 1.063942909240722656e-04 1.088678836822509766e-04 1.159012317657470703e-04 1.107752323150634766e-04
1.651229739820999409e+00 7.718801498413085938e-06 6.973743438720703125e-06 1.478195190429687500e-05 1.117587089538574219e-05 1.788139343261718750e-07 4.589557647705078125e-06 -2.712011337280273438e-06 1.907348632812500000e-06 8.851289749145507812e-06 -3.278255462646484375e-07
1.657682501806387210e+00 -4.863739013671875000e-05 -4.416704177856445312e-05 -5.328655242919921875e-05 -5.286931991577148438e-05 -4.377961158752441406e-05 -5.432963371276855469e-05 -6.592273712158203125e-05 -4.944205284118652344e-05 -6.112456321716308594e-05 -5.534291267395019531e-05
1.664135263791775232e+00 1.067519187927246094e-04 9.506940841674804688e-05 1.021921634674072266e-04 1.027882099151611328e-04 1.003742218017578125e-04 9.188055992126464844e-05 1.019537448883056641e-04 8.654594421386718750e-05 9.739398956298828125e-05 1.036226749420166016e-04
1.670588025777163033e+00 -3.257393836975097656e-05 -4.842877388000488281e-05 -4.166364669799804688e-05 -4.240870475769042969e-05 -3.418326377868652344e-05 -4.416704177856445312e-05 -4.202127456665039062e-05 -2.869963645935058594e-05 -3.027915954589843750e-05 -3.734230995178222656e-05
1.677040787762551055e+00 -1.221597194671630859e-04 -1.302063465118408203e-04 -1.327991485595703125e-04 -1.200735569000244141e-04 -1.285076141357421875e-04 -1.212954521179199219e-04 -1.303851604461669922e-04 -1.260340213775634766e-04 -1.241266727447509766e-04 -1.345872879028320312e-04
1.683493549747938856e+00 7.283687591552734375e-05 7.048249244689941406e-05 6.294250488281250000e-05 7.015466690063476562e-05 8.597970008850097656e-05 6.845593452453613281e-05 6.970763206481933594e-05 6.905198097229003906e-05 7.525086402893066406e-05 6.952881813049316406e-05
1.689946311733326878e+00 1.563131809234619141e-04 1.539289951324462891e-04 1.549422740936279297e-04 1.513957977294921875e-04 1.637041568756103516e-04 1.527070999145507812e-04 1.544356346130371094e-04 1.566112041473388672e-04 1.557171344757080078e-04 1.634955406188964844e-04
1.696399073718714678e+00 -7.402896881103515625e-05 -8.043646812438964844e-05 -8.040666580200195312e-05 -7.167458534240722656e-05 -7.915496826171875000e-05 -7.659196853637695312e-05 -6.997585296630859375e-05 -7.987022399902343750e-05 -8.267164230346679688e-05 -7.522106170654296875e-05
1.702851835704102701e+00 -3.319978713989257812e-05 -4.318356513977050781e-05 -4.512071609497070312e-05 -6.276369094848632812e-05 -4.789233207702636719e-05 -5.134940147399902344e-05 -4.905462265014648438e-05 -5.447864532470703125e-05 -5.382299423217773438e-05 -5.865097045898437500e-05
1.709304597689490501e+00 7.900595664978027344e-05 9.420514106750488281e-05 8.049607276916503906e-05 8.982419967651367188e-05 8.323788642883300781e-05 8.708238601684570312e-05 9.199976921081542969e-05 8.112192153930664062e-05 8.061528205871582031e-05 7.912516593933105469e-05
1.715757359674878524e+00 -8.529424667358398438e-05 -7.981061935424804688e-05 -8.970499038696289062e-05 -7.808208465576171875e-05 -8.776783943176269531e-05 -7.787346839904785156e-05 -7.930397987365722656e-05 -7.918477058410644531e-05 -7.027387619018554688e-05 -7.736682891845703125e-05
1.722210121660266324e+00 -4.181265830993652344e-05 -4.056096076965332031e-05 -4.261732101440429688e-05 -3.728270530700683594e-05 -4.500150680541992188e-05 -4.273653030395507812e-05 -3.054738044738769531e-05 -4.231929779052734375e-05 -3.904104232788085938e-05 -3.984570503234863281e-05
1.728662883645654347e+00 1.339316368103027344e-04 1.184642314910888672e-04 1.280307769775390625e-04 1.330375671386718750e-04 1.305043697357177734e-04 1.288652420043945312e-04 1.159012317657470703e-04 1.300275325775146484e-04 1.253187656402587891e-04 1.235008239746093750e-04
1.735115645631042147e+00 -4.959106445312500000e-05 -4.571676254272460938e-05 -5.432963371276855469e-05 -5.027651786804199219e-05 -4.324316978454589844e-05 -4.646182060241699219e-05 -4.896521568298339844e-05 -4.810094833374023438e-05 -4.312396049499511719e-05 -5.975365638732910156e-05
1.741568407616429948e+00 -7.721781730651855469e-05 -8.004903793334960938e-05 -8.490681648254394531e-05 -8.618831634521484375e-05 -8.073449134826660156e-05 -7.757544517517089844e-05 -8.013844490051269531e-05 -1.072287559509277344e-04 -9.098649024963378906e-05 -8.398294448852539062e-05
1.748021169601817970e+00 1.490414142608642578e-04 1.599490642547607422e-04 1.531839370727539062e-04 1.529753208160400391e-04 1.579523086547851562e-04 1.586973667144775391e-04 1.503229141235351562e-04 1.429021358489990234e-04 1.597702503204345703e-04 1.585781574249267578e-04
1.754473931587205771e+00 4.541873931884765625e-05 5.856156349182128906e-05 4.386901855468750000e-05 6.017088890075683594e-05 3.349781036376953125e-05 5.877017974853515625e-05 5.537271499633789062e-05 4.926323890686035156e-05 4.729628562927246094e-05 5.134940147399902344e-05
1.760926693572593793e+00 -1.290738582611083984e-04 -1.352131366729736328e-04 -1.415312290191650391e-04 -1.381933689117431641e-04 -1.322031021118164062e-04 -1.375377178192138672e-04 -1.376867294311523438e-04 -1.344978809356689453e-04 -1.365840435028076172e-04 -1.467466354370117188e-04
1.767379455557981593e+00 2.083182334899902344e-04 2.011656761169433594e-04 2.002120018005371094e-04 1.904070377349853516e-04 2.084672451019287109e-04 2.020597457885742188e-04 1.962184906005859375e-04 1.887083053588867188e-04 1.950263977050781250e-04 1.856088638305664062e-04
1.773832217543369616e+00 -2.938508987426757812e-05 -2.381205558776855469e-05 -2.989172935485839844e-05 -2.026557922363281250e-05 -2.551078796386718750e-05 -2.396106719970703125e-05 -1.633167266845703125e-05 -2.247095108032226562e-05 -1.636147499084472656e-05 -2.214312553405761719e-05
1.780284979528757416e+00 -1.320540904998779297e-04 -1.369416713714599609e-04 -1.463592052459716797e-04 -1.388490200042724609e-04 -1.419484615325927734e-04 -1.278221607208251953e-04 -1.534819602966308594e-04 -1.420974731445312500e-04 -1.482069492340087891e-04 -1.443028450012207031e-04
1.786737741514145439e+00 9.873509407043457031e-05 8.380413055419921875e-05 9.813904762268066406e-05 9.953975677490234375e-05 8.997321128845214844e-05 8.729100227355957031e-05 9.068846702575683594e-05 8.687376976013183594e-05 9.593367576599121094e-05 8.714199066162109375e-05
1.793190503499533239e+00 -4.306435585021972656e-05 -4.255771636962890625e-05 -4.637241363525390625e-05 -3.111362457275390625e-05 -3.972649574279785156e-05 -4.401803016662597656e-05 -3.835558891296386719e-05 -3.254413604736328125e-05 -3.308057785034179688e-05 -4.112720489501953125e-05
1.799643265484921262e+00 7.212162017822265625e-05 5.933642387390136719e-05 7.000565528869628906e-05 5.564093589782714844e-05 6.330013275146484375e-05 5.728006362915039062e-05 6.115436553955078125e-05 5.456805229187011719e-05 5.230307579040527344e-05 6.711483001708984375e-05
1.806096027470309062e+00 8.973479270935058594e-05 8.463859558105468750e-05 8.666515350341796875e-05 8.755922317504882812e-05 9.372830390930175781e-05 9.346008300781250000e-05 8.502602577209472656e-05 8.991360664367675781e-05 8.949637413024902344e-05 9.757280349731445312e-05
1.812548789455697085e+00 -5.060434341430664062e-05 -3.936886787414550781e-05 -3.778934478759765625e-05 -4.804134368896484375e-05 -5.066394805908203125e-05 -5.084276199340820312e-05 -5.233287811279296875e-05 -3.498792648315429688e-05 -4.091858863830566406e-05 -4.875659942626953125e-05
1.819001551441084885e+00 9.611248970031738281e-05 9.331107139587402344e-05 1.009702682495117188e-04 9.092688560485839844e-05 1.099407672882080078e-04 1.042783260345458984e-04 8.854269981384277344e-05 9.441375732421875000e-05 1.060664653778076172e-04 9.289383888244628906e-05
1.825454313426472908e+00 -8.580088615417480469e-05 -7.683038711547851562e-05 -7.313489913940429688e-05 -7.101893424987792969e-05 -7.656216621398925781e-05 -7.954239845275878906e-05 -8.347630500793457031e-05 -8.624792098999023438e-05 -8.156895637512207031e-05 -7.513165473937988281e-05
1.831907075411860708e+00 -1.100599765777587891e-04 -1.249909400939941406e-04 -1.101791858673095703e-04 -1.156926155090332031e-04 -1.022815704345703125e-04 -1.082420349121093750e-04 -1.148283481597900391e-04 -1.174211502075195312e-04 -1.250505447387695312e-04 -1.090466976165771484e-04
1.838359837397248508e+00 2.476871013641357422e-04 2.442598342895507812e-04 2.397894859313964844e-04 2.485811710357666016e-04 2.413392066955566406e-04 2.405643463134765625e-04 2.484917640686035156e-04 2.314150333404541016e-04 2.388954162597656250e-04 2.426505088806152344e-04
1.844812599382636531e+00 -1.604259014129638672e-04 -1.703798770904541016e-04 -1.597702503204345703e-04 -1.753270626068115234e-04 -1.511871814727783203e-04 -1.635849475860595703e-04 -1.661777496337890625e-04 -1.619160175323486328e-04 -1.693964004516601562e-04 -1.671910285949707031e-04
1.851265361368024331e+00 -1.013875007629394531e-04 -1.018047332763671875e-04 -1.071989536285400391e-04 -9.265542030334472656e-05 -9.745359420776367188e-05 -1.057088375091552734e-04 -9.909272193908691406e-05 -1.090764999389648438e-04 -1.033246517181396484e-04 -1.057386398315429688e-04
1.857718123353412354e+00 3.479123115539550781e-04 3.709793090820312500e-04 3.469884395599365234e-04 3.564357757568359375e-04 3.663897514343261719e-04 3.609061241149902344e-04 3.678798675537109375e-04 3.624558448791503906e-04 3.553032875061035156e-04 3.628134727478027344e-04
1.864170885338800154e+00 -2.198517322540283203e-04 -2.110898494720458984e-04 -2.128481864929199219e-04 -2.209842205047607422e-04 -2.294182777404785156e-04 -2.239644527435302734e-04 -2.206861972808837891e-04 -2.139806747436523438e-04 -2.210140228271484375e-04 -2.305209636688232422e-04
1.870623647324188177e+00 -1.679956912994384766e-04 -1.665055751800537109e-04 -1.621842384338378906e-04 -1.711845397949218750e-04 -1.634061336517333984e-04 -1.808702945709228516e-04 -1.661777496337890625e-04 -1.732409000396728516e-04 -1.701116561889648438e-04 -1.647174358367919922e-04
1.877076409309575977e+00 4.355609416961669922e-04 4.465878009796142578e-04 4.454553127288818359e-04 4.348158836364746094e-04 4.381835460662841797e-04 4.445314407348632812e-04 4.467964172363281250e-04 4.413425922393798828e-04 4.324913024902343750e-04 4.421174526214599609e-04
1.883529171294964000e+00 -2.661049365997314453e-04 -2.571046352386474609e-04 -2.641975879669189453e-04 -2.670586109161376953e-04 -2.675652503967285156e-04 -2.674758434295654297e-04 -2.666413784027099609e-04 -2.603828907012939453e-04 -2.731382846832275391e-04 -2.580285072326660156e-04
1.889981933280351800e+00 -1.688003540039062500e-04 -1.771450042724609375e-04 -1.776814460754394531e-04 -1.883506774902343750e-04 -1.880824565887451172e-04 -1.934468746185302734e-04 -1.740157604217529297e-04 -1.940131187438964844e-04 -1.840889453887939453e-04 -1.841783523559570312e-04
1.896434695265739823e+00 4.608929157257080078e-04 4.749298095703125000e-04 4.652440547943115234e-04 4.620254039764404297e-04 4.808008670806884766e-04 4.759430885314941406e-04 4.746317863464355469e-04 4.767179489135742188e-04 4.710555076599121094e-04 4.709959030151367188e-04
1.902887457251127623e+00 -2.620816230773925781e-04 -2.388656139373779297e-04 -2.522766590118408203e-04 -2.471506595611572266e-04 -2.456605434417724609e-04 -2.620220184326171875e-04 -2.495348453521728516e-04 -2.551972866058349609e-04 -2.514719963073730469e-04 -2.495944499969482422e-04
1.909340219236515646e+00 -1.625716686248779297e-04 -1.547932624816894531e-04 -1.508891582489013672e-04 -1.519918441772460938e-04 -1.521408557891845703e-04 -1.603364944458007812e-04 -1.541078090667724609e-04 -1.528561115264892578e-04 -1.577436923980712891e-04 -1.459121704101562500e-04
1.915792981221903446e+00 4.277229309082031250e-04 4.200935363769531250e-04 4.237592220306396484e-04 4.187226295471191406e-04 4.255473613739013672e-04 4.343986511230468750e-04 4.298985004425048828e-04 4.240274429321289062e-04 4.268884658813476562e-04 4.149377346038818359e-04
1.922245743207291468e+00 -2.547800540924072266e-04 -2.618134021759033203e-04 -2.580285072326660156e-04 -2.538263797760009766e-04 -2.545416355133056641e-04 -2.571642398834228516e-04 -2.530515193939208984e-04 -2.579092979431152344e-04 -2.540051937103271484e-04 -2.544522285461425781e-04
1.928698505192679269e+00 -7.593631744384765625e-05 -9.083747863769531250e-05 -8.916854858398437500e-05 -9.700655937194824219e-05 -6.550550460815429688e-05 -8.773803710937500000e-05 -8.106231689453125000e-05 -8.666515350341796875e-05 -8.234381675720214844e-05 -9.220838546752929688e-05
1.935151267178067069e+00 3.728866577148437500e-04 3.850162029266357422e-04 3.742575645446777344e-04 3.881156444549560547e-04 3.791153430938720703e-04 3.935396671295166016e-04 3.831386566162109375e-04 3.844499588012695312e-04 3.839135169982910156e-04 3.818571567535400391e-04
1.941604029163455092e+00 -1.421868801116943359e-04 -1.404881477355957031e-04 -1.585185527801513672e-04 -1.626312732696533203e-04 -1.555383205413818359e-04 -1.535117626190185547e-04 -1.493394374847412109e-04 -1.464784145355224609e-04 -1.470446586608886719e-04 -1.492202281951904297e-04
1.948056791148842892e+00 -1.164376735687255859e-04 -1.318156719207763672e-04 -1.322925090789794922e-04 -1.264810562133789062e-04 -1.248419284820556641e-04 -1.393854618072509766e-04 -1.260936260223388672e-04 -1.243352890014648438e-04 -1.327097415924072266e-04 -1.324713230133056641e-04
1.954509553134230915e+00 2.042949199676513672e-04 2.149939537048339844e-04 2.241432666778564453e-04 2.189278602600097656e-04 2.166032791137695312e-04 2.272725105285644531e-04 2.122521400451660156e-04 2.248883247375488281e-04 2.151429653167724609e-04 2.315640449523925781e-04
1.960962315119618715e+00 -4.979968070983886719e-05 -5.075335502624511719e-05 -5.340576171875000000e-05 -5.733966827392578125e-05 -5.125999450683593750e-05 -3.948807716369628906e-05 -5.257129669189453125e-05 -5.266070365905761719e-05 -5.528330802917480469e-05 -4.810094833374023438e-05
1.967415077105006738e+00 -1.021027565002441406e-04 -1.056790351867675781e-04 -1.131892204284667969e-04 -1.068115234375000000e-04 -1.049637794494628906e-04 -1.065731048583984375e-04 -8.347630500793457031e-05 -1.035630702972412109e-04 -1.010596752166748047e-04 -1.059472560882568359e-04
1.973867839090394538e+00 1.745522022247314453e-04 1.637935638427734375e-04 1.645386219024658203e-04 1.492500305175781250e-04 1.739263534545898438e-04 1.623034477233886719e-04 1.631081104278564453e-04 1.662969589233398438e-04 1.688301563262939453e-04 1.738667488098144531e-04
1.980320601075782561e+00 -3.895163536071777344e-05 -3.799796104431152344e-05 -4.848837852478027344e-05 -3.316998481750488281e-05 -4.607439041137695312e-05 -4.196166992187500000e-05 -4.938244819641113281e-05 -4.637241363525390625e-05 -4.535913467407226562e-05 -3.793835639953613281e-05
1.986773363061170361e+00 -1.443028450012207031e-04 -1.545846462249755859e-04 -1.481473445892333984e-04 -1.486837863922119141e-04 -1.564025878906250000e-04 -1.392960548400878906e-04 -1.567006111145019531e-04 -1.508593559265136719e-04 -1.568496227264404297e-04 -1.572668552398681641e-04
1.993226125046558384e+00 1.283288002014160156e-04 1.306831836700439453e-04 1.378059387207031250e-04 1.474320888519287109e-04 1.438856124877929688e-04 1.434683799743652344e-04 1.327991485595703125e-04 1.280605792999267578e-04 1.310408115386962891e-04 1.387000083923339844e-04
1.999678887031946184e+00 7.867813110351562500e-05 8.493661880493164062e-05 8.836388587951660156e-05 9.086728096008300781e-05 6.887316703796386719e-05 9.652972221374511719e-05 9.262561798095703125e-05 8.425116539001464844e-05 7.244944572448730469e-05 7.408857345581054688e-05
2.006131649017333984e+00 -7.221102714538574219e-05 -6.651878356933593750e-05 -6.222724914550781250e-05 -5.939602851867675781e-05 -6.857514381408691406e-05 -6.258487701416015625e-05 -6.487965583801269531e-05 -6.461143493652343750e-05 -5.722045898437500000e-05 -7.104873657226562500e-05
