#Range[m] 0 1 2 3 4 5 6 7 8 9
1.800000071525573730e-01 -4.859757423400878906e-02 -4.829004406929016113e-02 -4.827648401260375977e-02 -4.838192462921142578e-02 -4.825773835182189941e-02 -4.840558767318725586e-02 -4.846274852752685547e-02 -4.829382896423339844e-02 -4.844152927398681641e-02 -4.841735959053039551e-02
1.864527691379452845e-01 3.312647342681884766e-02 3.348493576049804688e-02 3.340733051300048828e-02 3.321641683578491211e-02 3.331190347671508789e-02 3.307607769966125488e-02 3.324171900749206543e-02 3.334772586822509766e-02 3.309121727943420410e-02 3.324925899505615234e-02
1.929055311233331682e-01 1.299947500228881836e-02 1.263898611068725586e-02 1.268085837364196777e-02 1.288345456123352051e-02 1.279035210609436035e-02 1.298788189888000488e-02 1.292517781257629395e-02 1.279076933860778809e-02 1.301223039627075195e-02 1.283052563667297363e-02
1.993582931087210797e-01 -2.338221669197082520e-02 -2.334988117218017578e-02 -2.331799268722534180e-02 -2.334773540496826172e-02 -2.334007620811462402e-02 -2.332824468612670898e-02 -2.332574129104614258e-02 -2.335792779922485352e-02 -2.335619926452636719e-02 -2.333787083625793457e-02
2.058110550941089911e-01 2.253383398056030273e-03 2.404123544692993164e-03 2.336055040359497070e-03 2.312868833541870117e-03 2.317786216735839844e-03 2.242207527160644531e-03 2.298504114151000977e-03 2.356171607971191406e-03 2.250224351882934570e-03 2.300202846527099609e-03
2.122638170794968748e-01 7.098019123077392578e-03 7.089197635650634766e-03 7.081568241119384766e-03 7.072359323501586914e-03 7.079005241394042969e-03 7.097095251083374023e-03 7.068663835525512695e-03 7.078170776367187500e-03 7.082581520080566406e-03 7.084220647811889648e-03
2.187165790648847863e-01 7.523477077484130859e-03 7.486581802368164062e-03 7.524073123931884766e-03 7.526487112045288086e-03 7.520794868469238281e-03 7.554352283477783203e-03 7.508575916290283203e-03 7.542461156845092773e-03 7.522404193878173828e-03 7.471680641174316406e-03
2.251693410502726977e-01 -1.413121819496154785e-02 -1.426318287849426270e-02 -1.425030827522277832e-02 -1.418548822402954102e-02 -1.422885060310363770e-02 -1.420807838439941406e-02 -1.416507363319396973e-02 -1.420971751213073730e-02 -1.418119668960571289e-02 -1.409307122230529785e-02
2.316221030356606092e-01 -7.867455482482910156e-03 -7.642567157745361328e-03 -7.672458887100219727e-03 -7.763594388961791992e-03 -7.759422063827514648e-03 -7.791161537170410156e-03 -7.787883281707763672e-03 -7.709860801696777344e-03 -7.814586162567138672e-03 -7.831990718841552734e-03
2.380748650210485207e-01 2.476349472999572754e-02 2.484986186027526855e-02 2.486655116081237793e-02 2.481105923652648926e-02 2.482220530509948730e-02 2.480503916740417480e-02 2.474880218505859375e-02 2.483427524566650391e-02 2.478462457656860352e-02 2.479711174964904785e-02
2.445276270064364044e-01 -6.664842367172241211e-03 -7.017105817794799805e-03 -6.992459297180175781e-03 -6.841212511062622070e-03 -6.970882415771484375e-03 -6.780803203582763672e-03 -6.745338439941406250e-03 -6.880342960357666016e-03 -6.869882345199584961e-03 -6.777822971343994141e-03
2.509803889918242881e-01 -2.692222595214843750e-02 -2.671930193901062012e-02 -2.676472067832946777e-02 -2.686181664466857910e-02 -2.678227424621582031e-02 -2.687165141105651855e-02 -2.690893411636352539e-02 -2.680820226669311523e-02 -2.687445282936096191e-02 -2.686727046966552734e-02
2.574331509772121995e-01 2.515918016433715820e-02 2.549183368682861328e-02 2.545112371444702148e-02 2.530258893966674805e-02 2.539351582527160645e-02 2.515843510627746582e-02 2.522334456443786621e-02 2.543309330940246582e-02 2.519312500953674316e-02 2.531176805496215820e-02
2.638859129626001110e-01 9.522944688796997070e-03 9.078353643417358398e-03 9.143710136413574219e-03 9.333670139312744141e-03 9.234875440597534180e-03 9.482622146606445312e-03 9.391307830810546875e-03 9.227037429809570312e-03 9.466797113418579102e-03 9.332358837127685547e-03
2.703386749479880224e-01 -3.721320629119873047e-02 -3.723061084747314453e-02 -3.718093037605285645e-02 -3.721740841865539551e-02 -3.719505667686462402e-02 -3.717383742332458496e-02 -3.720626235008239746e-02 -3.716918826103210449e-02 -3.719043731689453125e-02 -3.717744350433349609e-02
2.767914369333759339e-01 1.502799987792968750e-02 1.541808247566223145e-02 1.531589031219482422e-02 1.521956920623779297e-02 1.523050665855407715e-02 1.507756114006042480e-02 1.512223482131958008e-02 1.527324318885803223e-02 1.505929231643676758e-02 1.520451903343200684e-02
2.832441989187638454e-01 2.361804246902465820e-02 2.330899238586425781e-02 2.333351969718933105e-02 2.348527312278747559e-02 2.342841029167175293e-02 2.358296513557434082e-02 2.352902293205261230e-02 2.339002490043640137e-02 2.360251545906066895e-02 2.352002263069152832e-02
2.896969609041517568e-01 -3.115457296371459961e-02 -3.130340576171875000e-02 -3.128293156623840332e-02 -3.119024634361267090e-02 -3.119683265686035156e-02 -3.113046288490295410e-02 -3.114655613899230957e-02 -3.120133280754089355e-02 -3.111323714256286621e-02 -3.115141391754150391e-02
2.961497228895396683e-01 -1.536816358566284180e-03 -1.165419816970825195e-03 -1.194655895233154297e-03 -1.448303461074829102e-03 -1.339137554168701172e-03 -1.506894826889038086e-03 -1.475870609283447266e-03 -1.369804143905639648e-03 -1.530230045318603516e-03 -1.397013664245605469e-03
3.026024848749275242e-01 2.761268615722656250e-02 2.743643522262573242e-02 2.746450901031494141e-02 2.756142616271972656e-02 2.748984098434448242e-02 2.755826711654663086e-02 2.752828598022460938e-02 2.749106287956237793e-02 2.759450674057006836e-02 2.755123376846313477e-02
3.090552468603154357e-01 -1.871696114540100098e-02 -1.896613836288452148e-02 -1.888841390609741211e-02 -1.878225803375244141e-02 -1.881983876228332520e-02 -1.870861649513244629e-02 -1.876980066299438477e-02 -1.886507868766784668e-02 -1.870390772819519043e-02 -1.873961091041564941e-02
3.155080088457033471e-01 -1.556944847106933594e-02 -1.525449752807617188e-02 -1.530203223228454590e-02 -1.546514034271240234e-02 -1.536455750465393066e-02 -1.552736759185791016e-02 -1.549065113067626953e-02 -1.538908481597900391e-02 -1.553609967231750488e-02 -1.541122794151306152e-02
3.219607708310912586e-01 2.458885312080383301e-02 2.462974190711975098e-02 2.459859848022460938e-02 2.457177639007568359e-02 2.459871768951416016e-02 2.456513047218322754e-02 2.456253767013549805e-02 2.457857131958007812e-02 2.456903457641601562e-02 2.457600831985473633e-02
3.284135328164791701e-01 -1.713573932647705078e-03 -1.982808113098144531e-03 -1.938939094543457031e-03 -1.811116933822631836e-03 -1.863360404968261719e-03 -1.725673675537109375e-03 -1.744598150253295898e-03 -1.866817474365234375e-03 -1.725286245346069336e-03 -1.824855804443359375e-03
3.348662948018670260e-01 -1.978290081024169922e-02 -1.971414685249328613e-02 -1.973769068717956543e-02 -1.972472667694091797e-02 -1.973241567611694336e-02 -1.976376771926879883e-02 -1.976519823074340820e-02 -1.971805095672607422e-02 -1.976266503334045410e-02 -1.973289251327514648e-02
3.413190567872549375e-01 1.111957430839538574e-02 1.129740476608276367e-02 1.124948263168334961e-02 1.118940114974975586e-02 1.122444868087768555e-02 1.110202074050903320e-02 1.115405559539794922e-02 1.120963692665100098e-02 1.113280653953552246e-02 1.117756962776184082e-02
3.477718187726428489e-01 1.174789667129516602e-02 1.164755225181579590e-02 1.163932681083679199e-02 1.170825958251953125e-02 1.169431209564208984e-02 1.175308227539062500e-02 1.173284649848937988e-02 1.169753074645996094e-02 1.175853610038757324e-02 1.168310642242431641e-02
3.542245807580307604e-01 -1.403003931045532227e-02 -1.411688327789306641e-02 -1.408684253692626953e-02 -1.406580209732055664e-02 -1.407563686370849609e-02 -1.403456926345825195e-02 -1.404166221618652344e-02 -1.409828662872314453e-02 -1.401963829994201660e-02 -1.405918598175048828e-02
3.606773427434186718e-01 -3.664642572402954102e-03 -3.426790237426757812e-03 -3.513336181640625000e-03 -3.589987754821777344e-03 -3.545969724655151367e-03 -3.608405590057373047e-03 -3.605872392654418945e-03 -3.545016050338745117e-03 -3.637433052062988281e-03 -3.619223833084106445e-03
3.671301047288065833e-01 1.523035764694213867e-02 1.524555683135986328e-02 1.523688435554504395e-02 1.522183418273925781e-02 1.521110534667968750e-02 1.522406935691833496e-02 1.521798968315124512e-02 1.522168517112731934e-02 1.521456241607666016e-02 1.522594690322875977e-02
3.735828667141944948e-01 -3.663271665573120117e-03 -3.809601068496704102e-03 -3.788232803344726562e-03 -3.685653209686279297e-03 -3.730297088623046875e-03 -3.648579120635986328e-03 -3.652662038803100586e-03 -3.749042749404907227e-03 -3.636956214904785156e-03 -3.696471452713012695e-03
3.800356286995824062e-01 -1.228770613670349121e-02 -1.218682527542114258e-02 -1.223120093345642090e-02 -1.225316524505615234e-02 -1.225692033767700195e-02 -1.225695013999938965e-02 -1.224315166473388672e-02 -1.222097873687744141e-02 -1.228532195091247559e-02 -1.225262880325317383e-02
3.864883906849703177e-01 1.142743229866027832e-02 1.155796647071838379e-02 1.152199506759643555e-02 1.147219538688659668e-02 1.148405671119689941e-02 1.145744323730468750e-02 1.146760582923889160e-02 1.149514317512512207e-02 1.143884658813476562e-02 1.144441962242126465e-02
3.929411526703582291e-01 7.751762866973876953e-03 7.619887590408325195e-03 7.632583379745483398e-03 7.666021585464477539e-03 7.639139890670776367e-03 7.736980915069580078e-03 7.720649242401123047e-03 7.645517587661743164e-03 7.742196321487426758e-03 7.682293653488159180e-03
3.993939146557460851e-01 -1.573163270950317383e-02 -1.579052209854125977e-02 -1.577553153038024902e-02 -1.572600007057189941e-02 -1.575067639350891113e-02 -1.573765277862548828e-02 -1.573112607002258301e-02 -1.572275161743164062e-02 -1.574492454528808594e-02 -1.573204994201660156e-02
4.058466766411339965e-01 2.012193202972412109e-03 2.201229333877563477e-03 2.180993556976318359e-03 2.081453800201416016e-03 2.114206552505493164e-03 2.017617225646972656e-03 2.025753259658813477e-03 2.099275588989257812e-03 2.015203237533569336e-03 2.059102058410644531e-03
4.122994386265219080e-01 1.450824737548828125e-02 1.444721221923828125e-02 1.447534561157226562e-02 1.446536183357238770e-02 1.447042822837829590e-02 1.450946927070617676e-02 1.451995968818664551e-02 1.448544859886169434e-02 1.450741291046142578e-02 1.449790596961975098e-02
4.187522006119098195e-01 -1.051133871078491211e-02 -1.063767075538635254e-02 -1.062569022178649902e-02 -1.053568720817565918e-02 -1.057431101799011230e-02 -1.050215959548950195e-02 -1.053258776664733887e-02 -1.055416464805603027e-02 -1.050588488578796387e-02 -1.053565740585327148e-02
4.252049625972976754e-01 -7.936328649520874023e-03 -7.799595594406127930e-03 -7.833868265151977539e-03 -7.879108190536499023e-03 -7.865577936172485352e-03 -7.914364337921142578e-03 -7.930636405944824219e-03 -7.878810167312622070e-03 -7.940292358398437500e-03 -7.899820804595947266e-03
4.316577245826856424e-01 1.425814628601074219e-02 1.430508494377136230e-02 1.429530978202819824e-02 1.427599787712097168e-02 1.429080963134765625e-02 1.426023244857788086e-02 1.425883173942565918e-02 1.429057121276855469e-02 1.423907279968261719e-02 1.427251100540161133e-02
4.381104865680734983e-01 -1.822739839553833008e-03 -2.005934715270996094e-03 -1.944541931152343750e-03 -1.887947320938110352e-03 -1.917272806167602539e-03 -1.865297555923461914e-03 -1.864731311798095703e-03 -1.950442790985107422e-03 -1.828998327255249023e-03 -1.864492893218994141e-03
4.445632485534614098e-01 -1.254224777221679688e-02 -1.250368356704711914e-02 -1.249945163726806641e-02 -1.252165436744689941e-02 -1.251858472824096680e-02 -1.255071163177490234e-02 -1.255705952644348145e-02 -1.252156496047973633e-02 -1.252597570419311523e-02 -1.252508163452148438e-02
4.510160105388493212e-01 9.066760540008544922e-03 9.174674749374389648e-03 9.149998426437377930e-03 9.088665246963500977e-03 9.110867977142333984e-03 9.076952934265136719e-03 9.072721004486083984e-03 9.144663810729980469e-03 9.051948785781860352e-03 9.093284606933593750e-03
4.574687725242372327e-01 4.621297121047973633e-03 4.512131214141845703e-03 4.529207944869995117e-03 4.596710205078125000e-03 4.564702510833740234e-03 4.618436098098754883e-03 4.591047763824462891e-03 4.543632268905639648e-03 4.607081413269042969e-03 4.615426063537597656e-03
4.639215345096251442e-01 -1.173925399780273438e-02 -1.176226139068603516e-02 -1.174265146255493164e-02 -1.173454523086547852e-02 -1.173380017280578613e-02 -1.173675060272216797e-02 -1.173770427703857422e-02 -1.172736287117004395e-02 -1.172989606857299805e-02 -1.172396540641784668e-02
4.703742964950130556e-01 4.767775535583496094e-04 6.002187728881835938e-04 5.373358726501464844e-04 5.096793174743652344e-04 5.304813385009765625e-04 4.810988903045654297e-04 4.819929599761962891e-04 5.299448966979980469e-04 4.665553569793701172e-04 5.209147930145263672e-04
4.768270584804009671e-01 1.052641868591308594e-02 1.048982143402099609e-02 1.048529148101806641e-02 1.047509908676147461e-02 1.047176122665405273e-02 1.050075888633728027e-02 1.050567626953125000e-02 1.046964526176452637e-02 1.046636700630187988e-02 1.048117876052856445e-02
4.832798204657888230e-01 -6.665587425231933594e-03 -6.791114807128906250e-03 -6.753057241439819336e-03 -6.721854209899902344e-03 -6.733119487762451172e-03 -6.704658269882202148e-03 -6.683647632598876953e-03 -6.730496883392333984e-03 -6.667494773864746094e-03 -6.685376167297363281e-03
4.897325824511767345e-01 -6.886392831802368164e-03 -6.785124540328979492e-03 -6.830424070358276367e-03 -6.862133741378784180e-03 -6.822675466537475586e-03 -6.883978843688964844e-03 -6.912797689437866211e-03 -6.846934556961059570e-03 -6.878376007080078125e-03 -6.857335567474365234e-03
4.961853444365646459e-01 9.593129158020019531e-03 9.633570909500122070e-03 9.625762701034545898e-03 9.604811668395996094e-03 9.612947702407836914e-03 9.593337774276733398e-03 9.607672691345214844e-03 9.607434272766113281e-03 9.590506553649902344e-03 9.603649377822875977e-03
5.026381064219525019e-01 9.475946426391601562e-04 8.748769760131835938e-04 9.129345417022705078e-04 9.326934814453125000e-04 9.208619594573974609e-04 9.402632713317871094e-04 9.540617465972900391e-04 9.106993675231933594e-04 9.620785713195800781e-04 9.365379810333251953e-04
5.090908684073405244e-01 -9.359687566757202148e-03 -9.335011243820190430e-03 -9.340107440948486328e-03 -9.362012147903442383e-03 -9.370505809783935547e-03 -9.368211030960083008e-03 -9.367227554321289062e-03 -9.343624114990234375e-03 -9.347051382064819336e-03 -9.356707334518432617e-03
5.155436303927283248e-01 5.040317773818969727e-03 5.135178565979003906e-03 5.120128393173217773e-03 5.067259073257446289e-03 5.074292421340942383e-03 5.059480667114257812e-03 5.042374134063720703e-03 5.092591047286987305e-03 5.036503076553344727e-03 5.059629678726196289e-03
5.219963923781163473e-01 6.276160478591918945e-03 6.191134452819824219e-03 6.206184625625610352e-03 6.250888109207153320e-03 6.235152482986450195e-03 6.266176700592041016e-03 6.262838840484619141e-03 6.222009658813476562e-03 6.276875734329223633e-03 6.240755319595336914e-03
5.284491543635041477e-01 -8.659839630126953125e-03 -8.675724267959594727e-03 -8.681356906890869141e-03 -8.651554584503173828e-03 -8.663445711135864258e-03 -8.642494678497314453e-03 -8.622884750366210938e-03 -8.673906326293945312e-03 -8.624017238616943359e-03 -8.635312318801879883e-03
5.349019163488920592e-01 7.046163082122802734e-04 7.968842983245849609e-04 7.846951484680175781e-04 7.259845733642578125e-04 7.531344890594482422e-04 6.946623325347900391e-04 7.095634937286376953e-04 7.551610469818115234e-04 7.095932960510253906e-04 7.120370864868164062e-04
5.413546783342799706e-01 8.030444383621215820e-03 7.999420166015625000e-03 8.006095886230468750e-03 8.018344640731811523e-03 7.992357015609741211e-03 8.041143417358398438e-03 8.025914430618286133e-03 7.995605468750000000e-03 8.023381233215332031e-03 8.017510175704956055e-03
5.478074403196678821e-01 -4.087120294570922852e-03 -4.173934459686279297e-03 -4.135459661483764648e-03 -4.118680953979492188e-03 -4.122525453567504883e-03 -4.079550504684448242e-03 -4.081636667251586914e-03 -4.100650548934936523e-03 -4.080116748809814453e-03 -4.113107919692993164e-03
5.542602023050557936e-01 -4.912972450256347656e-03 -4.834741353988647461e-03 -4.854798316955566406e-03 -4.860371351242065430e-03 -4.841268062591552734e-03 -4.895299673080444336e-03 -4.890412092208862305e-03 -4.853129386901855469e-03 -4.860579967498779297e-03 -4.872947931289672852e-03
5.607129642904437050e-01 7.016599178314208984e-03 7.070124149322509766e-03 7.054597139358520508e-03 7.033109664916992188e-03 7.059454917907714844e-03 7.036447525024414062e-03 7.005721330642700195e-03 7.046848535537719727e-03 7.026404142379760742e-03 7.015258073806762695e-03
5.671657262758316165e-01 1.342713832855224609e-03 1.253157854080200195e-03 1.283466815948486328e-03 1.286506652832031250e-03 1.262396574020385742e-03 1.320391893386840820e-03 1.344054937362670898e-03 1.270443201065063477e-03 1.335889101028442383e-03 1.291781663894653320e-03
5.736184882612194169e-01 -6.699919700622558594e-03 -6.686300039291381836e-03 -6.684988737106323242e-03 -6.705462932586669922e-03 -6.680548191070556641e-03 -6.716102361679077148e-03 -6.705492734909057617e-03 -6.699413061141967773e-03 -6.691485643386840820e-03 -6.705015897750854492e-03
5.800712502466074394e-01 2.983450889587402344e-03 3.046482801437377930e-03 3.000110387802124023e-03 2.995193004608154297e-03 3.011256456375122070e-03 2.992928028106689453e-03 2.978503704071044922e-03 3.008753061294555664e-03 2.977669239044189453e-03 2.968609333038330078e-03
5.865240122319952398e-01 4.647552967071533203e-03 4.582613706588745117e-03 4.616171121597290039e-03 4.650563001632690430e-03 4.638552665710449219e-03 4.660755395889282227e-03 4.676043987274169922e-03 4.616945981979370117e-03 4.640847444534301758e-03 4.644423723220825195e-03
5.929767742173832623e-01 -6.059557199478149414e-03 -6.082028150558471680e-03 -6.096065044403076172e-03 -6.071090698242187500e-03 -6.057322025299072266e-03 -6.071299314498901367e-03 -6.058067083358764648e-03 -6.068378686904907227e-03 -6.058782339096069336e-03 -6.058603525161743164e-03
5.994295362027710627e-01 -9.397566318511962891e-04 -8.754134178161621094e-04 -8.856952190399169922e-04 -9.048283100128173828e-04 -9.033679962158203125e-04 -9.480118751525878906e-04 -9.334981441497802734e-04 -9.051561355590820312e-04 -9.412169456481933594e-04 -9.216070175170898438e-04
6.058822981881590852e-01 6.322622299194335938e-03 6.291925907135009766e-03 6.311088800430297852e-03 6.298869848251342773e-03 6.299138069152832031e-03 6.314307451248168945e-03 6.283313035964965820e-03 6.324917078018188477e-03 6.293118000030517578e-03 6.299138069152832031e-03
6.123350601735468857e-01 -3.765881061553955078e-03 -3.825217485427856445e-03 -3.815740346908569336e-03 -3.787010908126831055e-03 -3.802984952926635742e-03 -3.778934478759765625e-03 -3.789722919464111328e-03 -3.801077604293823242e-03 -3.779560327529907227e-03 -3.778964281082153320e-03
6.187878221589347971e-01 -3.530353307723999023e-03 -3.483235836029052734e-03 -3.478646278381347656e-03 -3.497898578643798828e-03 -3.495812416076660156e-03 -3.514289855957031250e-03 -3.502041101455688477e-03 -3.487139940261840820e-03 -3.535151481628417969e-03 -3.498435020446777344e-03
6.252405841443227086e-01 4.877924919128417969e-03 4.919707775115966797e-03 4.900187253952026367e-03 4.898130893707275391e-03 4.876106977462768555e-03 4.880815744400024414e-03 4.877269268035888672e-03 4.882693290710449219e-03 4.885643720626831055e-03 4.885911941528320312e-03
6.316933461297106200e-01 3.113150596618652344e-04 2.436637878417968750e-04 2.660751342773437500e-04 2.840161323547363281e-04 2.588629722595214844e-04 2.991557121276855469e-04 3.000795841217041016e-04 2.669095993041992188e-04 2.875626087188720703e-04 2.994239330291748047e-04
6.381461081150985315e-01 -4.753977060317993164e-03 -4.758596420288085938e-03 -4.750996828079223633e-03 -4.773885011672973633e-03 -4.765391349792480469e-03 -4.785299301147460938e-03 -4.753500223159790039e-03 -4.774510860443115234e-03 -4.765719175338745117e-03 -4.746437072753906250e-03
6.445988701004864430e-01 2.073913812637329102e-03 2.133965492248535156e-03 2.112895250320434570e-03 2.125829458236694336e-03 2.094238996505737305e-03 2.082973718643188477e-03 2.083122730255126953e-03 2.123981714248657227e-03 2.090215682983398438e-03 2.089083194732666016e-03
6.510516320858743544e-01 2.283364534378051758e-03 2.237379550933837891e-03 2.242028713226318359e-03 2.254813909530639648e-03 2.249360084533691406e-03 2.281218767166137695e-03 2.279043197631835938e-03 2.249062061309814453e-03 2.282321453094482422e-03 2.270281314849853516e-03
6.575043940712622659e-01 -3.389656543731689453e-03 -3.404527902603149414e-03 -3.372818231582641602e-03 -3.402471542358398438e-03 -3.405511379241943359e-03 -3.401160240173339844e-03 -3.381490707397460938e-03 -3.393173217773437500e-03 -3.394275903701782227e-03 -3.375917673110961914e-03
6.639571560566501773e-01 -1.208782196044921875e-04 -8.475780487060546875e-05 -1.046359539031982422e-04 -1.115500926971435547e-04 -1.063942909240722656e-04 -1.363754272460937500e-04 -1.325607299804687500e-04 -1.118481159210205078e-04 -1.322031021118164062e-04 -1.204907894134521484e-04
6.704099180420379778e-01 2.757877111434936523e-03 2.738267183303833008e-03 2.743452787399291992e-03 2.749174833297729492e-03 2.749115228652954102e-03 2.741307020187377930e-03 2.733916044235229492e-03 2.751260995864868164e-03 2.744793891906738281e-03 2.748548984527587891e-03
6.768626800274260003e-01 -1.157164573669433594e-03 -1.176238059997558594e-03 -1.171261072158813477e-03 -1.179367303848266602e-03 -1.169472932815551758e-03 -1.160383224487304688e-03 -1.165449619293212891e-03 -1.167684793472290039e-03 -1.170098781585693359e-03 -1.154273748397827148e-03
6.833154420128139117e-01 -1.465022563934326172e-03 -1.457929611206054688e-03 -1.453578472137451172e-03 -1.470804214477539062e-03 -1.460701227188110352e-03 -1.473724842071533203e-03 -1.461297273635864258e-03 -1.471310853958129883e-03 -1.471728086471557617e-03 -1.444518566131591797e-03
6.897682039982017121e-01 1.368135213851928711e-03 1.367270946502685547e-03 1.370519399642944336e-03 1.352757215499877930e-03 1.357913017272949219e-03 1.372218132019042969e-03 1.363843679428100586e-03 1.366436481475830078e-03 1.373916864395141602e-03 1.362264156341552734e-03
6.962209659835896236e-01 5.216598510742187500e-04 5.042850971221923828e-04 5.183219909667968750e-04 5.182623863220214844e-04 5.098581314086914062e-04 5.078613758087158203e-04 5.181431770324707031e-04 5.273818969726562500e-04 5.276799201965332031e-04 5.171597003936767578e-04
7.026737279689775351e-01 -6.363689899444580078e-04 -6.373822689056396484e-04 -6.453692913055419922e-04 -6.473660469055175781e-04 -6.311237812042236328e-04 -6.290972232818603516e-04 -6.337165832519531250e-04 -6.338357925415039062e-04 -6.308853626251220703e-04 -6.327331066131591797e-04
7.091264899543654465e-01 -1.078993082046508789e-03 -1.098483800888061523e-03 -1.073420047760009766e-03 -1.071304082870483398e-03 -1.074582338333129883e-03 -1.091301441192626953e-03 -1.074165105819702148e-03 -1.088291406631469727e-03 -1.072824001312255859e-03 -1.091986894607543945e-03
7.155792519397533580e-01 1.015007495880126953e-03 1.055359840393066406e-03 1.054733991622924805e-03 1.036643981933593750e-03 1.039385795593261719e-03 1.041918992996215820e-03 1.023083925247192383e-03 1.054495573043823242e-03 1.030802726745605469e-03 1.050114631652832031e-03
7.220320139251412694e-01 1.980692148208618164e-03 1.962125301361083984e-03 1.969397068023681641e-03 1.979649066925048828e-03 1.953631639480590820e-03 1.993775367736816406e-03 1.988142728805541992e-03 1.986026763916015625e-03 1.979649066925048828e-03 1.978874206542968750e-03
7.284847759105291809e-01 -3.284335136413574219e-03 -3.301292657852172852e-03 -3.292292356491088867e-03 -3.292202949523925781e-03 -3.289490938186645508e-03 -3.284156322479248047e-03 -3.286719322204589844e-03 -3.299862146377563477e-03 -3.284215927124023438e-03 -3.300040960311889648e-03
7.349375378959170924e-01 -1.304745674133300781e-04 -1.115798950195312500e-04 -1.271367073059082031e-04 -1.463294029235839844e-04 -1.309216022491455078e-04 -1.501142978668212891e-04 -1.405179500579833984e-04 -1.166462898254394531e-04 -1.442432403564453125e-04 -1.316666603088378906e-04
7.413902998813050038e-01 4.747986793518066406e-03 4.703879356384277344e-03 4.738450050354003906e-03 4.763811826705932617e-03 4.758328199386596680e-03 4.761904478073120117e-03 4.761129617691040039e-03 4.736214876174926758e-03 4.738420248031616211e-03 4.739284515380859375e-03
7.478430618666929153e-01 -4.673629999160766602e-03 -4.720896482467651367e-03 -4.722535610198974609e-03 -4.697829484939575195e-03 -4.694610834121704102e-03 -4.693806171417236328e-03 -4.682868719100952148e-03 -4.720687866210937500e-03 -4.680842161178588867e-03 -4.696696996688842773e-03
7.542958238520808267e-01 -2.350807189941406250e-03 -2.286344766616821289e-03 -2.296924591064453125e-03 -2.328634262084960938e-03 -2.322703599929809570e-03 -2.357780933380126953e-03 -2.341657876968383789e-03 -2.313464879989624023e-03 -2.355843782424926758e-03 -2.320051193237304688e-03
7.607485858374687382e-01 7.600903511047363281e-03 7.588297128677368164e-03 7.622569799423217773e-03 7.604032754898071289e-03 7.602989673614501953e-03 7.623195648193359375e-03 7.589519023895263672e-03 7.626295089721679688e-03 7.603317499160766602e-03 7.584363222122192383e-03
7.672013478228566496e-01 -5.278855562210083008e-03 -5.359083414077758789e-03 -5.333185195922851562e-03 -5.286604166030883789e-03 -5.325376987457275391e-03 -5.306631326675415039e-03 -5.292683839797973633e-03 -5.332767963409423828e-03 -5.296826362609863281e-03 -5.294293165206909180e-03
7.736541098082445611e-01 -3.848552703857421875e-03 -3.778040409088134766e-03 -3.787159919738769531e-03 -3.830969333648681641e-03 -3.810226917266845703e-03 -3.849148750305175781e-03 -3.809154033660888672e-03 -3.784149885177612305e-03 -3.852635622024536133e-03 -3.816545009613037109e-03
7.801068717936323615e-01 8.290529251098632812e-03 8.349955081939697266e-03 8.316636085510253906e-03 8.307725191116333008e-03 8.310317993164062500e-03 8.303701877593994141e-03 8.306264877319335938e-03 8.307665586471557617e-03 8.296906948089599609e-03 8.313775062561035156e-03
7.865596337790202730e-01 -2.690047025680541992e-03 -2.788215875625610352e-03 -2.780377864837646484e-03 -2.736270427703857422e-03 -2.794623374938964844e-03 -2.740979194641113281e-03 -2.730756998062133789e-03 -2.782225608825683594e-03 -2.759844064712524414e-03 -2.742201089859008789e-03
7.930123957644081845e-01 -5.694895982742309570e-03 -5.632668733596801758e-03 -5.638271570205688477e-03 -5.674034357070922852e-03 -5.670100450515747070e-03 -5.705147981643676758e-03 -5.689233541488647461e-03 -5.669951438903808594e-03 -5.677402019500732422e-03 -5.677074193954467773e-03
7.994651577497960959e-01 7.515639066696166992e-03 7.555693387985229492e-03 7.578849792480468750e-03 7.559776306152343750e-03 7.556557655334472656e-03 7.536202669143676758e-03 7.572680711746215820e-03 7.583260536193847656e-03 7.533222436904907227e-03 7.541865110397338867e-03
8.059179197351840074e-01 -1.566201448440551758e-03 -1.675218343734741211e-03 -1.663297414779663086e-03 -1.621901988983154297e-03 -1.640737056732177734e-03 -1.589685678482055664e-03 -1.600652933120727539e-03 -1.654475927352905273e-03 -1.598000526428222656e-03 -1.606404781341552734e-03
8.123706817205719188e-01 -6.404936313629150391e-03 -6.379157304763793945e-03 -6.355792284011840820e-03 -6.407499313354492188e-03 -6.396174430847167969e-03 -6.405562162399291992e-03 -6.411910057067871094e-03 -6.399810314178466797e-03 -6.422370672225952148e-03 -6.406635046005249023e-03
8.188234437059598303e-01 6.148129701614379883e-03 6.171524524688720703e-03 6.175518035888671875e-03 6.165266036987304688e-03 6.171584129333496094e-03 6.160080432891845703e-03 6.172418594360351562e-03 6.164371967315673828e-03 6.142586469650268555e-03 6.173223257064819336e-03
8.252762056913477418e-01 -1.720190048217773438e-04 -2.535283565521240234e-04 -2.321600914001464844e-04 -1.950263977050781250e-04 -2.104341983795166016e-04 -1.948177814483642578e-04 -1.876056194305419922e-04 -2.222657203674316406e-04 -1.688897609710693359e-04 -1.773238182067871094e-04
8.317289676767356532e-01 -5.265057086944580078e-03 -5.224168300628662109e-03 -5.250811576843261719e-03 -5.260378122329711914e-03 -5.268901586532592773e-03 -5.253523588180541992e-03 -5.259692668914794922e-03 -5.255520343780517578e-03 -5.271613597869873047e-03 -5.261242389678955078e-03
8.381817296621235647e-01 3.893792629241943359e-03 3.922998905181884766e-03 3.932476043701171875e-03 3.901809453964233398e-03 3.909200429916381836e-03 3.877192735671997070e-03 3.884434700012207031e-03 3.913015127182006836e-03 3.886401653289794922e-03 3.898054361343383789e-03
8.446344916475114761e-01 4.242956638336181641e-04 4.145801067352294922e-04 3.863275051116943359e-04 4.248917102813720703e-04 3.962814807891845703e-04 4.324615001678466797e-04 4.192888736724853516e-04 4.032254219055175781e-04 4.279017448425292969e-04 4.293918609619140625e-04
8.510872536328993876e-01 -2.886831760406494141e-03 -2.865821123123168945e-03 -2.854138612747192383e-03 -2.867579460144042969e-03 -2.873510122299194336e-03 -2.873331308364868164e-03 -2.860575914382934570e-03 -2.863377332687377930e-03 -2.873092889785766602e-03 -2.873718738555908203e-03
8.575400156182872990e-01 9.855628013610839844e-04 1.014590263366699219e-03 1.013964414596557617e-03 1.009970903396606445e-03 9.997785091400146484e-04 9.894371032714843750e-04 9.979009628295898438e-04 1.006036996841430664e-03 9.869635105133056641e-04 9.951293468475341797e-04
8.639927776036752105e-01 8.498430252075195312e-04 8.297264575958251953e-04 8.270442485809326172e-04 8.341372013092041016e-04 8.262991905212402344e-04 8.354187011718750000e-04 8.317828178405761719e-04 8.330643177032470703e-04 8.330941200256347656e-04 8.171498775482177734e-04
8.704455395890630109e-01 -1.038432121276855469e-03 -1.051127910614013672e-03 -1.047462224960327148e-03 -1.057535409927368164e-03 -1.036912202835083008e-03 -1.049667596817016602e-03 -1.040995121002197266e-03 -1.047998666763305664e-03 -1.033365726470947266e-03 -1.039892435073852539e-03
8.768983015744509224e-01 -1.968443393707275391e-04 -1.903772354125976562e-04 -1.888871192932128906e-04 -1.973509788513183594e-04 -1.842975616455078125e-04 -1.957714557647705078e-04 -1.977384090423583984e-04 -1.884996891021728516e-04 -1.961886882781982422e-04 -1.935660839080810547e-04
8.833510635598388339e-01 4.704594612121582031e-04 4.761815071105957031e-04 4.778802394866943359e-04 4.842877388000488281e-04 4.702210426330566406e-04 4.703700542449951172e-04 4.762709140777587891e-04 4.768967628479003906e-04 4.654228687286376953e-04 4.679560661315917969e-04
8.898038255452267453e-01 5.861222743988037109e-04 5.969405174255371094e-04 5.828440189361572266e-04 5.982220172882080078e-04 6.050765514373779297e-04 6.102919578552246094e-04 6.056725978851318359e-04 6.160736083984375000e-04 6.140172481536865234e-04 5.982816219329833984e-04
8.962565875306146568e-01 -7.271170616149902344e-04 -7.415413856506347656e-04 -7.513165473937988281e-04 -7.360279560089111328e-04 -7.371902465820312500e-04 -7.480382919311523438e-04 -7.306039333343505859e-04 -7.355809211730957031e-04 -7.361769676208496094e-04 -7.345974445343017578e-04
9.027093495160025682e-01 -7.056295871734619141e-04 -6.841123104095458984e-04 -6.823539733886718750e-04 -6.895363330841064453e-04 -6.848275661468505859e-04 -6.912648677825927734e-04 -6.993114948272705078e-04 -6.942152976989746094e-04 -7.093250751495361328e-04 -7.099509239196777344e-04
9.091621115013904797e-01 1.689344644546508789e-03 1.686662435531616211e-03 1.687675714492797852e-03 1.697868108749389648e-03 1.662552356719970703e-03 1.674294471740722656e-03 1.674413681030273438e-03 1.659512519836425781e-03 1.681178808212280273e-03 1.685440540313720703e-03
9.156148734867783912e-01 -6.009042263031005859e-04 -6.228685379028320312e-04 -6.081759929656982422e-04 -6.019175052642822266e-04 -6.037950515747070312e-04 -6.006062030792236328e-04 -5.903840065002441406e-04 -6.093978881835937500e-04 -5.884468555450439453e-04 -5.907416343688964844e-04
9.220676354721663026e-01 -1.254558563232421875e-03 -1.234620809555053711e-03 -1.217335462570190430e-03 -1.236438751220703125e-03 -1.227527856826782227e-03 -1.258581876754760742e-03 -1.243323087692260742e-03 -1.237899065017700195e-03 -1.235723495483398438e-03 -1.250684261322021484e-03
9.285203974575542141e-01 1.633107662200927734e-03 1.642793416976928711e-03 1.617461442947387695e-03 1.626074314117431641e-03 1.631945371627807617e-03 1.628220081329345703e-03 1.620352268218994141e-03 1.615196466445922852e-03 1.616120338439941406e-03 1.616418361663818359e-03
9.349731594429421255e-01 6.937980651855468750e-05 4.869699478149414062e-05 4.610419273376464844e-05 5.599856376647949219e-05 5.197525024414062500e-05 6.249547004699707031e-05 5.736947059631347656e-05 7.301568984985351562e-05 6.312131881713867188e-05 5.459785461425781250e-05
9.414259214283300370e-01 -1.464635133743286133e-03 -1.457810401916503906e-03 -1.453429460525512695e-03 -1.442849636077880859e-03 -1.437157392501831055e-03 -1.470446586608886719e-03 -1.456886529922485352e-03 -1.462101936340332031e-03 -1.451998949050903320e-03 -1.461535692214965820e-03
9.478786834137179484e-01 1.222550868988037109e-03 1.234352588653564453e-03 1.234114170074462891e-03 1.227885484695434570e-03 1.234769821166992188e-03 1.227557659149169922e-03 1.216143369674682617e-03 1.230627298355102539e-03 1.216739416122436523e-03 1.220583915710449219e-03
9.543314453991058599e-01 5.676150321960449219e-04 5.454421043395996094e-04 5.530714988708496094e-04 5.517601966857910156e-04 5.477666854858398438e-04 5.556344985961914062e-04 5.653202533721923828e-04 5.591809749603271484e-04 5.567669868469238281e-04 5.647242069244384766e-04
9.607842073844936603e-01 -1.270920038223266602e-03 -1.276403665542602539e-03 -1.270085573196411133e-03 -1.274198293685913086e-03 -1.262664794921875000e-03 -1.261651515960693359e-03 -1.273453235626220703e-03 -1.284420490264892578e-03 -1.269042491912841797e-03 -1.272559165954589844e-03
9.672369693698815718e-01 2.666711807250976562e-04 2.748072147369384766e-04 2.508759498596191406e-04 2.622604370117187500e-04 2.672672271728515625e-04 2.579092979431152344e-04 2.658069133758544922e-04 2.689659595489501953e-04 2.627074718475341797e-04 2.579987049102783203e-04
9.736897313552694833e-01 8.338987827301025391e-04 8.064210414886474609e-04 8.253157138824462891e-04 8.269548416137695312e-04 8.137822151184082031e-04 8.287131786346435547e-04 8.305907249450683594e-04 8.203983306884765625e-04 8.207559585571289062e-04 8.269846439361572266e-04
9.801424933406573947e-01 -5.958080291748046875e-04 -5.893409252166748047e-04 -5.878210067749023438e-04 -5.888044834136962891e-04 -5.727112293243408203e-04 -5.818307399749755859e-04 -5.691349506378173828e-04 -5.820691585540771484e-04 -5.719363689422607422e-04 -5.710721015930175781e-04
9.865952553260453062e-01 -3.606677055358886719e-04 -3.628730773925781250e-04 -3.624558448791503906e-04 -3.666877746582031250e-04 -3.581941127777099609e-04 -3.623664379119873047e-04 -3.632307052612304688e-04 -3.656148910522460938e-04 -3.689527511596679688e-04 -3.589987754821777344e-04
9.930480173114332176e-01 6.289184093475341797e-04 6.197094917297363281e-04 6.195902824401855469e-04 6.222426891326904297e-04 6.312727928161621094e-04 6.289184093475341797e-04 6.174445152282714844e-04 6.330907344818115234e-04 6.240308284759521484e-04 6.173253059387207031e-04
9.995007792968211291e-01 -9.489059448242187500e-05 -1.010298728942871094e-04 -9.441375732421875000e-05 -1.008510589599609375e-04 -1.052021980285644531e-04 -9.694695472717285156e-05 -9.486079216003417969e-05 -9.995698928833007812e-05 -1.003146171569824219e-04 -1.002550125122070312e-04
1.005953541282209152e+00 -4.962384700775146484e-04 -5.140602588653564453e-04 -4.883408546447753906e-04 -5.021095275878906250e-04 -4.976093769073486328e-04 -5.050897598266601562e-04 -4.991292953491210938e-04 -4.974007606506347656e-04 -5.006492137908935547e-04 -4.937946796417236328e-04
1.012406303267596952e+00 2.708435058593750000e-04 2.732872962951660156e-04 2.806484699249267578e-04 2.789497375488281250e-04 2.729892730712890625e-04 2.758800983428955078e-04 2.745389938354492188e-04 2.754032611846923828e-04 2.741515636444091797e-04 2.673566341400146484e-04
1.018859065252984752e+00 4.080235958099365234e-04 4.037916660308837891e-04 4.030466079711914062e-04 3.995895385742187500e-04 4.082620143890380859e-04 4.145503044128417969e-04 4.166066646575927734e-04 4.067122936248779297e-04 3.915131092071533203e-04 4.059672355651855469e-04
1.025311827238372775e+00 -4.922747611999511719e-04 -5.096197128295898438e-04 -4.970729351043701172e-04 -4.933774471282958984e-04 -4.972517490386962891e-04 -4.954636096954345703e-04 -4.971921443939208984e-04 -4.934668540954589844e-04 -4.907846450805664062e-04 -4.904866218566894531e-04
1.031764589223760797e+00 -1.888573169708251953e-04 -1.842677593231201172e-04 -1.825988292694091797e-04 -1.932978630065917969e-04 -1.834928989410400391e-04 -1.888275146484375000e-04 -1.946687698364257812e-04 -1.887381076812744141e-04 -1.802146434783935547e-04 -1.814067363739013672e-04
1.038217351209148598e+00 5.537569522857666016e-04 5.503296852111816406e-04 5.485713481903076172e-04 5.587041378021240234e-04 5.418062210083007812e-04 5.520880222320556641e-04 5.492269992828369141e-04 5.440115928649902344e-04 5.404651165008544922e-04 5.567073822021484375e-04
1.044670113194536398e+00 9.897351264953613281e-05 9.539723396301269531e-05 9.414553642272949219e-05 1.063644886016845703e-04 9.387731552124023438e-05 9.486079216003417969e-05 1.041293144226074219e-04 9.033083915710449219e-05 9.626150131225585938e-05 1.014471054077148438e-04
1.051122875179924421e+00 -3.788769245147705078e-04 -3.892183303833007812e-04 -3.823041915893554688e-04 -3.802180290222167969e-04 -3.781616687774658203e-04 -3.737807273864746094e-04 -3.737211227416992188e-04 -3.773272037506103516e-04 -3.738999366760253906e-04 -3.713369369506835938e-04
1.057575637165312221e+00 -7.864832878112792969e-05 -6.401538848876953125e-05 -5.888938903808593750e-05 -5.596876144409179688e-05 -5.620718002319335938e-05 -6.821751594543457031e-05 -6.914138793945312500e-05 -6.672739982604980469e-05 -7.501244544982910156e-05 -6.532669067382812500e-05
1.064028399150700022e+00 1.240968704223632812e-04 1.313686370849609375e-04 1.190602779388427734e-04 1.295506954193115234e-04 1.189410686492919922e-04 1.172721385955810547e-04 1.238286495208740234e-04 1.179575920104980469e-04 1.150667667388916016e-04 1.212358474731445312e-04
1.070481161136088044e+00 -3.101527690887451172e-04 -3.245472908020019531e-04 -3.161132335662841797e-04 -2.940893173217773438e-04 -2.952516078948974609e-04 -3.080666065216064453e-04 -3.062486648559570312e-04 -3.266930580139160156e-04 -3.042817115783691406e-04 -3.108978271484375000e-04
1.076933923121476067e+00 1.392960548400878906e-04 1.454353332519531250e-04 1.319944858551025391e-04 1.422464847564697266e-04 1.315176486968994141e-04 1.297891139984130859e-04 1.357197761535644531e-04 1.505315303802490234e-04 1.296401023864746094e-04 1.323819160461425781e-04
1.083386685106863867e+00 1.375973224639892578e-04 1.407265663146972656e-04 1.369714736938476562e-04 1.273751258850097656e-04 1.262724399566650391e-04 1.281201839447021484e-04 1.255571842193603516e-04 1.346766948699951172e-04 1.330375671386718750e-04 1.136064529418945312e-04
1.089839447092251667e+00 -4.176497459411621094e-04 -4.310011863708496094e-04 -4.265308380126953125e-04 -4.275143146514892578e-04 -4.160404205322265625e-04 -4.243552684783935547e-04 -4.190802574157714844e-04 -4.127025604248046875e-04 -4.286468029022216797e-04 -4.206597805023193359e-04
1.096292209077639690e+00 -1.328885555267333984e-04 -1.355707645416259766e-04 -1.358389854431152344e-04 -1.327395439147949219e-04 -1.373291015625000000e-04 -1.379847526550292969e-04 -1.476407051086425781e-04 -1.388192176818847656e-04 -1.326799392700195312e-04 -1.423656940460205078e-04
1.102744971063027712e+00 3.039836883544921875e-06 7.212162017822265625e-06 -7.599592208862304688e-06 -4.619359970092773438e-06 -1.502037048339843750e-05 -3.218650817871093750e-06 -1.102685928344726562e-05 -7.420778274536132812e-06 -9.655952453613281250e-06 -1.272559165954589844e-05
1.109197733048415513e+00 9.536743164062500000e-06 7.897615432739257812e-06 -5.960464477539062500e-07 -9.864568710327148438e-06 -1.341104507446289062e-06 1.335144042968750000e-05 5.930662155151367188e-06 1.591444015502929688e-05 2.384185791015625000e-06 -5.185604095458984375e-06
1.115650495033803313e+00 -6.566941738128662109e-04 -6.678998470306396484e-04 -6.614625453948974609e-04 -6.590783596038818359e-04 -6.768107414245605469e-04 -6.734132766723632812e-04 -6.760060787200927734e-04 -6.846785545349121094e-04 -6.626248359680175781e-04 -6.761550903320312500e-04
1.122103257019191336e+00 2.172589302062988281e-05 3.579258918762207031e-05 1.409649848937988281e-05 1.052021980285644531e-05 -3.436207771301269531e-05 -1.803040504455566406e-05 -1.260638236999511719e-05 -1.659989356994628906e-05 -3.734230995178222656e-05 -3.981590270996093750e-05
1.128556019004579358e+00 4.162192344665527344e-04 4.030466079711914062e-04 4.043579101562500000e-04 3.963410854339599609e-04 4.024505615234375000e-04 4.004240036010742188e-04 4.049539566040039062e-04 4.011988639831542969e-04 3.991723060607910156e-04 4.000961780548095703e-04
1.135008780989967159e+00 -4.955828189849853516e-04 -4.980862140655517578e-04 -4.844367504119873047e-04 -4.990696907043457031e-04 -5.018413066864013672e-04 -4.998147487640380859e-04 -4.938244819641113281e-04 -4.885494709014892578e-04 -5.021095275878906250e-04 -4.985630512237548828e-04
1.141461542975354959e+00 -2.650022506713867188e-04 -2.603828907012939453e-04 -2.567470073699951172e-04 -2.671182155609130859e-04 -2.778172492980957031e-04 -2.670586109161376953e-04 -2.673864364624023438e-04 -2.773106098175048828e-04 -2.678036689758300781e-04 -2.658367156982421875e-04
1.147914304960742982e+00 5.693733692169189453e-04 5.604922771453857422e-04 5.679130554199218750e-04 5.764961242675781250e-04 5.646646022796630859e-04 5.714297294616699219e-04 5.683004856109619141e-04 5.707144737243652344e-04 5.786716938018798828e-04 5.642771720886230469e-04
1.154367066946130782e+00 -9.641051292419433594e-05 -1.112222671508789062e-04 -1.014173030853271484e-04 -1.144111156463623047e-04 -1.054406166076660156e-04 -1.074075698852539062e-04 -1.043975353240966797e-04 -1.167654991149902344e-04 -1.049935817718505859e-04 -1.062452793121337891e-04
1.160819828931518582e+00 -3.890395164489746094e-04 -3.836154937744140625e-04 -3.845691680908203125e-04 -3.817677497863769531e-04 -3.954768180847167969e-04 -3.960728645324707031e-04 -3.877282142639160156e-04 -3.848671913146972656e-04 -3.989636898040771484e-04 -3.943443298339843750e-04
1.167272590916906605e+00 3.952682018280029297e-04 3.928542137145996094e-04 3.871321678161621094e-04 3.926455974578857422e-04 4.087686538696289062e-04 3.995001316070556641e-04 3.955066204071044922e-04 4.032850265502929688e-04 4.103183746337890625e-04 4.001557826995849609e-04
1.173725352902294627e+00 8.252263069152832031e-05 7.319450378417968750e-05 8.055567741394042969e-05 7.849931716918945312e-05 6.961822509765625000e-05 7.420778274536132812e-05 8.693337440490722656e-05 7.590651512145996094e-05 7.677078247070312500e-05 8.100271224975585938e-05
1.180178114887682428e+00 -4.289448261260986328e-04 -4.250705242156982422e-04 -4.177689552307128906e-04 -4.161596298217773438e-04 -4.222393035888671875e-04 -4.210472106933593750e-04 -4.197359085083007812e-04 -4.182457923889160156e-04 -4.215240478515625000e-04 -4.086792469024658203e-04
1.186630876873070450e+00 2.193450927734375000e-04 2.299249172210693359e-04 2.292096614837646484e-04 2.230405807495117188e-04 2.242624759674072266e-04 2.254545688629150391e-04 2.224445343017578125e-04 2.348721027374267578e-04 2.164244651794433594e-04 2.329945564270019531e-04
1.193083638858458251e+00 3.781914710998535156e-04 3.796219825744628906e-04 3.773272037506103516e-04 3.702938556671142578e-04 3.811419010162353516e-04 3.742575645446777344e-04 3.722608089447021484e-04 3.713369369506835938e-04 3.739893436431884766e-04 3.654956817626953125e-04
1.199536400843846051e+00 -1.934468746185302734e-04 -1.965761184692382812e-04 -1.912713050842285156e-04 -1.863837242126464844e-04 -1.879334449768066406e-04 -1.851022243499755859e-04 -1.778900623321533203e-04 -1.805126667022705078e-04 -1.804232597351074219e-04 -1.779198646545410156e-04
1.205989162829234074e+00 -1.974403858184814453e-04 -1.936256885528564453e-04 -1.876056194305419922e-04 -1.992583274841308594e-04 -2.033710479736328125e-04 -1.957118511199951172e-04 -2.024769783020019531e-04 -2.025961875915527344e-04 -1.917183399200439453e-04 -2.021193504333496094e-04
1.212441924814621874e+00 2.983808517456054688e-04 3.031492233276367188e-04 3.069639205932617188e-04 3.027617931365966797e-04 2.945363521575927734e-04 3.076195716857910156e-04 3.024637699127197266e-04 3.004074096679687500e-04 3.032684326171875000e-04 3.019571304321289062e-04
1.218894686800009897e+00 1.524984836578369141e-04 1.536607742309570312e-04 1.504719257354736328e-04 1.659691333770751953e-04 1.531243324279785156e-04 1.528561115264892578e-04 1.593232154846191406e-04 1.520514488220214844e-04 1.548230648040771484e-04 1.550614833831787109e-04
1.225347448785397697e+00 -3.390014171600341797e-04 -3.349781036376953125e-04 -3.332197666168212891e-04 -3.250539302825927734e-04 -3.288090229034423828e-04 -3.370642662048339844e-04 -3.363192081451416016e-04 -3.430545330047607422e-04 -3.342628479003906250e-04 -3.280937671661376953e-04
1.231800210770785720e+00 2.114772796630859375e-04 2.202093601226806641e-04 2.230703830718994141e-04 2.183914184570312500e-04 2.076625823974609375e-04 2.141296863555908203e-04 2.055764198303222656e-04 2.192556858062744141e-04 2.118349075317382812e-04 2.043247222900390625e-04
1.238252972756173520e+00 2.136528491973876953e-04 2.149641513824462891e-04 2.042949199676513672e-04 2.161860466003417969e-04 1.993179321289062500e-04 2.203285694122314453e-04 2.144873142242431641e-04 2.154409885406494141e-04 2.154707908630371094e-04 2.117156982421875000e-04
1.244705734741561542e+00 -3.271102905273437500e-04 -3.388822078704833984e-04 -3.401339054107666016e-04 -3.331303596496582031e-04 -3.464818000793457031e-04 -3.323256969451904297e-04 -3.439784049987792969e-04 -3.391206264495849609e-04 -3.295540809631347656e-04 -3.348290920257568359e-04
1.251158496726949343e+00 -2.306699752807617188e-05 -2.270936965942382812e-05 -1.579523086547851562e-05 -1.457333564758300781e-05 -1.299381256103515625e-05 -1.555681228637695312e-05 -1.347064971923828125e-05 -1.698732376098632812e-05 -1.046061515808105469e-05 -3.129243850708007812e-06
1.257611258712337365e+00 3.294050693511962891e-04 3.260076045989990234e-04 3.400444984436035156e-04 3.505051136016845703e-04 3.302693367004394531e-04 3.397464752197265625e-04 3.308057785034179688e-04 3.329515457153320312e-04 3.383755683898925781e-04 3.267526626586914062e-04
1.264064020697725166e+00 -1.950263977050781250e-04 -1.968443393707275391e-04 -1.963675022125244141e-04 -1.977682113647460938e-04 -1.935362815856933594e-04 -1.897215843200683594e-04 -1.980364322662353516e-04 -1.939237117767333984e-04 -1.907646656036376953e-04 -2.039968967437744141e-04
1.270516782683113188e+00 -2.786219120025634766e-04 -2.850890159606933594e-04 -2.870559692382812500e-04 -2.799034118652343750e-04 -2.792477607727050781e-04 -2.744793891906738281e-04 -2.900362014770507812e-04 -2.762079238891601562e-04 -2.816021442413330078e-04 -2.831816673278808594e-04
1.276969544668500989e+00 2.987980842590332031e-04 2.964735031127929688e-04 3.031194210052490234e-04 2.982914447784423828e-04 2.877414226531982422e-04 2.966523170471191406e-04 3.039240837097167969e-04 3.006160259246826172e-04 2.982616424560546875e-04 2.960860729217529297e-04
1.283422306653888789e+00 7.757544517517089844e-05 7.197260856628417969e-05 7.227063179016113281e-05 7.793307304382324219e-05 7.575750350952148438e-05 7.468461990356445312e-05 7.295608520507812500e-05 7.510185241699218750e-05 6.937980651855468750e-05 7.542967796325683594e-05
1.289875068639276812e+00 -3.397166728973388672e-04 -3.379285335540771484e-04 -3.454983234405517578e-04 -3.384351730346679688e-04 -3.316402435302734375e-04 -3.285408020019531250e-04 -3.436803817749023438e-04 -3.374516963958740234e-04 -3.375411033630371094e-04 -3.320574760437011719e-04
1.296327830624664612e+00 2.107322216033935547e-04 2.104341983795166016e-04 2.052187919616699219e-04 1.944303512573242188e-04 2.086162567138671875e-04 2.066195011138916016e-04 2.092719078063964844e-04 2.096593379974365234e-04 2.177059650421142578e-04 2.046227455139160156e-04
1.302780592610052635e+00 1.991093158721923828e-04 1.964867115020751953e-04 1.840889453887939453e-04 1.965761184692382812e-04 1.744031906127929688e-04 1.811683177947998047e-04 1.854598522186279297e-04 1.927018165588378906e-04 1.922547817230224609e-04 1.960992813110351562e-04
1.309233354595440435e+00 -4.418790340423583984e-04 -4.483461380004882812e-04 -4.442334175109863281e-04 -4.534721374511718750e-04 -4.539489746093750000e-04 -4.504621028900146484e-04 -4.548430442810058594e-04 -4.465878009796142578e-04 -4.484951496124267578e-04 -4.387497901916503906e-04
1.315686116580828458e+00 1.620650291442871094e-04 1.702606678009033203e-04 1.754164695739746094e-04 1.649558544158935547e-04 1.753270626068115234e-04 1.734197139739990234e-04 1.693367958068847656e-04 1.734197139739990234e-04 1.756548881530761719e-04 1.806914806365966797e-04
1.322138878566216258e+00 3.284513950347900391e-04 3.252327442169189453e-04 3.216266632080078125e-04 3.318786621093750000e-04 3.182590007781982422e-04 3.244876861572265625e-04 3.318488597869873047e-04 3.221631050109863281e-04 3.330707550048828125e-04 3.229081630706787109e-04
1.328591640551604280e+00 -3.871321678161621094e-04 -3.773868083953857422e-04 -3.743469715118408203e-04 -3.727674484252929688e-04 -3.794729709625244141e-04 -3.844201564788818359e-04 -3.695189952850341797e-04 -3.740191459655761719e-04 -3.682076930999755859e-04 -3.764033317565917969e-04
1.335044402536992081e+00 -5.629658699035644531e-05 -6.166100502014160156e-05 -5.555152893066406250e-05 -5.781650543212890625e-05 -5.823373794555664062e-05 -5.844235420227050781e-05 -5.605816841125488281e-05 -5.578994750976562500e-05 -4.982948303222656250e-05 -4.872679710388183594e-05
1.341497164522380103e+00 3.933310508728027344e-04 4.041492938995361328e-04 4.016160964965820312e-04 3.948509693145751953e-04 3.917813301086425781e-04 3.964900970458984375e-04 4.029870033264160156e-04 4.024207592010498047e-04 3.940463066101074219e-04 4.015564918518066406e-04
1.347949926507767904e+00 -2.734363079071044922e-04 -2.627372741699218750e-04 -2.689957618713378906e-04 -2.611875534057617188e-04 -2.573728561401367188e-04 -2.681910991668701172e-04 -2.617537975311279297e-04 -2.713799476623535156e-04 -2.706944942474365234e-04 -2.578496932983398438e-04
1.354402688493155926e+00 -9.930133819580078125e-05 -1.081228256225585938e-04 -1.015365123748779297e-04 -1.045763492584228516e-04 -1.066625118255615234e-04 -1.001656055450439453e-04 -1.022517681121826172e-04 -1.014769077301025391e-04 -1.014173030853271484e-04 -1.004934310913085938e-04
1.360855450478543727e+00 2.667009830474853516e-04 2.666413784027099609e-04 2.672374248504638672e-04 2.704560756683349609e-04 2.674162387847900391e-04 2.705752849578857422e-04 2.698302268981933594e-04 2.706646919250488281e-04 2.638101577758789062e-04 2.677142620086669922e-04
1.367308212463931749e+00 -3.187656402587890625e-04 -3.115236759185791016e-04 -3.168582916259765625e-04 -3.226399421691894531e-04 -3.311634063720703125e-04 -3.158450126647949219e-04 -3.138482570648193359e-04 -3.103613853454589844e-04 -3.133416175842285156e-04 -3.061592578887939453e-04
1.373760974449319550e+00 -1.326799392700195312e-04 -1.396536827087402344e-04 -1.260042190551757812e-04 -1.296401023864746094e-04 -1.280307769775390625e-04 -1.406669616699218750e-04 -1.289248466491699219e-04 -1.342296600341796875e-04 -1.374483108520507812e-04 -1.433789730072021484e-04
1.380213736434707350e+00 2.297163009643554688e-04 2.348124980926513672e-04 2.289712429046630859e-04 2.188086509704589844e-04 2.251565456390380859e-04 2.237260341644287109e-04 2.370476722717285156e-04 2.194344997406005859e-04 2.241432666778564453e-04 2.240836620330810547e-04
1.386666498420095373e+00 -1.462996006011962891e-04 -1.468062400817871094e-04 -1.465082168579101562e-04 -1.483261585235595703e-04 -1.598298549652099609e-04 -1.416206359863281250e-04 -1.453161239624023438e-04 -1.558065414428710938e-04 -1.465678215026855469e-04 -1.538097858428955078e-04
1.393119260405483173e+00 2.077221870422363281e-05 1.811981201171875000e-05 1.910328865051269531e-05 4.062056541442871094e-05 3.001093864440917969e-05 3.221631050109863281e-05 3.072619438171386719e-05 2.777576446533203125e-05 2.920627593994140625e-05 3.182888031005859375e-05
1.399572022390871195e+00 1.581609249114990234e-04 1.491606235504150391e-04 1.464486122131347656e-04 1.606047153472900391e-04 1.631975173950195312e-04 1.494586467742919922e-04 1.592636108398437500e-04 1.600980758666992188e-04 1.710951328277587891e-04 1.537203788757324219e-04
1.406024784376258996e+00 3.898143768310546875e-05 3.418326377868652344e-05 3.090500831604003906e-05 4.926323890686035156e-05 4.738569259643554688e-05 4.634261131286621094e-05 5.927681922912597656e-05 3.844499588012695312e-05 5.149841308593750000e-05 3.725290298461914062e-05
1.412477546361647018e+00 -2.486407756805419922e-04 -2.500414848327636719e-04 -2.424716949462890625e-04 -2.399981021881103516e-04 -2.457499504089355469e-04 -2.538263797760009766e-04 -2.451241016387939453e-04 -2.466440200805664062e-04 -2.360045909881591797e-04 -2.497136592864990234e-04
1.418930308347034819e+00 5.850195884704589844e-05 7.167458534240722656e-05 6.633996963500976562e-05 6.210803985595703125e-05 5.829334259033203125e-05 6.437301635742187500e-05 6.815791130065917969e-05 5.242228507995605469e-05 6.163120269775390625e-05 6.347894668579101562e-05
1.425383070332422841e+00 1.991987228393554688e-04 1.975595951080322266e-04 1.827180385589599609e-04 2.045035362243652344e-04 1.923441886901855469e-04 2.011060714721679688e-04 1.898109912872314453e-04 1.960098743438720703e-04 1.811981201171875000e-04 1.895427703857421875e-04
1.431835832317810642e+00 -1.182556152343750000e-04 -1.133382320404052734e-04 -1.120567321777343750e-04 -1.299679279327392578e-04 -1.338124275207519531e-04 -1.192390918731689453e-04 -1.142621040344238281e-04 -1.307427883148193359e-04 -1.283884048461914062e-04 -1.497566699981689453e-04
1.438288594303198664e+00 -5.742907524108886719e-05 -5.674362182617187500e-05 -6.142258644104003906e-05 -7.218122482299804688e-05 -5.728006362915039062e-05 -5.146861076354980469e-05 -6.505846977233886719e-05 -5.730986595153808594e-05 -5.406141281127929688e-05 -4.571676254272460938e-05
1.444741356288586465e+00 1.105964183807373047e-04 1.197159290313720703e-04 1.116693019866943359e-04 1.157522201538085938e-04 1.017451286315917969e-04 1.098215579986572266e-04 1.019835472106933594e-04 1.166760921478271484e-04 1.046657562255859375e-04 1.038014888763427734e-04
1.451194118273974487e+00 -4.407763481140136719e-05 -4.702806472778320312e-05 -4.133582115173339844e-05 -4.601478576660156250e-05 -4.303455352783203125e-05 -5.441904067993164062e-05 -4.911422729492187500e-05 -4.184246063232421875e-05 -4.303455352783203125e-05 -4.276633262634277344e-05
1.457646880259362288e+00 3.269314765930175781e-05 4.482269287109375000e-05 3.722310066223144531e-05 3.087520599365234375e-05 4.005432128906250000e-05 3.653764724731445312e-05 3.713369369506835938e-05 4.389882087707519531e-05 4.333257675170898438e-05 3.623962402343750000e-05
1.464099642244750310e+00 1.054704189300537109e-04 1.137852668762207031e-04 1.039803028106689453e-04 1.076161861419677734e-04 1.019835472106933594e-04 1.130402088165283203e-04 1.151859760284423828e-04 1.064538955688476562e-04 1.073479652404785156e-04 1.241862773895263672e-04
1.470552404230138110e+00 -5.602836608886718750e-05 -6.401538848876953125e-05 -5.573034286499023438e-05 -5.316734313964843750e-05 -6.097555160522460938e-05 -6.529688835144042969e-05 -4.750490188598632812e-05 -6.246566772460937500e-05 -4.923343658447265625e-05 -6.181001663208007812e-05
1.477005166215525911e+00 -9.238719940185546875e-07 5.394220352172851562e-06 5.364418029785156250e-06 3.576278686523437500e-07 -4.172325134277343750e-06 -5.960464477539062500e-07 -4.589557647705078125e-06 7.361173629760742188e-06 6.228685379028320312e-06 -2.920627593994140625e-06
1.483457928200913933e+00 -3.638863563537597656e-05 -3.316998481750488281e-05 -1.791119575500488281e-05 -3.278255462646484375e-05 -2.589821815490722656e-05 -2.086162567138671875e-05 -2.697110176086425781e-05 -2.643465995788574219e-05 -2.437829971313476562e-05 -3.594160079956054688e-05
1.489910690186301734e+00 3.689527511596679688e-05 4.044175148010253906e-05 3.904104232788085938e-05 4.220008850097656250e-05 3.993511199951171875e-05 2.416968345642089844e-05 2.443790435791015625e-05 3.278255462646484375e-05 4.428625106811523438e-05 3.728270530700683594e-05
1.496363452171689756e+00 6.923079490661621094e-05 5.391240119934082031e-05 6.031990051269531250e-05 6.034970283508300781e-05 5.918741226196289062e-05 6.398558616638183594e-05 6.884336471557617188e-05 6.997585296630859375e-05 6.517767906188964844e-05 6.574392318725585938e-05
1.502816214157077557e+00 -1.006424427032470703e-04 -1.024603843688964844e-04 -1.038908958435058594e-04 -1.084506511688232422e-04 -9.700655937194824219e-05 -9.834766387939453125e-05 -8.723139762878417969e-05 -8.046627044677734375e-05 -1.039803028106689453e-04 -1.128911972045898438e-04
1.509268976142465579e+00 -8.165836334228515625e-06 -1.132488250732421875e-06 4.351139068603515625e-06 4.738569259643554688e-06 -1.490116119384765625e-06 1.832842826843261719e-05 -7.182359695434570312e-06 9.685754776000976562e-06 1.627206802368164062e-05 2.354383468627929688e-06
1.515721738127853380e+00 1.201629638671875000e-04 1.035630702972412109e-04 1.133084297180175781e-04 1.221597194671630859e-04 1.111030578613281250e-04 1.041889190673828125e-04 1.108944416046142578e-04 1.294910907745361328e-04 1.182258129119873047e-04 1.270174980163574219e-04
1.522174500113241402e+00 -1.571178436279296875e-04 -1.537799835205078125e-04 -1.506805419921875000e-04 -1.457035541534423828e-04 -1.485645771026611328e-04 -1.552999019622802734e-04 -1.557767391204833984e-04 -1.549422740936279297e-04 -1.368522644042968750e-04 -1.470148563385009766e-04
1.528627262098629203e+00 2.548098564147949219e-05 1.147389411926269531e-05 1.758337020874023438e-05 2.503395080566406250e-05 2.217292785644531250e-05 1.931190490722656250e-05 2.625584602355957031e-05 1.770257949829101562e-05 1.889467239379882812e-05 2.402067184448242188e-05
1.535080024084017225e+00 1.600980758666992188e-04 1.398622989654541016e-04 1.409053802490234375e-04 1.516640186309814453e-04 1.429319381713867188e-04 1.483857631683349609e-04 1.531839370727539062e-04 1.491904258728027344e-04 1.417696475982666016e-04 1.480281352996826172e-04
1.541532786069405025e+00 -2.123713493347167969e-04 -2.177059650421142578e-04 -2.229809761047363281e-04 -2.223551273345947266e-04 -2.201199531555175781e-04 -2.217292785644531250e-04 -2.209842205047607422e-04 -2.187490463256835938e-04 -2.146363258361816406e-04 -2.114176750183105469e-04
1.547985548054793048e+00 1.817941665649414062e-06 6.258487701416015625e-07 -1.996755599975585938e-06 2.712011337280273438e-06 -7.659196853637695312e-06 -1.534819602966308594e-05 1.257658004760742188e-05 -6.258487701416015625e-07 -7.182359695434570312e-06 -7.778406143188476562e-06
1.554438310040180848e+00 2.062916755676269531e-04 2.135038375854492188e-04 2.007186412811279297e-04 2.063214778900146484e-04 2.107024192810058594e-04 2.084672451019287109e-04 2.060830593109130859e-04 1.983642578125000000e-04 1.989901065826416016e-04 2.043843269348144531e-04
1.560891072025568649e+00 -1.035928726196289062e-04 -1.140534877777099609e-04 -1.207590103149414062e-04 -1.042485237121582031e-04 -9.945034980773925781e-05 -1.081526279449462891e-04 -1.032054424285888672e-04 -1.141428947448730469e-04 -9.042024612426757812e-05 -1.118481159210205078e-04
1.567343834010956671e+00 -1.478791236877441406e-04 -1.402795314788818359e-04 -1.543760299682617188e-04 -1.561045646667480469e-04 -1.399815082550048828e-04 -1.507103443145751953e-04 -1.371204853057861328e-04 -1.462697982788085938e-04 -1.488327980041503906e-04 -1.312792301177978516e-04
1.573796595996344472e+00 2.201497554779052734e-04 2.212822437286376953e-04 2.193152904510498047e-04 2.244412899017333984e-04 2.273321151733398438e-04 2.162456512451171875e-04 2.184510231018066406e-04 2.271831035614013672e-04 2.260506153106689453e-04 2.245306968688964844e-04
1.580249357981732494e+00 -5.146861076354980469e-05 -5.379319190979003906e-05 -4.628300666809082031e-05 -5.200505256652832031e-05 -6.261467933654785156e-05 -4.860758781433105469e-05 -5.659461021423339844e-05 -4.336237907409667969e-05 -5.134940147399902344e-05 -5.736947059631347656e-05
1.586702119967120295e+00 -2.279579639434814453e-04 -2.245903015136718750e-04 -2.292394638061523438e-04 -2.253353595733642578e-04 -2.371370792388916016e-04 -2.360045909881591797e-04 -2.311766147613525391e-04 -2.417862415313720703e-04 -2.387464046478271484e-04 -2.326667308807373047e-04
1.593154881952508317e+00 2.502799034118652344e-04 2.528429031372070312e-04 2.646148204803466797e-04 2.594590187072753906e-04 2.633035182952880859e-04 2.552568912506103516e-04 2.392232418060302734e-04 2.588629722595214844e-04 2.652406692504882812e-04 2.611279487609863281e-04
1.599607643937896118e+00 4.777312278747558594e-05 3.227591514587402344e-05 4.380941390991210938e-05 5.134940147399902344e-05 4.291534423828125000e-05 4.807114601135253906e-05 4.348158836364746094e-05 4.622340202331542969e-05 4.068017005920410156e-05 5.027651786804199219e-05
1.606060405923284140e+00 -2.801716327667236328e-04 -2.817213535308837891e-04 -2.857744693756103516e-04 -2.962350845336914062e-04 -2.733469009399414062e-04 -2.773106098175048828e-04 -2.739727497100830078e-04 -2.819299697875976562e-04 -2.900063991546630859e-04 -2.826750278472900391e-04
1.612513167908671941e+00 1.939833164215087891e-04 2.068579196929931641e-04 2.063810825347900391e-04 2.073347568511962891e-04 2.031624317169189453e-04 2.079904079437255859e-04 2.049803733825683594e-04 2.043843269348144531e-04 2.078711986541748047e-04 2.087056636810302734e-04
1.618965929894059963e+00 3.823637962341308594e-05 3.084540367126464844e-05 3.653764724731445312e-05 3.245472908020019531e-05 2.649426460266113281e-05 3.433227539062500000e-05 4.017353057861328125e-05 3.007054328918457031e-05 3.308057785034179688e-05 2.989172935485839844e-05
1.625418691879447763e+00 -2.622604370117187500e-04 -2.661645412445068359e-04 -2.681314945220947266e-04 -2.647340297698974609e-04 -2.661347389221191406e-04 -2.732872962951660156e-04 -2.613067626953125000e-04 -2.642571926116943359e-04 -2.650916576385498047e-04 -2.681910991668701172e-04
1.631871453864835786e+00 1.133382320404052734e-04 1.302659511566162109e-04 1.269876956939697266e-04 1.265406608581542969e-04 1.204311847686767578e-04 1.214742660522460938e-04 1.161396503448486328e-04 1.180768013000488281e-04 1.241266727447509766e-04 1.242458820343017578e-04
1.638324215850223586e+00 1.497268676757812500e-04 1.614987850189208984e-04 1.505613327026367188e-04 1.581907272338867188e-04 1.635849475860595703e-04 1.598000526428222656e-04 1.555979251861572266e-04 1.559555530548095703e-04 1.538991928100585938e-04 1.501142978668212891e-04
1.644776977835611609e+00 -2.386868000030517578e-04 -2.416372299194335938e-04 -2.336204051971435547e-04 -2.375841140747070312e-04 -2.463161945343017578e-04 -2.382695674896240234e-04 -2.347528934478759766e-04 -2.271533012390136719e-04 -2.345740795135498047e-04 -2.310276031494140625e-04
1.651229739820999409e+00 3.054738044738769531e-05 3.826618194580078125e-05 3.972649574279785156e-05 3.665685653686523438e-05 2.878904342651367188e-05 3.558397293090820312e-05 3.075599670410156250e-05 3.141164779663085938e-05 2.446770668029785156e-05 3.182888031005859375e-05
1.657682501806387210e+00 2.203881740570068359e-04 2.128779888153076172e-04 2.060234546661376953e-04 2.193450927734375000e-04 2.212822437286376953e-04 2.066493034362792969e-04 2.163052558898925781e-04 2.122521400451660156e-04 2.221465110778808594e-04 2.143979072570800781e-04
1.664135263791775232e+00 -1.562833786010742188e-04 -1.330375671386718750e-04 -1.377463340759277344e-04 -1.370310783386230469e-04 -1.427233219146728516e-04 -1.469850540161132812e-04 -1.462101936340332031e-04 -1.392960548400878906e-04 -1.339912414550781250e-04 -1.532137393951416016e-04
1.670588025777163033e+00 -7.912516593933105469e-05 -8.404254913330078125e-05 -8.842349052429199219e-05 -8.410215377807617188e-05 -9.644031524658203125e-05 -8.264183998107910156e-05 -9.110569953918457031e-05 -8.431077003479003906e-05 -8.162856101989746094e-05 -7.736682891845703125e-05
1.677040787762551055e+00 1.339018344879150391e-04 1.175999641418457031e-04 1.276433467864990234e-04 1.241266727447509766e-04 1.290142536163330078e-04 1.275539398193359375e-04 1.257061958312988281e-04 1.289844512939453125e-04 1.244544982910156250e-04 1.260042190551757812e-04
1.683493549747938856e+00 -6.592273712158203125e-05 -6.824731826782226562e-05 -6.181001663208007812e-05 -6.854534149169921875e-05 -6.192922592163085938e-05 -6.881356239318847656e-05 -7.271766662597656250e-05 -5.868077278137207031e-05 -7.131695747375488281e-05 -6.920099258422851562e-05
1.689946311733326878e+00 -6.929039955139160156e-05 -5.495548248291015625e-05 -5.915760993957519531e-05 -5.963444709777832031e-05 -5.200505256652832031e-05 -6.362795829772949219e-05 -5.659461021423339844e-05 -5.322694778442382812e-05 -7.352232933044433594e-05 -6.014108657836914062e-05
1.696399073718714678e+00 2.073049545288085938e-04 2.111792564392089844e-04 2.072155475616455078e-04 2.105236053466796875e-04 2.135634422302246094e-04 2.104640007019042969e-04 2.095997333526611328e-04 2.079308032989501953e-04 2.142488956451416016e-04 2.230405807495117188e-04
1.702851835704102701e+00 -8.746981620788574219e-05 -8.210539817810058594e-05 -8.088350296020507812e-05 -9.813904762268066406e-05 -9.232759475708007812e-05 -7.325410842895507812e-05 -8.785724639892578125e-05 -1.032054424285888672e-04 -8.672475814819335938e-05 -7.221102714538574219e-05
1.709304597689490501e+00 -1.170635223388671875e-04 -1.283288002014160156e-04 -1.290142536163330078e-04 -1.263022422790527344e-04 -1.365542411804199219e-04 -1.308321952819824219e-04 -1.274049282073974609e-04 -1.204609870910644531e-04 -1.306831836700439453e-04 -1.296103000640869141e-04
1.715757359674878524e+00 1.571476459503173828e-04 1.718401908874511719e-04 1.572370529174804688e-04 1.538693904876708984e-04 1.692473888397216797e-04 1.819133758544921875e-04 1.588165760040283203e-04 1.628696918487548828e-04 1.669228076934814453e-04 1.626014709472656250e-04
1.722210121660266324e+00 1.472234725952148438e-05 2.005696296691894531e-05 1.698732376098632812e-06 6.765127182006835938e-06 4.470348358154296875e-07 -3.814697265625000000e-06 2.980232238769531250e-06 6.407499313354492188e-06 2.801418304443359375e-06 1.165270805358886719e-05
1.728662883645654347e+00 -9.566545486450195312e-05 -9.751319885253906250e-05 -9.185075759887695312e-05 -8.913874626159667969e-05 -9.432435035705566406e-05 -1.024007797241210938e-04 -9.277462959289550781e-05 -8.490681648254394531e-05 -9.921193122863769531e-05 -1.003742218017578125e-04
1.735115645631042147e+00 7.447600364685058594e-05 8.356571197509765625e-05 7.268786430358886719e-05 6.434321403503417969e-05 7.718801498413085938e-05 7.402896881103515625e-05 7.313489913940429688e-05 7.179379463195800781e-05 7.465481758117675781e-05 6.926059722900390625e-05
1.741568407616429948e+00 7.826089859008789062e-05 8.845329284667968750e-05 8.064508438110351562e-05 7.516145706176757812e-05 8.198618888854980469e-05 7.286667823791503906e-05 7.465481758117675781e-05 8.133053779602050781e-05 6.800889968872070312e-05 8.901953697204589844e-05
1.748021169601817970e+00 -7.340312004089355469e-05 -8.812546730041503906e-05 -8.663535118103027344e-05 -7.653236389160156250e-05 -7.539987564086914062e-05 -7.474422454833984375e-05 -6.970763206481933594e-05 -7.966160774230957031e-05 -8.225440979003906250e-05 -7.373094558715820312e-05
1.754473931587205771e+00 5.775690078735351562e-05 6.711483001708984375e-05 6.142258644104003906e-05 6.008148193359375000e-05 6.043910980224609375e-05 6.806850433349609375e-05 6.997585296630859375e-05 6.935000419616699219e-05 5.882978439331054688e-05 6.261467933654785156e-05
1.760926693572593793e+00 6.178021430969238281e-05 7.545948028564453125e-05 7.089972496032714844e-05 7.355213165283203125e-05 6.321072578430175781e-05 6.470084190368652344e-05 6.011128425598144531e-05 6.994605064392089844e-05 6.869435310363769531e-05 5.421042442321777344e-05
1.767379455557981593e+00 -1.358985900878906250e-05 -1.868605613708496094e-05 -1.165270805358886719e-05 -2.503395080566406250e-05 -2.229213714599609375e-05 -1.922249794006347656e-05 -2.074241638183593750e-05 -2.115964889526367188e-05 -5.960464477539062500e-06 -4.678964614868164062e-06
1.773832217543369616e+00 6.109476089477539062e-06 1.046061515808105469e-05 -1.052021980285644531e-05 2.175569534301757812e-06 -1.311302185058593750e-06 1.341104507446289062e-06 2.533197402954101562e-06 -6.645917892456054688e-06 1.490116119384765625e-05 1.206994056701660156e-05
1.780284979528757416e+00 3.239512443542480469e-05 1.871585845947265625e-05 1.814961433410644531e-05 3.665685653686523438e-05 2.309679985046386719e-05 2.396106719970703125e-05 2.408027648925781250e-05 1.791119575500488281e-05 2.244114875793457031e-05 3.531575202941894531e-05
1.786737741514145439e+00 -4.702806472778320312e-05 -4.199147224426269531e-05 -3.489851951599121094e-05 -3.945827484130859375e-05 -4.830956459045410156e-05 -4.750490188598632812e-05 -3.728270530700683594e-05 -3.829598426818847656e-05 -3.296136856079101562e-05 -4.920363426208496094e-05
1.793190503499533239e+00 -5.418062210083007812e-05 -5.608797073364257812e-05 -6.851553916931152344e-05 -5.263090133666992188e-05 -6.538629531860351562e-05 -4.509091377258300781e-05 -5.131959915161132812e-05 -5.444884300231933594e-05 -4.070997238159179688e-05 -4.899501800537109375e-05
1.799643265484921262e+00 1.192390918731689453e-04 1.241266727447509766e-04 1.174211502075195312e-04 1.271367073059082031e-04 1.224577426910400391e-04 1.246631145477294922e-04 1.191496849060058594e-04 1.229047775268554688e-04 1.239776611328125000e-04 1.059770584106445312e-04
1.806096027470309062e+00 8.383393287658691406e-05 9.101629257202148438e-05 9.095668792724609375e-05 9.578466415405273438e-05 1.098811626434326172e-04 1.008808612823486328e-04 9.608268737792968750e-05 9.727478027343750000e-05 8.982419967651367188e-05 9.503960609436035156e-05
1.812548789455697085e+00 -2.881884574890136719e-05 -2.437829971313476562e-05 -3.865361213684082031e-05 -2.783536911010742188e-05 -2.789497375488281250e-05 -3.439188003540039062e-05 -2.315640449523925781e-05 -3.248453140258789062e-05 -3.719329833984375000e-05 -3.239512443542480469e-05
1.819001551441084885e+00 -1.925230026245117188e-05 -3.844499588012695312e-06 -3.010034561157226562e-06 7.092952728271484375e-06 -1.430511474609375000e-06 1.102685928344726562e-06 1.043081283569335938e-06 1.043081283569335938e-06 -5.215406417846679688e-06 -7.987022399902343750e-06
1.825454313426472908e+00 4.523992538452148438e-05 4.014372825622558594e-05 4.702806472778320312e-05 4.333257675170898438e-05 3.901124000549316406e-05 4.011392593383789062e-05 4.175305366516113281e-05 5.158782005310058594e-05 4.053115844726562500e-05 4.610419273376464844e-05
1.831907075411860708e+00 -3.761053085327148438e-05 -4.607439041137695312e-05 -4.297494888305664062e-05 -4.935264587402343750e-05 -4.470348358154296875e-05 -5.105137825012207031e-05 -3.880262374877929688e-05 -5.263090133666992188e-05 -4.422664642333984375e-05 -4.407763481140136719e-05
1.838359837397248508e+00 -4.905462265014648438e-05 -4.091858863830566406e-05 -2.753734588623046875e-05 -3.859400749206542969e-05 -4.050135612487792969e-05 -3.245472908020019531e-05 -3.886222839355468750e-05 -4.282593727111816406e-05 -3.880262374877929688e-05 -3.954768180847167969e-05
1.844812599382636531e+00 6.926059722900390625e-05 8.675456047058105469e-05 8.058547973632812500e-05 7.086992263793945312e-05 6.973743438720703125e-05 8.258223533630371094e-05 7.998943328857421875e-05 6.923079490661621094e-05 7.247924804687500000e-05 6.607174873352050781e-05
1.851265361368024331e+00 -1.141428947448730469e-05 -1.448392868041992188e-05 -2.253055572509765625e-05 -1.639127731323242188e-06 -1.642107963562011719e-05 -1.683831214904785156e-05 -1.287460327148437500e-05 -1.350045204162597656e-05 -6.198883056640625000e-06 -1.510977745056152344e-05
1.857718123353412354e+00 -7.596611976623535156e-05 -8.955597877502441406e-05 -9.950995445251464844e-05 -9.268522262573242188e-05 -9.480118751525878906e-05 -8.723139762878417969e-05 -7.906556129455566406e-05 -9.042024612426757812e-05 -9.891390800476074219e-05 -9.369850158691406250e-05
1.864170885338800154e+00 6.216764450073242188e-05 5.477666854858398438e-05 6.031990051269531250e-05 5.608797073364257812e-05 5.006790161132812500e-05 4.839897155761718750e-05 3.281235694885253906e-05 4.547834396362304688e-05 5.158782005310058594e-05 4.062056541442871094e-05
1.870623647324188177e+00 6.023049354553222656e-05 7.441639900207519531e-05 6.833672523498535156e-05 6.204843521118164062e-05 7.042288780212402344e-05 6.854534149169921875e-05 7.125735282897949219e-05 6.139278411865234375e-05 5.614757537841796875e-05 5.742907524108886719e-05
1.877076409309575977e+00 -1.214444637298583984e-04 -1.198947429656982422e-04 -1.155734062194824219e-04 -1.175701618194580078e-04 -1.202523708343505859e-04 -1.174807548522949219e-04 -1.293122768402099609e-04 -1.239478588104248047e-04 -1.186430454254150391e-04 -1.206696033477783203e-04
1.883529171294964000e+00 -1.788139343261718750e-05 -3.021955490112304688e-05 -3.406405448913574219e-05 -2.098083496093750000e-05 -2.783536911010742188e-05 -1.767277717590332031e-05 -3.620982170104980469e-05 -3.346800804138183594e-05 -3.001093864440917969e-05 -2.366304397583007812e-05
1.889981933280351800e+00 8.887052536010742188e-05 1.024007797241210938e-04 8.797645568847656250e-05 9.891390800476074219e-05 8.830428123474121094e-05 8.225440979003906250e-05 9.933114051818847656e-05 9.018182754516601562e-05 8.875131607055664062e-05 7.563829421997070312e-05
1.896434695265739823e+00 -9.649991989135742188e-05 -1.022517681121826172e-04 -1.051425933837890625e-04 -1.171827316284179688e-04 -1.025199890136718750e-04 -1.009106636047363281e-04 -1.111328601837158203e-04 -1.034140586853027344e-04 -9.965896606445312500e-05 -1.064240932464599609e-04
1.902887457251127623e+00 -2.714991569519042969e-05 -2.366304397583007812e-05 -2.369284629821777344e-05 -3.522634506225585938e-05 -3.659725189208984375e-05 -3.331899642944335938e-05 -1.698732376098632812e-05 -2.819299697875976562e-05 -2.157688140869140625e-05 -1.391768455505371094e-05
1.909340219236515646e+00 1.519024372100830078e-04 1.460611820220947266e-04 1.579523086547851562e-04 1.633763313293457031e-04 1.480281352996826172e-04 1.556575298309326172e-04 1.582801342010498047e-04 1.567006111145019531e-04 1.519024372100830078e-04 1.616477966308593750e-04
1.915792981221903446e+00 -8.463859558105468750e-05 -8.139014244079589844e-05 -7.939338684082031250e-05 -8.344650268554687500e-05 -7.805228233337402344e-05 -1.010894775390625000e-04 -6.771087646484375000e-05 -7.152557373046875000e-05 -8.556246757507324219e-05 -8.493661880493164062e-05
1.922245743207291468e+00 -9.196996688842773438e-05 -1.008808612823486328e-04 -1.055896282196044922e-04 -9.617209434509277344e-05 -1.009106636047363281e-04 -1.001060009002685547e-04 -9.074807167053222656e-05 -1.041591167449951172e-04 -9.617209434509277344e-05 -9.047985076904296875e-05
1.928698505192679269e+00 1.913905143737792969e-04 1.808106899261474609e-04 1.820325851440429688e-04 1.730322837829589844e-04 1.850128173828125000e-04 1.855790615081787109e-04 1.792907714843750000e-04 1.770257949829101562e-04 1.878142356872558594e-04 1.651644706726074219e-04
1.935151267178067069e+00 -4.306435585021972656e-05 -4.428625106811523438e-05 -4.795193672180175781e-05 -2.756714820861816406e-05 -4.041194915771484375e-05 -4.392862319946289062e-05 -2.813339233398437500e-05 -3.463029861450195312e-05 -3.716349601745605469e-05 -2.944469451904296875e-05
1.941604029163455092e+00 -9.563565254211425781e-05 -9.760260581970214844e-05 -9.959936141967773438e-05 -8.738040924072265625e-05 -9.354948997497558594e-05 -9.286403656005859375e-05 -1.000761985778808594e-04 -8.502602577209472656e-05 -1.028478145599365234e-04 -8.812546730041503906e-05
1.948056791148842892e+00 1.749098300933837891e-04 1.800060272216796875e-04 1.768171787261962891e-04 1.766085624694824219e-04 1.693665981292724609e-04 1.685619354248046875e-04 1.778006553649902344e-04 1.744925975799560547e-04 1.811385154724121094e-04 1.706182956695556641e-04
1.954509553134230915e+00 -1.096129417419433594e-04 -1.214146614074707031e-04 -1.144111156463623047e-04 -1.161396503448486328e-04 -1.239478588104248047e-04 -1.166164875030517578e-04 -1.130998134613037109e-04 -1.149177551269531250e-04 -1.167058944702148438e-04 -1.193881034851074219e-04
1.960962315119618715e+00 -5.140900611877441406e-05 -4.705786705017089844e-05 -4.437565803527832031e-05 -6.154179573059082031e-05 -3.430247306823730469e-05 -5.277991294860839844e-05 -5.289912223815917969e-05 -5.212426185607910156e-05 -4.774332046508789062e-05 -4.068017005920410156e-05
1.967415077105006738e+00 1.447796821594238281e-04 1.592338085174560547e-04 1.721978187561035156e-04 1.539289951324462891e-04 1.656413078308105469e-04 1.578927040100097656e-04 1.744627952575683594e-04 1.614987850189208984e-04 1.541674137115478516e-04 1.638233661651611328e-04
1.973867839090394538e+00 -8.627772331237792969e-05 -9.316205978393554688e-05 -9.110569953918457031e-05 -8.571147918701171875e-05 -9.360909461975097656e-05 -9.882450103759765625e-05 -8.517503738403320312e-05 -8.121132850646972656e-05 -8.448958396911621094e-05 -9.721517562866210938e-05
1.980320601075782561e+00 -6.690621376037597656e-05 -6.601214408874511719e-05 -6.309151649475097656e-05 -6.902217864990234375e-05 -7.697939872741699219e-05 -5.650520324707031250e-05 -7.155537605285644531e-05 -5.415081977844238281e-05 -6.589293479919433594e-05 -6.175041198730468750e-05
1.986773363061170361e+00 1.221001148223876953e-04 1.160502433776855469e-04 1.192390918731689453e-04 1.161396503448486328e-04 1.156926155090332031e-04 1.145303249359130859e-04 1.151859760284423828e-04 1.200735569000244141e-04 1.101791858673095703e-04 1.192390918731689453e-04
1.993226125046558384e+00 -1.019835472106933594e-04 -9.480118751525878906e-05 -1.153945922851562500e-04 -1.102387905120849609e-04 -1.004934310913085938e-04 -1.071393489837646484e-04 -8.860230445861816406e-05 -1.047551631927490234e-04 -9.080767631530761719e-05 -1.131296157836914062e-04
1.999678887031946184e+00 4.649162292480468750e-05 5.555152893066406250e-05 5.963444709777832031e-05 4.681944847106933594e-05 4.982948303222656250e-05 3.996491432189941406e-05 4.673004150390625000e-05 4.696846008300781250e-05 4.509091377258300781e-05 5.352497100830078125e-05
2.006131649017333984e+00 1.785159111022949219e-04 1.696944236755371094e-04 1.784265041351318359e-04 1.749396324157714844e-04 1.769363880157470703e-04 1.820325851440429688e-04 1.892447471618652344e-04 1.780986785888671875e-04 1.807808876037597656e-04 1.814365386962890625e-04
