# Range[m] 0 1 2 3 4 5 6 7 8 9
1.800000071525573730e-01 -4.489535093307495117e-02 -4.499274492263793945e-02 -4.498004913330078125e-02 -4.470357298851013184e-02 -4.487904906272888184e-02 -4.490667581558227539e-02 -4.487946629524230957e-02 -4.481121897697448730e-02 -4.470905661582946777e-02 -4.482594132423400879e-02
1.864527691379452845e-01 3.605756163597106934e-02 3.595268726348876953e-02 3.597036004066467285e-02 3.612390160560607910e-02 3.609770536422729492e-02 3.606989979743957520e-02 3.602939844131469727e-02 3.604620695114135742e-02 3.615897893905639648e-02 3.614115715026855469e-02
1.929055311233331682e-01 8.608251810073852539e-03 8.847564458847045898e-03 8.703798055648803711e-03 8.559733629226684570e-03 8.604764938354492188e-03 8.704274892807006836e-03 8.601933717727661133e-03 8.570432662963867188e-03 8.468121290206909180e-03 8.556872606277465820e-03
1.993582931087210797e-01 -2.243241667747497559e-02 -2.249991893768310547e-02 -2.253720164299011230e-02 -2.247872948646545410e-02 -2.246621251106262207e-02 -2.253130078315734863e-02 -2.246862649917602539e-02 -2.245301008224487305e-02 -2.240690588951110840e-02 -2.249190211296081543e-02
2.058110550941089911e-01 3.163129091262817383e-03 3.085821866989135742e-03 3.129512071609497070e-03 3.225624561309814453e-03 3.218472003936767578e-03 3.212630748748779297e-03 3.198981285095214844e-03 3.214329481124877930e-03 3.239512443542480469e-03 3.265678882598876953e-03
2.122638170794968748e-01 7.056087255477905273e-03 7.055252790451049805e-03 7.081747055053710938e-03 7.073551416397094727e-03 7.019728422164916992e-03 7.013708353042602539e-03 7.041811943054199219e-03 7.015198469161987305e-03 7.038623094558715820e-03 6.994634866714477539e-03
2.187165790648847863e-01 7.459491491317749023e-03 7.529914379119873047e-03 7.474988698959350586e-03 7.411122322082519531e-03 7.441341876983642578e-03 7.434815168380737305e-03 7.444769144058227539e-03 7.444024085998535156e-03 7.397621870040893555e-03 7.427185773849487305e-03
2.251693410502726977e-01 -1.611250638961791992e-02 -1.608684659004211426e-02 -1.608356833457946777e-02 -1.615834236145019531e-02 -1.609849929809570312e-02 -1.600632071495056152e-02 -1.607286930084228516e-02 -1.604938507080078125e-02 -1.611366868019104004e-02 -1.600408554077148438e-02
2.316221030356606092e-01 -5.474835634231567383e-03 -5.608797073364257812e-03 -5.515635013580322266e-03 -5.371421575546264648e-03 -5.531191825866699219e-03 -5.533337593078613281e-03 -5.513995885848999023e-03 -5.522757768630981445e-03 -5.433499813079833984e-03 -5.541354417800903320e-03
2.380748650210485207e-01 2.619835734367370605e-02 2.615168690681457520e-02 2.614369988441467285e-02 2.618017792701721191e-02 2.616062760353088379e-02 2.611339092254638672e-02 2.618452906608581543e-02 2.614361047744750977e-02 2.614858746528625488e-02 2.614155411720275879e-02
2.445276270064364044e-01 -1.131579279899597168e-02 -1.109942793846130371e-02 -1.123830676078796387e-02 -1.145792007446289062e-02 -1.131740212440490723e-02 -1.128801703453063965e-02 -1.136586070060729980e-02 -1.133561134338378906e-02 -1.138517260551452637e-02 -1.138356328010559082e-02
2.509803889918242881e-01 -2.489385008811950684e-02 -2.501076459884643555e-02 -2.493342757225036621e-02 -2.477157115936279297e-02 -2.491521835327148438e-02 -2.492862939834594727e-02 -2.487480640411376953e-02 -2.489414811134338379e-02 -2.478501200675964355e-02 -2.488836646080017090e-02
2.574331509772121995e-01 2.947053313255310059e-02 2.936270833015441895e-02 2.941635251045227051e-02 2.955734729766845703e-02 2.944943308830261230e-02 2.938377857208251953e-02 2.937895059585571289e-02 2.937144041061401367e-02 2.951425313949584961e-02 2.942833304405212402e-02
2.638859129626001110e-01 3.960132598876953125e-03 4.171878099441528320e-03 4.153937101364135742e-03 3.894627094268798828e-03 4.010647535324096680e-03 4.094272851943969727e-03 4.027009010314941406e-03 4.018127918243408203e-03 3.839105367660522461e-03 3.983467817306518555e-03
2.703386749479880224e-01 -3.739809989929199219e-02 -3.740602731704711914e-02 -3.738245368003845215e-02 -3.730395436286926270e-02 -3.732788562774658203e-02 -3.736594319343566895e-02 -3.735464811325073242e-02 -3.730434179306030273e-02 -3.727918863296508789e-02 -3.727918863296508789e-02
2.767914369333759339e-01 2.064785361289978027e-02 2.043080329895019531e-02 2.046215534210205078e-02 2.068802714347839355e-02 2.057594060897827148e-02 2.051162719726562500e-02 2.054175734519958496e-02 2.054154872894287109e-02 2.069306373596191406e-02 2.051067352294921875e-02
2.832441989187638454e-01 1.948201656341552734e-02 1.969799399375915527e-02 1.959535479545593262e-02 1.939490437507629395e-02 1.947513222694396973e-02 1.960325241088867188e-02 1.950520277023315430e-02 1.950484514236450195e-02 1.936703920364379883e-02 1.950880885124206543e-02
2.896969609041517568e-01 -3.367936611175537109e-02 -3.365412354469299316e-02 -3.366142511367797852e-02 -3.370329737663269043e-02 -3.363850712776184082e-02 -3.364315629005432129e-02 -3.361752629280090332e-02 -3.362795710563659668e-02 -3.368264436721801758e-02 -3.364789485931396484e-02
2.961497228895396683e-01 3.823429346084594727e-03 3.586143255233764648e-03 3.621578216552734375e-03 3.902733325958251953e-03 3.767937421798706055e-03 3.681659698486328125e-03 3.760606050491333008e-03 3.781199455261230469e-03 4.012614488601684570e-03 3.704667091369628906e-03
3.026024848749275242e-01 2.544265985488891602e-02 2.554452419281005859e-02 2.552846074104309082e-02 2.528777718544006348e-02 2.540868520736694336e-02 2.543431520462036133e-02 2.539765834808349609e-02 2.540898323059082031e-02 2.522253990173339844e-02 2.540257573127746582e-02
3.090552468603154357e-01 -2.248105406761169434e-02 -2.229395508766174316e-02 -2.231654524803161621e-02 -2.245673537254333496e-02 -2.240803837776184082e-02 -2.236795425415039062e-02 -2.234074473381042480e-02 -2.232059836387634277e-02 -2.243581414222717285e-02 -2.231320738792419434e-02
3.155080088457033471e-01 -1.215907931327819824e-02 -1.234680414199829102e-02 -1.223313808441162109e-02 -1.202362775802612305e-02 -1.213040947914123535e-02 -1.218202710151672363e-02 -1.214215159416198730e-02 -1.213172078132629395e-02 -1.203447580337524414e-02 -1.210272312164306641e-02
3.219607708310912586e-01 2.566263079643249512e-02 2.563387155532836914e-02 2.562364935874938965e-02 2.560204267501831055e-02 2.558937668800354004e-02 2.560248970985412598e-02 2.557837963104248047e-02 2.554535865783691406e-02 2.556595206260681152e-02 2.553373575210571289e-02
3.284135328164791701e-01 -5.193263292312622070e-03 -5.044758319854736328e-03 -5.100429058074951172e-03 -5.236327648162841797e-03 -5.177587270736694336e-03 -5.088865756988525391e-03 -5.112707614898681641e-03 -5.129754543304443359e-03 -5.200743675231933594e-03 -5.117952823638916016e-03
3.348662948018670260e-01 -1.947835087776184082e-02 -1.955899596214294434e-02 -1.951158046722412109e-02 -1.942783594131469727e-02 -1.945823431015014648e-02 -1.945930719375610352e-02 -1.947203278541564941e-02 -1.945692300796508789e-02 -1.939126849174499512e-02 -1.942250132560729980e-02
3.413190567872549375e-01 1.401323080062866211e-02 1.393049955368041992e-02 1.393344998359680176e-02 1.399651169776916504e-02 1.394894719123840332e-02 1.392564177513122559e-02 1.392358541488647461e-02 1.393505930900573730e-02 1.397538185119628906e-02 1.391375064849853516e-02
3.477718187726428489e-01 9.993225336074829102e-03 1.009124517440795898e-02 9.999185800552368164e-03 9.966462850570678711e-03 1.000517606735229492e-02 1.005089282989501953e-02 1.000830531120300293e-02 9.981840848922729492e-03 9.969562292098999023e-03 9.995520114898681641e-03
3.542245807580307604e-01 -1.608330011367797852e-02 -1.604339480400085449e-02 -1.605454087257385254e-02 -1.607370376586914062e-02 -1.602789759635925293e-02 -1.602914929389953613e-02 -1.602572202682495117e-02 -1.601207256317138672e-02 -1.602998375892639160e-02 -1.599755883216857910e-02
3.606773427434186718e-01 -7.358491420745849609e-04 -8.485317230224609375e-04 -8.118152618408203125e-04 -6.925165653228759766e-04 -7.713735103607177734e-04 -8.274614810943603516e-04 -7.645189762115478516e-04 -8.026957511901855469e-04 -7.293820381164550781e-04 -8.111298084259033203e-04
3.671301047288065833e-01 1.572826504707336426e-02 1.570725440979003906e-02 1.568406820297241211e-02 1.565945148468017578e-02 1.568087935447692871e-02 1.566299796104431152e-02 1.567873358726501465e-02 1.566100120544433594e-02 1.564723253250122070e-02 1.564109325408935547e-02
3.735828667141944948e-01 -6.715416908264160156e-03 -6.640821695327758789e-03 -6.640464067459106445e-03 -6.737619638442993164e-03 -6.656080484390258789e-03 -6.621927022933959961e-03 -6.665587425231933594e-03 -6.662309169769287109e-03 -6.741493940353393555e-03 -6.631284952163696289e-03
3.800356286995824062e-01 -1.064562797546386719e-02 -1.070481538772583008e-02 -1.073518395423889160e-02 -1.060914993286132812e-02 -1.062121987342834473e-02 -1.066222786903381348e-02 -1.068121194839477539e-02 -1.067373156547546387e-02 -1.058611273765563965e-02 -1.064473390579223633e-02
3.864883906849703177e-01 1.368856430053710938e-02 1.362439990043640137e-02 1.360934972763061523e-02 1.366987824440002441e-02 1.362627744674682617e-02 1.363807916641235352e-02 1.363956928253173828e-02 1.359772682189941406e-02 1.364320516586303711e-02 1.359310746192932129e-02
3.929411526703582291e-01 5.159080028533935547e-03 5.273759365081787109e-03 5.246669054031372070e-03 5.138099193572998047e-03 5.220770835876464844e-03 5.238175392150878906e-03 5.219668149948120117e-03 5.205035209655761719e-03 5.152791738510131836e-03 5.181550979614257812e-03
3.993939146557460851e-01 -1.668009161949157715e-02 -1.664862036705017090e-02 -1.665660738945007324e-02 -1.665005087852478027e-02 -1.663312315940856934e-02 -1.665553450584411621e-02 -1.662313938140869141e-02 -1.663368940353393555e-02 -1.662436127662658691e-02 -1.661404967308044434e-02
4.058466766411339965e-01 5.402058362960815430e-03 5.282521247863769531e-03 5.323141813278198242e-03 5.428314208984375000e-03 5.367815494537353516e-03 5.313754081726074219e-03 5.324155092239379883e-03 5.349010229110717773e-03 5.386948585510253906e-03 5.317479372024536133e-03
4.122994386265219080e-01 1.363077759742736816e-02 1.366835832595825195e-02 1.365655660629272461e-02 1.358562707901000977e-02 1.361516118049621582e-02 1.363286375999450684e-02 1.365634799003601074e-02 1.362255215644836426e-02 1.357376575469970703e-02 1.360061764717102051e-02
4.187522006119098195e-01 -1.302525401115417480e-02 -1.296696066856384277e-02 -1.295936107635498047e-02 -1.301020383834838867e-02 -1.296922564506530762e-02 -1.298570632934570312e-02 -1.295965909957885742e-02 -1.297944784164428711e-02 -1.299405097961425781e-02 -1.294925808906555176e-02
4.252049625972976754e-01 -5.263864994049072266e-03 -5.362540483474731445e-03 -5.304545164108276367e-03 -5.258858203887939453e-03 -5.288779735565185547e-03 -5.328744649887084961e-03 -5.316168069839477539e-03 -5.299061536788940430e-03 -5.278319120407104492e-03 -5.317509174346923828e-03
4.316577245826856424e-01 1.505371928215026855e-02 1.506930589675903320e-02 1.507824659347534180e-02 1.506689190864562988e-02 1.505053043365478516e-02 1.507356762886047363e-02 1.504683494567871094e-02 1.503607630729675293e-02 1.503598690032958984e-02 1.502838730812072754e-02
4.381104865680734983e-01 -4.945099353790283203e-03 -4.839092493057250977e-03 -4.861116409301757812e-03 -4.971683025360107422e-03 -4.895687103271484375e-03 -4.853397607803344727e-03 -4.886776208877563477e-03 -4.865467548370361328e-03 -4.926890134811401367e-03 -4.873573780059814453e-03
4.445632485534614098e-01 -1.148048043251037598e-02 -1.150906085968017578e-02 -1.148253679275512695e-02 -1.142489910125732422e-02 -1.148420572280883789e-02 -1.144286990165710449e-02 -1.144894957542419434e-02 -1.145210862159729004e-02 -1.143729686737060547e-02 -1.143857836723327637e-02
4.510160105388493212e-01 1.112633943557739258e-02 1.109933853149414062e-02 1.108536124229431152e-02 1.112481951713562012e-02 1.108101010322570801e-02 1.106342673301696777e-02 1.110482215881347656e-02 1.109880208969116211e-02 1.112258434295654297e-02 1.107078790664672852e-02
4.574687725242372327e-01 2.210795879364013672e-03 2.306491136550903320e-03 2.306163311004638672e-03 2.189934253692626953e-03 2.217411994934082031e-03 2.281099557876586914e-03 2.285063266754150391e-03 2.264529466629028320e-03 2.180188894271850586e-03 2.300649881362915039e-03
4.639215345096251442e-01 -1.224181056022644043e-02 -1.225563883781433105e-02 -1.224225759506225586e-02 -1.225483417510986328e-02 -1.223000884056091309e-02 -1.223766803741455078e-02 -1.224356889724731445e-02 -1.221343874931335449e-02 -1.221933960914611816e-02 -1.221308112144470215e-02
4.703742964950130556e-01 2.900779247283935547e-03 2.821207046508789062e-03 2.834349870681762695e-03 2.929806709289550781e-03 2.877593040466308594e-03 2.871036529541015625e-03 2.871364355087280273e-03 2.857893705368041992e-03 2.899467945098876953e-03 2.889931201934814453e-03
4.768270584804009671e-01 9.681433439254760742e-03 9.740740060806274414e-03 9.696096181869506836e-03 9.671360254287719727e-03 9.660542011260986328e-03 9.702950716018676758e-03 9.653985500335693359e-03 9.673207998275756836e-03 9.656906127929687500e-03 9.631574153900146484e-03
4.832798204657888230e-01 -8.572161197662353516e-03 -8.523672819137573242e-03 -8.536189794540405273e-03 -8.589446544647216797e-03 -8.559644222259521484e-03 -8.514195680618286133e-03 -8.542686700820922852e-03 -8.542627096176147461e-03 -8.560210466384887695e-03 -8.512288331985473633e-03
4.897325824511767345e-01 -5.325198173522949219e-03 -5.352675914764404297e-03 -5.340427160263061523e-03 -5.296796560287475586e-03 -5.343526601791381836e-03 -5.345374345779418945e-03 -5.346477031707763672e-03 -5.335956811904907227e-03 -5.292117595672607422e-03 -5.336850881576538086e-03
4.961853444365646459e-01 1.038011908531188965e-02 1.037812232971191406e-02 1.034560799598693848e-02 1.036924123764038086e-02 1.035916805267333984e-02 1.036560535430908203e-02 1.035970449447631836e-02 1.036933064460754395e-02 1.035904884338378906e-02 1.035943627357482910e-02
5.026381064219525019e-01 -1.079201698303222656e-03 -1.032292842864990234e-03 -1.067548990249633789e-03 -1.102447509765625000e-03 -1.075625419616699219e-03 -1.083076000213623047e-03 -1.050442457199096680e-03 -1.065522432327270508e-03 -1.089811325073242188e-03 -1.074790954589843750e-03
5.090908684073405244e-01 -9.056031703948974609e-03 -9.089291095733642578e-03 -9.087324142456054688e-03 -9.061247110366821289e-03 -9.066075086593627930e-03 -9.073525667190551758e-03 -9.062737226486206055e-03 -9.056061506271362305e-03 -9.029209613800048828e-03 -9.053319692611694336e-03
5.155436303927283248e-01 6.936907768249511719e-03 6.888508796691894531e-03 6.877601146697998047e-03 6.918549537658691406e-03 6.901949644088745117e-03 6.889492273330688477e-03 6.893485784530639648e-03 6.891459226608276367e-03 6.893545389175415039e-03 6.883978843688964844e-03
5.219963923781163473e-01 4.777252674102783203e-03 4.780650138854980469e-03 4.753053188323974609e-03 4.693031311035156250e-03 4.766345024108886719e-03 4.752993583679199219e-03 4.742532968521118164e-03 4.783421754837036133e-03 4.728704690933227539e-03 4.727602005004882812e-03
5.284491543635041477e-01 -9.482622146606445312e-03 -9.497880935668945312e-03 -9.472131729125976562e-03 -9.481012821197509766e-03 -9.468674659729003906e-03 -9.466856718063354492e-03 -9.484410285949707031e-03 -9.463369846343994141e-03 -9.476691484451293945e-03 -9.471684694290161133e-03
5.349019163488920592e-01 2.807229757308959961e-03 2.732664346694946289e-03 2.746731042861938477e-03 2.821415662765502930e-03 2.776622772216796875e-03 2.735704183578491211e-03 2.746969461441040039e-03 2.748072147369384766e-03 2.818554639816284180e-03 2.736300230026245117e-03
5.413546783342799706e-01 7.444560527801513672e-03 7.491677999496459961e-03 7.485359907150268555e-03 7.444858551025390625e-03 7.445454597473144531e-03 7.474392652511596680e-03 7.487803697586059570e-03 7.459312677383422852e-03 7.445871829986572266e-03 7.462829351425170898e-03
5.478074403196678821e-01 -5.719155073165893555e-03 -5.681395530700683594e-03 -5.690276622772216797e-03 -5.737245082855224609e-03 -5.691945552825927734e-03 -5.678474903106689453e-03 -5.696713924407958984e-03 -5.652844905853271484e-03 -5.689948797225952148e-03 -5.683511495590209961e-03
5.542602023050557936e-01 -3.502994775772094727e-03 -3.543943166732788086e-03 -3.534108400344848633e-03 -3.478169441223144531e-03 -3.495365381240844727e-03 -3.521174192428588867e-03 -3.490060567855834961e-03 -3.522425889968872070e-03 -3.478556871414184570e-03 -3.466635942459106445e-03
5.607129642904437050e-01 7.705688476562500000e-03 7.686972618103027344e-03 7.704794406890869141e-03 7.704377174377441406e-03 7.714867591857910156e-03 7.662802934646606445e-03 7.716059684753417969e-03 7.694572210311889648e-03 7.712006568908691406e-03 7.686674594879150391e-03
5.671657262758316165e-01 -3.694295883178710938e-04 -3.525912761688232422e-04 -3.686547279357910156e-04 -4.213750362396240234e-04 -3.663599491119384766e-04 -3.661215305328369141e-04 -3.706216812133789062e-04 -3.520846366882324219e-04 -3.925263881683349609e-04 -3.707110881805419922e-04
5.736184882612194169e-01 -6.204217672348022461e-03 -6.231158971786499023e-03 -6.227105855941772461e-03 -6.199002265930175781e-03 -6.197214126586914062e-03 -6.213933229446411133e-03 -6.208002567291259766e-03 -6.217479705810546875e-03 -6.176233291625976562e-03 -6.205379962921142578e-03
5.800712502466074394e-01 4.378139972686767578e-03 4.347950220108032227e-03 4.374086856842041016e-03 4.398852586746215820e-03 4.368513822555541992e-03 4.371911287307739258e-03 4.358053207397460938e-03 4.350304603576660156e-03 4.375070333480834961e-03 4.367023706436157227e-03
5.865240122319952398e-01 3.483444452285766602e-03 3.524154424667358398e-03 3.507167100906372070e-03 3.483802080154418945e-03 3.536254167556762695e-03 3.503501415252685547e-03 3.503262996673583984e-03 3.513693809509277344e-03 3.447055816650390625e-03 3.508746623992919922e-03
5.929767742173832623e-01 -6.535410881042480469e-03 -6.532341241836547852e-03 -6.508827209472656250e-03 -6.529152393341064453e-03 -6.526648998260498047e-03 -6.528288125991821289e-03 -6.524533033370971680e-03 -6.519347429275512695e-03 -6.510376930236816406e-03 -6.509453058242797852e-03
5.994295362027710627e-01 4.449784755706787109e-04 4.351735115051269531e-04 4.429519176483154297e-04 4.938840866088867188e-04 4.289150238037109375e-04 4.561841487884521484e-04 4.642903804779052734e-04 4.335343837738037109e-04 4.621446132659912109e-04 4.484951496124267578e-04
6.058822981881590852e-01 5.917578935623168945e-03 5.951881408691406250e-03 5.959689617156982422e-03 5.906343460083007812e-03 5.918562412261962891e-03 5.912899971008300781e-03 5.922704935073852539e-03 5.924493074417114258e-03 5.898863077163696289e-03 5.927175283432006836e-03
6.123350601735468857e-01 -4.654854536056518555e-03 -4.612922668457031250e-03 -4.638135433197021484e-03 -4.659086465835571289e-03 -4.651129245758056641e-03 -4.626452922821044922e-03 -4.622220993041992188e-03 -4.615753889083862305e-03 -4.652708768844604492e-03 -4.621714353561401367e-03
6.187878221589347971e-01 -2.708256244659423828e-03 -2.761214971542358398e-03 -2.718538045883178711e-03 -2.692699432373046875e-03 -2.716660499572753906e-03 -2.733707427978515625e-03 -2.752661705017089844e-03 -2.724319696426391602e-03 -2.708077430725097656e-03 -2.734452486038208008e-03
6.252405841443227086e-01 5.313813686370849609e-03 5.317091941833496094e-03 5.296021699905395508e-03 5.312144756317138672e-03 5.308628082275390625e-03 5.286067724227905273e-03 5.301445722579956055e-03 5.273848772048950195e-03 5.293160676956176758e-03 5.293965339660644531e-03
6.316933461297106200e-01 -4.973709583282470703e-04 -4.494786262512207031e-04 -4.804730415344238281e-04 -5.217194557189941406e-04 -4.905462265014648438e-04 -4.906356334686279297e-04 -4.740953445434570312e-04 -4.877448081970214844e-04 -4.830658435821533203e-04 -5.042552947998046875e-04
6.381461081150985315e-01 -4.958570003509521484e-03 -4.952996969223022461e-03 -4.967659711837768555e-03 -4.955738782882690430e-03 -4.971265792846679688e-03 -4.959374666213989258e-03 -4.971653223037719727e-03 -4.959642887115478516e-03 -4.968404769897460938e-03 -4.955440759658813477e-03
6.445988701004864430e-01 2.856045961380004883e-03 2.820432186126708984e-03 2.856224775314331055e-03 2.885013818740844727e-03 2.843737602233886719e-03 2.846151590347290039e-03 2.843290567398071289e-03 2.826839685440063477e-03 2.856314182281494141e-03 2.828836441040039062e-03
6.510516320858743544e-01 2.295225858688354492e-03 2.337664365768432617e-03 2.323448657989501953e-03 2.293765544891357422e-03 2.303510904312133789e-03 2.330154180526733398e-03 2.324640750885009766e-03 2.334386110305786133e-03 2.300053834915161133e-03 2.314835786819458008e-03
6.575043940712622659e-01 -4.410117864608764648e-03 -4.402607679367065430e-03 -4.415363073348999023e-03 -4.418164491653442383e-03 -4.417896270751953125e-03 -4.424691200256347656e-03 -4.402935504913330078e-03 -4.402726888656616211e-03 -4.416406154632568359e-03 -4.404872655868530273e-03
6.639571560566501773e-01 2.107620239257812500e-04 1.774430274963378906e-04 1.972615718841552734e-04 2.284646034240722656e-04 2.131462097167968750e-04 1.856386661529541016e-04 2.040266990661621094e-04 1.993179321289062500e-04 2.068877220153808594e-04 1.843869686126708984e-04
6.704099180420379778e-01 3.975540399551391602e-03 3.963828086853027344e-03 3.965735435485839844e-03 3.959596157073974609e-03 3.961950540542602539e-03 3.962993621826171875e-03 3.956496715545654297e-03 3.967404365539550781e-03 3.961205482482910156e-03 3.966093063354492188e-03
6.768626800274260003e-01 -2.460747957229614258e-03 -2.431243658065795898e-03 -2.434372901916503906e-03 -2.460390329360961914e-03 -2.438753843307495117e-03 -2.437323331832885742e-03 -2.444624900817871094e-03 -2.442777156829833984e-03 -2.440363168716430664e-03 -2.435207366943359375e-03
6.833154420128139117e-01 -2.091497182846069336e-03 -2.115398645401000977e-03 -2.121239900588989258e-03 -2.091348171234130859e-03 -2.087801694869995117e-03 -2.108842134475708008e-03 -2.097219228744506836e-03 -2.112179994583129883e-03 -2.066552639007568359e-03 -2.101898193359375000e-03
6.897682039982017121e-01 3.532588481903076172e-03 3.522992134094238281e-03 3.522038459777832031e-03 3.527671098709106445e-03 3.524214029312133789e-03 3.510147333145141602e-03 3.516703844070434570e-03 3.506153821945190430e-03 3.523766994476318359e-03 3.522455692291259766e-03
6.962209659835896236e-01 -2.551972866058349609e-04 -2.330541610717773438e-04 -2.379417419433593750e-04 -2.615153789520263672e-04 -2.484321594238281250e-04 -2.546310424804687500e-04 -2.286136150360107422e-04 -2.349615097045898438e-04 -2.420246601104736328e-04 -2.261698246002197266e-04
7.026737279689775351e-01 -2.891480922698974609e-03 -2.908170223236083984e-03 -2.910047769546508789e-03 -2.883195877075195312e-03 -2.885073423385620117e-03 -2.893120050430297852e-03 -2.892673015594482422e-03 -2.882689237594604492e-03 -2.882689237594604492e-03 -2.888113260269165039e-03
7.091264899543654465e-01 1.673787832260131836e-03 1.657992601394653320e-03 1.644700765609741211e-03 1.680940389633178711e-03 1.651585102081298828e-03 1.666545867919921875e-03 1.660883426666259766e-03 1.663804054260253906e-03 1.651912927627563477e-03 1.663237810134887695e-03
7.155792519397533580e-01 1.856863498687744141e-03 1.873463392257690430e-03 1.869767904281616211e-03 1.866400241851806641e-03 1.864433288574218750e-03 1.867234706878662109e-03 1.864582300186157227e-03 1.879334449768066406e-03 1.872867345809936523e-03 1.865923404693603516e-03
7.220320139251412694e-01 -2.425789833068847656e-03 -2.422630786895751953e-03 -2.440243959426879883e-03 -2.443671226501464844e-03 -2.424299716949462891e-03 -2.434223890304565430e-03 -2.439618110656738281e-03 -2.402216196060180664e-03 -2.417176961898803711e-03 -2.415686845779418945e-03
7.284847759105291809e-01 -2.261698246002197266e-04 -2.295970916748046875e-04 -2.221465110778808594e-04 -2.212822437286376953e-04 -2.212822437286376953e-04 -2.328753471374511719e-04 -2.415180206298828125e-04 -2.319216728210449219e-04 -2.191364765167236328e-04 -2.356171607971191406e-04
7.349375378959170924e-01 2.591699361801147461e-03 2.584040164947509766e-03 2.587437629699707031e-03 2.581655979156494141e-03 2.580642700195312500e-03 2.590686082839965820e-03 2.588272094726562500e-03 2.588689327239990234e-03 2.592146396636962891e-03 2.595096826553344727e-03
7.413902998813050038e-01 -1.068562269210815430e-03 -1.043558120727539062e-03 -1.046180725097656250e-03 -1.064747571945190430e-03 -1.056343317031860352e-03 -1.048296689987182617e-03 -1.042217016220092773e-03 -1.048177480697631836e-03 -1.046985387802124023e-03 -1.043081283569335938e-03
7.478430618666929153e-01 -2.040565013885498047e-03 -2.037703990936279297e-03 -2.037972211837768555e-03 -2.040237188339233398e-03 -2.052366733551025391e-03 -2.038657665252685547e-03 -2.051591873168945312e-03 -2.055644989013671875e-03 -2.042025327682495117e-03 -2.052247524261474609e-03
7.542958238520808267e-01 1.992553472518920898e-03 1.983165740966796875e-03 1.970291137695312500e-03 2.000898122787475586e-03 1.969069242477416992e-03 1.991987228393554688e-03 1.986533403396606445e-03 1.980304718017578125e-03 1.977443695068359375e-03 1.981735229492187500e-03
7.607485858374687382e-01 6.397664546966552734e-04 6.655752658843994141e-04 6.639957427978515625e-04 6.350874900817871094e-04 6.558597087860107422e-04 6.574392318725585938e-04 6.430447101593017578e-04 6.573796272277832031e-04 6.407201290130615234e-04 6.655454635620117188e-04
7.672013478228566496e-01 -2.314776182174682617e-03 -2.302646636962890625e-03 -2.307146787643432617e-03 -2.294331789016723633e-03 -2.287268638610839844e-03 -2.290189266204833984e-03 -2.290576696395874023e-03 -2.295404672622680664e-03 -2.299338579177856445e-03 -2.301514148712158203e-03
7.736541098082445611e-01 1.109898090362548828e-03 1.104265451431274414e-03 1.090615987777709961e-03 1.107156276702880859e-03 1.091688871383666992e-03 1.098990440368652344e-03 1.095682382583618164e-03 1.086086034774780273e-03 1.094341278076171875e-03 1.084625720977783203e-03
7.801068717936323615e-01 1.890957355499267578e-03 1.916438341140747070e-03 1.909255981445312500e-03 1.887530088424682617e-03 1.891732215881347656e-03 1.900255680084228516e-03 1.899063587188720703e-03 1.875609159469604492e-03 1.892089843750000000e-03 1.890927553176879883e-03
7.865596337790202730e-01 -1.500666141510009766e-03 -1.486241817474365234e-03 -1.476168632507324219e-03 -1.488208770751953125e-03 -1.492083072662353516e-03 -1.521170139312744141e-03 -1.496672630310058594e-03 -1.503586769104003906e-03 -1.497238874435424805e-03 -1.512318849563598633e-03
7.930123957644081845e-01 -4.319250583648681641e-04 -4.519820213317871094e-04 -4.547536373138427734e-04 -4.334449768066406250e-04 -4.398226737976074219e-04 -4.462897777557373047e-04 -4.383921623229980469e-04 -4.379153251647949219e-04 -4.323720932006835938e-04 -4.509985446929931641e-04
7.994651577497960959e-01 1.848250627517700195e-03 1.831799745559692383e-03 1.861900091171264648e-03 1.859188079833984375e-03 1.855969429016113281e-03 1.860976219177246094e-03 1.863270998001098633e-03 1.843452453613281250e-03 1.863688230514526367e-03 1.851201057434082031e-03
8.059179197351840074e-01 -7.000863552093505859e-04 -6.932020187377929688e-04 -6.910860538482666016e-04 -6.930828094482421875e-04 -7.060766220092773438e-04 -6.863176822662353516e-04 -6.973445415496826172e-04 -7.022321224212646484e-04 -7.160604000091552734e-04 -6.886124610900878906e-04
8.123706817205719188e-01 -1.927405595779418945e-03 -1.946657896041870117e-03 -1.956880092620849609e-03 -1.946955919265747070e-03 -1.946866512298583984e-03 -1.952916383743286133e-03 -1.952558755874633789e-03 -1.962065696716308594e-03 -1.939088106155395508e-03 -1.955032348632812500e-03
8.188234437059598303e-01 1.651853322982788086e-03 1.621931791305541992e-03 1.644790172576904297e-03 1.667559146881103516e-03 1.649945974349975586e-03 1.658737659454345703e-03 1.653313636779785156e-03 1.643449068069458008e-03 1.632243394851684570e-03 1.655399799346923828e-03
8.252762056913477418e-01 8.071660995483398438e-04 8.286237716674804688e-04 8.017420768737792969e-04 7.993578910827636719e-04 8.225142955780029297e-04 8.293986320495605469e-04 8.272528648376464844e-04 8.279085159301757812e-04 8.207857608795166016e-04 8.238852024078369141e-04
8.317289676767356532e-01 -2.441883087158203125e-03 -2.406507730484008789e-03 -2.410411834716796875e-03 -2.423465251922607422e-03 -2.409845590591430664e-03 -2.435088157653808594e-03 -2.414882183074951172e-03 -2.430915832519531250e-03 -2.449631690979003906e-03 -2.418875694274902344e-03
8.381817296621235647e-01 7.401108741760253906e-04 7.184445858001708984e-04 7.332265377044677734e-04 7.419884204864501953e-04 7.348358631134033203e-04 7.198750972747802734e-04 7.199048995971679688e-04 7.360577583312988281e-04 7.376968860626220703e-04 7.085204124450683594e-04
8.446344916475114761e-01 1.933306455612182617e-03 1.938253641128540039e-03 1.940876245498657227e-03 1.925170421600341797e-03 1.915901899337768555e-03 1.924455165863037109e-03 1.936465501785278320e-03 1.919329166412353516e-03 1.917809247970581055e-03 1.921176910400390625e-03
8.510872536328993876e-01 -1.764088869094848633e-03 -1.754790544509887695e-03 -1.748323440551757812e-03 -1.756399869918823242e-03 -1.767247915267944336e-03 -1.755148172378540039e-03 -1.755595207214355469e-03 -1.739621162414550781e-03 -1.759946346282958984e-03 -1.739978790283203125e-03
8.575400156182872990e-01 -9.388029575347900391e-04 -9.500980377197265625e-04 -9.592175483703613281e-04 -9.298920631408691406e-04 -9.340941905975341797e-04 -9.329020977020263672e-04 -9.431242942810058594e-04 -9.358823299407958984e-04 -9.374916553497314453e-04 -9.415745735168457031e-04
8.639927776036752105e-01 2.090215682983398438e-03 2.080857753753662109e-03 2.097517251968383789e-03 2.092808485031127930e-03 2.088785171508789062e-03 2.094268798828125000e-03 2.082377672195434570e-03 2.092599868774414062e-03 2.078294754028320312e-03 2.077341079711914062e-03
8.704455395890630109e-01 -8.682608604431152344e-04 -8.522868156433105469e-04 -8.611679077148437500e-04 -8.841454982757568359e-04 -8.690655231475830078e-04 -8.742809295654296875e-04 -8.796751499176025391e-04 -8.702576160430908203e-04 -8.708536624908447266e-04 -8.678436279296875000e-04
8.768983015744509224e-01 -1.919269561767578125e-03 -1.900404691696166992e-03 -1.923501491546630859e-03 -1.924812793731689453e-03 -1.933038234710693359e-03 -1.926004886627197266e-03 -1.930445432662963867e-03 -1.920342445373535156e-03 -1.916855573654174805e-03 -1.924693584442138672e-03
8.833510635598388339e-01 2.320289611816406250e-03 2.314478158950805664e-03 2.301514148712158203e-03 2.319008111953735352e-03 2.302885055541992188e-03 2.311825752258300781e-03 2.313256263732910156e-03 2.320796251296997070e-03 2.328395843505859375e-03 2.307713031768798828e-03
8.898038255452267453e-01 4.712045192718505859e-04 4.881620407104492188e-04 4.872679710388183594e-04 4.824101924896240234e-04 4.865229129791259766e-04 4.855096340179443359e-04 4.912614822387695312e-04 4.864335060119628906e-04 4.791021347045898438e-04 4.731118679046630859e-04
8.962565875306146568e-01 -3.024727106094360352e-03 -3.011167049407958984e-03 -3.016710281372070312e-03 -3.032296895980834961e-03 -3.033995628356933594e-03 -3.017634153366088867e-03 -3.021597862243652344e-03 -3.002941608428955078e-03 -2.987354993820190430e-03 -3.007531166076660156e-03
9.027093495160025682e-01 2.272874116897583008e-03 2.247065305709838867e-03 2.258092164993286133e-03 2.278000116348266602e-03 2.258807420730590820e-03 2.258896827697753906e-03 2.250939607620239258e-03 2.241790294647216797e-03 2.261579036712646484e-03 2.260684967041015625e-03
9.091621115013904797e-01 1.272141933441162109e-03 1.266360282897949219e-03 1.251637935638427734e-03 1.225560903549194336e-03 1.256287097930908203e-03 1.249611377716064453e-03 1.242339611053466797e-03 1.260191202163696289e-03 1.235187053680419922e-03 1.242667436599731445e-03
9.156148734867783912e-01 -3.530740737915039062e-03 -3.555953502655029297e-03 -3.544658422470092773e-03 -3.534793853759765625e-03 -3.526866436004638672e-03 -3.514021635055541992e-03 -3.524333238601684570e-03 -3.513574600219726562e-03 -3.517538309097290039e-03 -3.502607345581054688e-03
9.220676354721663026e-01 2.745479345321655273e-03 2.749145030975341797e-03 2.758175134658813477e-03 2.769827842712402344e-03 2.755433320999145508e-03 2.741575241088867188e-03 2.733707427978515625e-03 2.743244171142578125e-03 2.774536609649658203e-03 2.744138240814208984e-03
9.285203974575542141e-01 1.001417636871337891e-03 1.031041145324707031e-03 1.005470752716064453e-03 9.895265102386474609e-04 9.995698928833007812e-04 1.006126403808593750e-03 1.010179519653320312e-03 1.004695892333984375e-03 9.934604167938232422e-04 1.004725694656372070e-03
9.349731594429421255e-01 -3.549039363861083984e-03 -3.568887710571289062e-03 -3.562599420547485352e-03 -3.553658723831176758e-03 -3.542780876159667969e-03 -3.535509109497070312e-03 -3.545910120010375977e-03 -3.534793853759765625e-03 -3.536850214004516602e-03 -3.531038761138916016e-03
9.414259214283300370e-01 2.549052238464355469e-03 2.523183822631835938e-03 2.552688121795654297e-03 2.573311328887939453e-03 2.544075250625610352e-03 2.561986446380615234e-03 2.547174692153930664e-03 2.559542655944824219e-03 2.556502819061279297e-03 2.551108598709106445e-03
9.478786834137179484e-01 1.254081726074218750e-03 1.239478588104248047e-03 1.240879297256469727e-03 1.212686300277709961e-03 1.240909099578857422e-03 1.236885786056518555e-03 1.245111227035522461e-03 1.239210367202758789e-03 1.227498054504394531e-03 1.246601343154907227e-03
9.543314453991058599e-01 -3.937512636184692383e-03 -3.940969705581665039e-03 -3.949522972106933594e-03 -3.954321146011352539e-03 -3.947973251342773438e-03 -3.948152065277099609e-03 -3.947466611862182617e-03 -3.933012485504150391e-03 -3.948926925659179688e-03 -3.948032855987548828e-03
9.607842073844936603e-01 2.884089946746826172e-03 2.869307994842529297e-03 2.870798110961914062e-03 2.891778945922851562e-03 2.882480621337890625e-03 2.873897552490234375e-03 2.885222434997558594e-03 2.892285585403442383e-03 2.886116504669189453e-03 2.861529588699340820e-03
9.672369693698815718e-01 1.093953847885131836e-03 1.112818717956542969e-03 1.095086336135864258e-03 1.076191663742065430e-03 1.102954149246215820e-03 1.088231801986694336e-03 1.107424497604370117e-03 1.101791858673095703e-03 1.078784465789794922e-03 1.094818115234375000e-03
9.736897313552694833e-01 -4.006296396255493164e-03 -3.983736038208007812e-03 -3.992348909378051758e-03 -4.006206989288330078e-03 -4.024118185043334961e-03 -4.000216722488403320e-03 -4.014670848846435547e-03 -4.010051488876342773e-03 -3.979206085205078125e-03 -4.006236791610717773e-03
9.801424933406573947e-01 3.493100404739379883e-03 3.461211919784545898e-03 3.476887941360473633e-03 3.520190715789794922e-03 3.501623868942260742e-03 3.476113080978393555e-03 3.492414951324462891e-03 3.496825695037841797e-03 3.507584333419799805e-03 3.491073846817016602e-03
9.865952553260453062e-01 7.250308990478515625e-04 7.451772689819335938e-04 7.162690162658691406e-04 6.788969039916992188e-04 7.298290729522705078e-04 7.267892360687255859e-04 7.263123989105224609e-04 7.326304912567138672e-04 7.041394710540771484e-04 7.270872592926025391e-04
9.930480173114332176e-01 -4.110634326934814453e-03 -4.130512475967407227e-03 -4.117727279663085938e-03 -4.108965396881103516e-03 -4.112780094146728516e-03 -4.111438989639282227e-03 -4.111021757125854492e-03 -4.129707813262939453e-03 -4.095733165740966797e-03 -4.121214151382446289e-03
9.995007792968211291e-01 3.927469253540039062e-03 3.906250000000000000e-03 3.906846046447753906e-03 3.922581672668457031e-03 3.914952278137207031e-03 3.892242908477783203e-03 3.909856081008911133e-03 3.896683454513549805e-03 3.937661647796630859e-03 3.908753395080566406e-03
1.005953541282209152e+00 1.505911350250244141e-04 1.907944679260253906e-04 1.747310161590576172e-04 1.340806484222412109e-04 1.732409000396728516e-04 1.704394817352294922e-04 1.605451107025146484e-04 1.789033412933349609e-04 1.412034034729003906e-04 1.686811447143554688e-04
1.012406303267596952e+00 -3.454923629760742188e-03 -3.462731838226318359e-03 -3.467053174972534180e-03 -3.438889980316162109e-03 -3.454744815826416016e-03 -3.453910350799560547e-03 -3.450363874435424805e-03 -3.440827131271362305e-03 -3.433704376220703125e-03 -3.455519676208496094e-03
1.018859065252984752e+00 3.021448850631713867e-03 3.001183271408081055e-03 3.021597862243652344e-03 3.022104501724243164e-03 3.028899431228637695e-03 3.012716770172119141e-03 3.012657165527343750e-03 3.025650978088378906e-03 3.013938665390014648e-03 3.028988838195800781e-03
1.025311827238372775e+00 2.323985099792480469e-04 2.493858337402343750e-04 2.435743808746337891e-04 2.106130123138427734e-04 2.343058586120605469e-04 2.560317516326904297e-04 2.402961254119873047e-04 2.402961254119873047e-04 2.278387546539306641e-04 2.490580081939697266e-04
1.031764589223760797e+00 -2.871632575988769531e-03 -2.856612205505371094e-03 -2.866834402084350586e-03 -2.874463796615600586e-03 -2.879530191421508789e-03 -2.873301506042480469e-03 -2.865433692932128906e-03 -2.867788076400756836e-03 -2.878844738006591797e-03 -2.888023853302001953e-03
1.038217351209148598e+00 2.151817083358764648e-03 2.135068178176879883e-03 2.131938934326171875e-03 2.144038677215576172e-03 2.145498991012573242e-03 2.126425504684448242e-03 2.154588699340820312e-03 2.152591943740844727e-03 2.149194478988647461e-03 2.137273550033569336e-03
1.044670113194536398e+00 9.363591670989990234e-04 9.593367576599121094e-04 9.580254554748535156e-04 9.421110153198242188e-04 9.416341781616210938e-04 9.450912475585937500e-04 9.430944919586181641e-04 9.436607360839843750e-04 9.318292140960693359e-04 9.573400020599365234e-04
1.051122875179924421e+00 -2.187073230743408203e-03 -2.154529094696044922e-03 -2.170592546463012695e-03 -2.197384834289550781e-03 -2.201020717620849609e-03 -2.181708812713623047e-03 -2.187758684158325195e-03 -2.183318138122558594e-03 -2.162337303161621094e-03 -2.188354730606079102e-03
1.057575637165312221e+00 7.333755493164062500e-04 7.151663303375244141e-04 7.364153861999511719e-04 7.480680942535400391e-04 7.345080375671386719e-04 7.302463054656982422e-04 7.383525371551513672e-04 7.267892360687255859e-04 7.483661174774169922e-04 7.408261299133300781e-04
1.064028399150700022e+00 8.111298084259033203e-04 8.202791213989257812e-04 8.131265640258789062e-04 8.101463317871093750e-04 8.068978786468505859e-04 8.082091808319091797e-04 8.174180984497070312e-04 8.068084716796875000e-04 8.080303668975830078e-04 8.056163787841796875e-04
1.070481161136088044e+00 -1.188695430755615234e-03 -1.182764768600463867e-03 -1.198947429656982422e-03 -1.183032989501953125e-03 -1.192957162857055664e-03 -1.186847686767578125e-03 -1.195460557937622070e-03 -1.191616058349609375e-03 -1.179158687591552734e-03 -1.187652349472045898e-03
1.076933923121476067e+00 4.913508892059326172e-04 4.917681217193603516e-04 4.828572273254394531e-04 4.839599132537841797e-04 4.907846450805664062e-04 4.868507385253906250e-04 4.712939262390136719e-04 4.852712154388427734e-04 5.105733871459960938e-04 4.858076572418212891e-04
1.083386685106863867e+00 4.856288433074951172e-04 4.986524581909179688e-04 4.965662956237792969e-04 4.948675632476806641e-04 4.867911338806152344e-04 4.833936691284179688e-04 4.721283912658691406e-04 4.889369010925292969e-04 4.749298095703125000e-04 4.802644252777099609e-04
1.089839447092251667e+00 -5.558729171752929688e-04 -5.642473697662353516e-04 -5.623698234558105469e-04 -5.475878715515136719e-04 -5.579590797424316406e-04 -5.573332309722900391e-04 -5.587339401245117188e-04 -5.433857440948486328e-04 -5.639493465423583984e-04 -5.497634410858154297e-04
1.096292209077639690e+00 -1.891553401947021484e-04 -1.918375492095947266e-04 -2.032518386840820312e-04 -1.904964447021484375e-04 -1.985132694244384766e-04 -1.833140850067138672e-04 -1.744329929351806641e-04 -1.890063285827636719e-04 -1.882016658782958984e-04 -1.870095729827880859e-04
1.102744971063027712e+00 -1.103579998016357422e-04 -1.085996627807617188e-04 -1.086592674255371094e-04 -1.190304756164550781e-04 -1.173615455627441406e-04 -1.184642314910888672e-04 -1.072585582733154297e-04 -1.181066036224365234e-04 -1.156628131866455078e-04 -1.106858253479003906e-04
1.109197733048415513e+00 3.957450389862060547e-04 3.784894943237304688e-04 3.926157951354980469e-04 4.025399684906005859e-04 4.007220268249511719e-04 3.915131092071533203e-04 3.877580165863037109e-04 4.038512706756591797e-04 4.100501537322998047e-04 3.874897956848144531e-04
1.115650495033803313e+00 -8.421242237091064453e-04 -8.412897586822509766e-04 -8.459091186523437500e-04 -8.637309074401855469e-04 -8.375942707061767578e-04 -8.509457111358642578e-04 -8.708834648132324219e-04 -8.617639541625976562e-04 -8.572340011596679688e-04 -8.645653724670410156e-04
1.122103257019191336e+00 -3.770291805267333984e-04 -3.757476806640625000e-04 -3.613829612731933594e-04 -3.787279129028320312e-04 -3.868043422698974609e-04 -4.379451274871826172e-04 -4.136860370635986328e-04 -4.267394542694091797e-04 -4.399716854095458984e-04 -4.439353942871093750e-04
1.128556019004579358e+00 8.291602134704589844e-04 8.230209350585937500e-04 8.212924003601074219e-04 8.397102355957031250e-04 8.386373519897460938e-04 8.308887481689453125e-04 8.296966552734375000e-04 8.318126201629638672e-04 8.252561092376708984e-04 8.203089237213134766e-04
1.135008780989967159e+00 -7.200539112091064453e-04 -7.242858409881591797e-04 -7.106363773345947266e-04 -7.264316082000732422e-04 -7.259845733642578125e-04 -7.338821887969970703e-04 -7.385015487670898438e-04 -7.221996784210205078e-04 -7.321834564208984375e-04 -7.223188877105712891e-04
1.141461542975354959e+00 -7.093548774719238281e-04 -6.957054138183593750e-04 -6.871819496154785156e-04 -6.894171237945556641e-04 -6.911158561706542969e-04 -6.954073905944824219e-04 -6.836950778961181641e-04 -6.962716579437255859e-04 -6.969869136810302734e-04 -6.936788558959960938e-04
1.147914304960742982e+00 1.189172267913818359e-03 1.183688640594482422e-03 1.183092594146728516e-03 1.169979572296142578e-03 1.170903444290161133e-03 1.174390316009521484e-03 1.177936792373657227e-03 1.198261976242065430e-03 1.172631978988647461e-03 1.170963048934936523e-03
1.154367066946130782e+00 -1.497864723205566406e-04 -1.468956470489501953e-04 -1.511275768280029297e-04 -1.686513423919677734e-04 -1.686215400695800781e-04 -1.515150070190429688e-04 -1.562237739562988281e-04 -1.591742038726806641e-04 -1.710653305053710938e-04 -1.598894596099853516e-04
1.160819828931518582e+00 -8.614957332611083984e-04 -8.641481399536132812e-04 -8.540451526641845703e-04 -8.567273616790771484e-04 -8.570551872253417969e-04 -8.506774902343750000e-04 -8.692741394042968750e-04 -8.661150932312011719e-04 -8.687078952789306641e-04 -8.592009544372558594e-04
1.167272590916906605e+00 7.665753364562988281e-04 7.654726505279541016e-04 7.584095001220703125e-04 7.622539997100830078e-04 7.682442665100097656e-04 7.739663124084472656e-04 7.705092430114746094e-04 7.699728012084960938e-04 7.717609405517578125e-04 7.704496383666992188e-04
1.173725352902294627e+00 1.855492591857910156e-04 1.935958862304687500e-04 1.854896545410156250e-04 1.888275146484375000e-04 1.796483993530273438e-04 1.816749572753906250e-04 1.820325851440429688e-04 1.968145370483398438e-04 1.927018165588378906e-04 1.784861087799072266e-04
1.180178114887682428e+00 -8.717477321624755859e-04 -8.572638034820556641e-04 -8.685588836669921875e-04 -8.823573589324951172e-04 -8.630752563476562500e-04 -8.690953254699707031e-04 -8.776783943176269531e-04 -8.748471736907958984e-04 -8.651614189147949219e-04 -8.677542209625244141e-04
1.186630876873070450e+00 4.587471485137939453e-04 4.543364048004150391e-04 4.515945911407470703e-04 4.580020904541015625e-04 4.460811614990234375e-04 4.586279392242431641e-04 4.512369632720947266e-04 4.492998123168945312e-04 4.565119743347167969e-04 4.617869853973388672e-04
1.193083638858458251e+00 5.571544170379638672e-04 5.535483360290527344e-04 5.553066730499267578e-04 5.376040935516357422e-04 5.512535572052001953e-04 5.578994750976562500e-04 5.596578121185302734e-04 5.499422550201416016e-04 5.443394184112548828e-04 5.455911159515380859e-04
1.199536400843846051e+00 -5.335509777069091797e-04 -5.335211753845214844e-04 -5.491077899932861328e-04 -5.304515361785888672e-04 -5.363523960113525391e-04 -5.249381065368652344e-04 -5.373358726501464844e-04 -5.305409431457519531e-04 -5.276203155517578125e-04 -5.401074886322021484e-04
1.205989162829234074e+00 -9.647011756896972656e-05 -9.539723396301269531e-05 -8.890032768249511719e-05 -8.046627044677734375e-05 -8.583068847656250000e-05 -7.697939872741699219e-05 -9.080767631530761719e-05 -9.858608245849609375e-05 -8.851289749145507812e-05 -9.778141975402832031e-05
1.212441924814621874e+00 4.982650279998779297e-04 4.744827747344970703e-04 4.830062389373779297e-04 4.835724830627441406e-04 4.802346229553222656e-04 4.746019840240478516e-04 4.827082157135009766e-04 4.739165306091308594e-04 4.861354827880859375e-04 4.767179489135742188e-04
1.218894686800009897e+00 -1.877546310424804688e-05 -1.940131187438964844e-05 -1.949071884155273438e-05 -1.305341720581054688e-05 -4.619359970092773438e-06 -3.027915954589843750e-05 -2.467632293701171875e-05 -1.403689384460449219e-05 -2.777576446533203125e-05 -1.525878906250000000e-05
1.225347448785397697e+00 -3.190040588378906250e-04 -3.045797348022460938e-04 -3.119707107543945312e-04 -3.199279308319091797e-04 -3.072321414947509766e-04 -3.101229667663574219e-04 -3.120899200439453125e-04 -3.155469894409179688e-04 -3.051161766052246094e-04 -3.082156181335449219e-04
1.231800210770785720e+00 2.908408641815185547e-04 2.988576889038085938e-04 2.942979335784912109e-04 2.917945384979248047e-04 2.824366092681884766e-04 2.805292606353759766e-04 2.876818180084228516e-04 2.785623073577880859e-04 2.933442592620849609e-04 2.880692481994628906e-04
1.238252972756173520e+00 1.562535762786865234e-04 1.684129238128662109e-04 1.707971096038818359e-04 1.635849475860595703e-04 1.543462276458740234e-04 1.642704010009765625e-04 1.769363880157470703e-04 1.647174358367919922e-04 1.658499240875244141e-04 1.653730869293212891e-04
1.244705734741561542e+00 -3.789067268371582031e-04 -3.795623779296875000e-04 -3.724992275238037109e-04 -3.793835639953613281e-04 -3.739595413208007812e-04 -3.744065761566162109e-04 -3.700554370880126953e-04 -3.745853900909423828e-04 -3.775954246520996094e-04 -3.816485404968261719e-04
1.251158496726949343e+00 3.868341445922851562e-05 4.157423973083496094e-05 4.252791404724121094e-05 4.142522811889648438e-05 4.121661186218261719e-05 4.476308822631835938e-05 4.523992538452148438e-05 4.136562347412109375e-05 3.623962402343750000e-05 3.990530967712402344e-05
1.257611258712337365e+00 3.022253513336181641e-04 3.139972686767578125e-04 3.132522106170654297e-04 3.001689910888671875e-04 3.061294555664062500e-04 3.051161766052246094e-04 3.069043159484863281e-04 3.089606761932373047e-04 2.898573875427246094e-04 3.021657466888427734e-04
1.264064020697725166e+00 -2.423822879791259766e-04 -2.372562885284423828e-04 -2.394318580627441406e-04 -2.539455890655517578e-04 -2.300441265106201172e-04 -2.324581146240234375e-04 -2.270638942718505859e-04 -2.304613590240478516e-04 -2.515017986297607422e-04 -2.346932888031005859e-04
1.270516782683113188e+00 -1.985132694244384766e-04 -1.977980136871337891e-04 -2.031922340393066406e-04 -2.006292343139648438e-04 -2.023279666900634766e-04 -2.018809318542480469e-04 -1.972317695617675781e-04 -1.989603042602539062e-04 -2.011060714721679688e-04 -2.090632915496826172e-04
1.276969544668500989e+00 1.806914806365966797e-04 1.798272132873535156e-04 1.738965511322021484e-04 1.670420169830322266e-04 1.726150512695312500e-04 1.702308654785156250e-04 1.740455627441406250e-04 1.670718193054199219e-04 1.758038997650146484e-04 1.640617847442626953e-04
1.283422306653888789e+00 1.134872436523437500e-04 1.183748245239257812e-04 1.179873943328857422e-04 1.164078712463378906e-04 1.249909400939941406e-04 1.197159290313720703e-04 1.152455806732177734e-04 1.121163368225097656e-04 1.114606857299804688e-04 1.106560230255126953e-04
1.289875068639276812e+00 -2.262592315673828125e-04 -2.145767211914062500e-04 -2.263784408569335938e-04 -2.329051494598388672e-04 -2.145469188690185547e-04 -2.129673957824707031e-04 -2.214014530181884766e-04 -2.143681049346923828e-04 -2.295970916748046875e-04 -2.171695232391357422e-04
1.296327830624664612e+00 -1.019239425659179688e-05 -3.218650817871093750e-05 -1.716613769531250000e-05 -2.080202102661132812e-05 -1.683831214904785156e-05 -3.305077552795410156e-05 -1.469254493713378906e-05 -2.232193946838378906e-05 -2.264976501464843750e-05 -2.318620681762695312e-05
1.302780592610052635e+00 2.673268318176269531e-04 2.586841583251953125e-04 2.624392509460449219e-04 2.646446228027343750e-04 2.624988555908203125e-04 2.606809139251708984e-04 2.705752849578857422e-04 2.788305282592773438e-04 2.604126930236816406e-04 2.700984477996826172e-04
1.309233354595440435e+00 -2.359449863433837891e-04 -2.276599407196044922e-04 -2.393424510955810547e-04 -2.305209636688232422e-04 -2.336204051971435547e-04 -2.298951148986816406e-04 -2.303123474121093750e-04 -2.228617668151855469e-04 -2.301335334777832031e-04 -2.356469631195068359e-04
1.315686116580828458e+00 -1.435279846191406250e-04 -1.526474952697753906e-04 -1.435577869415283203e-04 -1.509487628936767578e-04 -1.455545425415039062e-04 -1.458525657653808594e-04 -1.475811004638671875e-04 -1.474618911743164062e-04 -1.444816589355468750e-04 -1.503527164459228516e-04
1.322138878566216258e+00 2.972781658172607422e-04 3.001689910888671875e-04 2.914965152740478516e-04 2.985000610351562500e-04 2.920329570770263672e-04 2.993345260620117188e-04 3.002285957336425781e-04 2.965331077575683594e-04 2.961456775665283203e-04 2.956986427307128906e-04
1.328591640551604280e+00 -1.105666160583496094e-05 -1.221895217895507812e-06 -3.993511199951171875e-06 -8.463859558105468750e-06 -9.000301361083984375e-06 -8.910894393920898438e-06 -7.778406143188476562e-06 -2.980232238769531250e-06 -6.020069122314453125e-06 5.483627319335937500e-06
1.335044402536992081e+00 -3.962516784667968750e-04 -4.023611545562744141e-04 -3.874301910400390625e-04 -3.946125507354736328e-04 -4.005730152130126953e-04 -3.934204578399658203e-04 -3.933906555175781250e-04 -3.901124000549316406e-04 -3.971755504608154297e-04 -3.982782363891601562e-04
1.341497164522380103e+00 2.266764640808105469e-04 2.285838127136230469e-04 2.281665802001953125e-04 2.269744873046875000e-04 2.289414405822753906e-04 2.281665802001953125e-04 2.301335334777832031e-04 2.197027206420898438e-04 2.366304397583007812e-04 2.344846725463867188e-04
1.347949926507767904e+00 2.600252628326416016e-04 2.599358558654785156e-04 2.585053443908691406e-04 2.676546573638916016e-04 2.592206001281738281e-04 2.526640892028808594e-04 2.610981464385986328e-04 2.511441707611083984e-04 2.467930316925048828e-04 2.659857273101806641e-04
1.354402688493155926e+00 -4.048049449920654297e-04 -4.163682460784912109e-04 -4.149675369262695312e-04 -4.123151302337646484e-04 -4.109740257263183594e-04 -4.166960716247558594e-04 -4.135072231292724609e-04 -4.178285598754882812e-04 -4.047751426696777344e-04 -4.196763038635253906e-04
1.360855450478543727e+00 5.406141281127929688e-05 5.084276199340820312e-05 5.561113357543945312e-05 4.222989082336425781e-05 5.221366882324218750e-05 5.599856376647949219e-05 6.014108657836914062e-05 5.730986595153808594e-05 4.658102989196777344e-05 5.230307579040527344e-05
1.367308212463931749e+00 2.287626266479492188e-04 2.321898937225341797e-04 2.305209636688232422e-04 2.271234989166259766e-04 2.240836620330810547e-04 2.342462539672851562e-04 2.303719520568847656e-04 2.309381961822509766e-04 2.285838127136230469e-04 2.212226390838623047e-04
1.373760974449319550e+00 -2.946257591247558594e-04 -2.853572368621826172e-04 -2.848505973815917969e-04 -2.842545509338378906e-04 -2.818703651428222656e-04 -2.937018871307373047e-04 -2.873241901397705078e-04 -2.838075160980224609e-04 -2.913475036621093750e-04 -2.769231796264648438e-04
1.380213736434707350e+00 -2.592802047729492188e-06 -6.556510925292968750e-06 4.768371582031250000e-06 1.093745231628417969e-05 3.099441528320312500e-06 1.576542854309082031e-05 9.208917617797851562e-06 1.478195190429687500e-05 1.278519630432128906e-05 1.102685928344726562e-06
1.386666498420095373e+00 3.059506416320800781e-04 3.159344196319580078e-04 3.197193145751953125e-04 3.158152103424072266e-04 3.261864185333251953e-04 3.355443477630615234e-04 3.133714199066162109e-04 3.169178962707519531e-04 3.258883953094482422e-04 3.158748149871826172e-04
1.393119260405483173e+00 -9.956955909729003906e-05 -1.001954078674316406e-04 -9.983777999877929688e-05 -1.083910465240478516e-04 -9.056925773620605469e-05 -9.790062904357910156e-05 -9.950995445251464844e-05 -9.095668792724609375e-05 -1.075863838195800781e-04 -9.053945541381835938e-05
1.399572022390871195e+00 -2.070665359497070312e-04 -2.137124538421630859e-04 -2.022385597229003906e-04 -2.093911170959472656e-04 -2.201497554779052734e-04 -2.077817916870117188e-04 -2.040863037109375000e-04 -2.001225948333740234e-04 -2.092421054840087891e-04 -2.082288265228271484e-04
1.406024784376258996e+00 3.272891044616699219e-04 3.391504287719726562e-04 3.271698951721191406e-04 3.252923488616943359e-04 3.287494182586669922e-04 3.299415111541748047e-04 3.345012664794921875e-04 3.304779529571533203e-04 3.187656402587890625e-04 3.378093242645263672e-04
1.412477546361647018e+00 -9.682774543762207031e-05 -8.571147918701171875e-05 -9.679794311523437500e-05 -8.600950241088867188e-05 -9.724497795104980469e-05 -8.654594421386718750e-05 -9.498000144958496094e-05 -9.018182754516601562e-05 -9.769201278686523438e-05 -7.757544517517089844e-05
1.418930308347034819e+00 -2.523660659790039062e-04 -2.401769161224365234e-04 -2.454817295074462891e-04 -2.493858337402343750e-04 -2.441704273223876953e-04 -2.346932888031005859e-04 -2.361536026000976562e-04 -2.399682998657226562e-04 -2.347528934478759766e-04 -2.321004867553710938e-04
1.425383070332422841e+00 3.250837326049804688e-04 3.203451633453369141e-04 3.133714199066162109e-04 3.200173377990722656e-04 3.163218498229980469e-04 3.192424774169921875e-04 3.031492233276367188e-04 3.225207328796386719e-04 3.150403499603271484e-04 3.023743629455566406e-04
1.431835832317810642e+00 5.599856376647949219e-05 5.370378494262695312e-05 4.544854164123535156e-05 5.039572715759277344e-05 4.979968070983886719e-05 4.610419273376464844e-05 4.741549491882324219e-05 4.306435585021972656e-05 3.844499588012695312e-05 5.790591239929199219e-05
1.438288594303198664e+00 -3.463625907897949219e-04 -3.407001495361328125e-04 -3.457367420196533203e-04 -3.503262996673583984e-04 -3.466904163360595703e-04 -3.464221954345703125e-04 -3.497898578643798828e-04 -3.432333469390869141e-04 -3.435313701629638672e-04 -3.380477428436279297e-04
1.444741356288586465e+00 1.898407936096191406e-04 1.960396766662597656e-04 1.977384090423583984e-04 1.923739910125732422e-04 1.996159553527832031e-04 2.008080482482910156e-04 1.958608627319335938e-04 1.925230026245117188e-04 1.944899559020996094e-04 1.929402351379394531e-04
1.451194118273974487e+00 1.349151134490966797e-04 1.301169395446777344e-04 1.345276832580566406e-04 1.322031021118164062e-04 1.219809055328369141e-04 1.313984394073486328e-04 1.371204853057861328e-04 1.311004161834716797e-04 1.318156719207763672e-04 1.313686370849609375e-04
1.457646880259362288e+00 -2.110600471496582031e-04 -2.100765705108642578e-04 -2.056956291198730469e-04 -2.077519893646240234e-04 -2.055466175079345703e-04 -1.991093158721923828e-04 -2.081394195556640625e-04 -1.983344554901123047e-04 -2.057254314422607422e-04 -2.053976058959960938e-04
1.464099642244750310e+00 2.382099628448486328e-04 2.258419990539550781e-04 2.199411392211914062e-04 2.363622188568115234e-04 2.277195453643798828e-04 2.187490463256835938e-04 2.344250679016113281e-04 2.239942550659179688e-04 2.248585224151611328e-04 2.228319644927978516e-04
1.470552404230138110e+00 4.953145980834960938e-05 4.878640174865722656e-05 5.730986595153808594e-05 5.525350570678710938e-05 6.812810897827148438e-05 5.829334259033203125e-05 4.988908767700195312e-05 5.623698234558105469e-05 4.372000694274902344e-05 6.154179573059082031e-05
1.477005166215525911e+00 -1.972615718841552734e-04 -2.071261405944824219e-04 -1.929402351379394531e-04 -1.888275146484375000e-04 -2.006888389587402344e-04 -1.947283744812011719e-04 -1.993775367736816406e-04 -2.021789550781250000e-04 -1.841485500335693359e-04 -2.080202102661132812e-04
1.483457928200913933e+00 8.270144462585449219e-05 7.924437522888183594e-05 8.070468902587890625e-05 7.399916648864746094e-05 7.307529449462890625e-05 8.133053779602050781e-05 8.386373519897460938e-05 8.291006088256835938e-05 7.641315460205078125e-05 8.994340896606445312e-05
1.489910690186301734e+00 7.888674736022949219e-05 7.852911949157714844e-05 8.064508438110351562e-05 7.838010787963867188e-05 8.529424667358398438e-05 7.158517837524414062e-05 7.647275924682617188e-05 7.879734039306640625e-05 8.499622344970703125e-05 7.405877113342285156e-05
1.496363452171689756e+00 -1.613199710845947266e-04 -1.704990863800048828e-04 -1.651942729949951172e-04 -1.753568649291992188e-04 -1.647472381591796875e-04 -1.739263534545898438e-04 -1.691877841949462891e-04 -1.542270183563232422e-04 -1.680850982666015625e-04 -1.712143421173095703e-04
1.502816214157077557e+00 9.211897850036621094e-05 9.828805923461914062e-05 9.903311729431152344e-05 9.995698928833007812e-05 1.025795936584472656e-04 1.004338264465332031e-04 9.936094284057617188e-05 9.751319885253906250e-05 9.664893150329589844e-05 9.891390800476074219e-05
1.509268976142465579e+00 4.139542579650878906e-05 4.550814628601074219e-05 4.133582115173339844e-05 4.425644874572753906e-05 4.443526268005371094e-05 3.743171691894531250e-05 4.151463508605957031e-05 4.824995994567871094e-05 3.841519355773925781e-05 3.981590270996093750e-05
1.515721738127853380e+00 -1.179873943328857422e-04 -1.205801963806152344e-04 -1.168847084045410156e-04 -1.071989536285400391e-04 -1.083314418792724609e-04 -1.231431961059570312e-04 -1.209378242492675781e-04 -1.109838485717773438e-04 -1.185834407806396484e-04 -1.227259635925292969e-04
1.522174500113241402e+00 1.075565814971923828e-04 1.011490821838378906e-04 9.366869926452636719e-05 9.328126907348632812e-05 1.108050346374511719e-04 1.044571399688720703e-04 1.001954078674316406e-04 1.037716865539550781e-04 1.066029071807861328e-04 9.596347808837890625e-05
1.528627262098629203e+00 4.181265830993652344e-05 4.208087921142578125e-05 3.552436828613281250e-05 4.032254219055175781e-05 4.246830940246582031e-05 4.160404205322265625e-05 4.333257675170898438e-05 3.656744956970214844e-05 4.884600639343261719e-05 4.127621650695800781e-05
1.535080024084017225e+00 -9.667873382568359375e-05 -8.511543273925781250e-05 -9.334087371826171875e-05 -9.676814079284667969e-05 -1.002848148345947266e-04 -1.042187213897705078e-04 -9.930133819580078125e-05 -8.997321128845214844e-05 -9.256601333618164062e-05 -8.377432823181152344e-05
1.541532786069405025e+00 2.074241638183593750e-05 2.682209014892578125e-05 4.622340202331542969e-05 3.245472908020019531e-05 3.451108932495117188e-05 3.817677497863769531e-05 4.073977470397949219e-05 4.026293754577636719e-05 4.512071609497070312e-05 3.635883331298828125e-05
1.547985548054793048e+00 5.036592483520507812e-05 5.924701690673828125e-05 7.537007331848144531e-05 7.194280624389648438e-05 5.987286567687988281e-05 6.356835365295410156e-05 6.356835365295410156e-05 6.005167961120605469e-05 6.347894668579101562e-05 6.920099258422851562e-05
1.554438310040180848e+00 -6.508827209472656250e-05 -6.139278411865234375e-05 -7.978081703186035156e-05 -6.076693534851074219e-05 -6.580352783203125000e-05 -6.315112113952636719e-05 -6.428360939025878906e-05 -6.830692291259765625e-05 -7.253885269165039062e-05 -7.566809654235839844e-05
1.560891072025568649e+00 9.268522262573242188e-06 1.123547554016113281e-05 1.457333564758300781e-05 1.683831214904785156e-05 2.503395080566406250e-05 2.345442771911621094e-05 2.005696296691894531e-05 1.224875450134277344e-05 1.555681228637695312e-05 1.400709152221679688e-05
1.567343834010956671e+00 5.376338958740234375e-05 4.634261131286621094e-05 5.930662155151367188e-05 4.956126213073730469e-05 4.282593727111816406e-05 4.687905311584472656e-05 5.188584327697753906e-05 4.604458808898925781e-05 4.887580871582031250e-05 3.436207771301269531e-05
1.573796595996344472e+00 -4.658102989196777344e-05 -4.702806472778320312e-05 -4.762411117553710938e-05 -4.297494888305664062e-05 -4.690885543823242188e-05 -4.240870475769042969e-05 -4.056096076965332031e-05 -3.135204315185546875e-05 -4.348158836364746094e-05 -4.243850708007812500e-05
1.580249357981732494e+00 -3.689527511596679688e-05 -4.023313522338867188e-05 -3.689527511596679688e-05 -2.676248550415039062e-05 -3.096461296081542969e-05 -2.974271774291992188e-05 -2.741813659667968750e-05 -3.844499588012695312e-05 -4.389882087707519531e-05 -4.026293754577636719e-05
1.586702119967120295e+00 4.738569259643554688e-05 2.780556678771972656e-05 3.549456596374511719e-05 2.530217170715332031e-05 4.205107688903808594e-05 3.060698509216308594e-05 3.293156623840332031e-05 3.486871719360351562e-05 4.166364669799804688e-05 4.458427429199218750e-05
1.593154881952508317e+00 2.911686897277832031e-05 2.172589302062988281e-05 3.096461296081542969e-05 1.069903373718261719e-05 2.580881118774414062e-05 2.157688140869140625e-05 1.555681228637695312e-05 2.300739288330078125e-05 3.331899642944335938e-05 1.665949821472167969e-05
1.599607643937896118e+00 -5.707144737243652344e-05 -5.277991294860839844e-05 -5.042552947998046875e-05 -5.328655242919921875e-05 -5.382299423217773438e-05 -4.571676254272460938e-05 -4.234910011291503906e-05 -5.099177360534667969e-05 -6.094574928283691406e-05 -5.578994750976562500e-05
1.606060405923284140e+00 3.266334533691406250e-05 2.473592758178710938e-05 2.247095108032226562e-05 3.275275230407714844e-05 2.381205558776855469e-05 2.834200859069824219e-05 2.640485763549804688e-05 3.170967102050781250e-05 2.807378768920898438e-05 4.124641418457031250e-05
1.612513167908671941e+00 3.027915954589843750e-05 3.945827484130859375e-05 3.537535667419433594e-05 2.837181091308593750e-05 3.403425216674804688e-05 2.875924110412597656e-05 2.259016036987304688e-05 2.622604370117187500e-05 2.717971801757812500e-05 3.466010093688964844e-05
1.618965929894059963e+00 -7.885694503784179688e-05 -8.401274681091308594e-05 -8.565187454223632812e-05 -7.975101470947265625e-05 -9.366869926452636719e-05 -8.711218833923339844e-05 -8.097290992736816406e-05 -9.039044380187988281e-05 -8.019804954528808594e-05 -8.723139762878417969e-05
1.625418691879447763e+00 5.507469177246093750e-05 4.631280899047851562e-05 5.239248275756835938e-05 6.204843521118164062e-05 6.896257400512695312e-05 6.315112113952636719e-05 7.715821266174316406e-05 6.195902824401855469e-05 6.380677223205566406e-05 5.814433097839355469e-05
1.631871453864835786e+00 1.585483551025390625e-05 2.205371856689453125e-05 2.348423004150390625e-05 1.555681228637695312e-05 1.659989356994628906e-05 2.533197402954101562e-05 1.326203346252441406e-05 2.053380012512207031e-05 2.813339233398437500e-05 1.555681228637695312e-05
1.638324215850223586e+00 -6.642937660217285156e-05 -5.844235420227050781e-05 -6.550550460815429688e-05 -6.827712059020996094e-05 -7.003545761108398438e-05 -6.490945816040039062e-05 -5.888938903808593750e-05 -5.704164505004882812e-05 -6.344914436340332031e-05 -7.116794586181640625e-05
1.644776977835611609e+00 2.458691596984863281e-05 4.112720489501953125e-05 3.919005393981933594e-05 4.237890243530273438e-05 2.905726432800292969e-05 3.305077552795410156e-05 3.930926322937011719e-05 3.489851951599121094e-05 3.826618194580078125e-05 3.129243850708007812e-05
1.651229739820999409e+00 4.065036773681640625e-05 3.382563591003417969e-05 3.075599670410156250e-05 4.208087921142578125e-05 4.160404205322265625e-05 3.355741500854492188e-05 3.731250762939453125e-05 3.942847251892089844e-05 2.998113632202148438e-05 4.434585571289062500e-05
1.657682501806387210e+00 -4.649162292480468750e-06 -8.702278137207031250e-06 -8.612871170043945312e-06 -1.603364944458007812e-05 -1.379847526550292969e-05 -1.442432403564453125e-05 -1.940131187438964844e-05 -1.800060272216796875e-05 -6.169080734252929688e-06 -3.606081008911132812e-06
1.664135263791775232e+00 2.518296241760253906e-05 3.266334533691406250e-05 4.431605339050292969e-05 2.467632293701171875e-05 4.240870475769042969e-05 3.930926322937011719e-05 4.357099533081054688e-05 4.312396049499511719e-05 2.932548522949218750e-05 4.488229751586914062e-05
1.670588025777163033e+00 -1.928210258483886719e-05 -1.841783523559570312e-05 -1.984834671020507812e-05 -2.878904342651367188e-05 -2.390146255493164062e-05 -2.038478851318359375e-05 -2.321600914001464844e-05 -1.785159111022949219e-05 -2.562999725341796875e-05 -1.841783523559570312e-05
1.677040787762551055e+00 -1.173019409179687500e-04 -1.240074634552001953e-04 -1.302063465118408203e-04 -1.220107078552246094e-04 -1.299083232879638672e-04 -1.232624053955078125e-04 -1.208484172821044922e-04 -1.436471939086914062e-04 -1.320242881774902344e-04 -1.217126846313476562e-04
1.683493549747938856e+00 6.678700447082519531e-05 7.829070091247558594e-05 8.374452590942382812e-05 8.556246757507324219e-05 8.425116539001464844e-05 7.992982864379882812e-05 9.247660636901855469e-05 8.326768875122070312e-05 6.973743438720703125e-05 8.180737495422363281e-05
1.689946311733326878e+00 1.530051231384277344e-04 1.514852046966552734e-04 1.496374607086181641e-04 1.513361930847167969e-04 1.453757286071777344e-04 1.427829265594482422e-04 1.451671123504638672e-04 1.462697982788085938e-04 1.542270183563232422e-04 1.435875892639160156e-04
1.696399073718714678e+00 -3.498792648315429688e-05 -3.188848495483398438e-05 -2.336502075195312500e-05 -2.637505531311035156e-05 -2.074241638183593750e-05 -3.650784492492675781e-05 -2.723932266235351562e-05 -3.182888031005859375e-05 -3.808736801147460938e-05 -2.816319465637207031e-05
1.702851835704102701e+00 -2.205371856689453125e-05 -3.471970558166503906e-05 -3.051757812500000000e-05 -3.305077552795410156e-05 -3.093481063842773438e-05 -2.604722976684570312e-05 -3.466010093688964844e-05 -2.613663673400878906e-05 -2.333521842956542969e-05 -2.816319465637207031e-05
1.709304597689490501e+00 5.221366882324218750e-05 5.787611007690429688e-05 6.130337715148925781e-05 6.043910980224609375e-05 6.201863288879394531e-05 7.060170173645019531e-05 7.125735282897949219e-05 7.563829421997070312e-05 6.133317947387695312e-05 6.812810897827148438e-05
1.715757359674878524e+00 -2.476572990417480469e-05 -2.411007881164550781e-05 -3.626942634582519531e-05 -2.616643905639648438e-05 -3.746151924133300781e-05 -2.792477607727050781e-05 -3.725290298461914062e-05 -4.258751869201660156e-05 -2.840161323547363281e-05 -3.528594970703125000e-05
1.722210121660266324e+00 -6.806850433349609375e-05 -8.928775787353515625e-05 -7.823109626770019531e-05 -8.589029312133789062e-05 -9.199976921081542969e-05 -8.541345596313476562e-05 -7.563829421997070312e-05 -9.799003601074218750e-05 -7.432699203491210938e-05 -7.769465446472167969e-05
1.728662883645654347e+00 9.232759475708007812e-05 8.800625801086425781e-05 8.901953697204589844e-05 1.079440116882324219e-04 9.268522262573242188e-05 8.204579353332519531e-05 9.930133819580078125e-05 8.755922317504882812e-05 9.897351264953613281e-05 9.334087371826171875e-05
1.735115645631042147e+00 -1.940131187438964844e-05 -2.264976501464843750e-06 -4.142522811889648438e-06 -7.361173629760742188e-06 -6.914138793945312500e-06 -9.536743164062500000e-06 -2.053380012512207031e-05 1.281499862670898438e-06 -1.934170722961425781e-05 -1.221895217895507812e-06
1.741568407616429948e+00 -7.230043411254882812e-05 -8.308887481689453125e-05 -7.012486457824707031e-05 -7.593631744384765625e-05 -7.995963096618652344e-05 -1.000165939331054688e-04 -8.219480514526367188e-05 -9.822845458984375000e-05 -8.755922317504882812e-05 -9.977817535400390625e-05
1.748021169601817970e+00 8.919835090637207031e-05 6.920099258422851562e-05 8.267164230346679688e-05 9.009242057800292969e-05 8.523464202880859375e-05 8.431077003479003906e-05 9.474158287048339844e-05 8.502602577209472656e-05 8.293986320495605469e-05 7.572770118713378906e-05
1.754473931587205771e+00 9.143352508544921875e-05 9.641051292419433594e-05 9.021162986755371094e-05 8.383393287658691406e-05 9.700655937194824219e-05 8.821487426757812500e-05 8.943676948547363281e-05 9.649991989135742188e-05 8.931756019592285156e-05 9.763240814208984375e-05
1.760926693572593793e+00 -7.158517837524414062e-05 -7.158517837524414062e-05 -7.051229476928710938e-05 -6.896257400512695312e-05 -8.231401443481445312e-05 -7.897615432739257812e-05 -8.478760719299316406e-05 -7.846951484680175781e-05 -7.516145706176757812e-05 -7.277727127075195312e-05
1.767379455557981593e+00 7.972121238708496094e-05 8.791685104370117188e-05 9.819865226745605469e-05 8.770823478698730469e-05 9.036064147949218750e-05 9.229779243469238281e-05 8.547306060791015625e-05 9.438395500183105469e-05 9.444355964660644531e-05 8.907914161682128906e-05
1.773832217543369616e+00 7.712841033935546875e-05 8.210539817810058594e-05 8.898973464965820312e-05 8.288025856018066406e-05 8.922815322875976562e-05 9.271502494812011719e-05 8.815526962280273438e-05 7.948279380798339844e-05 8.583068847656250000e-05 8.597970008850097656e-05
1.780284979528757416e+00 -1.080632209777832031e-04 -1.057088375091552734e-04 -1.127123832702636719e-04 -9.942054748535156250e-05 -1.175105571746826172e-04 -1.150369644165039062e-04 -1.206696033477783203e-04 -1.156032085418701172e-04 -1.189410686492919922e-04 -1.282393932342529297e-04
1.786737741514145439e+00 -6.556510925292968750e-05 -5.879998207092285156e-05 -7.003545761108398438e-05 -6.031990051269531250e-05 -5.316734313964843750e-05 -6.073713302612304688e-05 -6.148219108581542969e-05 -6.663799285888671875e-05 -5.540251731872558594e-05 -5.644559860229492188e-05
1.793190503499533239e+00 1.063346862792968750e-04 1.068115234375000000e-04 9.542703628540039062e-05 1.009106636047363281e-04 1.074373722076416016e-04 1.104474067687988281e-04 1.075565814971923828e-04 1.094043254852294922e-04 1.115500926971435547e-04 1.214742660522460938e-04
1.799643265484921262e+00 3.579258918762207031e-05 2.837181091308593750e-05 4.217028617858886719e-05 2.852082252502441406e-05 3.734230995178222656e-05 3.314018249511718750e-05 3.296136856079101562e-05 3.609061241149902344e-05 3.159046173095703125e-05 3.495812416076660156e-05
1.806096027470309062e+00 -3.933906555175781250e-05 -4.413723945617675781e-05 -3.543496131896972656e-05 -4.538893699645996094e-05 -3.021955490112304688e-05 -2.157688140869140625e-05 -3.319978713989257812e-05 -3.296136856079101562e-05 -3.206729888916015625e-05 -4.470348358154296875e-05
1.812548789455697085e+00 1.174509525299072266e-04 1.256465911865234375e-04 1.326203346252441406e-04 1.263618469238281250e-04 1.191198825836181641e-04 1.272261142730712891e-04 1.230239868164062500e-04 1.197159290313720703e-04 1.340210437774658203e-04 1.233816146850585938e-04
1.819001551441084885e+00 -1.534819602966308594e-05 -2.130866050720214844e-05 -2.634525299072265625e-05 -2.199411392211914062e-05 -2.002716064453125000e-05 -2.041459083557128906e-05 -2.256035804748535156e-05 -1.680850982666015625e-05 -2.044439315795898438e-05 -2.783536911010742188e-05
1.825454313426472908e+00 -1.156628131866455078e-04 -1.179277896881103516e-04 -1.059770584106445312e-04 -1.133084297180175781e-04 -1.203119754791259766e-04 -1.176297664642333984e-04 -1.223683357238769531e-04 -1.101791858673095703e-04 -1.248121261596679688e-04 -1.183152198791503906e-04
1.831907075411860708e+00 8.171796798706054688e-05 8.064508438110351562e-05 7.852911949157714844e-05 7.140636444091796875e-05 7.122755050659179688e-05 9.191036224365234375e-05 7.951259613037109375e-05 9.658932685852050781e-05 7.504224777221679688e-05 8.136034011840820312e-05
1.838359837397248508e+00 1.925230026245117188e-05 3.561377525329589844e-05 2.059340476989746094e-05 2.795457839965820312e-05 2.881884574890136719e-05 2.843141555786132812e-05 3.659725189208984375e-05 2.503395080566406250e-05 2.872943878173828125e-05 2.384185791015625000e-05
1.844812599382636531e+00 -1.147091388702392578e-04 -1.166760921478271484e-04 -1.094341278076171875e-04 -1.087784767150878906e-04 -1.046061515808105469e-04 -1.190900802612304688e-04 -1.165270805358886719e-04 -1.069009304046630859e-04 -1.014769077301025391e-04 -1.112520694732666016e-04
1.851265361368024331e+00 7.796287536621093750e-05 8.279085159301757812e-05 9.146332740783691406e-05 7.817149162292480469e-05 8.118152618408203125e-05 8.007884025573730469e-05 8.442997932434082031e-05 8.183717727661132812e-05 8.237361907958984375e-05 8.431077003479003906e-05
1.857718123353412354e+00 3.442168235778808594e-05 3.564357757568359375e-05 3.504753112792968750e-05 1.606345176696777344e-05 3.361701965332031250e-05 3.182888031005859375e-05 3.963708877563476562e-05 3.442168235778808594e-05 2.506375312805175781e-05 3.364682197570800781e-05
1.864170885338800154e+00 -1.096427440643310547e-04 -1.090466976165771484e-04 -9.232759475708007812e-05 -9.059906005859375000e-05 -1.122653484344482422e-04 -9.071826934814453125e-05 -9.542703628540039062e-05 -9.548664093017578125e-05 -9.560585021972656250e-05 -1.102685928344726562e-04
1.870623647324188177e+00 5.197525024414062500e-05 5.027651786804199219e-05 5.275011062622070312e-05 5.882978439331054688e-05 6.622076034545898438e-05 6.788969039916992188e-05 5.474686622619628906e-05 6.133317947387695312e-05 5.969405174255371094e-05 7.718801498413085938e-05
1.877076409309575977e+00 1.043081283569335938e-06 5.453824996948242188e-06 1.192092895507812500e-07 -5.424022674560546875e-06 2.115964889526367188e-06 -5.096197128295898438e-06 -1.102685928344726562e-05 -1.162290573120117188e-06 -4.917383193969726562e-06 1.347064971923828125e-05
1.883529171294964000e+00 -9.155273437500000000e-05 -8.225440979003906250e-05 -9.322166442871093750e-05 -8.842349052429199219e-05 -8.252263069152832031e-05 -1.055598258972167969e-04 -6.216764450073242188e-05 -9.706616401672363281e-05 -9.053945541381835938e-05 -8.213520050048828125e-05
1.889981933280351800e+00 3.400444984436035156e-05 3.784894943237304688e-05 3.933906555175781250e-05 3.665685653686523438e-05 3.972649574279785156e-05 2.548098564147949219e-05 3.635883331298828125e-05 4.419684410095214844e-05 5.525350570678710938e-05 3.039836883544921875e-05
1.896434695265739823e+00 -5.751848220825195312e-06 -1.341104507446289062e-05 -1.624226570129394531e-05 -2.139806747436523438e-05 -1.552700996398925781e-05 -2.497434616088867188e-05 -1.811981201171875000e-05 -2.333521842956542969e-05 -2.378225326538085938e-05 -2.118945121765136719e-05
1.902887457251127623e+00 -1.662969589233398438e-05 -9.715557098388671875e-06 -6.496906280517578125e-06 -7.390975952148437500e-06 -1.600384712219238281e-05 4.440546035766601562e-06 -6.258487701416015625e-07 1.192092895507812500e-06 -2.801418304443359375e-06 -4.202127456665039062e-06
1.909340219236515646e+00 4.747509956359863281e-05 5.969405174255371094e-05 4.515051841735839844e-05 5.033612251281738281e-05 4.237890243530273438e-05 5.590915679931640625e-05 4.792213439941406250e-05 4.988908767700195312e-05 3.525614738464355469e-05 5.286931991577148438e-05
1.915792981221903446e+00 -4.038214683532714844e-05 -2.664327621459960938e-05 -3.018975257873535156e-05 -2.214312553405761719e-05 -2.703070640563964844e-05 -2.473592758178710938e-05 -4.237890243530273438e-05 -3.743171691894531250e-05 -3.895163536071777344e-05 -3.829598426818847656e-05
1.922245743207291468e+00 -8.970499038696289062e-06 -1.171231269836425781e-05 -1.040101051330566406e-05 -2.199411392211914062e-05 -2.720952033996582031e-05 -1.898407936096191406e-05 -7.957220077514648438e-06 -2.643465995788574219e-05 -1.984834671020507812e-05 -2.050399780273437500e-05
1.928698505192679269e+00 7.581710815429687500e-05 7.808208465576171875e-05 7.623434066772460938e-05 7.268786430358886719e-05 6.154179573059082031e-05 6.684660911560058594e-05 7.316470146179199219e-05 8.073449134826660156e-05 6.636977195739746094e-05 8.615851402282714844e-05
1.935151267178067069e+00 -2.244114875793457031e-05 -1.338124275207519531e-05 -2.861022949218750000e-05 -1.633167266845703125e-05 -6.198883056640625000e-06 -2.267956733703613281e-05 -1.972913742065429688e-05 -8.344650268554687500e-06 -1.582503318786621094e-05 -1.814961433410644531e-05
1.941604029163455092e+00 -1.078844070434570312e-05 -1.433491706848144531e-05 -1.400709152221679688e-05 -6.377696990966796875e-06 -7.092952728271484375e-06 -1.427531242370605469e-05 -7.212162017822265625e-06 -1.278519630432128906e-05 -1.880526542663574219e-05 -2.154707908630371094e-05
1.948056791148842892e+00 8.773803710937500000e-05 7.948279380798339844e-05 8.982419967651367188e-05 8.964538574218750000e-05 6.780028343200683594e-05 9.739398956298828125e-05 9.679794311523437500e-05 8.967518806457519531e-05 8.150935173034667969e-05 8.425116539001464844e-05
1.954509553134230915e+00 -1.112818717956542969e-04 -1.055598258972167969e-04 -1.057684421539306641e-04 -1.064240932464599609e-04 -9.411573410034179688e-05 -9.882450103759765625e-05 -9.953975677490234375e-05 -1.096129417419433594e-04 -9.676814079284667969e-05 -9.968876838684082031e-05
1.960962315119618715e+00 1.245737075805664062e-05 1.120567321777343750e-05 2.232193946838378906e-05 -5.245208740234375000e-06 1.409649848937988281e-05 8.076429367065429688e-06 4.351139068603515625e-06 8.136034011840820312e-06 -4.172325134277343750e-06 8.374452590942382812e-06
1.967415077105006738e+00 9.438395500183105469e-05 9.918212890625000000e-05 1.059770584106445312e-04 9.918212890625000000e-05 9.840726852416992188e-05 1.102089881896972656e-04 1.037716865539550781e-04 9.456276893615722656e-05 9.706616401672363281e-05 1.044273376464843750e-04
1.973867839090394538e+00 -6.714463233947753906e-05 -7.057189941406250000e-05 -7.325410842895507812e-05 -6.923079490661621094e-05 -7.891654968261718750e-05 -7.098913192749023438e-05 -7.283687591552734375e-05 -7.638335227966308594e-05 -6.783008575439453125e-05 -7.256865501403808594e-05
1.980320601075782561e+00 -3.239512443542480469e-05 -2.843141555786132812e-05 -2.512335777282714844e-05 -4.506111145019531250e-05 -3.787875175476074219e-05 -3.656744956970214844e-05 -3.561377525329589844e-05 -3.561377525329589844e-05 -3.102421760559082031e-05 -3.373622894287109375e-05
1.986773363061170361e+00 1.686811447143554688e-05 3.102421760559082031e-05 2.586841583251953125e-05 3.302097320556640625e-05 2.044439315795898438e-05 2.145767211914062500e-05 1.662969589233398438e-05 1.502037048339843750e-05 1.642107963562011719e-05 3.194808959960937500e-05
1.993226125046558384e+00 -6.496906280517578125e-06 -1.072883605957031250e-05 -5.275011062622070312e-06 3.755092620849609375e-06 4.470348358154296875e-07 -9.506940841674804688e-06 9.745359420776367188e-06 -5.811452865600585938e-06 -2.741813659667968750e-06 4.291534423828125000e-06
1.999678887031946184e+00 5.206465721130371094e-05 6.362795829772949219e-05 6.288290023803710938e-05 5.280971527099609375e-05 6.496906280517578125e-05 5.441904067993164062e-05 5.409121513366699219e-05 7.790327072143554688e-05 6.386637687683105469e-05 5.698204040527343750e-05
2.006131649017333984e+00 4.982948303222656250e-05 3.656744956970214844e-05 4.303455352783203125e-05 4.777312278747558594e-05 4.634261131286621094e-05 4.285573959350585938e-05 3.913044929504394531e-05 4.398822784423828125e-05 4.056096076965332031e-05 3.820657730102539062e-05
