# Range[m] 0 1 2 3 4 5 6 7 8 9
1.800000071525573730e-01 -4.551419615745544434e-02 -4.541683197021484375e-02 -4.583889245986938477e-02 -4.553031921386718750e-02 -4.566425085067749023e-02 -4.571464657783508301e-02 -4.555827379226684570e-02 -4.575893282890319824e-02 -4.566910862922668457e-02 -4.579156637191772461e-02
1.864527691379452845e-01 3.531950712203979492e-02 3.534469008445739746e-02 3.511837124824523926e-02 3.542262315750122070e-02 3.526434302330017090e-02 3.517422080039978027e-02 3.527370095252990723e-02 3.525426983833312988e-02 3.522852063179016113e-02 3.509777784347534180e-02
1.929055311233331682e-01 9.488165378570556641e-03 9.447127580642700195e-03 9.866505861282348633e-03 9.453296661376953125e-03 9.668290615081787109e-03 9.776949882507324219e-03 9.584128856658935547e-03 9.719640016555786133e-03 9.732663631439208984e-03 9.839802980422973633e-03
1.993582931087210797e-01 -2.261725068092346191e-02 -2.260249853134155273e-02 -2.267125248908996582e-02 -2.262577414512634277e-02 -2.267715334892272949e-02 -2.264982461929321289e-02 -2.268064022064208984e-02 -2.269402146339416504e-02 -2.269440889358520508e-02 -2.271127700805664062e-02
2.058110550941089911e-01 3.054320812225341797e-03 3.055185079574584961e-03 2.977490425109863281e-03 3.131598234176635742e-03 3.061026334762573242e-03 2.993822097778320312e-03 3.080874681472778320e-03 3.061443567276000977e-03 3.041863441467285156e-03 2.983361482620239258e-03
2.122638170794968748e-01 6.947666406631469727e-03 6.924986839294433594e-03 6.889909505844116211e-03 6.931185722351074219e-03 6.936997175216674805e-03 6.943970918655395508e-03 6.945788860321044922e-03 6.875634193420410156e-03 6.958782672882080078e-03 6.933808326721191406e-03
2.187165790648847863e-01 7.463783025741577148e-03 7.450878620147705078e-03 7.520467042922973633e-03 7.421076297760009766e-03 7.440716028213500977e-03 7.474601268768310547e-03 7.443934679031372070e-03 7.500439882278442383e-03 7.446706295013427734e-03 7.479369640350341797e-03
2.251693410502726977e-01 -1.551055908203125000e-02 -1.553988456726074219e-02 -1.544222235679626465e-02 -1.550504565238952637e-02 -1.544862985610961914e-02 -1.547569036483764648e-02 -1.549810171127319336e-02 -1.545509696006774902e-02 -1.546990871429443359e-02 -1.539945602416992188e-02
2.316221030356606092e-01 -6.137102842330932617e-03 -6.069123744964599609e-03 -6.355822086334228516e-03 -6.069332361221313477e-03 -6.221890449523925781e-03 -6.257504224777221680e-03 -6.177097558975219727e-03 -6.283402442932128906e-03 -6.198048591613769531e-03 -6.329566240310668945e-03
2.380748650210485207e-01 2.580457925796508789e-02 2.579820156097412109e-02 2.575325965881347656e-02 2.582624554634094238e-02 2.578917145729064941e-02 2.575391530990600586e-02 2.574893832206726074e-02 2.573949098587036133e-02 2.574256062507629395e-02 2.575433254241943359e-02
2.445276270064364044e-01 -1.025703549385070801e-02 -1.027607917785644531e-02 -9.995877742767333984e-03 -1.030915975570678711e-02 -1.008191704750061035e-02 -1.002609729766845703e-02 -1.018840074539184570e-02 -9.929597377777099609e-03 -9.999960660934448242e-03 -9.893357753753662109e-03
2.509803889918242881e-01 -2.527105808258056641e-02 -2.524545788764953613e-02 -2.547267079353332520e-02 -2.522626519203186035e-02 -2.537998557090759277e-02 -2.541592717170715332e-02 -2.533817291259765625e-02 -2.542746067047119141e-02 -2.539476752281188965e-02 -2.544137835502624512e-02
2.574331509772121995e-01 2.834844589233398438e-02 2.840360999107360840e-02 2.812114357948303223e-02 2.837708592414855957e-02 2.822834253311157227e-02 2.818664908409118652e-02 2.831324934959411621e-02 2.816766500473022461e-02 2.824839949607849121e-02 2.810227870941162109e-02
2.638859129626001110e-01 5.233377218246459961e-03 5.210101604461669922e-03 5.706757307052612305e-03 5.127966403961181641e-03 5.375087261199951172e-03 5.518406629562377930e-03 5.354493856430053711e-03 5.525946617126464844e-03 5.436331033706665039e-03 5.656599998474121094e-03
2.703386749479880224e-01 -3.721264004707336426e-02 -3.719159960746765137e-02 -3.726145625114440918e-02 -3.721156716346740723e-02 -3.723993897438049316e-02 -3.725305199623107910e-02 -3.723636269569396973e-02 -3.724968433380126953e-02 -3.723686933517456055e-02 -3.724205493927001953e-02
2.767914369333759339e-01 1.920533180236816406e-02 1.923823356628417969e-02 1.882058382034301758e-02 1.929479837417602539e-02 1.901173591613769531e-02 1.893749833106994629e-02 1.909777522087097168e-02 1.898255944252014160e-02 1.893270015716552734e-02 1.878857612609863281e-02
2.832441989187638454e-01 2.035859227180480957e-02 2.035984396934509277e-02 2.072507143020629883e-02 2.031382918357849121e-02 2.054551243782043457e-02 2.061349153518676758e-02 2.040794491767883301e-02 2.057686448097229004e-02 2.057108283042907715e-02 2.069562673568725586e-02
2.896969609041517568e-01 -3.296372294425964355e-02 -3.295955061912536621e-02 -3.286519646644592285e-02 -3.301668167114257812e-02 -3.294724225997924805e-02 -3.289970755577087402e-02 -3.292322158813476562e-02 -3.287979960441589355e-02 -3.289428353309631348e-02 -3.286245465278625488e-02
2.961497228895396683e-01 2.588063478469848633e-03 2.642482519149780273e-03 2.178788185119628906e-03 2.721160650253295898e-03 2.472341060638427734e-03 2.391010522842407227e-03 2.551645040512084961e-03 2.365231513977050781e-03 2.354502677917480469e-03 2.224087715148925781e-03
3.026024848749275242e-01 2.583548426628112793e-02 2.578893303871154785e-02 2.602100372314453125e-02 2.575978636741638184e-02 2.589118480682373047e-02 2.592611312866210938e-02 2.584549784660339355e-02 2.594020962715148926e-02 2.592250704765319824e-02 2.603483200073242188e-02
3.090552468603154357e-01 -2.143546938896179199e-02 -2.140083909034729004e-02 -2.118355035781860352e-02 -2.148440480232238770e-02 -2.130997180938720703e-02 -2.124059200286865234e-02 -2.131652832031250000e-02 -2.123689651489257812e-02 -2.128708362579345703e-02 -2.116551995277404785e-02
3.155080088457033471e-01 -1.292911171913146973e-02 -1.293799281120300293e-02 -1.321557164192199707e-02 -1.282975077629089355e-02 -1.306506991386413574e-02 -1.306542754173278809e-02 -1.292586326599121094e-02 -1.306843757629394531e-02 -1.306876540184020996e-02 -1.320740580558776855e-02
3.219607708310912586e-01 2.527531981468200684e-02 2.526149153709411621e-02 2.524811029434204102e-02 2.527576684951782227e-02 2.527353167533874512e-02 2.528101205825805664e-02 2.527570724487304688e-02 2.526077628135681152e-02 2.525421977043151855e-02 2.525338530540466309e-02
3.284135328164791701e-01 -4.338204860687255859e-03 -4.318505525588989258e-03 -4.124134778976440430e-03 -4.378855228424072266e-03 -4.200100898742675781e-03 -4.144370555877685547e-03 -4.261046648025512695e-03 -4.160821437835693359e-03 -4.190087318420410156e-03 -4.124850034713745117e-03
3.348662948018670260e-01 -1.950278878211975098e-02 -1.948323845863342285e-02 -1.954504847526550293e-02 -1.948589086532592773e-02 -1.950395107269287109e-02 -1.951488852500915527e-02 -1.947450637817382812e-02 -1.953244209289550781e-02 -1.951560378074645996e-02 -1.956397294998168945e-02
3.413190567872549375e-01 1.329982280731201172e-02 1.326459646224975586e-02 1.311212778091430664e-02 1.330462098121643066e-02 1.321053504943847656e-02 1.319131255149841309e-02 1.325190067291259766e-02 1.317465305328369141e-02 1.322302222251892090e-02 1.311615109443664551e-02
3.477718187726428489e-01 1.038646697998046875e-02 1.038455963134765625e-02 1.053768396377563477e-02 1.036483049392700195e-02 1.044476032257080078e-02 1.050093770027160645e-02 1.042231917381286621e-02 1.050955057144165039e-02 1.046893000602722168e-02 1.051187515258789062e-02
3.542245807580307604e-01 -1.555776596069335938e-02 -1.556405425071716309e-02 -1.546168327331542969e-02 -1.557156443595886230e-02 -1.550436019897460938e-02 -1.548901200294494629e-02 -1.552438735961914062e-02 -1.550549268722534180e-02 -1.547816395759582520e-02 -1.546502113342285156e-02
3.606773427434186718e-01 -1.414179801940917969e-03 -1.399546861648559570e-03 -1.607149839401245117e-03 -1.375883817672729492e-03 -1.476824283599853516e-03 -1.544922590255737305e-03 -1.437604427337646484e-03 -1.539528369903564453e-03 -1.477092504501342773e-03 -1.566022634506225586e-03
3.671301047288065833e-01 1.556563377380371094e-02 1.554292440414428711e-02 1.556789875030517578e-02 1.554986834526062012e-02 1.557382941246032715e-02 1.555731892585754395e-02 1.556554436683654785e-02 1.555210351943969727e-02 1.553994417190551758e-02 1.556849479675292969e-02
3.735828667141944948e-01 -6.021142005920410156e-03 -6.035715341567993164e-03 -5.829751491546630859e-03 -6.075650453567504883e-03 -5.975872278213500977e-03 -5.926787853240966797e-03 -5.977302789688110352e-03 -5.892276763916015625e-03 -5.910366773605346680e-03 -5.850762128829956055e-03
3.800356286995824062e-01 -1.101332902908325195e-02 -1.099479198455810547e-02 -1.111087203025817871e-02 -1.096841692924499512e-02 -1.105141639709472656e-02 -1.106119155883789062e-02 -1.099836826324462891e-02 -1.107856631278991699e-02 -1.105871796607971191e-02 -1.112243533134460449e-02
3.864883906849703177e-01 1.313629746437072754e-02 1.312676072120666504e-02 1.299566030502319336e-02 1.314035058021545410e-02 1.305815577507019043e-02 1.305714249610900879e-02 1.306986808776855469e-02 1.302668452262878418e-02 1.306751370429992676e-02 1.301512122154235840e-02
3.929411526703582291e-01 5.757778882980346680e-03 5.730867385864257812e-03 5.927950143814086914e-03 5.718648433685302734e-03 5.804389715194702148e-03 5.839943885803222656e-03 5.788356065750122070e-03 5.847841501235961914e-03 5.813628435134887695e-03 5.902230739593505859e-03
3.993939146557460851e-01 -1.642969250679016113e-02 -1.644140481948852539e-02 -1.640954613685607910e-02 -1.639875769615173340e-02 -1.643273234367370605e-02 -1.641616225242614746e-02 -1.641488075256347656e-02 -1.641991734504699707e-02 -1.641857624053955078e-02 -1.641565561294555664e-02
4.058466766411339965e-01 4.649966955184936523e-03 4.641234874725341797e-03 4.475712776184082031e-03 4.662096500396728516e-03 4.528820514678955078e-03 4.506319761276245117e-03 4.592388868331909180e-03 4.508912563323974609e-03 4.502952098846435547e-03 4.490017890930175781e-03
4.122994386265219080e-01 1.379373669624328613e-02 1.374927163124084473e-02 1.384988427162170410e-02 1.378047466278076172e-02 1.381006836891174316e-02 1.382946968078613281e-02 1.378324627876281738e-02 1.384159922599792480e-02 1.379758119583129883e-02 1.386043429374694824e-02
4.187522006119098195e-01 -1.245400309562683105e-02 -1.243326067924499512e-02 -1.232257485389709473e-02 -1.246008276939392090e-02 -1.239156723022460938e-02 -1.237541437149047852e-02 -1.240462064743041992e-02 -1.234748959541320801e-02 -1.238349080085754395e-02 -1.230618357658386230e-02
4.252049625972976754e-01 -5.826175212860107422e-03 -5.801439285278320312e-03 -5.979299545288085938e-03 -5.804598331451416016e-03 -5.882740020751953125e-03 -5.968660116195678711e-03 -5.872517824172973633e-03 -5.938142538070678711e-03 -5.898058414459228516e-03 -5.953788757324218750e-03
4.316577245826856424e-01 1.483291387557983398e-02 1.484504342079162598e-02 1.481106877326965332e-02 1.484119892120361328e-02 1.482984423637390137e-02 1.482313871383666992e-02 1.484784483909606934e-02 1.483005285263061523e-02 1.481103897094726562e-02 1.481238007545471191e-02
4.381104865680734983e-01 -4.234641790390014648e-03 -4.286557435989379883e-03 -4.071861505508422852e-03 -4.291146993637084961e-03 -4.196286201477050781e-03 -4.152417182922363281e-03 -4.237532615661621094e-03 -4.144191741943359375e-03 -4.174858331680297852e-03 -4.100650548934936523e-03
4.445632485534614098e-01 -1.166543364524841309e-02 -1.163300871849060059e-02 -1.171818375587463379e-02 -1.162120699882507324e-02 -1.169705390930175781e-02 -1.168602705001831055e-02 -1.167687773704528809e-02 -1.169750094413757324e-02 -1.169434189796447754e-02 -1.172673702239990234e-02
4.510160105388493212e-01 1.065197587013244629e-02 1.064410805702209473e-02 1.053762435913085938e-02 1.069059967994689941e-02 1.062691211700439453e-02 1.059335470199584961e-02 1.062822341918945312e-02 1.058098673820495605e-02 1.058277487754821777e-02 1.052638888359069824e-02
4.574687725242372327e-01 2.752512693405151367e-03 2.782762050628662109e-03 2.873450517654418945e-03 2.737969160079956055e-03 2.832323312759399414e-03 2.830535173416137695e-03 2.755224704742431641e-03 2.846986055374145508e-03 2.828538417816162109e-03 2.897173166275024414e-03
4.639215345096251442e-01 -1.209613680839538574e-02 -1.206088066101074219e-02 -1.203724741935729980e-02 -1.206442713737487793e-02 -1.207432150840759277e-02 -1.207467913627624512e-02 -1.206859946250915527e-02 -1.206418871879577637e-02 -1.205620169639587402e-02 -1.205492019653320312e-02
4.703742964950130556e-01 2.338021993637084961e-03 2.332180738449096680e-03 2.226829528808593750e-03 2.399951219558715820e-03 2.290844917297363281e-03 2.290785312652587891e-03 2.316057682037353516e-03 2.259105443954467773e-03 2.265542745590209961e-03 2.190589904785156250e-03
4.768270584804009671e-01 9.786218404769897461e-03 9.817481040954589844e-03 9.860336780548095703e-03 9.791612625122070312e-03 9.810924530029296875e-03 9.856969118118286133e-03 9.820669889450073242e-03 9.868472814559936523e-03 9.866774082183837891e-03 9.893923997879028320e-03
4.832798204657888230e-01 -8.118242025375366211e-03 -8.119225502014160156e-03 -8.043467998504638672e-03 -8.126944303512573242e-03 -8.065253496170043945e-03 -8.058220148086547852e-03 -8.076220750808715820e-03 -8.044481277465820312e-03 -8.065581321716308594e-03 -8.043497800827026367e-03
4.897325824511767345e-01 -5.669027566909790039e-03 -5.618274211883544922e-03 -5.751103162765502930e-03 -5.669742822647094727e-03 -5.684912204742431641e-03 -5.705565214157104492e-03 -5.638837814331054688e-03 -5.713611841201782227e-03 -5.681931972503662109e-03 -5.752742290496826172e-03
4.961853444365646459e-01 1.016020774841308594e-02 1.017326116561889648e-02 1.014864444732666016e-02 1.017743349075317383e-02 1.015451550483703613e-02 1.016840338706970215e-02 1.017221808433532715e-02 1.016083359718322754e-02 1.015940308570861816e-02 1.015093922615051270e-02
5.026381064219525019e-01 -6.413757801055908203e-04 -6.261467933654785156e-04 -5.220174789428710938e-04 -6.528794765472412109e-04 -6.003081798553466797e-04 -5.638301372528076172e-04 -5.977749824523925781e-04 -5.357861518859863281e-04 -5.553662776947021484e-04 -5.236268043518066406e-04
5.090908684073405244e-01 -9.115159511566162109e-03 -9.101778268814086914e-03 -9.129792451858520508e-03 -9.109914302825927734e-03 -9.130179882049560547e-03 -9.132385253906250000e-03 -9.114980697631835938e-03 -9.131491184234619141e-03 -9.139209985733032227e-03 -9.143084287643432617e-03
5.155436303927283248e-01 6.476640701293945312e-03 6.528913974761962891e-03 6.409347057342529297e-03 6.508827209472656250e-03 6.471425294876098633e-03 6.443530321121215820e-03 6.473720073699951172e-03 6.431788206100463867e-03 6.443768739700317383e-03 6.421774625778198242e-03
5.219963923781163473e-01 5.069226026535034180e-03 5.041450262069702148e-03 5.132883787155151367e-03 5.048900842666625977e-03 5.096286535263061523e-03 5.102902650833129883e-03 5.100041627883911133e-03 5.121082067489624023e-03 5.111217498779296875e-03 5.142927169799804688e-03
5.284491543635041477e-01 -9.302884340286254883e-03 -9.282112121582031250e-03 -9.256899356842041016e-03 -9.296238422393798828e-03 -9.279459714889526367e-03 -9.263217449188232422e-03 -9.263932704925537109e-03 -9.266257286071777344e-03 -9.255439043045043945e-03 -9.236186742782592773e-03
5.349019163488920592e-01 2.318352460861206055e-03 2.300024032592773438e-03 2.225816249847412109e-03 2.327471971511840820e-03 2.269446849822998047e-03 2.279788255691528320e-03 2.314358949661254883e-03 2.241432666778564453e-03 2.258539199829101562e-03 2.209395170211791992e-03
5.413546783342799706e-01 7.570594549179077148e-03 7.542163133621215820e-03 7.600218057632446289e-03 7.559835910797119141e-03 7.588177919387817383e-03 7.602065801620483398e-03 7.591515779495239258e-03 7.611542940139770508e-03 7.584124803543090820e-03 7.608622312545776367e-03
5.478074403196678821e-01 -5.359321832656860352e-03 -5.324244499206542969e-03 -5.271941423416137695e-03 -5.376279354095458984e-03 -5.311369895935058594e-03 -5.303382873535156250e-03 -5.326658487319946289e-03 -5.268394947052001953e-03 -5.289942026138305664e-03 -5.253523588180541992e-03
5.542602023050557936e-01 -3.776520490646362305e-03 -3.778874874114990234e-03 -3.835320472717285156e-03 -3.769099712371826172e-03 -3.803104162216186523e-03 -3.819108009338378906e-03 -3.805190324783325195e-03 -3.849357366561889648e-03 -3.844797611236572266e-03 -3.854453563690185547e-03
5.607129642904437050e-01 7.549643516540527344e-03 7.552504539489746094e-03 7.527202367782592773e-03 7.539153099060058594e-03 7.522761821746826172e-03 7.536739110946655273e-03 7.519572973251342773e-03 7.527649402618408203e-03 7.530331611633300781e-03 7.522433996200561523e-03
5.671657262758316165e-01 1.758337020874023438e-06 -3.007054328918457031e-05 7.602572441101074219e-05 -2.408027648925781250e-05 5.930662155151367188e-06 3.948807716369628906e-05 -1.412630081176757812e-05 5.555152893066406250e-05 1.186132431030273438e-05 6.654858589172363281e-05
5.736184882612194169e-01 -6.274193525314331055e-03 -6.273299455642700195e-03 -6.309390068054199219e-03 -6.277173757553100586e-03 -6.287544965744018555e-03 -6.301045417785644531e-03 -6.270974874496459961e-03 -6.297707557678222656e-03 -6.303906440734863281e-03 -6.308943033218383789e-03
5.800712502466074394e-01 4.071950912475585938e-03 4.063814878463745117e-03 3.991007804870605469e-03 4.077672958374023438e-03 4.050016403198242188e-03 4.035294055938720703e-03 4.068821668624877930e-03 4.020810127258300781e-03 4.027366638183593750e-03 3.993391990661621094e-03
5.865240122319952398e-01 3.717005252838134766e-03 3.721415996551513672e-03 3.782987594604492188e-03 3.721863031387329102e-03 3.753930330276489258e-03 3.764390945434570312e-03 3.724902868270874023e-03 3.755778074264526367e-03 3.780514001846313477e-03 3.784447908401489258e-03
5.929767742173832623e-01 -6.378769874572753906e-03 -6.406217813491821289e-03 -6.371229887008666992e-03 -6.394445896148681641e-03 -6.375759840011596680e-03 -6.387174129486083984e-03 -6.392389535903930664e-03 -6.377607583999633789e-03 -6.370365619659423828e-03 -6.368428468704223633e-03
5.994295362027710627e-01 1.334846019744873047e-04 1.705884933471679688e-04 8.049607276916503906e-05 1.609921455383300781e-04 1.459419727325439453e-04 1.078546047210693359e-04 1.381337642669677734e-04 9.861588478088378906e-05 1.244246959686279297e-04 9.119510650634765625e-05
6.058822981881590852e-01 5.979806184768676758e-03 5.967885255813598633e-03 5.990833044052124023e-03 5.959481000900268555e-03 5.951315164566040039e-03 5.965322256088256836e-03 5.957931280136108398e-03 5.973726511001586914e-03 5.966961383819580078e-03 5.955040454864501953e-03
6.123350601735468857e-01 -4.381805658340454102e-03 -4.381000995635986328e-03 -4.359394311904907227e-03 -4.394739866256713867e-03 -4.363328218460083008e-03 -4.366517066955566406e-03 -4.376441240310668945e-03 -4.342108964920043945e-03 -4.353612661361694336e-03 -4.336178302764892578e-03
6.187878221589347971e-01 -2.931177616119384766e-03 -2.921253442764282227e-03 -2.997696399688720703e-03 -2.915650606155395508e-03 -2.939432859420776367e-03 -2.971321344375610352e-03 -2.926588058471679688e-03 -2.960950136184692383e-03 -2.944856882095336914e-03 -2.979367971420288086e-03
6.252405841443227086e-01 5.161583423614501953e-03 5.125522613525390625e-03 5.130648612976074219e-03 5.167782306671142578e-03 5.131095647811889648e-03 5.134999752044677734e-03 5.123674869537353516e-03 5.106389522552490234e-03 5.125284194946289062e-03 5.113273859024047852e-03
6.316933461297106200e-01 -1.967251300811767578e-04 -1.988410949707031250e-04 -1.490414142608642578e-04 -2.202689647674560547e-04 -1.781880855560302734e-04 -1.654028892517089844e-04 -1.823902130126953125e-04 -1.398026943206787109e-04 -1.463592052459716797e-04 -1.288056373596191406e-04
6.381461081150985315e-01 -4.989683628082275391e-03 -5.007922649383544922e-03 -5.027800798416137695e-03 -4.973113536834716797e-03 -5.006790161132812500e-03 -5.018800497055053711e-03 -5.000084638595581055e-03 -5.004465579986572266e-03 -4.993885755538940430e-03 -5.024194717407226562e-03
6.445988701004864430e-01 2.579241991043090820e-03 2.599835395812988281e-03 2.557158470153808594e-03 2.599954605102539062e-03 2.569913864135742188e-03 2.562910318374633789e-03 2.583295106887817383e-03 2.546995878219604492e-03 2.580732107162475586e-03 2.546012401580810547e-03
6.510516320858743544e-01 2.500951290130615234e-03 2.476602792739868164e-03 2.541601657867431641e-03 2.481639385223388672e-03 2.504944801330566406e-03 2.526730298995971680e-03 2.500474452972412109e-03 2.528011798858642578e-03 2.524882555007934570e-03 2.526342868804931641e-03
6.575043940712622659e-01 -4.307091236114501953e-03 -4.280418157577514648e-03 -4.271328449249267578e-03 -4.297554492950439453e-03 -4.291415214538574219e-03 -4.294097423553466797e-03 -4.301488399505615234e-03 -4.273116588592529297e-03 -4.269301891326904297e-03 -4.261016845703125000e-03
6.639571560566501773e-01 -3.916025161743164062e-05 -1.549720764160156250e-05 -7.328391075134277344e-05 -1.212954521179199219e-05 -4.732608795166015625e-05 -6.416440010070800781e-05 -2.551078796386718750e-05 -5.254149436950683594e-05 -5.683302879333496094e-05 -6.723403930664062500e-05
6.704099180420379778e-01 4.002779722213745117e-03 4.004985094070434570e-03 4.016399383544921875e-03 3.991812467575073242e-03 4.000931978225708008e-03 4.027456045150756836e-03 4.007816314697265625e-03 4.015326499938964844e-03 4.002958536148071289e-03 4.003882408142089844e-03
6.768626800274260003e-01 -2.241671085357666016e-03 -2.264499664306640625e-03 -2.214044332504272461e-03 -2.260714769363403320e-03 -2.251833677291870117e-03 -2.239137887954711914e-03 -2.253174781799316406e-03 -2.229511737823486328e-03 -2.247035503387451172e-03 -2.216905355453491211e-03
6.833154420128139117e-01 -2.245634794235229492e-03 -2.245008945465087891e-03 -2.267539501190185547e-03 -2.223104238510131836e-03 -2.231389284133911133e-03 -2.248615026473999023e-03 -2.232789993286132812e-03 -2.248913049697875977e-03 -2.245783805847167969e-03 -2.269148826599121094e-03
6.897682039982017121e-01 3.444939851760864258e-03 3.455609083175659180e-03 3.450661897659301758e-03 3.453165292739868164e-03 3.463357686996459961e-03 3.455519676208496094e-03 3.446608781814575195e-03 3.431648015975952148e-03 3.457248210906982422e-03 3.449290990829467773e-03
6.962209659835896236e-01 -7.784366607666015625e-05 -8.344650268554687500e-05 -2.712011337280273438e-05 -8.693337440490722656e-05 -5.897879600524902344e-05 -4.571676254272460938e-05 -6.079673767089843750e-05 -4.616379737854003906e-05 -5.358457565307617188e-05 -3.784894943237304688e-05
7.026737279689775351e-01 -2.892822027206420898e-03 -2.882778644561767578e-03 -2.903759479522705078e-03 -2.905547618865966797e-03 -2.889871597290039062e-03 -2.898067235946655273e-03 -2.900570631027221680e-03 -2.886593341827392578e-03 -2.897620201110839844e-03 -2.893179655075073242e-03
7.091264899543654465e-01 1.500815153121948242e-03 1.513183116912841797e-03 1.486986875534057617e-03 1.522123813629150391e-03 1.507550477981567383e-03 1.487344503402709961e-03 1.503556966781616211e-03 1.476824283599853516e-03 1.490950584411621094e-03 1.470327377319335938e-03
7.155792519397533580e-01 1.952767372131347656e-03 1.951903104782104492e-03 1.972675323486328125e-03 1.949429512023925781e-03 1.971095800399780273e-03 1.983284950256347656e-03 1.959562301635742188e-03 1.963734626770019531e-03 1.969337463378906250e-03 1.995116472244262695e-03
7.220320139251412694e-01 -2.311766147613525391e-03 -2.317845821380615234e-03 -2.295523881912231445e-03 -2.322912216186523438e-03 -2.304494380950927734e-03 -2.316415309906005859e-03 -2.317905426025390625e-03 -2.307176589965820312e-03 -2.313166856765747070e-03 -2.305269241333007812e-03
7.284847759105291809e-01 -3.605186939239501953e-04 -3.598630428314208984e-04 -3.908276557922363281e-04 -3.714561462402343750e-04 -3.687441349029541016e-04 -3.864765167236328125e-04 -3.741383552551269531e-04 -3.796815872192382812e-04 -3.760457038879394531e-04 -3.966093063354492188e-04
7.349375378959170924e-01 2.575069665908813477e-03 2.553045749664306641e-03 2.566844224929809570e-03 2.568691968917846680e-03 2.579450607299804688e-03 2.585589885711669922e-03 2.576559782028198242e-03 2.570480108261108398e-03 2.575933933258056641e-03 2.549827098846435547e-03
7.413902998813050038e-01 -9.058415889739990234e-04 -9.129941463470458984e-04 -8.828341960906982422e-04 -9.298026561737060547e-04 -9.047389030456542969e-04 -8.982121944427490234e-04 -9.042918682098388672e-04 -8.892416954040527344e-04 -8.985996246337890625e-04 -8.829534053802490234e-04
7.478430618666929153e-01 -2.095788717269897461e-03 -2.102226018905639648e-03 -2.114266157150268555e-03 -2.105921506881713867e-03 -2.106070518493652344e-03 -2.119034528732299805e-03 -2.093851566314697266e-03 -2.111136913299560547e-03 -2.100735902786254883e-03 -2.111345529556274414e-03
7.542958238520808267e-01 1.882165670394897461e-03 1.869291067123413086e-03 1.855224370956420898e-03 1.885473728179931641e-03 1.865655183792114258e-03 1.868158578872680664e-03 1.886516809463500977e-03 1.856505870819091797e-03 1.881599426269531250e-03 1.871138811111450195e-03
7.607485858374687382e-01 7.825493812561035156e-04 7.717311382293701172e-04 8.009672164916992188e-04 7.650256156921386719e-04 7.805526256561279297e-04 7.873177528381347656e-04 7.759630680084228516e-04 8.009076118469238281e-04 7.823109626770019531e-04 7.971227169036865234e-04
7.672013478228566496e-01 -2.288430929183959961e-03 -2.293109893798828125e-03 -2.293825149536132812e-03 -2.280622720718383789e-03 -2.292215824127197266e-03 -2.313703298568725586e-03 -2.290964126586914062e-03 -2.269208431243896484e-03 -2.302199602127075195e-03 -2.300888299942016602e-03
7.736541098082445611e-01 9.848773479461669922e-04 1.003026962280273438e-03 9.670257568359375000e-04 9.953081607818603516e-04 9.742975234985351562e-04 9.754300117492675781e-04 9.811222553253173828e-04 9.703338146209716797e-04 9.833276271820068359e-04 9.629130363464355469e-04
7.801068717936323615e-01 1.942515373229980469e-03 1.929253339767456055e-03 1.946717500686645508e-03 1.940548419952392578e-03 1.926392316818237305e-03 1.929968595504760742e-03 1.934558153152465820e-03 1.943111419677734375e-03 1.943677663803100586e-03 1.929163932800292969e-03
7.865596337790202730e-01 -1.410931348800659180e-03 -1.390099525451660156e-03 -1.386851072311401367e-03 -1.380771398544311523e-03 -1.387566328048706055e-03 -1.381456851959228516e-03 -1.384258270263671875e-03 -1.379936933517456055e-03 -1.383811235427856445e-03 -1.369535923004150391e-03
7.930123957644081845e-01 -5.384087562561035156e-04 -5.261301994323730469e-04 -5.505084991455078125e-04 -5.150139331817626953e-04 -5.442798137664794922e-04 -5.425214767456054688e-04 -5.295574665069580078e-04 -5.228221416473388672e-04 -5.416870117187500000e-04 -5.491971969604492188e-04
7.994651577497960959e-01 1.815378665924072266e-03 1.817405223846435547e-03 1.811385154724121094e-03 1.803368330001831055e-03 1.810520887374877930e-03 1.814275979995727539e-03 1.803547143936157227e-03 1.815319061279296875e-03 1.817017793655395508e-03 1.810878515243530273e-03
8.059179197351840074e-01 -5.848705768585205078e-04 -6.015300750732421875e-04 -5.718767642974853516e-04 -5.989968776702880859e-04 -5.851984024047851562e-04 -5.740821361541748047e-04 -5.856156349182128906e-04 -5.793571472167968750e-04 -5.921423435211181641e-04 -5.713403224945068359e-04
8.123706817205719188e-01 -1.979619264602661133e-03 -1.969218254089355469e-03 -1.975804567337036133e-03 -1.974374055862426758e-03 -1.978188753128051758e-03 -1.982122659683227539e-03 -2.003759145736694336e-03 -1.990556716918945312e-03 -1.981884241104125977e-03 -1.971572637557983398e-03
8.188234437059598303e-01 1.551717519760131836e-03 1.565515995025634766e-03 1.522302627563476562e-03 1.566529273986816406e-03 1.553446054458618164e-03 1.542985439300537109e-03 1.544445753097534180e-03 1.529514789581298828e-03 1.541018486022949219e-03 1.527905464172363281e-03
8.252762056913477418e-01 8.823871612548828125e-04 8.925497531890869141e-04 9.108185768127441406e-04 8.875429630279541016e-04 9.004175662994384766e-04 9.072124958038330078e-04 8.988678455352783203e-04 9.124577045440673828e-04 8.960366249084472656e-04 9.043216705322265625e-04
8.317289676767356532e-01 -2.365112304687500000e-03 -2.356112003326416016e-03 -2.340883016586303711e-03 -2.374261617660522461e-03 -2.354294061660766602e-03 -2.363860607147216797e-03 -2.364277839660644531e-03 -2.365946769714355469e-03 -2.357691526412963867e-03 -2.370774745941162109e-03
8.381817296621235647e-01 6.275475025177001953e-04 6.318986415863037109e-04 5.978941917419433594e-04 6.338059902191162109e-04 6.011426448822021484e-04 6.051063537597656250e-04 6.105005741119384766e-04 6.033778190612792969e-04 6.096661090850830078e-04 5.925595760345458984e-04
8.446344916475114761e-01 1.969158649444580078e-03 1.971930265426635742e-03 1.966744661331176758e-03 1.954525709152221680e-03 1.971095800399780273e-03 1.972615718841552734e-03 1.958101987838745117e-03 1.966059207916259766e-03 1.970946788787841797e-03 1.991182565689086914e-03
8.510872536328993876e-01 -1.664102077484130859e-03 -1.667290925979614258e-03 -1.669287681579589844e-03 -1.674979925155639648e-03 -1.652896404266357422e-03 -1.653403043746948242e-03 -1.656949520111083984e-03 -1.651495695114135742e-03 -1.652806997299194336e-03 -1.660823822021484375e-03
8.575400156182872990e-01 -1.023918390274047852e-03 -9.988248348236083984e-04 -1.019388437271118164e-03 -9.937584400177001953e-04 -1.011908054351806641e-03 -1.022666692733764648e-03 -1.010417938232421875e-03 -1.020878553390502930e-03 -1.024156808853149414e-03 -1.023650169372558594e-03
8.639927776036752105e-01 2.038180828094482422e-03 2.045273780822753906e-03 2.035826444625854492e-03 2.048194408416748047e-03 2.035111188888549805e-03 2.044439315795898438e-03 2.048373222351074219e-03 2.024173736572265625e-03 2.049446105957031250e-03 2.033114433288574219e-03
8.704455395890630109e-01 -7.635354995727539062e-04 -7.583796977996826172e-04 -7.258951663970947266e-04 -7.613599300384521484e-04 -7.394254207611083984e-04 -7.419288158416748047e-04 -7.615685462951660156e-04 -7.462501525878906250e-04 -7.447004318237304688e-04 -7.460415363311767578e-04
8.768983015744509224e-01 -1.947373151779174805e-03 -1.920431852340698242e-03 -1.942515373229980469e-03 -1.935690641403198242e-03 -1.938760280609130859e-03 -1.941442489624023438e-03 -1.929610967636108398e-03 -1.944810152053833008e-03 -1.940369606018066406e-03 -1.943528652191162109e-03
8.833510635598388339e-01 2.221316099166870117e-03 2.221524715423583984e-03 2.188116312026977539e-03 2.228289842605590820e-03 2.215623855590820312e-03 2.220839262008666992e-03 2.231538295745849609e-03 2.212464809417724609e-03 2.214789390563964844e-03 2.201616764068603516e-03
8.898038255452267453e-01 5.653798580169677734e-04 5.724430084228515625e-04 6.101727485656738281e-04 5.753636360168457031e-04 5.796253681182861328e-04 5.917549133300781250e-04 5.790293216705322266e-04 5.905330181121826172e-04 5.988776683807373047e-04 5.955994129180908203e-04
8.962565875306146568e-01 -2.991735935211181641e-03 -2.983570098876953125e-03 -2.978354692459106445e-03 -3.002077341079711914e-03 -3.003656864166259766e-03 -2.994418144226074219e-03 -2.974539995193481445e-03 -2.971976995468139648e-03 -3.013283014297485352e-03 -2.970904111862182617e-03
9.027093495160025682e-01 2.120703458786010742e-03 2.138108015060424805e-03 2.094119787216186523e-03 2.145826816558837891e-03 2.126187086105346680e-03 2.117455005645751953e-03 2.135276794433593750e-03 2.115696668624877930e-03 2.127677202224731445e-03 2.110570669174194336e-03
9.091621115013904797e-01 1.343101263046264648e-03 1.329183578491210938e-03 1.370400190353393555e-03 1.337766647338867188e-03 1.346766948699951172e-03 1.354396343231201172e-03 1.352220773696899414e-03 1.359045505523681641e-03 1.333892345428466797e-03 1.373350620269775391e-03
9.156148734867783912e-01 -3.503084182739257812e-03 -3.494977951049804688e-03 -3.490597009658813477e-03 -3.470569849014282227e-03 -3.482311964035034180e-03 -3.479152917861938477e-03 -3.468185663223266602e-03 -3.484815359115600586e-03 -3.472685813903808594e-03 -3.487050533294677734e-03
9.220676354721663026e-01 2.642929553985595703e-03 2.634793519973754883e-03 2.620905637741088867e-03 2.628028392791748047e-03 2.627968788146972656e-03 2.634495496749877930e-03 2.640902996063232422e-03 2.610832452774047852e-03 2.625584602355957031e-03 2.605557441711425781e-03
9.285203974575542141e-01 1.087635755538940430e-03 1.080572605133056641e-03 1.127064228057861328e-03 1.068860292434692383e-03 1.097172498703002930e-03 1.116901636123657227e-03 1.095622777938842773e-03 1.124948263168334961e-03 1.095414161682128906e-03 1.130789518356323242e-03
9.349731594429421255e-01 -3.528982400894165039e-03 -3.511577844619750977e-03 -3.522902727127075195e-03 -3.534436225891113281e-03 -3.516077995300292969e-03 -3.533720970153808594e-03 -3.520250320434570312e-03 -3.515332937240600586e-03 -3.526479005813598633e-03 -3.530263900756835938e-03
9.414259214283300370e-01 2.469748258590698242e-03 2.480387687683105469e-03 2.435952425003051758e-03 2.467900514602661133e-03 2.449899911880493164e-03 2.442538738250732422e-03 2.448916435241699219e-03 2.414971590042114258e-03 2.444118261337280273e-03 2.422720193862915039e-03
9.478786834137179484e-01 1.316457986831665039e-03 1.320779323577880859e-03 1.364231109619140625e-03 1.321315765380859375e-03 1.352578401565551758e-03 1.369863748550415039e-03 1.340836286544799805e-03 1.367151737213134766e-03 1.359283924102783203e-03 1.375377178192138672e-03
9.543314453991058599e-01 -3.946214914321899414e-03 -3.959536552429199219e-03 -3.952562808990478516e-03 -3.964453935623168945e-03 -3.957211971282958984e-03 -3.950059413909912109e-03 -3.937393426895141602e-03 -3.960996866226196289e-03 -3.954678773880004883e-03 -3.968328237533569336e-03
9.607842073844936603e-01 2.811819314956665039e-03 2.807974815368652344e-03 2.763271331787109375e-03 2.822399139404296875e-03 2.791762351989746094e-03 2.785265445709228516e-03 2.795130014419555664e-03 2.784013748168945312e-03 2.804815769195556641e-03 2.771168947219848633e-03
9.672369693698815718e-01 1.201540231704711914e-03 1.190155744552612305e-03 1.228839159011840820e-03 1.200437545776367188e-03 1.221776008605957031e-03 1.243352890014648438e-03 1.218378543853759766e-03 1.247912645339965820e-03 1.217544078826904297e-03 1.238167285919189453e-03
9.736897313552694833e-01 -4.034370183944702148e-03 -4.059582948684692383e-03 -4.038780927658081055e-03 -4.060566425323486328e-03 -4.072755575180053711e-03 -4.057854413986206055e-03 -4.043281078338623047e-03 -4.041790962219238281e-03 -4.066497087478637695e-03 -4.049867391586303711e-03
9.801424933406573947e-01 3.415048122406005859e-03 3.429532051086425781e-03 3.390133380889892578e-03 3.428190946578979492e-03 3.409743309020996094e-03 3.412514925003051758e-03 3.411680459976196289e-03 3.391325473785400391e-03 3.405660390853881836e-03 3.397971391677856445e-03
9.865952553260453062e-01 8.630156517028808594e-04 8.512735366821289062e-04 9.168386459350585938e-04 8.530616760253906250e-04 8.839666843414306641e-04 8.963048458099365234e-04 8.899271488189697266e-04 9.044110774993896484e-04 8.832216262817382812e-04 9.080767631530761719e-04
9.930480173114332176e-01 -4.203259944915771484e-03 -4.200667142868041992e-03 -4.221200942993164062e-03 -4.189074039459228516e-03 -4.183709621429443359e-03 -4.198819398880004883e-03 -4.178583621978759766e-03 -4.208147525787353516e-03 -4.179626703262329102e-03 -4.200488328933715820e-03
9.995007792968211291e-01 3.845363855361938477e-03 3.851205110549926758e-03 3.836572170257568359e-03 3.843575716018676758e-03 3.842175006866455078e-03 3.846973180770874023e-03 3.844738006591796875e-03 3.824383020401000977e-03 3.830492496490478516e-03 3.807604312896728516e-03
1.005953541282209152e+00 3.246068954467773438e-04 3.122985363006591797e-04 3.764331340789794922e-04 3.104209899902343750e-04 3.580152988433837891e-04 3.556609153747558594e-04 3.436803817749023438e-04 3.708004951477050781e-04 3.444850444793701172e-04 3.748536109924316406e-04
1.012406303267596952e+00 -3.519475460052490234e-03 -3.515541553497314453e-03 -3.545880317687988281e-03 -3.534227609634399414e-03 -3.522962331771850586e-03 -3.534317016601562500e-03 -3.524601459503173828e-03 -3.529369831085205078e-03 -3.533959388732910156e-03 -3.522187471389770508e-03
1.018859065252984752e+00 2.929478883743286133e-03 2.950072288513183594e-03 2.926468849182128906e-03 2.945572137832641602e-03 2.918750047683715820e-03 2.915263175964355469e-03 2.935051918029785156e-03 2.914041280746459961e-03 2.914071083068847656e-03 2.907127141952514648e-03
1.025311827238372775e+00 3.933608531951904297e-04 3.852546215057373047e-04 4.387795925140380859e-04 3.935694694519042969e-04 4.202425479888916016e-04 4.352927207946777344e-04 4.042387008666992188e-04 4.368424415588378906e-04 4.265308380126953125e-04 4.364550113677978516e-04
1.031764589223760797e+00 -2.912461757659912109e-03 -2.901643514633178711e-03 -2.931803464889526367e-03 -2.909988164901733398e-03 -2.918004989624023438e-03 -2.915561199188232422e-03 -2.902060747146606445e-03 -2.924501895904541016e-03 -2.911418676376342773e-03 -2.915292978286743164e-03
1.038217351209148598e+00 2.050668001174926758e-03 2.061963081359863281e-03 2.021193504333496094e-03 2.054184675216674805e-03 2.038776874542236328e-03 2.032250165939331055e-03 2.046287059783935547e-03 2.050399780273437500e-03 2.045631408691406250e-03 2.031862735748291016e-03
1.044670113194536398e+00 1.042813062667846680e-03 1.047253608703613281e-03 1.059740781784057617e-03 1.059234142303466797e-03 1.073271036148071289e-03 1.074254512786865234e-03 1.056522130966186523e-03 1.083791255950927734e-03 1.077145338058471680e-03 1.066654920578002930e-03
1.051122875179924421e+00 -2.158671617507934570e-03 -2.175509929656982422e-03 -2.187460660934448242e-03 -2.190500497817993164e-03 -2.206653356552124023e-03 -2.182751893997192383e-03 -2.181172370910644531e-03 -2.162605524063110352e-03 -2.194881439208984375e-03 -2.187967300415039062e-03
1.057575637165312221e+00 6.232857704162597656e-04 6.303191184997558594e-04 6.119906902313232422e-04 6.421506404876708984e-04 6.238520145416259766e-04 6.178915500640869141e-04 6.252825260162353516e-04 6.142854690551757812e-04 6.291568279266357422e-04 6.261765956878662109e-04
1.064028399150700022e+00 8.488297462463378906e-04 8.506476879119873047e-04 8.698701858520507812e-04 8.568465709686279297e-04 8.508563041687011719e-04 8.606910705566406250e-04 8.451342582702636719e-04 8.580386638641357422e-04 8.526146411895751953e-04 8.616447448730468750e-04
1.070481161136088044e+00 -1.157820224761962891e-03 -1.156806945800781250e-03 -1.163780689239501953e-03 -1.159697771072387695e-03 -1.165509223937988281e-03 -1.170635223388671875e-03 -1.162767410278320312e-03 -1.171797513961791992e-03 -1.160562038421630859e-03 -1.159161329269409180e-03
1.076933923121476067e+00 4.456043243408203125e-04 4.412829875946044922e-04 4.329979419708251953e-04 4.515647888183593750e-04 4.341900348663330078e-04 4.402101039886474609e-04 4.448294639587402344e-04 4.351437091827392578e-04 4.317760467529296875e-04 4.431903362274169922e-04
1.083386685106863867e+00 4.828572273254394531e-04 4.749894142150878906e-04 4.838705062866210938e-04 4.706978797912597656e-04 4.788041114807128906e-04 4.822909832000732422e-04 4.822313785552978516e-04 4.853010177612304688e-04 4.827976226806640625e-04 4.949867725372314453e-04
1.089839447092251667e+00 -5.166232585906982422e-04 -5.274116992950439453e-04 -5.253851413726806641e-04 -5.387961864471435547e-04 -5.293786525726318359e-04 -5.253553390502929688e-04 -5.255937576293945312e-04 -5.154907703399658203e-04 -5.261600017547607422e-04 -5.193352699279785156e-04
1.096292209077639690e+00 -2.276301383972167969e-04 -2.293884754180908203e-04 -2.415180206298828125e-04 -2.280771732330322266e-04 -2.218186855316162109e-04 -2.191960811614990234e-04 -2.236664295196533203e-04 -2.133548259735107422e-04 -2.249479293823242188e-04 -2.310574054718017578e-04
1.102744971063027712e+00 -1.580119132995605469e-04 -1.630187034606933594e-04 -1.657605171203613281e-04 -1.538991928100585938e-04 -1.573860645294189453e-04 -1.634359359741210938e-04 -1.673102378845214844e-04 -1.634061336517333984e-04 -1.645088195800781250e-04 -1.624226570129394531e-04
1.109197733048415513e+00 4.109740257263183594e-04 4.183948040008544922e-04 4.222095012664794922e-04 4.123747348785400391e-04 4.198551177978515625e-04 4.120171070098876953e-04 4.143714904785156250e-04 4.250407218933105469e-04 4.234015941619873047e-04 4.085302352905273438e-04
1.115650495033803313e+00 -8.256733417510986328e-04 -8.173882961273193359e-04 -8.091330528259277344e-04 -8.015930652618408203e-04 -8.229613304138183594e-04 -8.299648761749267578e-04 -8.262693881988525391e-04 -8.364915847778320312e-04 -8.172392845153808594e-04 -8.129477500915527344e-04
1.122103257019191336e+00 -4.483759403228759766e-04 -3.984272480010986328e-04 -4.182159900665283203e-04 -4.085004329681396484e-04 -4.194974899291992188e-04 -4.329085350036621094e-04 -4.277825355529785156e-04 -4.361569881439208984e-04 -4.201233386993408203e-04 -4.228949546813964844e-04
1.128556019004579358e+00 8.424520492553710938e-04 8.455812931060791016e-04 8.576810359954833984e-04 8.531212806701660156e-04 8.652210235595703125e-04 8.419752120971679688e-04 8.402168750762939453e-04 8.457303047180175781e-04 8.433461189270019531e-04 8.554458618164062500e-04
1.135008780989967159e+00 -6.670057773590087891e-04 -6.585121154785156250e-04 -6.317496299743652344e-04 -6.512403488159179688e-04 -6.380677223205566406e-04 -6.468892097473144531e-04 -6.526708602905273438e-04 -6.542801856994628906e-04 -6.456971168518066406e-04 -6.465017795562744141e-04
1.141461542975354959e+00 -7.304847240447998047e-04 -7.423758506774902344e-04 -7.491409778594970703e-04 -7.337927818298339844e-04 -7.352232933044433594e-04 -7.463395595550537109e-04 -7.376670837402343750e-04 -7.449984550476074219e-04 -7.384717464447021484e-04 -7.525980472564697266e-04
1.147914304960742982e+00 1.156777143478393555e-03 1.143187284469604492e-03 1.147240400314331055e-03 1.156091690063476562e-03 1.157581806182861328e-03 1.150876283645629883e-03 1.146018505096435547e-03 1.152843236923217773e-03 1.148551702499389648e-03 1.145988702774047852e-03
1.154367066946130782e+00 -1.050531864166259766e-04 -8.586049079895019531e-05 -9.390711784362792969e-05 -1.038312911987304688e-04 -8.949637413024902344e-05 -9.995698928833007812e-05 -1.010596752166748047e-04 -9.524822235107421875e-05 -8.672475814819335938e-05 -8.365511894226074219e-05
1.160819828931518582e+00 -8.861422538757324219e-04 -8.764564990997314453e-04 -8.816421031951904297e-04 -8.811354637145996094e-04 -8.901655673980712891e-04 -8.776187896728515625e-04 -8.699595928192138672e-04 -8.913874626159667969e-04 -8.676052093505859375e-04 -8.827745914459228516e-04
1.167272590916906605e+00 7.272064685821533203e-04 7.132589817047119141e-04 7.168948650360107422e-04 7.165074348449707031e-04 7.063448429107666016e-04 7.133483886718750000e-04 7.135570049285888672e-04 7.136464118957519531e-04 7.125139236450195312e-04 6.965100765228271484e-04
1.173725352902294627e+00 2.461671829223632812e-04 2.489089965820312500e-04 2.512931823730468750e-04 2.351403236389160156e-04 2.275109291076660156e-04 2.635121345520019531e-04 2.458393573760986328e-04 2.513825893402099609e-04 2.545416355133056641e-04 2.476274967193603516e-04
1.180178114887682428e+00 -8.548796176910400391e-04 -8.711814880371093750e-04 -8.686184883117675781e-04 -8.631050586700439453e-04 -8.694231510162353516e-04 -8.651614189147949219e-04 -8.596777915954589844e-04 -8.638203144073486328e-04 -8.710026741027832031e-04 -8.645653724670410156e-04
1.186630876873070450e+00 3.969967365264892578e-04 3.974139690399169922e-04 3.890395164489746094e-04 3.969073295593261719e-04 4.065334796905517578e-04 3.989934921264648438e-04 3.858804702758789062e-04 3.981590270996093750e-04 4.020035266876220703e-04 3.958344459533691406e-04
1.193083638858458251e+00 5.762875080108642578e-04 5.821287631988525391e-04 5.960464477539062500e-04 5.799233913421630859e-04 5.658566951751708984e-04 5.882084369659423828e-04 5.752444267272949219e-04 5.893409252166748047e-04 5.792081356048583984e-04 5.813241004943847656e-04
1.199536400843846051e+00 -5.137920379638671875e-04 -5.155801773071289062e-04 -5.115568637847900391e-04 -5.181729793548583984e-04 -5.195438861846923828e-04 -5.082190036773681641e-04 -5.152225494384765625e-04 -5.133152008056640625e-04 -5.085170269012451172e-04 -5.077123641967773438e-04
1.205989162829234074e+00 -1.229941844940185547e-04 -1.206696033477783203e-04 -1.293420791625976562e-04 -1.163482666015625000e-04 -1.230835914611816406e-04 -1.343786716461181641e-04 -1.308619976043701172e-04 -1.347959041595458984e-04 -1.399219036102294922e-04 -1.380145549774169922e-04
1.212441924814621874e+00 4.765987396240234375e-04 4.806220531463623047e-04 4.715323448181152344e-04 4.725456237792968750e-04 4.646778106689453125e-04 4.841089248657226562e-04 4.659295082092285156e-04 4.695355892181396484e-04 4.783272743225097656e-04 4.802644252777099609e-04
1.218894686800009897e+00 1.117587089538574219e-05 -6.765127182006835938e-06 2.416968345642089844e-05 3.486871719360351562e-06 8.940696716308593750e-06 1.731514930725097656e-05 9.685754776000976562e-06 1.645088195800781250e-05 -3.308057785034179688e-06 1.275539398193359375e-05
1.225347448785397697e+00 -3.229081630706787109e-04 -3.284215927124023438e-04 -3.115534782409667969e-04 -3.269016742706298828e-04 -3.156661987304687500e-04 -3.189444541931152344e-04 -3.256499767303466797e-04 -3.250837326049804688e-04 -3.223121166229248047e-04 -3.213584423065185547e-04
1.231800210770785720e+00 2.658665180206298828e-04 2.709329128265380859e-04 2.812743186950683594e-04 2.728998661041259766e-04 2.751648426055908203e-04 2.823472023010253906e-04 2.810955047607421875e-04 2.686977386474609375e-04 2.746880054473876953e-04 2.665519714355468750e-04
1.238252972756173520e+00 1.892149448394775391e-04 1.764595508575439453e-04 1.918077468872070312e-04 1.905858516693115234e-04 1.961290836334228516e-04 1.935362815856933594e-04 1.863837242126464844e-04 1.819729804992675781e-04 1.845657825469970703e-04 1.932680606842041016e-04
1.244705734741561542e+00 -3.624558448791503906e-04 -3.538131713867187500e-04 -3.633201122283935547e-04 -3.621578216552734375e-04 -3.528296947479248047e-04 -3.575086593627929688e-04 -3.604590892791748047e-04 -3.499686717987060547e-04 -3.478825092315673828e-04 -3.614723682403564453e-04
1.251158496726949343e+00 1.364946365356445312e-05 1.737475395202636719e-05 4.291534423828125000e-06 1.224875450134277344e-05 5.483627319335937500e-06 7.539987564086914062e-06 6.735324859619140625e-06 8.255243301391601562e-06 -1.698732376098632812e-06 -3.904104232788085938e-06
1.257611258712337365e+00 3.115534782409667969e-04 3.165304660797119141e-04 3.085136413574218750e-04 3.172457218170166016e-04 3.055930137634277344e-04 3.171265125274658203e-04 3.145039081573486328e-04 3.101229667663574219e-04 3.097355365753173828e-04 3.148615360260009766e-04
1.264064020697725166e+00 -2.030432224273681641e-04 -2.089440822601318359e-04 -1.983642578125000000e-04 -2.072751522064208984e-04 -2.071261405944824219e-04 -2.125501632690429688e-04 -2.001523971557617188e-04 -1.974701881408691406e-04 -2.037584781646728516e-04 -2.041459083557128906e-04
1.270516782683113188e+00 -2.183318138122558594e-04 -2.118349075317382812e-04 -2.207756042480468750e-04 -2.245306968688964844e-04 -2.186596393585205078e-04 -2.206563949584960938e-04 -2.337098121643066406e-04 -2.214610576629638672e-04 -2.179145812988281250e-04 -2.178251743316650391e-04
1.276969544668500989e+00 1.603364944458007812e-04 1.657009124755859375e-04 1.646876335144042969e-04 1.636445522308349609e-04 1.754462718963623047e-04 1.627206802368164062e-04 1.777708530426025391e-04 1.687407493591308594e-04 1.602768898010253906e-04 1.721978187561035156e-04
1.283422306653888789e+00 1.406669616699218750e-04 1.425743103027343750e-04 1.484453678131103516e-04 1.359283924102783203e-04 1.555979251861572266e-04 1.485049724578857422e-04 1.441538333892822266e-04 1.609921455383300781e-04 1.490116119384765625e-04 1.401305198669433594e-04
1.289875068639276812e+00 -2.171099185943603516e-04 -2.198219299316406250e-04 -2.337992191314697266e-04 -2.266168594360351562e-04 -2.319812774658203125e-04 -2.411305904388427734e-04 -2.214610576629638672e-04 -2.249181270599365234e-04 -2.291798591613769531e-04 -2.151131629943847656e-04
1.296327830624664612e+00 -3.844499588012695312e-05 -4.386901855468750000e-05 -3.856420516967773438e-05 -4.637241363525390625e-05 -3.236532211303710938e-05 -4.526972770690917969e-05 -3.507733345031738281e-05 -3.895163536071777344e-05 -3.743171691894531250e-05 -3.787875175476074219e-05
1.302780592610052635e+00 2.906918525695800781e-04 2.916157245635986328e-04 2.832114696502685547e-04 2.837181091308593750e-04 2.859830856323242188e-04 2.962648868560791016e-04 2.774000167846679688e-04 2.883970737457275391e-04 2.773106098175048828e-04 2.843439579010009766e-04
1.309233354595440435e+00 -2.228021621704101562e-04 -2.257525920867919922e-04 -2.340078353881835938e-04 -2.148449420928955078e-04 -2.242922782897949219e-04 -2.229809761047363281e-04 -2.274811267852783203e-04 -2.198815345764160156e-04 -2.123713493347167969e-04 -2.160370349884033203e-04
1.315686116580828458e+00 -1.721978187561035156e-04 -1.649260520935058594e-04 -1.728236675262451172e-04 -1.590251922607421875e-04 -1.684129238128662109e-04 -1.585185527801513672e-04 -1.667439937591552734e-04 -1.757740974426269531e-04 -1.688897609710693359e-04 -1.735985279083251953e-04
1.322138878566216258e+00 3.019273281097412109e-04 2.934634685516357422e-04 2.931058406829833984e-04 2.943575382232666016e-04 2.834796905517578125e-04 2.974867820739746094e-04 2.935230731964111328e-04 2.777278423309326172e-04 2.946555614471435547e-04 2.825260162353515625e-04
1.328591640551604280e+00 1.809000968933105469e-05 1.820921897888183594e-05 2.074241638183593750e-05 1.090764999389648438e-05 2.098083496093750000e-05 2.202391624450683594e-05 2.175569534301757812e-06 2.413988113403320312e-05 1.966953277587890625e-05 2.688169479370117188e-05
1.335044402536992081e+00 -4.206895828247070312e-04 -3.937482833862304688e-04 -4.161000251770019531e-04 -4.180371761322021484e-04 -4.084408283233642578e-04 -4.226267337799072266e-04 -4.110038280487060547e-04 -4.095137119293212891e-04 -4.092156887054443359e-04 -4.119873046875000000e-04
1.341497164522380103e+00 1.991689205169677734e-04 2.074837684631347656e-04 2.197623252868652344e-04 2.057254314422607422e-04 2.056062221527099609e-04 2.213120460510253906e-04 2.140402793884277344e-04 2.038776874542236328e-04 2.062916755676269531e-04 2.194046974182128906e-04
1.347949926507767904e+00 3.047883510589599609e-04 2.765059471130371094e-04 2.887248992919921875e-04 2.943873405456542969e-04 2.887248992919921875e-04 2.841353416442871094e-04 2.874135971069335938e-04 2.817511558532714844e-04 2.904832363128662109e-04 2.852082252502441406e-04
1.354402688493155926e+00 -4.118084907531738281e-04 -4.281699657440185547e-04 -4.018545150756835938e-04 -4.194676876068115234e-04 -4.223883152008056641e-04 -4.216730594635009766e-04 -4.183650016784667969e-04 -4.234015941619873047e-04 -4.014968872070312500e-04 -4.022419452667236328e-04
1.360855450478543727e+00 2.884864807128906250e-05 2.369284629821777344e-05 2.494454383850097656e-05 1.710653305053710938e-05 1.907348632812500000e-05 2.935528755187988281e-05 1.484155654907226562e-05 3.466010093688964844e-05 2.977252006530761719e-05 2.595782279968261719e-05
1.367308212463931749e+00 2.568662166595458984e-04 2.510249614715576172e-04 2.547502517700195312e-04 2.538859844207763672e-04 2.648532390594482422e-04 2.495944499969482422e-04 2.597868442535400391e-04 2.529621124267578125e-04 2.542734146118164062e-04 2.652108669281005859e-04
1.373760974449319550e+00 -2.722442150115966797e-04 -2.780854701995849609e-04 -2.731680870056152344e-04 -2.596378326416015625e-04 -2.772808074951171875e-04 -2.824664115905761719e-04 -2.782344818115234375e-04 -2.746582031250000000e-04 -2.814829349517822266e-04 -2.683103084564208984e-04
1.380213736434707350e+00 -1.457333564758300781e-05 -2.858042716979980469e-05 -3.761053085327148438e-05 -1.773238182067871094e-05 -1.081824302673339844e-05 -1.901388168334960938e-05 -3.337860107421875000e-05 -2.634525299072265625e-05 -2.706050872802734375e-05 -2.783536911010742188e-05
1.386666498420095373e+00 3.507733345031738281e-04 3.539919853210449219e-04 3.380477428436279297e-04 3.432929515838623047e-04 3.372132778167724609e-04 3.404319286346435547e-04 3.336071968078613281e-04 3.477632999420166016e-04 3.430247306823730469e-04 3.547668457031250000e-04
1.393119260405483173e+00 -9.834766387939453125e-05 -9.480118751525878906e-05 -7.960200309753417969e-05 -9.328126907348632812e-05 -8.496642112731933594e-05 -9.381771087646484375e-05 -8.535385131835937500e-05 -9.173154830932617188e-05 -7.271766662597656250e-05 -8.156895637512207031e-05
1.399572022390871195e+00 -2.428889274597167969e-04 -2.282857894897460938e-04 -2.403259277343750000e-04 -2.447068691253662109e-04 -2.339184284210205078e-04 -2.343654632568359375e-04 -2.440214157104492188e-04 -2.402067184448242188e-04 -2.365410327911376953e-04 -2.443492412567138672e-04
1.406024784376258996e+00 3.469586372375488281e-04 3.413856029510498047e-04 3.470182418823242188e-04 3.398954868316650391e-04 3.327429294586181641e-04 3.429353237152099609e-04 3.404319286346435547e-04 3.399252891540527344e-04 3.371834754943847656e-04 3.425478935241699219e-04
1.412477546361647018e+00 -7.027387619018554688e-05 -5.841255187988281250e-05 -5.039572715759277344e-05 -5.620718002319335938e-05 -5.003809928894042969e-05 -5.927681922912597656e-05 -6.511807441711425781e-05 -6.970763206481933594e-05 -6.827712059020996094e-05 -5.817413330078125000e-05
1.418930308347034819e+00 -2.653896808624267578e-04 -2.554953098297119141e-04 -2.650916576385498047e-04 -2.724230289459228516e-04 -2.601146697998046875e-04 -2.806782722473144531e-04 -2.568066120147705078e-04 -2.675056457519531250e-04 -2.635121345520019531e-04 -2.736151218414306641e-04
1.425383070332422841e+00 3.122389316558837891e-04 3.043711185455322266e-04 3.148317337036132812e-04 3.195106983184814453e-04 3.077387809753417969e-04 3.089904785156250000e-04 3.252625465393066406e-04 3.115832805633544922e-04 3.110170364379882812e-04 3.169476985931396484e-04
1.431835832317810642e+00 6.470084190368652344e-05 7.119774818420410156e-05 7.656216621398925781e-05 8.773803710937500000e-05 8.857250213623046875e-05 8.070468902587890625e-05 8.657574653625488281e-05 8.592009544372558594e-05 8.451938629150390625e-05 8.666515350341796875e-05
1.438288594303198664e+00 -3.584027290344238281e-04 -3.527104854583740234e-04 -3.580152988433837891e-04 -3.556311130523681641e-04 -3.763735294342041016e-04 -3.742277622222900391e-04 -3.389120101928710938e-04 -3.514587879180908203e-04 -3.586709499359130859e-04 -3.672838211059570312e-04
1.444741356288586465e+00 1.724362373352050781e-04 1.814365386962890625e-04 1.889467239379882812e-04 1.794099807739257812e-04 1.912117004394531250e-04 1.863539218902587891e-04 1.802146434783935547e-04 1.707375049591064453e-04 1.880228519439697266e-04 1.754164695739746094e-04
1.451194118273974487e+00 1.405179500579833984e-04 1.619756221771240234e-04 1.561939716339111328e-04 1.575350761413574219e-04 1.590549945831298828e-04 1.547336578369140625e-04 1.416504383087158203e-04 1.489520072937011719e-04 1.475214958190917969e-04 1.631975173950195312e-04
1.457646880259362288e+00 -2.171397209167480469e-04 -2.094507217407226562e-04 -2.163052558898925781e-04 -2.080798149108886719e-04 -2.220571041107177734e-04 -2.229809761047363281e-04 -2.205669879913330078e-04 -2.117455005645751953e-04 -2.224445343017578125e-04 -2.203285694122314453e-04
1.464099642244750310e+00 2.128183841705322266e-04 2.127289772033691406e-04 2.130866050720214844e-04 2.007186412811279297e-04 2.149641513824462891e-04 2.206563949584960938e-04 2.185404300689697266e-04 2.174079418182373047e-04 2.143085002899169922e-04 2.029836177825927734e-04
1.470552404230138110e+00 7.495284080505371094e-05 7.814168930053710938e-05 8.013844490051269531e-05 6.726384162902832031e-05 8.007884025573730469e-05 6.893277168273925781e-05 7.709860801696777344e-05 7.954239845275878906e-05 7.382035255432128906e-05 7.900595664978027344e-05
1.477005166215525911e+00 -1.962482929229736328e-04 -1.980662345886230469e-04 -1.875758171081542969e-04 -1.792311668395996094e-04 -1.967251300811767578e-04 -1.949667930603027344e-04 -1.900196075439453125e-04 -1.955628395080566406e-04 -1.956522464752197266e-04 -1.834630966186523438e-04
1.483457928200913933e+00 6.458163261413574219e-05 7.086992263793945312e-05 6.517767906188964844e-05 5.275011062622070312e-05 5.570054054260253906e-05 5.772709846496582031e-05 4.991888999938964844e-05 5.352497100830078125e-05 5.906820297241210938e-05 4.118680953979492188e-05
1.489910690186301734e+00 8.127093315124511719e-05 9.214878082275390625e-05 1.015067100524902344e-04 8.937716484069824219e-05 8.651614189147949219e-05 9.039044380187988281e-05 9.098649024963378906e-05 9.608268737792968750e-05 1.024007797241210938e-04 9.432435035705566406e-05
1.496363452171689756e+00 -1.500248908996582031e-04 -1.541972160339355469e-04 -1.595318317413330078e-04 -1.628994941711425781e-04 -1.510679721832275391e-04 -1.548826694488525391e-04 -1.620352268218994141e-04 -1.565814018249511719e-04 -1.580119132995605469e-04 -1.580715179443359375e-04
1.502816214157077557e+00 8.848309516906738281e-05 8.264183998107910156e-05 7.879734039306640625e-05 8.752942085266113281e-05 9.080767631530761719e-05 8.565187454223632812e-05 8.714199066162109375e-05 8.854269981384277344e-05 7.894635200500488281e-05 7.802248001098632812e-05
1.509268976142465579e+00 5.307793617248535156e-05 4.950165748596191406e-05 5.269050598144531250e-05 4.178285598754882812e-05 3.683567047119140625e-05 5.012750625610351562e-05 5.292892456054687500e-05 5.358457565307617188e-05 4.920363426208496094e-05 3.743171691894531250e-05
1.515721738127853380e+00 -1.089870929718017578e-04 -1.063644886016845703e-04 -1.018345355987548828e-04 -1.127123832702636719e-04 -1.176297664642333984e-04 -1.161396503448486328e-04 -1.271963119506835938e-04 -1.056492328643798828e-04 -1.158714294433593750e-04 -1.074373722076416016e-04
1.522174500113241402e+00 7.998943328857421875e-05 8.648633956909179688e-05 8.696317672729492188e-05 8.341670036315917969e-05 9.322166442871093750e-05 7.051229476928710938e-05 9.527802467346191406e-05 9.500980377197265625e-05 9.274482727050781250e-05 8.049607276916503906e-05
1.528627262098629203e+00 4.065036773681640625e-05 3.337860107421875000e-05 3.847479820251464844e-05 4.220008850097656250e-05 4.151463508605957031e-05 3.337860107421875000e-05 3.388524055480957031e-05 3.150105476379394531e-05 3.263354301452636719e-05 2.351403236389160156e-05
1.535080024084017225e+00 -7.879734039306640625e-05 -7.975101470947265625e-05 -8.034706115722656250e-05 -8.592009544372558594e-05 -7.674098014831542969e-05 -8.326768875122070312e-05 -8.344650268554687500e-05 -8.314847946166992188e-05 -7.617473602294921875e-05 -8.636713027954101562e-05
1.541532786069405025e+00 2.160668373107910156e-05 3.558397293090820312e-05 3.427267074584960938e-05 3.778934478759765625e-05 3.319978713989257812e-05 2.261996269226074219e-05 3.385543823242187500e-05 4.166364669799804688e-05 3.081560134887695312e-05 2.580881118774414062e-05
1.547985548054793048e+00 4.982948303222656250e-05 5.525350570678710938e-05 6.049871444702148438e-05 5.632638931274414062e-05 6.636977195739746094e-05 5.391240119934082031e-05 5.003809928894042969e-05 5.897879600524902344e-05 5.942583084106445312e-05 6.499886512756347656e-05
1.554438310040180848e+00 -6.544589996337890625e-05 -5.775690078735351562e-05 -5.832314491271972656e-05 -5.561113357543945312e-05 -5.653500556945800781e-05 -6.306171417236328125e-05 -6.157159805297851562e-05 -6.121397018432617188e-05 -6.124377250671386719e-05 -5.754828453063964844e-05
1.560891072025568649e+00 3.167986869812011719e-05 2.953410148620605469e-05 2.294778823852539062e-05 2.765655517578125000e-05 1.606345176696777344e-05 2.533197402954101562e-05 1.391768455505371094e-05 2.595782279968261719e-05 2.899765968322753906e-05 2.861022949218750000e-05
1.567343834010956671e+00 4.094839096069335938e-05 4.276633262634277344e-05 3.573298454284667969e-05 4.678964614868164062e-05 4.437565803527832031e-05 4.714727401733398438e-05 5.045533180236816406e-05 4.521012306213378906e-05 4.702806472778320312e-05 4.169344902038574219e-05
1.573796595996344472e+00 -5.081295967102050781e-05 -5.990266799926757812e-05 -3.525614738464355469e-05 -3.418326377868652344e-05 -4.264712333679199219e-05 -5.072355270385742188e-05 -5.346536636352539062e-05 -5.581974983215332031e-05 -5.009770393371582031e-05 -3.466010093688964844e-05
1.580249357981732494e+00 -3.299117088317871094e-05 -2.512335777282714844e-05 -2.631545066833496094e-05 -3.266334533691406250e-05 -3.367662429809570312e-05 -3.334879875183105469e-05 -2.449750900268554688e-05 -3.275275230407714844e-05 -2.503395080566406250e-05 -1.704692840576171875e-05
1.586702119967120295e+00 2.977252006530761719e-05 2.533197402954101562e-05 2.139806747436523438e-05 3.507733345031738281e-05 2.202391624450683594e-05 2.881884574890136719e-05 1.838803291320800781e-05 2.357363700866699219e-05 2.950429916381835938e-05 2.491474151611328125e-05
1.593154881952508317e+00 1.820921897888183594e-05 1.603364944458007812e-05 6.377696990966796875e-06 1.975893974304199219e-05 2.485513687133789062e-05 1.063942909240722656e-05 2.363324165344238281e-05 1.356005668640136719e-05 1.373887062072753906e-05 2.682209014892578125e-05
1.599607643937896118e+00 -4.470348358154296875e-05 -4.234910011291503906e-05 -3.704428672790527344e-05 -3.951787948608398438e-05 -3.767013549804687500e-05 -5.027651786804199219e-05 -4.184246063232421875e-05 -4.309415817260742188e-05 -3.749132156372070312e-05 -4.440546035766601562e-05
1.606060405923284140e+00 1.820921897888183594e-05 2.500414848327636719e-05 2.530217170715332031e-05 2.604722976684570312e-05 2.363324165344238281e-05 3.197789192199707031e-05 2.339482307434082031e-05 2.852082252502441406e-05 1.892447471618652344e-05 3.081560134887695312e-05
1.612513167908671941e+00 2.753734588623046875e-05 2.050399780273437500e-05 2.756714820861816406e-05 1.463294029235839844e-05 2.741813659667968750e-05 2.956390380859375000e-05 2.327561378479003906e-05 1.993775367736816406e-05 2.968311309814453125e-05 1.925230026245117188e-05
1.618965929894059963e+00 -7.459521293640136719e-05 -6.818771362304687500e-05 -8.916854858398437500e-05 -7.396936416625976562e-05 -7.143616676330566406e-05 -8.520483970642089844e-05 -8.359551429748535156e-05 -7.331371307373046875e-05 -8.404254913330078125e-05 -7.373094558715820312e-05
1.625418691879447763e+00 5.665421485900878906e-05 6.616115570068359375e-05 6.306171417236328125e-05 5.745887756347656250e-05 6.645917892456054688e-05 5.432963371276855469e-05 5.877017974853515625e-05 4.860758781433105469e-05 5.385279655456542969e-05 5.319714546203613281e-05
1.631871453864835786e+00 1.576542854309082031e-05 1.627206802368164062e-05 2.181529998779296875e-05 1.716613769531250000e-05 2.205371856689453125e-05 1.913309097290039062e-05 1.055002212524414062e-05 1.472234725952148438e-05 2.086162567138671875e-05 2.354383468627929688e-05
1.638324215850223586e+00 -5.444884300231933594e-05 -6.029009819030761719e-05 -6.565451622009277344e-05 -4.643201828002929688e-05 -5.653500556945800781e-05 -6.502866744995117188e-05 -5.456805229187011719e-05 -6.300210952758789062e-05 -5.549192428588867188e-05 -6.034970283508300781e-05
1.644776977835611609e+00 3.764033317565917969e-05 5.295872688293457031e-05 4.538893699645996094e-05 4.065036773681640625e-05 4.431605339050292969e-05 4.130601882934570312e-05 3.758072853088378906e-05 4.309415817260742188e-05 3.632903099060058594e-05 4.184246063232421875e-05
1.651229739820999409e+00 2.408027648925781250e-05 3.349781036376953125e-05 3.418326377868652344e-05 1.278519630432128906e-05 3.570318222045898438e-05 2.375245094299316406e-05 3.853440284729003906e-05 4.333257675170898438e-05 3.808736801147460938e-05 3.305077552795410156e-05
1.657682501806387210e+00 -2.399086952209472656e-05 -1.311302185058593750e-05 -1.603364944458007812e-05 -9.864568710327148438e-06 -1.606345176696777344e-05 -1.135468482971191406e-05 -1.031160354614257812e-05 -1.004338264465332031e-05 -1.192092895507812500e-05 -1.284480094909667969e-05
1.664135263791775232e+00 4.950165748596191406e-05 3.138184547424316406e-05 3.880262374877929688e-05 4.917383193969726562e-05 2.309679985046386719e-05 3.719329833984375000e-05 3.692507743835449219e-05 4.240870475769042969e-05 3.457069396972656250e-05 3.203749656677246094e-05
1.670588025777163033e+00 -3.701448440551757812e-05 -1.752376556396484375e-05 -2.497434616088867188e-05 -4.401803016662597656e-05 -2.276897430419921875e-05 -2.604722976684570312e-05 -3.179907798767089844e-05 -3.889203071594238281e-05 -3.209710121154785156e-05 -2.574920654296875000e-05
1.677040787762551055e+00 -1.342594623565673828e-04 -1.310408115386962891e-04 -1.246631145477294922e-04 -1.291334629058837891e-04 -1.266598701477050781e-04 -1.182258129119873047e-04 -1.310110092163085938e-04 -1.279413700103759766e-04 -1.252889633178710938e-04 -1.240372657775878906e-04
1.683493549747938856e+00 6.502866744995117188e-05 7.984042167663574219e-05 7.474422454833984375e-05 9.301304817199707031e-05 7.495284080505371094e-05 9.089708328247070312e-05 8.144974708557128906e-05 7.718801498413085938e-05 8.305907249450683594e-05 7.238984107971191406e-05
1.689946311733326878e+00 1.554489135742187500e-04 1.468658447265625000e-04 1.516342163085937500e-04 1.432001590728759766e-04 1.488327980041503906e-04 1.534521579742431641e-04 1.479685306549072266e-04 1.426935195922851562e-04 1.534819602966308594e-04 1.501441001892089844e-04
1.696399073718714678e+00 -3.328919410705566406e-05 -2.840161323547363281e-05 -2.652406692504882812e-05 -2.974271774291992188e-05 -2.649426460266113281e-05 -2.974271774291992188e-05 -2.801418304443359375e-05 -2.926588058471679688e-05 -3.704428672790527344e-05 -3.302097320556640625e-05
1.702851835704102701e+00 -1.531839370727539062e-05 -2.494454383850097656e-05 -3.239512443542480469e-05 -3.007054328918457031e-05 -3.093481063842773438e-05 -2.017617225646972656e-05 -1.531839370727539062e-05 -2.348423004150390625e-05 -2.500414848327636719e-05 -3.361701965332031250e-05
1.709304597689490501e+00 6.616115570068359375e-05 7.042288780212402344e-05 6.884336471557617188e-05 7.310509681701660156e-05 7.048249244689941406e-05 7.081031799316406250e-05 7.325410842895507812e-05 6.237626075744628906e-05 7.170438766479492188e-05 6.169080734252929688e-05
1.715757359674878524e+00 -4.479289054870605469e-05 -2.804398536682128906e-05 -3.737211227416992188e-05 -2.494454383850097656e-05 -4.598498344421386719e-05 -3.620982170104980469e-05 -3.346800804138183594e-05 -2.145767211914062500e-05 -2.926588058471679688e-05 -3.167986869812011719e-05
1.722210121660266324e+00 -8.276104927062988281e-05 -8.291006088256835938e-05 -8.153915405273437500e-05 -8.592009544372558594e-05 -8.156895637512207031e-05 -8.994340896606445312e-05 -7.879734039306640625e-05 -8.177757263183593750e-05 -9.152293205261230469e-05 -8.696317672729492188e-05
1.728662883645654347e+00 8.302927017211914062e-05 8.681416511535644531e-05 8.520483970642089844e-05 9.050965309143066406e-05 9.068846702575683594e-05 1.061856746673583984e-04 9.021162986755371094e-05 9.483098983764648438e-05 9.241700172424316406e-05 9.757280349731445312e-05
1.735115645631042147e+00 1.251697540283203125e-06 -6.407499313354492188e-06 5.364418029785156250e-06 3.337860107421875000e-06 1.341104507446289062e-06 -6.198883056640625000e-06 -8.940696716308593750e-07 9.387731552124023438e-06 6.556510925292968750e-06 3.546476364135742188e-06
1.741568407616429948e+00 -7.489323616027832031e-05 -7.063150405883789062e-05 -7.009506225585937500e-05 -8.603930473327636719e-05 -7.805228233337402344e-05 -7.858872413635253906e-05 -6.896257400512695312e-05 -7.000565528869628906e-05 -7.352232933044433594e-05 -9.474158287048339844e-05
1.748021169601817970e+00 6.303191184997558594e-05 8.532404899597167969e-05 9.176135063171386719e-05 7.483363151550292969e-05 9.152293205261230469e-05 9.402632713317871094e-05 7.998943328857421875e-05 8.094310760498046875e-05 8.374452590942382812e-05 8.660554885864257812e-05
1.754473931587205771e+00 7.802248001098632812e-05 8.633732795715332031e-05 9.503960609436035156e-05 8.475780487060546875e-05 7.957220077514648438e-05 9.605288505554199219e-05 9.298324584960937500e-05 8.648633956909179688e-05 8.410215377807617188e-05 8.025765419006347656e-05
1.760926693572593793e+00 -7.322430610656738281e-05 -6.598234176635742188e-05 -7.060170173645019531e-05 -8.606910705566406250e-05 -6.905198097229003906e-05 -7.945299148559570312e-05 -7.292628288269042969e-05 -8.270144462585449219e-05 -8.326768875122070312e-05 -7.945299148559570312e-05
1.767379455557981593e+00 8.207559585571289062e-05 9.122490882873535156e-05 9.530782699584960938e-05 8.106231689453125000e-05 7.468461990356445312e-05 9.068846702575683594e-05 9.968876838684082031e-05 9.694695472717285156e-05 8.350610733032226562e-05 8.106231689453125000e-05
1.773832217543369616e+00 8.335709571838378906e-05 8.666515350341796875e-05 6.401538848876953125e-05 7.846951484680175781e-05 8.374452590942382812e-05 8.511543273925781250e-05 7.924437522888183594e-05 7.668137550354003906e-05 8.064508438110351562e-05 8.326768875122070312e-05
1.780284979528757416e+00 -1.127421855926513672e-04 -1.071095466613769531e-04 -1.141428947448730469e-04 -1.146495342254638672e-04 -1.050829887390136719e-04 -1.125633716583251953e-04 -1.087784767150878906e-04 -1.114308834075927734e-04 -9.959936141967773438e-05 -1.110434532165527344e-04
1.786737741514145439e+00 -6.061792373657226562e-05 -5.379319190979003906e-05 -6.517767906188964844e-05 -6.952881813049316406e-05 -5.704164505004882812e-05 -5.921721458435058594e-05 -5.599856376647949219e-05 -6.991624832153320312e-05 -6.771087646484375000e-05 -6.103515625000000000e-05
1.793190503499533239e+00 1.109838485717773438e-04 9.095668792724609375e-05 9.727478027343750000e-05 1.123547554016113281e-04 1.112222671508789062e-04 1.062154769897460938e-04 1.024603843688964844e-04 1.090466976165771484e-04 1.086294651031494141e-04 1.078546047210693359e-04
1.799643265484921262e+00 3.457069396972656250e-05 4.041194915771484375e-05 2.965331077575683594e-05 4.222989082336425781e-05 4.094839096069335938e-05 4.509091377258300781e-05 4.351139068603515625e-05 4.762411117553710938e-05 4.851818084716796875e-05 5.301833152770996094e-05
1.806096027470309062e+00 -3.629922866821289062e-05 -4.550814628601074219e-05 -5.021691322326660156e-05 -3.126263618469238281e-05 -3.099441528320312500e-05 -4.032254219055175781e-05 -4.372000694274902344e-05 -3.936886787414550781e-05 -4.863739013671875000e-05 -4.914402961730957031e-05
1.812548789455697085e+00 1.218020915985107422e-04 1.263916492462158203e-04 1.226365566253662109e-04 1.098513603210449219e-04 1.171231269836425781e-04 1.136958599090576172e-04 1.236200332641601562e-04 1.205205917358398438e-04 1.224279403686523438e-04 1.227557659149169922e-04
1.819001551441084885e+00 -1.630187034606933594e-05 -1.037120819091796875e-05 -1.662969589233398438e-05 -5.513429641723632812e-06 -1.591444015502929688e-05 -2.047419548034667969e-05 -1.826882362365722656e-05 -5.811452865600585938e-06 -7.778406143188476562e-06 -9.626150131225585938e-06
1.825454313426472908e+00 -1.196563243865966797e-04 -1.242458820343017578e-04 -1.150965690612792969e-04 -1.176893711090087891e-04 -1.268684864044189453e-04 -1.128315925598144531e-04 -1.219511032104492188e-04 -1.218020915985107422e-04 -1.121461391448974609e-04 -1.199841499328613281e-04
1.831907075411860708e+00 9.182095527648925781e-05 8.213520050048828125e-05 8.213520050048828125e-05 8.758902549743652344e-05 7.921457290649414062e-05 8.350610733032226562e-05 7.343292236328125000e-05 7.072091102600097656e-05 8.541345596313476562e-05 9.095668792724609375e-05
1.838359837397248508e+00 3.483891487121582031e-05 2.464652061462402344e-05 2.482533454895019531e-05 4.070997238159179688e-05 3.916025161743164062e-05 2.890825271606445312e-05 3.796815872192382812e-05 3.698468208312988281e-05 3.319978713989257812e-05 3.206729888916015625e-05
1.844812599382636531e+00 -1.162886619567871094e-04 -9.748339653015136719e-05 -1.077651977539062500e-04 -1.110732555389404297e-04 -1.031458377838134766e-04 -9.700655937194824219e-05 -1.015067100524902344e-04 -1.180171966552734375e-04 -1.160502433776855469e-04 -1.055896282196044922e-04
1.851265361368024331e+00 7.995963096618652344e-05 6.660819053649902344e-05 7.531046867370605469e-05 8.067488670349121094e-05 8.180737495422363281e-05 8.282065391540527344e-05 7.677078247070312500e-05 8.073449134826660156e-05 8.332729339599609375e-05 7.683038711547851562e-05
1.857718123353412354e+00 4.023313522338867188e-05 5.167722702026367188e-05 4.130601882934570312e-05 3.069639205932617188e-05 2.628564834594726562e-05 2.905726432800292969e-05 4.065036773681640625e-05 3.722310066223144531e-05 3.969669342041015625e-05 4.589557647705078125e-05
1.864170885338800154e+00 -1.032352447509765625e-04 -9.956955909729003906e-05 -9.703636169433593750e-05 -9.882450103759765625e-05 -9.956955909729003906e-05 -9.995698928833007812e-05 -9.986758232116699219e-05 -9.191036224365234375e-05 -9.331107139587402344e-05 -9.313225746154785156e-05
1.870623647324188177e+00 5.576014518737792969e-05 5.546212196350097656e-05 5.435943603515625000e-05 5.429983139038085938e-05 3.829598426818847656e-05 5.015730857849121094e-05 4.076957702636718750e-05 4.336237907409667969e-05 5.108118057250976562e-05 3.561377525329589844e-05
1.877076409309575977e+00 8.225440979003906250e-06 5.692243576049804688e-06 8.463859558105468750e-06 9.357929229736328125e-06 1.055002212524414062e-05 -2.682209014892578125e-07 6.318092346191406250e-06 8.404254913330078125e-06 7.897615432739257812e-06 6.645917892456054688e-06
1.883529171294964000e+00 -8.115172386169433594e-05 -7.903575897216796875e-05 -7.677078247070312500e-05 -8.076429367065429688e-05 -7.942318916320800781e-05 -7.763504981994628906e-05 -8.532404899597167969e-05 -8.115172386169433594e-05 -8.973479270935058594e-05 -7.328391075134277344e-05
1.889981933280351800e+00 2.619624137878417969e-05 3.147125244140625000e-05 3.242492675781250000e-05 3.948807716369628906e-05 4.193186759948730469e-05 3.907084465026855469e-05 2.667307853698730469e-05 5.006790161132812500e-05 3.775954246520996094e-05 2.869963645935058594e-05
1.896434695265739823e+00 -4.231929779052734375e-06 -1.436471939086914062e-05 -1.800060272216796875e-05 -8.046627044677734375e-06 -1.254677772521972656e-05 -9.477138519287109375e-06 -1.114606857299804688e-05 -1.308321952819824219e-05 -1.019239425659179688e-05 -7.987022399902343750e-06
1.902887457251127623e+00 -1.773238182067871094e-05 -9.715557098388671875e-06 -8.881092071533203125e-06 3.427267074584960938e-06 -8.851289749145507812e-06 -1.266598701477050781e-05 -3.725290298461914062e-06 -1.549720764160156250e-05 -8.195638656616210938e-06 1.877546310424804688e-06
1.909340219236515646e+00 5.176663398742675781e-05 5.412101745605468750e-05 5.641579627990722656e-05 4.982948303222656250e-05 5.507469177246093750e-05 5.096197128295898438e-05 5.742907524108886719e-05 4.038214683532714844e-05 4.518032073974609375e-05 4.515051841735839844e-05
1.915792981221903446e+00 -2.875924110412597656e-05 -3.665685653686523438e-05 -3.409385681152343750e-05 -4.747509956359863281e-05 -2.503395080566406250e-05 -2.905726432800292969e-05 -2.744793891906738281e-05 -3.105401992797851562e-05 -3.609061241149902344e-05 -3.758072853088378906e-05
1.922245743207291468e+00 -1.281499862670898438e-05 -2.601742744445800781e-05 -2.276897430419921875e-05 -2.866983413696289062e-05 -1.618266105651855469e-05 -1.731514930725097656e-05 -1.886487007141113281e-05 -2.336502075195312500e-05 -2.244114875793457031e-05 -3.489851951599121094e-05
1.928698505192679269e+00 7.060170173645019531e-05 7.864832878112792969e-05 6.711483001708984375e-05 7.393956184387207031e-05 7.477402687072753906e-05 7.173418998718261719e-05 6.985664367675781250e-05 7.727742195129394531e-05 8.106231689453125000e-05 6.240606307983398438e-05
1.935151267178067069e+00 -1.615285873413085938e-05 -1.668930053710937500e-05 -2.816319465637207031e-05 2.205371856689453125e-06 -9.059906005859375000e-06 -2.014636993408203125e-05 -1.001358032226562500e-05 -1.615285873413085938e-05 -7.599592208862304688e-06 -1.734495162963867188e-05
1.941604029163455092e+00 -4.976987838745117188e-06 -6.675720214843750000e-06 -2.694129943847656250e-05 -1.376867294311523438e-05 -1.069903373718261719e-05 -1.379847526550292969e-05 -1.972913742065429688e-05 -2.163648605346679688e-05 -9.834766387939453125e-06 -2.083182334899902344e-05
1.948056791148842892e+00 8.499622344970703125e-05 9.050965309143066406e-05 8.791685104370117188e-05 8.618831634521484375e-05 7.620453834533691406e-05 7.593631744384765625e-05 8.940696716308593750e-05 8.589029312133789062e-05 9.498000144958496094e-05 9.563565254211425781e-05
1.954509553134230915e+00 -1.081526279449462891e-04 -1.004636287689208984e-04 -1.009106636047363281e-04 -9.420514106750488281e-05 -9.468197822570800781e-05 -9.164214134216308594e-05 -9.247660636901855469e-05 -1.062452793121337891e-04 -9.769201278686523438e-05 -9.265542030334472656e-05
1.960962315119618715e+00 4.589557647705078125e-06 -8.940696716308593750e-08 1.090764999389648438e-05 3.010034561157226562e-06 -5.602836608886718750e-06 2.294778823852539062e-05 5.960464477539062500e-07 2.920627593994140625e-06 1.460313796997070312e-06 2.294778823852539062e-05
1.967415077105006738e+00 9.769201278686523438e-05 8.982419967651367188e-05 9.730458259582519531e-05 8.919835090637207031e-05 1.164078712463378906e-04 1.069009304046630859e-04 8.961558341979980469e-05 8.592009544372558594e-05 8.910894393920898438e-05 9.155273437500000000e-05
1.973867839090394538e+00 -6.055831909179687500e-05 -7.116794586181640625e-05 -7.778406143188476562e-05 -7.012486457824707031e-05 -6.622076034545898438e-05 -7.438659667968750000e-05 -6.157159805297851562e-05 -5.924701690673828125e-05 -8.019804954528808594e-05 -6.452202796936035156e-05
1.980320601075782561e+00 -3.874301910400390625e-05 -3.811717033386230469e-05 -2.649426460266113281e-05 -2.461671829223632812e-05 -2.390146255493164062e-05 -2.375245094299316406e-05 -3.218650817871093750e-05 -2.831220626831054688e-05 -3.316998481750488281e-05 -4.330277442932128906e-05
1.986773363061170361e+00 2.628564834594726562e-05 1.564621925354003906e-05 2.074241638183593750e-05 1.651048660278320312e-05 1.513957977294921875e-05 2.175569534301757812e-05 1.063942909240722656e-05 6.526708602905273438e-06 4.798173904418945312e-06 2.259016036987304688e-05
1.993226125046558384e+00 9.775161743164062500e-06 3.159046173095703125e-06 -3.397464752197265625e-06 -9.447336196899414062e-06 -3.159046173095703125e-06 -5.662441253662109375e-07 4.023313522338867188e-06 -8.344650268554687500e-06 -5.751848220825195312e-06 7.480382919311523438e-06
1.999678887031946184e+00 5.784630775451660156e-05 6.267428398132324219e-05 5.871057510375976562e-05 7.411837577819824219e-05 6.824731826782226562e-05 6.145238876342773438e-05 6.920099258422851562e-05 6.344914436340332031e-05 6.955862045288085938e-05 4.956126213073730469e-05
2.006131649017333984e+00 3.281235694885253906e-05 3.451108932495117188e-05 3.102421760559082031e-05 3.954768180847167969e-05 2.571940422058105469e-05 3.772974014282226562e-05 4.133582115173339844e-05 3.528594970703125000e-05 3.865361213684082031e-05 3.519654273986816406e-05
