# Range[m] 0 1 2 3 4 5 6 7 8 9
1.800000071525573730e-01 -4.583686590194702148e-02 -4.579573869705200195e-02 -4.582670331001281738e-02 -4.550650715827941895e-02 -4.560014605522155762e-02 -4.554986953735351562e-02 -4.549562931060791016e-02 -4.558384418487548828e-02 -4.557228088378906250e-02 -4.546236991882324219e-02
1.864527691379452845e-01 3.543165326118469238e-02 3.559491038322448730e-02 3.560057282447814941e-02 3.581878542900085449e-02 3.575965762138366699e-02 3.576692938804626465e-02 3.580659627914428711e-02 3.575921058654785156e-02 3.567564487457275391e-02 3.561466932296752930e-02
1.929055311233331682e-01 9.846240282058715820e-03 9.675323963165283203e-03 9.682923555374145508e-03 9.254425764083862305e-03 9.379327297210693359e-03 9.411633014678955078e-03 9.306997060775756836e-03 9.510636329650878906e-03 9.529471397399902344e-03 9.472727775573730469e-03
1.993582931087210797e-01 -2.272826433181762695e-02 -2.271723747253417969e-02 -2.272894978523254395e-02 -2.262210845947265625e-02 -2.266353368759155273e-02 -2.268576622009277344e-02 -2.263742685317993164e-02 -2.270841598510742188e-02 -2.272382378578186035e-02 -2.263146638870239258e-02
2.058110550941089911e-01 2.880811691284179688e-03 2.958357334136962891e-03 2.928704023361206055e-03 2.977252006530761719e-03 2.961456775665283203e-03 2.974241971969604492e-03 2.997100353240966797e-03 2.972304821014404297e-03 2.989858388900756836e-03 2.912580966949462891e-03
2.122638170794968748e-01 7.051497697830200195e-03 7.015764713287353516e-03 7.068186998367309570e-03 7.053077220916748047e-03 7.061958312988281250e-03 7.026791572570800781e-03 7.022142410278320312e-03 7.056623697280883789e-03 7.063686847686767578e-03 7.093250751495361328e-03
2.187165790648847863e-01 7.743448019027709961e-03 7.732003927230834961e-03 7.675200700759887695e-03 7.710725069046020508e-03 7.678478956222534180e-03 7.666558027267456055e-03 7.681965827941894531e-03 7.685571908950805664e-03 7.676959037780761719e-03 7.684618234634399414e-03
2.251693410502726977e-01 -1.597589254379272461e-02 -1.599988341331481934e-02 -1.594963669776916504e-02 -1.606160402297973633e-02 -1.609590649604797363e-02 -1.604357361793518066e-02 -1.610380411148071289e-02 -1.607835292816162109e-02 -1.604592800140380859e-02 -1.608219742774963379e-02
2.316221030356606092e-01 -6.158739328384399414e-03 -6.008177995681762695e-03 -6.021350622177124023e-03 -5.916625261306762695e-03 -5.855053663253784180e-03 -5.895793437957763672e-03 -5.767822265625000000e-03 -5.906164646148681641e-03 -5.892574787139892578e-03 -5.872547626495361328e-03
2.380748650210485207e-01 2.636364102363586426e-02 2.640867233276367188e-02 2.635255455970764160e-02 2.641230821609497070e-02 2.637341618537902832e-02 2.632772922515869141e-02 2.637195587158203125e-02 2.635648846626281738e-02 2.636429667472839355e-02 2.638521790504455566e-02
2.445276270064364044e-01 -1.056250929832458496e-02 -1.077118515968322754e-02 -1.068678498268127441e-02 -1.092073321342468262e-02 -1.095905900001525879e-02 -1.094242930412292480e-02 -1.103633642196655273e-02 -1.087439060211181641e-02 -1.081705093383789062e-02 -1.084479689598083496e-02
2.509803889918242881e-01 -2.568128705024719238e-02 -2.553901076316833496e-02 -2.556070685386657715e-02 -2.539148926734924316e-02 -2.544227242469787598e-02 -2.546778321266174316e-02 -2.539235353469848633e-02 -2.546605467796325684e-02 -2.548611164093017578e-02 -2.541270852088928223e-02
2.574331509772121995e-01 2.900946140289306641e-02 2.915826439857482910e-02 2.908697724342346191e-02 2.934530377388000488e-02 2.928915619850158691e-02 2.930298447608947754e-02 2.935850620269775391e-02 2.925059199333190918e-02 2.925533056259155273e-02 2.923041582107543945e-02
2.638859129626001110e-01 5.224466323852539062e-03 4.948318004608154297e-03 4.988729953765869141e-03 4.648655652999877930e-03 4.729121923446655273e-03 4.835009574890136719e-03 4.628986120223999023e-03 4.735022783279418945e-03 4.852056503295898438e-03 4.778742790222167969e-03
2.703386749479880224e-01 -3.788900375366210938e-02 -3.788548707962036133e-02 -3.784680366516113281e-02 -3.780114650726318359e-02 -3.778818249702453613e-02 -3.782787919044494629e-02 -3.779083490371704102e-02 -3.782042860984802246e-02 -3.781616687774658203e-02 -3.779080510139465332e-02
2.767914369333759339e-01 1.977446675300598145e-02 1.991504430770874023e-02 1.986962556838989258e-02 2.022060751914978027e-02 2.015346288681030273e-02 2.015948295593261719e-02 2.024668455123901367e-02 2.009096741676330566e-02 2.006676793098449707e-02 2.009141445159912109e-02
2.832441989187638454e-01 2.055862545967102051e-02 2.035015821456909180e-02 2.040550112724304199e-02 2.012521028518676758e-02 2.016103267669677734e-02 2.021336555480957031e-02 2.007046341896057129e-02 2.021563053131103516e-02 2.022334933280944824e-02 2.017441391944885254e-02
2.896969609041517568e-01 -3.368142247200012207e-02 -3.370910882949829102e-02 -3.373357653617858887e-02 -3.380253911018371582e-02 -3.377187252044677734e-02 -3.375831246376037598e-02 -3.377455472946166992e-02 -3.379082679748535156e-02 -3.376385569572448730e-02 -3.374278545379638672e-02
2.961497228895396683e-01 2.734750509262084961e-03 2.920299768447875977e-03 2.924859523773193359e-03 3.192216157913208008e-03 3.159344196319580078e-03 3.110915422439575195e-03 3.222197294235229492e-03 3.130972385406494141e-03 3.070205450057983398e-03 3.099858760833740234e-03
3.026024848749275242e-01 2.614891529083251953e-02 2.603104710578918457e-02 2.609524130821228027e-02 2.592140436172485352e-02 2.592444419860839844e-02 2.597725391387939453e-02 2.587524056434631348e-02 2.594837546348571777e-02 2.597105503082275391e-02 2.594369649887084961e-02
3.090552468603154357e-01 -2.201756834983825684e-02 -2.217289805412292480e-02 -2.214366197586059570e-02 -2.229273319244384766e-02 -2.228525280952453613e-02 -2.226865291595458984e-02 -2.237501740455627441e-02 -2.221038937568664551e-02 -2.227571606636047363e-02 -2.224001288414001465e-02
3.155080088457033471e-01 -1.305183768272399902e-02 -1.289013028144836426e-02 -1.296135783195495605e-02 -1.274868845939636230e-02 -1.275411248207092285e-02 -1.278400421142578125e-02 -1.269236207008361816e-02 -1.278629899024963379e-02 -1.277756690979003906e-02 -1.278933882713317871e-02
3.219607708310912586e-01 2.578818798065185547e-02 2.580875158309936523e-02 2.579388022422790527e-02 2.579271793365478516e-02 2.579632401466369629e-02 2.580320835113525391e-02 2.580612897872924805e-02 2.582746744155883789e-02 2.578330039978027344e-02 2.578312158584594727e-02
3.284135328164791701e-01 -4.582494497299194336e-03 -4.720300436019897461e-03 -4.690617322921752930e-03 -4.867851734161376953e-03 -4.829317331314086914e-03 -4.850476980209350586e-03 -4.879236221313476562e-03 -4.798114299774169922e-03 -4.800081253051757812e-03 -4.776865243911743164e-03
3.348662948018670260e-01 -1.981616020202636719e-02 -1.979535818099975586e-02 -1.979398727416992188e-02 -1.972982287406921387e-02 -1.973393559455871582e-02 -1.971867680549621582e-02 -1.971337199211120605e-02 -1.973798871040344238e-02 -1.976871490478515625e-02 -1.975300908088684082e-02
3.413190567872549375e-01 1.366078853607177734e-02 1.373833417892456055e-02 1.372289657592773438e-02 1.385918259620666504e-02 1.383993029594421387e-02 1.381468772888183594e-02 1.389089226722717285e-02 1.385024189949035645e-02 1.380637288093566895e-02 1.381307840347290039e-02
3.477718187726428489e-01 1.055985689163208008e-02 1.046448945999145508e-02 1.046106219291687012e-02 1.030799746513366699e-02 1.033559441566467285e-02 1.034772396087646484e-02 1.033169031143188477e-02 1.039662957191467285e-02 1.039975881576538086e-02 1.037299633026123047e-02
3.542245807580307604e-01 -1.599302887916564941e-02 -1.602801680564880371e-02 -1.600965857505798340e-02 -1.607802510261535645e-02 -1.608386635780334473e-02 -1.607823371887207031e-02 -1.609677076339721680e-02 -1.605671644210815430e-02 -1.609092950820922852e-02 -1.604837179183959961e-02
3.606773427434186718e-01 -1.234650611877441406e-03 -1.119881868362426758e-03 -1.148730516433715820e-03 -1.032888889312744141e-03 -1.044452190399169922e-03 -1.104831695556640625e-03 -1.013785600662231445e-03 -1.085489988327026367e-03 -1.065731048583984375e-03 -1.052945852279663086e-03
3.671301047288065833e-01 1.589974761009216309e-02 1.589956879615783691e-02 1.590323448181152344e-02 1.587805151939392090e-02 1.586788892745971680e-02 1.588839292526245117e-02 1.586535573005676270e-02 1.586928963661193848e-02 1.588857173919677734e-02 1.588964462280273438e-02
3.735828667141944948e-01 -6.289154291152954102e-03 -6.403267383575439453e-03 -6.380319595336914062e-03 -6.507545709609985352e-03 -6.460547447204589844e-03 -6.441682577133178711e-03 -6.502687931060791016e-03 -6.466120481491088867e-03 -6.456464529037475586e-03 -6.464540958404541016e-03
3.800356286995824062e-01 -1.104632019996643066e-02 -1.098394393920898438e-02 -1.103886961936950684e-02 -1.091808080673217773e-02 -1.092305779457092285e-02 -1.093044877052307129e-02 -1.090237498283386230e-02 -1.094415783882141113e-02 -1.091441512107849121e-02 -1.094985008239746094e-02
3.864883906849703177e-01 1.356285810470581055e-02 1.363453269004821777e-02 1.360622048377990723e-02 1.365977525711059570e-02 1.365599036216735840e-02 1.366430521011352539e-02 1.368820667266845703e-02 1.364445686340332031e-02 1.365953683853149414e-02 1.364746689796447754e-02
3.929411526703582291e-01 5.691498517990112305e-03 5.604773759841918945e-03 5.653738975524902344e-03 5.519717931747436523e-03 5.513519048690795898e-03 5.546599626541137695e-03 5.490273237228393555e-03 5.530804395675659180e-03 5.525648593902587891e-03 5.538612604141235352e-03
3.993939146557460851e-01 -1.679670810699462891e-02 -1.678699254989624023e-02 -1.678901910781860352e-02 -1.680648326873779297e-02 -1.678636670112609863e-02 -1.677066087722778320e-02 -1.680526137351989746e-02 -1.678743958473205566e-02 -1.679840683937072754e-02 -1.677942276000976562e-02
4.058466766411339965e-01 4.974573850631713867e-03 5.084812641143798828e-03 5.036860704421997070e-03 5.188882350921630859e-03 5.178034305572509766e-03 5.171924829483032227e-03 5.215197801589965820e-03 5.160748958587646484e-03 5.149453878402709961e-03 5.176395177841186523e-03
4.122994386265219080e-01 1.395153999328613281e-02 1.390826702117919922e-02 1.392015814781188965e-02 1.384386420249938965e-02 1.385802030563354492e-02 1.384896039962768555e-02 1.383480429649353027e-02 1.385635137557983398e-02 1.385241746902465820e-02 1.383545994758605957e-02
4.187522006119098195e-01 -1.285508275032043457e-02 -1.291137933731079102e-02 -1.288640499114990234e-02 -1.298004388809204102e-02 -1.296389102935791016e-02 -1.294881105422973633e-02 -1.300904154777526855e-02 -1.297718286514282227e-02 -1.296645402908325195e-02 -1.295137405395507812e-02
4.252049625972976754e-01 -5.768120288848876953e-03 -5.703121423721313477e-03 -5.698919296264648438e-03 -5.531400442123413086e-03 -5.576968193054199219e-03 -5.593687295913696289e-03 -5.542337894439697266e-03 -5.599439144134521484e-03 -5.610585212707519531e-03 -5.587190389633178711e-03
4.316577245826856424e-01 1.519152522087097168e-02 1.519736647605895996e-02 1.518741250038146973e-02 1.520508527755737305e-02 1.521334052085876465e-02 1.521971821784973145e-02 1.520085334777832031e-02 1.520773768424987793e-02 1.519832015037536621e-02 1.517817378044128418e-02
4.381104865680734983e-01 -4.599928855895996094e-03 -4.677057266235351562e-03 -4.675358533859252930e-03 -4.783898591995239258e-03 -4.762887954711914062e-03 -4.726648330688476562e-03 -4.794627428054809570e-03 -4.746109247207641602e-03 -4.750788211822509766e-03 -4.750579595565795898e-03
4.445632485534614098e-01 -1.177397370338439941e-02 -1.174554228782653809e-02 -1.174297928810119629e-02 -1.166927814483642578e-02 -1.165926456451416016e-02 -1.169088482856750488e-02 -1.165863871574401855e-02 -1.168006658554077148e-02 -1.167869567871093750e-02 -1.169189810752868652e-02
4.510160105388493212e-01 1.098212599754333496e-02 1.103270053863525391e-02 1.099973917007446289e-02 1.109129190444946289e-02 1.107907295227050781e-02 1.105418801307678223e-02 1.109424233436584473e-02 1.107487082481384277e-02 1.106104254722595215e-02 1.104995608329772949e-02
4.574687725242372327e-01 2.553552389144897461e-03 2.506673336029052734e-03 2.544939517974853516e-03 2.423912286758422852e-03 2.430528402328491211e-03 2.434641122817993164e-03 2.383500337600708008e-03 2.437531948089599609e-03 2.440631389617919922e-03 2.466201782226562500e-03
4.639215345096251442e-01 -1.235651969909667969e-02 -1.236009597778320312e-02 -1.234811544418334961e-02 -1.235991716384887695e-02 -1.235148310661315918e-02 -1.235830783843994141e-02 -1.233312487602233887e-02 -1.234942674636840820e-02 -1.237431168556213379e-02 -1.233857870101928711e-02
4.703742964950130556e-01 2.594351768493652344e-03 2.683043479919433594e-03 2.629578113555908203e-03 2.745509147644042969e-03 2.706646919250488281e-03 2.718329429626464844e-03 2.768784761428833008e-03 2.712249755859375000e-03 2.682983875274658203e-03 2.707839012145996094e-03
4.768270584804009671e-01 9.917706251144409180e-03 9.877562522888183594e-03 9.917080402374267578e-03 9.839504957199096680e-03 9.839236736297607422e-03 9.819954633712768555e-03 9.830713272094726562e-03 9.865403175354003906e-03 9.879350662231445312e-03 9.871363639831542969e-03
4.832798204657888230e-01 -8.448123931884765625e-03 -8.484065532684326172e-03 -8.455306291580200195e-03 -8.547037839889526367e-03 -8.534133434295654297e-03 -8.532851934432983398e-03 -8.553117513656616211e-03 -8.544832468032836914e-03 -8.528590202331542969e-03 -8.534669876098632812e-03
4.897325824511767345e-01 -5.558490753173828125e-03 -5.535811185836791992e-03 -5.539953708648681641e-03 -5.458325147628784180e-03 -5.487203598022460938e-03 -5.474478006362915039e-03 -5.478918552398681641e-03 -5.483508110046386719e-03 -5.491316318511962891e-03 -5.489230155944824219e-03
4.961853444365646459e-01 1.042041182518005371e-02 1.044651865959167480e-02 1.044711470603942871e-02 1.044273376464843750e-02 1.043885946273803711e-02 1.044821739196777344e-02 1.046544313430786133e-02 1.043546199798583984e-02 1.045688986778259277e-02 1.047062873840332031e-02
5.026381064219525019e-01 -8.104443550109863281e-04 -8.672177791595458984e-04 -8.631944656372070312e-04 -9.761452674865722656e-04 -9.430944919586181641e-04 -9.320676326751708984e-04 -9.828805923461914062e-04 -9.411275386810302734e-04 -9.300410747528076172e-04 -9.554922580718994141e-04
5.090908684073405244e-01 -9.237140417098999023e-03 -9.223610162734985352e-03 -9.220868349075317383e-03 -9.186297655105590820e-03 -9.186178445816040039e-03 -9.209305047988891602e-03 -9.187012910842895508e-03 -9.218573570251464844e-03 -9.234577417373657227e-03 -9.209573268890380859e-03
5.155436303927283248e-01 6.791442632675170898e-03 6.846487522125244141e-03 6.842344999313354492e-03 6.902486085891723633e-03 6.885766983032226562e-03 6.883859634399414062e-03 6.921678781509399414e-03 6.896406412124633789e-03 6.903529167175292969e-03 6.902039051055908203e-03
5.219963923781163473e-01 4.981189966201782227e-03 4.944384098052978516e-03 4.947215318679809570e-03 4.877150058746337891e-03 4.876375198364257812e-03 4.899591207504272461e-03 4.866421222686767578e-03 4.887282848358154297e-03 4.920363426208496094e-03 4.912048578262329102e-03
5.284491543635041477e-01 -9.495258331298828125e-03 -9.532809257507324219e-03 -9.513378143310546875e-03 -9.553909301757812500e-03 -9.531795978546142578e-03 -9.540349245071411133e-03 -9.546995162963867188e-03 -9.547710418701171875e-03 -9.541332721710205078e-03 -9.533315896987915039e-03
5.349019163488920592e-01 2.608716487884521484e-03 2.638518810272216797e-03 2.603471279144287109e-03 2.708464860916137695e-03 2.701729536056518555e-03 2.702027559280395508e-03 2.734422683715820312e-03 2.696961164474487305e-03 2.708673477172851562e-03 2.692013978958129883e-03
5.413546783342799706e-01 7.603555917739868164e-03 7.580071687698364258e-03 7.571011781692504883e-03 7.537424564361572266e-03 7.543057203292846680e-03 7.547259330749511719e-03 7.522791624069213867e-03 7.559239864349365234e-03 7.551878690719604492e-03 7.547199726104736328e-03
5.478074403196678821e-01 -5.609691143035888672e-03 -5.646020174026489258e-03 -5.627095699310302734e-03 -5.680859088897705078e-03 -5.656838417053222656e-03 -5.667805671691894531e-03 -5.700260400772094727e-03 -5.668371915817260742e-03 -5.640298128128051758e-03 -5.666732788085937500e-03
5.542602023050557936e-01 -3.692984580993652344e-03 -3.632575273513793945e-03 -3.673940896987915039e-03 -3.601431846618652344e-03 -3.596425056457519531e-03 -3.566235303878784180e-03 -3.579467535018920898e-03 -3.616154193878173828e-03 -3.630936145782470703e-03 -3.629118204116821289e-03
5.607129642904437050e-01 7.753580808639526367e-03 7.737636566162109375e-03 7.739514112472534180e-03 7.760941982269287109e-03 7.757961750030517578e-03 7.747709751129150391e-03 7.765799760818481445e-03 7.772386074066162109e-03 7.765054702758789062e-03 7.763922214508056641e-03
5.671657262758316165e-01 -2.255141735076904297e-04 -2.562999725341796875e-04 -2.445578575134277344e-04 -3.056228160858154297e-04 -3.081560134887695312e-04 -3.038942813873291016e-04 -3.165006637573242188e-04 -3.059208393096923828e-04 -3.031790256500244141e-04 -2.904236316680908203e-04
5.736184882612194169e-01 -6.358176469802856445e-03 -6.322175264358520508e-03 -6.321340799331665039e-03 -6.285995244979858398e-03 -6.299704313278198242e-03 -6.309330463409423828e-03 -6.296187639236450195e-03 -6.294816732406616211e-03 -6.317645311355590820e-03 -6.322622299194335938e-03
5.800712502466074394e-01 4.282951354980468750e-03 4.297316074371337891e-03 4.313111305236816406e-03 4.366874694824218750e-03 4.352599382400512695e-03 4.334717988967895508e-03 4.359781742095947266e-03 4.338413476943969727e-03 4.342377185821533203e-03 4.346728324890136719e-03
5.865240122319952398e-01 3.630459308624267578e-03 3.623694181442260742e-03 3.613948822021484375e-03 3.549098968505859375e-03 3.579050302505493164e-03 3.591954708099365234e-03 3.554999828338623047e-03 3.598511219024658203e-03 3.593653440475463867e-03 3.610283136367797852e-03
5.929767742173832623e-01 -6.549298763275146484e-03 -6.556302309036254883e-03 -6.556272506713867188e-03 -6.568253040313720703e-03 -6.570786237716674805e-03 -6.568998098373413086e-03 -6.573885679244995117e-03 -6.557404994964599609e-03 -6.584137678146362305e-03 -6.589502096176147461e-03
5.994295362027710627e-01 3.444552421569824219e-04 3.544688224792480469e-04 3.589093685150146484e-04 4.087388515472412109e-04 4.099309444427490234e-04 3.771185874938964844e-04 4.131495952606201172e-04 3.765821456909179688e-04 3.873109817504882812e-04 3.764331340789794922e-04
6.058822981881590852e-01 6.024032831192016602e-03 6.026238203048706055e-03 6.003826856613159180e-03 6.007909774780273438e-03 5.994647741317749023e-03 5.995094776153564453e-03 5.990326404571533203e-03 6.002992391586303711e-03 5.993008613586425781e-03 5.996078252792358398e-03
6.123350601735468857e-01 -4.600673913955688477e-03 -4.607200622558593750e-03 -4.603207111358642578e-03 -4.651516675949096680e-03 -4.637449979782104492e-03 -4.635512828826904297e-03 -4.651993513107299805e-03 -4.645913839340209961e-03 -4.647165536880493164e-03 -4.631578922271728516e-03
6.187878221589347971e-01 -2.833306789398193359e-03 -2.802878618240356445e-03 -2.790868282318115234e-03 -2.782136201858520508e-03 -2.772659063339233398e-03 -2.768486738204956055e-03 -2.746701240539550781e-03 -2.783983945846557617e-03 -2.776503562927246094e-03 -2.787321805953979492e-03
6.252405841443227086e-01 5.320131778717041016e-03 5.331784486770629883e-03 5.317002534866333008e-03 5.337774753570556641e-03 5.323946475982666016e-03 5.332231521606445312e-03 5.334407091140747070e-03 5.323797464370727539e-03 5.319029092788696289e-03 5.339026451110839844e-03
6.316933461297106200e-01 -3.608763217926025391e-04 -4.082918167114257812e-04 -3.917515277862548828e-04 -4.437863826751708984e-04 -4.464089870452880859e-04 -4.359781742095947266e-04 -4.736185073852539062e-04 -4.401803016662597656e-04 -4.276931285858154297e-04 -4.231035709381103516e-04
6.381461081150985315e-01 -5.051791667938232422e-03 -5.031794309616088867e-03 -5.026847124099731445e-03 -5.009233951568603516e-03 -5.027502775192260742e-03 -5.030661821365356445e-03 -5.015462636947631836e-03 -5.043953657150268555e-03 -5.039900541305541992e-03 -5.029976367950439453e-03
6.445988701004864430e-01 2.780854701995849609e-03 2.793431282043457031e-03 2.793371677398681641e-03 2.830445766448974609e-03 2.832114696502685547e-03 2.840727567672729492e-03 2.867341041564941406e-03 2.832770347595214844e-03 2.838760614395141602e-03 2.826780080795288086e-03
6.510516320858743544e-01 2.422571182250976562e-03 2.391964197158813477e-03 2.400368452072143555e-03 2.366960048675537109e-03 2.384364604949951172e-03 2.387374639511108398e-03 2.347886562347412109e-03 2.375185489654541016e-03 2.379715442657470703e-03 2.388685941696166992e-03
6.575043940712622659e-01 -4.433095455169677734e-03 -4.432260990142822266e-03 -4.416108131408691406e-03 -4.436910152435302734e-03 -4.443317651748657227e-03 -4.418164491653442383e-03 -4.447191953659057617e-03 -4.439324140548706055e-03 -4.445403814315795898e-03 -4.437804222106933594e-03
6.639571560566501773e-01 1.031756401062011719e-04 1.320540904998779297e-04 1.268386840820312500e-04 1.638829708099365234e-04 1.670718193054199219e-04 1.616477966308593750e-04 1.705288887023925781e-04 1.590251922607421875e-04 1.463294029235839844e-04 1.580119132995605469e-04
6.704099180420379778e-01 4.021465778350830078e-03 4.012048244476318359e-03 4.011422395706176758e-03 3.997504711151123047e-03 3.993391990661621094e-03 4.008382558822631836e-03 4.009604454040527344e-03 4.020422697067260742e-03 4.019111394882202148e-03 4.011631011962890625e-03
6.768626800274260003e-01 -2.407670021057128906e-03 -2.434700727462768555e-03 -2.409517765045166016e-03 -2.445429563522338867e-03 -2.441942691802978516e-03 -2.445846796035766602e-03 -2.439618110656738281e-03 -2.431899309158325195e-03 -2.437591552734375000e-03 -2.421706914901733398e-03
6.833154420128139117e-01 -2.190172672271728516e-03 -2.173334360122680664e-03 -2.158939838409423828e-03 -2.145826816558837891e-03 -2.138853073120117188e-03 -2.149969339370727539e-03 -2.135723829269409180e-03 -2.148985862731933594e-03 -2.144992351531982422e-03 -2.153605222702026367e-03
6.897682039982017121e-01 3.547489643096923828e-03 3.540664911270141602e-03 3.528654575347900391e-03 3.540813922882080078e-03 3.538191318511962891e-03 3.556698560714721680e-03 3.547757863998413086e-03 3.538876771926879883e-03 3.552854061126708984e-03 3.534168004989624023e-03
6.962209659835896236e-01 -1.999139785766601562e-04 -2.069473266601562500e-04 -2.169907093048095703e-04 -2.320408821105957031e-04 -2.392530441284179688e-04 -2.391934394836425781e-04 -2.572834491729736328e-04 -2.328753471374511719e-04 -2.353787422180175781e-04 -2.312064170837402344e-04
7.026737279689775351e-01 -2.940058708190917969e-03 -2.946168184280395508e-03 -2.954006195068359375e-03 -2.928107976913452148e-03 -2.921730279922485352e-03 -2.938449382781982422e-03 -2.933919429779052734e-03 -2.938419580459594727e-03 -2.916514873504638672e-03 -2.946376800537109375e-03
7.091264899543654465e-01 1.622170209884643555e-03 1.631975173950195312e-03 1.623481512069702148e-03 1.661479473114013672e-03 1.660645008087158203e-03 1.661926507949829102e-03 1.684635877609252930e-03 1.643151044845581055e-03 1.641035079956054688e-03 1.650720834732055664e-03
7.155792519397533580e-01 1.929640769958496094e-03 1.922100782394409180e-03 1.915037631988525391e-03 1.893639564514160156e-03 1.899749040603637695e-03 1.901119947433471680e-03 1.903951168060302734e-03 1.925706863403320312e-03 1.916289329528808594e-03 1.914113759994506836e-03
7.220320139251412694e-01 -2.410113811492919922e-03 -2.427548170089721680e-03 -2.422124147415161133e-03 -2.422392368316650391e-03 -2.439200878143310547e-03 -2.429634332656860352e-03 -2.438366413116455078e-03 -2.434670925140380859e-03 -2.435207366943359375e-03 -2.417922019958496094e-03
7.284847759105291809e-01 -2.804100513458251953e-04 -2.776384353637695312e-04 -2.745091915130615234e-04 -2.577900886535644531e-04 -2.562701702117919922e-04 -2.596676349639892578e-04 -2.531707286834716797e-04 -2.508163452148437500e-04 -2.603530883789062500e-04 -2.668797969818115234e-04
7.349375378959170924e-01 2.618491649627685547e-03 2.620488405227661133e-03 2.589493989944458008e-03 2.606391906738281250e-03 2.613186836242675781e-03 2.599358558654785156e-03 2.614706754684448242e-03 2.619922161102294922e-03 2.627283334732055664e-03 2.625256776809692383e-03
7.413902998813050038e-01 -1.016736030578613281e-03 -1.024812459945678711e-03 -1.026481389999389648e-03 -1.031637191772460938e-03 -1.027703285217285156e-03 -1.030981540679931641e-03 -1.046985387802124023e-03 -1.038700342178344727e-03 -1.030594110488891602e-03 -1.028001308441162109e-03
7.478430618666929153e-01 -2.083271741867065430e-03 -2.081781625747680664e-03 -2.095401287078857422e-03 -2.089023590087890625e-03 -2.074599266052246094e-03 -2.081006765365600586e-03 -2.076506614685058594e-03 -2.090781927108764648e-03 -2.088844776153564453e-03 -2.083629369735717773e-03
7.542958238520808267e-01 1.996248960494995117e-03 2.018868923187255859e-03 2.000212669372558594e-03 2.017647027969360352e-03 2.014338970184326172e-03 2.011060714721679688e-03 2.011299133300781250e-03 2.007603645324707031e-03 2.013355493545532227e-03 2.008706331253051758e-03
7.607485858374687382e-01 6.961226463317871094e-04 7.007718086242675781e-04 6.960630416870117188e-04 6.836056709289550781e-04 6.850063800811767578e-04 6.824135780334472656e-04 6.797909736633300781e-04 6.811320781707763672e-04 6.826817989349365234e-04 6.835758686065673828e-04
7.672013478228566496e-01 -2.412140369415283203e-03 -2.411365509033203125e-03 -2.400010824203491211e-03 -2.404093742370605469e-03 -2.402216196060180664e-03 -2.410203218460083008e-03 -2.392649650573730469e-03 -2.400428056716918945e-03 -2.405256032943725586e-03 -2.403944730758666992e-03
7.736541098082445611e-01 1.203507184982299805e-03 1.230150461196899414e-03 1.204520463943481445e-03 1.226514577865600586e-03 1.214325428009033203e-03 1.217633485794067383e-03 1.231133937835693359e-03 1.231789588928222656e-03 1.222461462020874023e-03 1.224070787429809570e-03
7.801068717936323615e-01 1.922041177749633789e-03 1.908540725708007812e-03 1.915544271469116211e-03 1.907527446746826172e-03 1.882821321487426758e-03 1.890629529953002930e-03 1.893043518066406250e-03 1.906812191009521484e-03 1.897633075714111328e-03 1.895397901535034180e-03
7.865596337790202730e-01 -1.708894968032836914e-03 -1.707792282104492188e-03 -1.692235469818115234e-03 -1.707017421722412109e-03 -1.702129840850830078e-03 -1.700282096862792969e-03 -1.720547676086425781e-03 -1.707702875137329102e-03 -1.698702573776245117e-03 -1.724600791931152344e-03
7.930123957644081845e-01 -6.312131881713867188e-05 -5.197525024414062500e-05 -3.650784492492675781e-05 -2.712011337280273438e-05 -3.013014793395996094e-05 -3.293156623840332031e-05 -1.481175422668457031e-05 -4.109740257263183594e-05 -3.030896186828613281e-05 -3.796815872192382812e-05
7.994651577497960959e-01 1.706272363662719727e-03 1.694977283477783203e-03 1.701921224594116211e-03 1.691073179244995117e-03 1.706689596176147461e-03 1.705020666122436523e-03 1.702308654785156250e-03 1.706540584564208984e-03 1.695334911346435547e-03 1.705259084701538086e-03
8.059179197351840074e-01 -1.181960105895996094e-03 -1.181095838546752930e-03 -1.194328069686889648e-03 -1.213848590850830078e-03 -1.205205917358398438e-03 -1.192837953567504883e-03 -1.211702823638916016e-03 -1.207292079925537109e-03 -1.190572977066040039e-03 -1.198083162307739258e-03
8.123706817205719188e-01 -9.960532188415527344e-04 -9.951293468475341797e-04 -9.796917438507080078e-04 -9.587407112121582031e-04 -9.870529174804687500e-04 -9.717345237731933594e-04 -9.727180004119873047e-04 -9.819865226745605469e-04 -9.789764881134033203e-04 -9.682476520538330078e-04
8.188234437059598303e-01 1.314282417297363281e-03 1.307934522628784180e-03 1.304954290390014648e-03 1.289367675781250000e-03 1.323312520980834961e-03 1.323938369750976562e-03 1.314610242843627930e-03 1.312673091888427734e-03 1.319497823715209961e-03 1.304179430007934570e-03
8.252762056913477418e-01 -3.116428852081298828e-04 -3.334879875183105469e-04 -3.469586372375488281e-04 -3.425776958465576172e-04 -3.329813480377197266e-04 -3.384351730346679688e-04 -3.454685211181640625e-04 -3.426074981689453125e-04 -3.352165222167968750e-04 -3.265440464019775391e-04
8.317289676767356532e-01 -6.313621997833251953e-04 -6.298124790191650391e-04 -6.122589111328125000e-04 -6.183683872222900391e-04 -6.099641323089599609e-04 -6.257295608520507812e-04 -6.247758865356445312e-04 -6.189346313476562500e-04 -6.255209445953369141e-04 -6.243884563446044922e-04
8.381817296621235647e-01 2.376139163970947266e-04 2.364814281463623047e-04 2.306699752807617188e-04 2.233982086181640625e-04 2.425611019134521484e-04 2.350807189941406250e-04 2.316236495971679688e-04 2.350211143493652344e-04 2.323687076568603516e-04 2.409815788269042969e-04
8.446344916475114761e-01 3.008246421813964844e-04 3.184974193572998047e-04 2.971589565277099609e-04 3.200769424438476562e-04 3.045797348022460938e-04 3.053545951843261719e-04 3.068745136260986328e-04 3.028512001037597656e-04 3.158152103424072266e-04 3.081560134887695312e-04
8.510872536328993876e-01 6.623864173889160156e-04 6.729662418365478516e-04 6.596446037292480469e-04 6.528198719024658203e-04 6.550848484039306641e-04 6.700754165649414062e-04 6.551146507263183594e-04 6.530880928039550781e-04 6.636679172515869141e-04 6.537735462188720703e-04
8.575400156182872990e-01 -7.317960262298583984e-04 -7.334947586059570312e-04 -7.413029670715332031e-04 -7.401704788208007812e-04 -7.314085960388183594e-04 -7.483363151550292969e-04 -7.432103157043457031e-04 -7.322430610656738281e-04 -7.263123989105224609e-04 -7.219314575195312500e-04
8.639927776036752105e-01 -9.754002094268798828e-04 -9.504258632659912109e-04 -9.712576866149902344e-04 -9.458959102630615234e-04 -9.476840496063232422e-04 -9.555220603942871094e-04 -9.644925594329833984e-04 -9.471774101257324219e-04 -9.624063968658447266e-04 -9.625852108001708984e-04
8.704455395890630109e-01 1.491218805313110352e-03 1.487016677856445312e-03 1.494944095611572266e-03 1.484751701354980469e-03 1.492738723754882812e-03 1.498579978942871094e-03 1.494407653808593750e-03 1.503020524978637695e-03 1.495718955993652344e-03 1.487106084823608398e-03
8.768983015744509224e-01 5.780458450317382812e-04 5.660355091094970703e-04 5.738139152526855469e-04 5.633234977722167969e-04 5.701780319213867188e-04 5.578696727752685547e-04 5.588233470916748047e-04 5.623698234558105469e-04 5.635917186737060547e-04 5.732178688049316406e-04
8.833510635598388339e-01 -2.883464097976684570e-03 -2.873986959457397461e-03 -2.878725528717041016e-03 -2.871930599212646484e-03 -2.874553203582763672e-03 -2.861469984054565430e-03 -2.854764461517333984e-03 -2.859532833099365234e-03 -2.872198820114135742e-03 -2.874016761779785156e-03
8.898038255452267453e-01 1.963049173355102539e-03 1.982271671295166016e-03 1.981735229492187500e-03 2.020955085754394531e-03 2.006381750106811523e-03 2.011567354202270508e-03 2.021640539169311523e-03 2.008110284805297852e-03 2.002060413360595703e-03 2.004623413085937500e-03
8.962565875306146568e-01 2.554893493652343750e-03 2.537935972213745117e-03 2.543121576309204102e-03 2.483725547790527344e-03 2.510309219360351562e-03 2.523720264434814453e-03 2.492427825927734375e-03 2.530515193939208984e-03 2.525776624679565430e-03 2.527475357055664062e-03
9.027093495160025682e-01 -5.793213844299316406e-03 -5.792140960693359375e-03 -5.794316530227661133e-03 -5.791276693344116211e-03 -5.804866552352905273e-03 -5.787312984466552734e-03 -5.795925855636596680e-03 -5.794137716293334961e-03 -5.809843540191650391e-03 -5.819350481033325195e-03
9.091621115013904797e-01 1.944005489349365234e-03 1.978069543838500977e-03 1.974493265151977539e-03 1.999050378799438477e-03 2.019584178924560547e-03 1.988500356674194336e-03 2.014189958572387695e-03 1.993238925933837891e-03 1.984834671020507812e-03 1.984685659408569336e-03
9.156148734867783912e-01 5.212426185607910156e-03 5.188524723052978516e-03 5.152136087417602539e-03 5.153477191925048828e-03 5.141288042068481445e-03 5.156189203262329102e-03 5.131185054779052734e-03 5.153208971023559570e-03 5.149960517883300781e-03 5.168706178665161133e-03
9.220676354721663026e-01 -7.742673158645629883e-03 -7.746875286102294922e-03 -7.737070322036743164e-03 -7.760107517242431641e-03 -7.760852575302124023e-03 -7.755309343338012695e-03 -7.760405540466308594e-03 -7.770776748657226562e-03 -7.754147052764892578e-03 -7.753968238830566406e-03
9.285203974575542141e-01 1.327574253082275391e-03 1.382678747177124023e-03 1.381903886795043945e-03 1.419842243194580078e-03 1.442939043045043945e-03 1.432687044143676758e-03 1.466751098632812500e-03 1.415789127349853516e-03 1.414328813552856445e-03 1.430869102478027344e-03
9.349731594429421255e-01 7.288485765457153320e-03 7.282614707946777344e-03 7.265776395797729492e-03 7.248580455780029297e-03 7.220268249511718750e-03 7.238954305648803711e-03 7.237106561660766602e-03 7.247328758239746094e-03 7.231682538986206055e-03 7.258474826812744141e-03
9.414259214283300370e-01 -8.052349090576171875e-03 -8.077204227447509766e-03 -8.065730333328247070e-03 -8.104413747787475586e-03 -8.119374513626098633e-03 -8.096843957901000977e-03 -8.159339427947998047e-03 -8.108437061309814453e-03 -8.091419935226440430e-03 -8.113294839859008789e-03
9.478786834137179484e-01 -2.044141292572021484e-04 -1.672506332397460938e-04 -1.605153083801269531e-04 -9.074807167053222656e-05 -9.232759475708007812e-05 -9.769201278686523438e-05 -6.499886512756347656e-05 -1.171231269836425781e-04 -1.215338706970214844e-04 -1.075565814971923828e-04
9.543314453991058599e-01 8.887261152267456055e-03 8.870273828506469727e-03 8.870482444763183594e-03 8.850127458572387695e-03 8.865773677825927734e-03 8.850157260894775391e-03 8.872419595718383789e-03 8.856147527694702148e-03 8.876562118530273438e-03 8.868336677551269531e-03
9.607842073844936603e-01 -7.962524890899658203e-03 -8.001595735549926758e-03 -7.997661828994750977e-03 -8.047938346862792969e-03 -8.039116859436035156e-03 -8.036255836486816406e-03 -8.067816495895385742e-03 -8.038967847824096680e-03 -8.031815290451049805e-03 -8.063048124313354492e-03
9.672369693698815718e-01 -1.819252967834472656e-03 -1.795917749404907227e-03 -1.784503459930419922e-03 -1.682847738265991211e-03 -1.702070236206054688e-03 -1.720815896987915039e-03 -1.674264669418334961e-03 -1.723259687423706055e-03 -1.732110977172851562e-03 -1.688241958618164062e-03
9.736897313552694833e-01 8.670181035995483398e-03 8.660376071929931641e-03 8.635818958282470703e-03 8.643180131912231445e-03 8.625805377960205078e-03 8.639812469482421875e-03 8.624523878097534180e-03 8.642762899398803711e-03 8.668690919876098633e-03 8.640468120574951172e-03
9.801424933406573947e-01 -6.508290767669677734e-03 -6.558567285537719727e-03 -6.554335355758666992e-03 -6.622433662414550781e-03 -6.592422723770141602e-03 -6.583750247955322266e-03 -6.616622209548950195e-03 -6.585627794265747070e-03 -6.603300571441650391e-03 -6.621301174163818359e-03
9.865952553260453062e-01 -2.098560333251953125e-03 -2.077877521514892578e-03 -2.082496881484985352e-03 -2.014428377151489258e-03 -1.996219158172607422e-03 -2.043664455413818359e-03 -2.007573843002319336e-03 -2.046167850494384766e-03 -2.061337232589721680e-03 -2.030193805694580078e-03
9.930480173114332176e-01 7.239460945129394531e-03 7.235676050186157227e-03 7.229387760162353516e-03 7.228851318359375000e-03 7.212042808532714844e-03 7.230311632156372070e-03 7.217139005661010742e-03 7.235169410705566406e-03 7.219761610031127930e-03 7.211208343505859375e-03
9.995007792968211291e-01 -5.246073007583618164e-03 -5.253434181213378906e-03 -5.242466926574707031e-03 -5.298972129821777344e-03 -5.273103713989257812e-03 -5.300641059875488281e-03 -5.284696817398071289e-03 -5.284279584884643555e-03 -5.270242691040039062e-03 -5.260497331619262695e-03
1.005953541282209152e+00 -1.339405775070190430e-03 -1.290798187255859375e-03 -1.305043697357177734e-03 -1.263052225112915039e-03 -1.260399818420410156e-03 -1.271128654479980469e-03 -1.233249902725219727e-03 -1.278400421142578125e-03 -1.260012388229370117e-03 -1.249343156814575195e-03
1.012406303267596952e+00 4.670441150665283203e-03 4.663795232772827148e-03 4.690706729888916016e-03 4.664152860641479492e-03 4.640489816665649414e-03 4.666447639465332031e-03 4.659175872802734375e-03 4.667520523071289062e-03 4.650026559829711914e-03 4.646986722946166992e-03
1.018859065252984752e+00 -2.448946237564086914e-03 -2.481907606124877930e-03 -2.467125654220581055e-03 -2.492576837539672852e-03 -2.501845359802246094e-03 -2.492874860763549805e-03 -2.528667449951171875e-03 -2.487689256668090820e-03 -2.471357583999633789e-03 -2.480715513229370117e-03
1.025311827238372775e+00 -1.369804143905639648e-03 -1.355379819869995117e-03 -1.356095075607299805e-03 -1.333773136138916016e-03 -1.332879066467285156e-03 -1.346558332443237305e-03 -1.330345869064331055e-03 -1.350760459899902344e-03 -1.346528530120849609e-03 -1.335293054580688477e-03
1.031764589223760797e+00 2.602666616439819336e-03 2.599656581878662109e-03 2.620637416839599609e-03 2.631425857543945312e-03 2.606391906738281250e-03 2.614855766296386719e-03 2.617627382278442383e-03 2.604991197586059570e-03 2.618730068206787109e-03 2.609372138977050781e-03
1.038217351209148598e+00 -1.088589429855346680e-03 -1.103699207305908203e-03 -1.084953546524047852e-03 -1.127600669860839844e-03 -1.114606857299804688e-03 -1.105368137359619141e-03 -1.133739948272705078e-03 -1.105159521102905273e-03 -1.106768846511840820e-03 -1.120090484619140625e-03
1.044670113194536398e+00 -6.579458713531494141e-04 -6.373226642608642578e-04 -6.532967090606689453e-04 -6.234347820281982422e-04 -6.363391876220703125e-04 -6.450116634368896484e-04 -6.279945373535156250e-04 -6.379783153533935547e-04 -6.404519081115722656e-04 -6.330013275146484375e-04
1.051122875179924421e+00 1.363873481750488281e-03 1.365900039672851562e-03 1.359522342681884766e-03 1.349478960037231445e-03 1.353323459625244141e-03 1.360833644866943359e-03 1.349329948425292969e-03 1.347392797470092773e-03 1.360237598419189453e-03 1.357227563858032227e-03
1.057575637165312221e+00 -1.073300838470458984e-03 -1.070261001586914062e-03 -1.074075698852539062e-03 -1.081943511962890625e-03 -1.071542501449584961e-03 -1.069515943527221680e-03 -1.076787710189819336e-03 -1.073598861694335938e-03 -1.068860292434692383e-03 -1.069068908691406250e-03
1.064028399150700022e+00 8.347630500793457031e-05 7.677078247070312500e-05 7.736682891845703125e-05 1.024305820465087891e-04 8.523464202880859375e-05 8.466839790344238281e-05 9.167194366455078125e-05 8.833408355712890625e-05 8.705258369445800781e-05 8.240342140197753906e-05
1.070481161136088044e+00 3.598034381866455078e-04 3.528892993927001953e-04 3.530681133270263672e-04 3.475844860076904297e-04 3.554224967956542969e-04 3.443360328674316406e-04 3.392696380615234375e-04 3.382265567779541016e-04 3.425478935241699219e-04 3.326833248138427734e-04
1.076933923121476067e+00 -7.418394088745117188e-04 -7.382631301879882812e-04 -7.262527942657470703e-04 -7.347464561462402344e-04 -7.177889347076416016e-04 -7.325708866119384766e-04 -7.465183734893798828e-04 -7.210373878479003906e-04 -7.356107234954833984e-04 -7.182359695434570312e-04
1.083386685106863867e+00 7.916390895843505859e-04 8.103847503662109375e-04 7.978081703186035156e-04 8.165240287780761719e-04 8.034706115722656250e-04 8.004605770111083984e-04 8.088350296020507812e-04 8.022487163543701172e-04 7.980763912200927734e-04 8.054971694946289062e-04
1.089839447092251667e+00 -2.210438251495361328e-04 -2.420842647552490234e-04 -2.354979515075683594e-04 -2.481937408447265625e-04 -2.393126487731933594e-04 -2.518296241760253906e-04 -2.525448799133300781e-04 -2.409219741821289062e-04 -2.380311489105224609e-04 -2.388656139373779297e-04
1.096292209077639690e+00 -8.963942527770996094e-04 -8.972883224487304688e-04 -9.086430072784423828e-04 -8.941888809204101562e-04 -8.965730667114257812e-04 -8.978247642517089844e-04 -8.862018585205078125e-04 -8.876323699951171875e-04 -9.003579616546630859e-04 -9.050369262695312500e-04
1.102744971063027712e+00 9.830296039581298828e-04 9.894371032714843750e-04 1.004368066787719727e-03 1.004040241241455078e-03 9.919404983520507812e-04 9.915530681610107422e-04 9.882450103759765625e-04 9.989142417907714844e-04 1.016288995742797852e-03 9.905695915222167969e-04
1.109197733048415513e+00 1.468956470489501953e-04 1.505911350250244141e-04 1.759231090545654297e-04 1.481771469116210938e-04 1.522600650787353516e-04 1.504719257354736328e-04 1.584291458129882812e-04 1.540482044219970703e-04 1.540482044219970703e-04 1.686513423919677734e-04
1.115650495033803313e+00 -1.715064048767089844e-03 -1.713633537292480469e-03 -1.720011234283447266e-03 -1.712083816528320312e-03 -1.711905002593994141e-03 -1.718729734420776367e-03 -1.711696386337280273e-03 -1.713037490844726562e-03 -1.722067594528198242e-03 -1.716822385787963867e-03
1.122103257019191336e+00 9.284019470214843750e-04 9.372532367706298828e-04 9.441673755645751953e-04 9.857118129730224609e-04 9.768605232238769531e-04 9.815394878387451172e-04 9.815096855163574219e-04 9.780824184417724609e-04 9.811520576477050781e-04 9.771287441253662109e-04
1.128556019004579358e+00 8.276402950286865234e-04 8.011162281036376953e-04 8.191168308258056641e-04 7.943511009216308594e-04 8.107721805572509766e-04 8.138716220855712891e-04 8.017420768737792969e-04 8.008480072021484375e-04 8.145272731781005859e-04 8.043944835662841797e-04
1.135008780989967159e+00 -1.913636922836303711e-03 -1.900672912597656250e-03 -1.922279596328735352e-03 -1.903951168060302734e-03 -1.899331808090209961e-03 -1.900941133499145508e-03 -1.902639865875244141e-03 -1.910179853439331055e-03 -1.919120550155639648e-03 -1.913577318191528320e-03
1.141461542975354959e+00 5.261600017547607422e-04 5.440711975097656250e-04 5.424022674560546875e-04 5.458295345306396484e-04 5.504190921783447266e-04 5.559623241424560547e-04 5.607604980468750000e-04 5.682110786437988281e-04 5.545020103454589844e-04 5.620419979095458984e-04
1.147914304960742982e+00 1.356929540634155273e-03 1.351803541183471680e-03 1.339524984359741211e-03 1.343488693237304688e-03 1.334697008132934570e-03 1.332312822341918945e-03 1.333683729171752930e-03 1.336067914962768555e-03 1.323312520980834961e-03 1.343369483947753906e-03
1.154367066946130782e+00 -1.565337181091308594e-03 -1.558601856231689453e-03 -1.570224761962890625e-03 -1.553326845169067383e-03 -1.556575298309326172e-03 -1.568466424942016602e-03 -1.561433076858520508e-03 -1.551479101181030273e-03 -1.561492681503295898e-03 -1.561373472213745117e-03
1.160819828931518582e+00 7.930397987365722656e-05 9.420514106750488281e-05 8.574128150939941406e-05 1.064538955688476562e-04 9.885430335998535156e-05 9.679794311523437500e-05 1.045167446136474609e-04 1.022517681121826172e-04 1.158118247985839844e-04 9.575486183166503906e-05
1.167272590916906605e+00 1.317858695983886719e-03 1.320898532867431641e-03 1.326203346252441406e-03 1.303195953369140625e-03 1.319319009780883789e-03 1.310288906097412109e-03 1.313120126724243164e-03 1.310616731643676758e-03 1.303285360336303711e-03 1.309424638748168945e-03
1.173725352902294627e+00 -9.589195251464843750e-04 -9.667277336120605469e-04 -9.662806987762451172e-04 -9.757876396179199219e-04 -9.774267673492431641e-04 -9.684562683105468750e-04 -9.737014770507812500e-04 -9.565055370330810547e-04 -9.653270244598388672e-04 -9.683966636657714844e-04
1.180178114887682428e+00 -4.570186138153076172e-04 -4.580914974212646484e-04 -4.638731479644775391e-04 -4.464089870452880859e-04 -4.441440105438232422e-04 -4.478991031646728516e-04 -4.314482212066650391e-04 -4.499852657318115234e-04 -4.632771015167236328e-04 -4.492104053497314453e-04
1.186630876873070450e+00 1.181513071060180664e-03 1.175194978713989258e-03 1.173347234725952148e-03 1.187115907669067383e-03 1.179277896881103516e-03 1.190483570098876953e-03 1.182615756988525391e-03 1.174509525299072266e-03 1.172870397567749023e-03 1.179873943328857422e-03
1.193083638858458251e+00 -1.584589481353759766e-04 -1.642405986785888672e-04 -1.629889011383056641e-04 -1.850128173828125000e-04 -1.789927482604980469e-04 -1.551508903503417969e-04 -1.732110977172851562e-04 -1.640319824218750000e-04 -1.697540283203125000e-04 -1.703202724456787109e-04
1.199536400843846051e+00 -7.184445858001708984e-04 -7.224380970001220703e-04 -7.134079933166503906e-04 -7.134377956390380859e-04 -7.182061672210693359e-04 -7.204413414001464844e-04 -7.288157939910888672e-04 -7.208585739135742188e-04 -7.130503654479980469e-04 -7.216036319732666016e-04
1.205989162829234074e+00 5.701482295989990234e-04 5.698800086975097656e-04 5.723536014556884766e-04 5.738139152526855469e-04 5.868375301361083984e-04 5.768239498138427734e-04 5.829930305480957031e-04 5.743801593780517578e-04 5.827844142913818359e-04 5.799829959869384766e-04
1.212441924814621874e+00 3.158450126647949219e-04 3.081858158111572266e-04 3.098547458648681641e-04 3.071725368499755859e-04 3.137588500976562500e-04 3.184080123901367188e-04 3.247559070587158203e-04 3.062784671783447266e-04 3.096461296081542969e-04 3.121495246887207031e-04
1.218894686800009897e+00 -4.883408546447753906e-04 -4.931092262268066406e-04 -4.880726337432861328e-04 -4.853308200836181641e-04 -4.842877388000488281e-04 -4.864931106567382812e-04 -4.923045635223388672e-04 -4.819035530090332031e-04 -4.842877388000488281e-04 -4.742145538330078125e-04
1.225347448785397697e+00 8.964538574218750000e-05 1.037120819091796875e-04 9.509921073913574219e-05 9.623169898986816406e-05 1.025795936584472656e-04 1.081228256225585938e-04 1.047849655151367188e-04 1.141130924224853516e-04 9.295344352722167969e-05 9.933114051818847656e-05
1.231800210770785720e+00 3.813207149505615234e-04 3.875494003295898438e-04 3.977417945861816406e-04 3.748238086700439453e-04 3.831088542938232422e-04 3.860294818878173828e-04 3.811120986938476562e-04 3.809928894042968750e-04 3.849267959594726562e-04 3.851056098937988281e-04
1.238252972756173520e+00 -3.141462802886962891e-04 -2.980828285217285156e-04 -3.104805946350097656e-04 -3.134310245513916016e-04 -3.226995468139648438e-04 -2.985298633575439453e-04 -3.171861171722412109e-04 -3.068149089813232422e-04 -3.178119659423828125e-04 -3.001987934112548828e-04
1.244705734741561542e+00 -2.777278423309326172e-04 -2.569258213043212891e-04 -2.707242965698242188e-04 -2.604126930236816406e-04 -2.453625202178955078e-04 -2.633631229400634766e-04 -2.621412277221679688e-04 -2.573430538177490234e-04 -2.593994140625000000e-04 -2.727210521697998047e-04
1.251158496726949343e+00 3.858208656311035156e-04 3.787577152252197266e-04 3.965198993682861328e-04 3.807842731475830078e-04 3.755092620849609375e-04 3.777742385864257812e-04 3.904402256011962891e-04 3.935992717742919922e-04 3.832578659057617188e-04 3.910064697265625000e-04
1.257611258712337365e+00 4.854798316955566406e-05 4.008412361145019531e-05 5.018711090087890625e-05 4.008412361145019531e-05 4.225969314575195312e-05 3.132224082946777344e-05 4.863739013671875000e-05 4.315376281738281250e-05 4.878640174865722656e-05 4.208087921142578125e-05
1.264064020697725166e+00 -4.154741764068603516e-04 -4.127621650695800781e-04 -4.167258739471435547e-04 -4.235506057739257812e-04 -4.217028617858886719e-04 -4.111230373382568359e-04 -4.085898399353027344e-04 -4.293024539947509766e-04 -4.116296768188476562e-04 -4.141926765441894531e-04
1.270516782683113188e+00 6.091594696044921875e-05 7.364153861999511719e-05 6.288290023803710938e-05 6.783008575439453125e-05 6.419420242309570312e-05 6.926059722900390625e-05 6.926059722900390625e-05 5.900859832763671875e-05 6.040930747985839844e-05 5.686283111572265625e-05
1.276969544668500989e+00 2.242922782897949219e-04 2.302229404449462891e-04 2.267062664031982422e-04 2.202689647674560547e-04 2.137124538421630859e-04 2.251565456390380859e-04 2.216994762420654297e-04 2.264082431793212891e-04 2.261698246002197266e-04 2.269744873046875000e-04
1.283422306653888789e+00 -1.584291458129882812e-04 -1.600384712219238281e-04 -1.607835292816162109e-04 -1.548230648040771484e-04 -1.549720764160156250e-04 -1.677572727203369141e-04 -1.766681671142578125e-04 -1.701116561889648438e-04 -1.601576805114746094e-04 -1.672804355621337891e-04
1.289875068639276812e+00 -1.319050788879394531e-04 -1.303255558013916016e-04 -1.308619976043701172e-04 -1.302361488342285156e-04 -1.331567764282226562e-04 -1.276135444641113281e-04 -1.208484172821044922e-04 -1.218914985656738281e-04 -1.303851604461669922e-04 -1.433789730072021484e-04
1.296327830624664612e+00 3.013312816619873047e-04 2.886056900024414062e-04 2.851486206054687500e-04 3.075897693634033203e-04 2.842247486114501953e-04 2.993047237396240234e-04 2.953410148620605469e-04 2.965629100799560547e-04 3.078877925872802734e-04 3.068447113037109375e-04
1.302780592610052635e+00 -1.071393489837646484e-04 -8.302927017211914062e-05 -9.006261825561523438e-05 -8.094310760498046875e-05 -9.602308273315429688e-05 -8.574128150939941406e-05 -9.083747863769531250e-05 -8.907914161682128906e-05 -8.061528205871582031e-05 -8.943676948547363281e-05
1.309233354595440435e+00 -3.413259983062744141e-04 -3.305077552795410156e-04 -3.277361392974853516e-04 -3.324747085571289062e-04 -3.395080566406250000e-04 -3.374218940734863281e-04 -3.374218940734863281e-04 -3.462135791778564453e-04 -3.353059291839599609e-04 -3.493428230285644531e-04
1.315686116580828458e+00 3.530979156494140625e-04 3.582537174224853516e-04 3.479421138763427734e-04 3.666877746582031250e-04 3.486871719360351562e-04 3.533363342285156250e-04 3.585517406463623047e-04 3.555715084075927734e-04 3.535449504852294922e-04 3.603696823120117188e-04
1.322138878566216258e+00 8.088350296020507812e-05 8.729100227355957031e-05 7.036328315734863281e-05 6.398558616638183594e-05 7.501244544982910156e-05 7.924437522888183594e-05 6.988644599914550781e-05 7.015466690063476562e-05 7.441639900207519531e-05 7.164478302001953125e-05
1.328591640551604280e+00 -3.204345703125000000e-04 -3.325939178466796875e-04 -3.366768360137939453e-04 -3.325045108795166016e-04 -3.335773944854736328e-04 -3.224313259124755859e-04 -3.282427787780761719e-04 -3.322660923004150391e-04 -3.249645233154296875e-04 -3.215372562408447266e-04
1.335044402536992081e+00 1.876950263977050781e-04 1.890063285827636719e-04 1.809597015380859375e-04 1.879036426544189453e-04 1.761615276336669922e-04 1.868903636932373047e-04 1.981854438781738281e-04 1.923143863677978516e-04 1.896321773529052734e-04 1.918077468872070312e-04
1.341497164522380103e+00 1.477897167205810547e-04 1.387298107147216797e-04 1.372694969177246094e-04 1.341700553894042969e-04 1.452267169952392578e-04 1.338124275207519531e-04 1.356303691864013672e-04 1.329183578491210938e-04 1.410841941833496094e-04 1.402795314788818359e-04
1.347949926507767904e+00 -1.872777938842773438e-04 -1.872777938842773438e-04 -1.867115497589111328e-04 -1.718997955322265625e-04 -1.927316188812255859e-04 -1.929104328155517578e-04 -1.918375492095947266e-04 -1.813173294067382812e-04 -1.976788043975830078e-04 -1.890659332275390625e-04
1.354402688493155926e+00 7.888674736022949219e-05 8.195638656616210938e-05 8.207559585571289062e-05 8.115172386169433594e-05 7.420778274536132812e-05 9.247660636901855469e-05 8.308887481689453125e-05 7.894635200500488281e-05 8.258223533630371094e-05 6.863474845886230469e-05
1.360855450478543727e+00 2.497434616088867188e-05 2.533197402954101562e-05 2.613663673400878906e-05 1.952052116394042969e-05 2.440810203552246094e-05 1.347064971923828125e-05 2.926588058471679688e-05 2.887845039367675781e-05 2.005696296691894531e-05 2.628564834594726562e-05
1.367308212463931749e+00 -1.188218593597412109e-04 -1.209080219268798828e-04 -1.114606857299804688e-04 -1.227855682373046875e-04 -1.222491264343261719e-04 -1.107752323150634766e-04 -1.100003719329833984e-04 -1.178085803985595703e-04 -1.229643821716308594e-04 -1.251995563507080078e-04
1.373760974449319550e+00 -3.972649574279785156e-05 -3.686547279357910156e-05 -2.807378768920898438e-05 -3.713369369506835938e-05 -3.951787948608398438e-05 -2.306699752807617188e-05 -3.087520599365234375e-05 -3.737211227416992188e-05 -3.573298454284667969e-05 -4.118680953979492188e-05
1.380213736434707350e+00 1.171231269836425781e-04 1.083314418792724609e-04 1.130998134613037109e-04 1.237690448760986328e-04 1.088976860046386719e-04 1.159608364105224609e-04 1.119971275329589844e-04 1.293122768402099609e-04 1.156330108642578125e-04 1.120567321777343750e-04
1.386666498420095373e+00 -6.228685379028320312e-06 -1.227855682373046875e-05 -1.409649848937988281e-05 -1.236796379089355469e-05 -1.725554466247558594e-05 -1.800060272216796875e-05 -2.381205558776855469e-05 -1.594424247741699219e-05 -1.221895217895507812e-05 -9.119510650634765625e-06
1.393119260405483173e+00 -3.683567047119140625e-05 -3.427267074584960938e-05 -3.576278686523437500e-05 -4.088878631591796875e-05 -2.881884574890136719e-05 -3.886222839355468750e-05 -2.181529998779296875e-05 -4.398822784423828125e-05 -3.248453140258789062e-05 -3.561377525329589844e-05
1.399572022390871195e+00 -3.713369369506835938e-05 -3.853440284729003906e-05 -4.017353057861328125e-05 -4.014372825622558594e-05 -2.753734588623046875e-05 -2.461671829223632812e-05 -4.044175148010253906e-05 -2.962350845336914062e-05 -2.896785736083984375e-05 -2.053380012512207031e-05
1.406024784376258996e+00 1.441836357116699219e-04 1.507699489593505859e-04 1.491606235504150391e-04 1.423358917236328125e-04 1.364648342132568359e-04 1.389980316162109375e-04 1.357197761535644531e-04 1.463890075683593750e-04 1.472830772399902344e-04 1.434981822967529297e-04
1.412477546361647018e+00 -1.105666160583496094e-04 -1.153051853179931641e-04 -9.715557098388671875e-05 -1.164376735687255859e-04 -1.035034656524658203e-04 -1.078844070434570312e-04 -1.040399074554443359e-04 -1.143217086791992188e-04 -1.103878021240234375e-04 -1.055300235748291016e-04
1.418930308347034819e+00 -4.899501800537109375e-05 -5.480647087097167969e-05 -4.038214683532714844e-05 -4.696846008300781250e-05 -4.169344902038574219e-05 -3.528594970703125000e-05 -4.592537879943847656e-05 -4.425644874572753906e-05 -4.407763481140136719e-05 -3.516674041748046875e-05
1.425383070332422841e+00 2.488195896148681641e-04 2.475678920745849609e-04 2.359747886657714844e-04 2.339184284210205078e-04 2.431273460388183594e-04 2.356767654418945312e-04 2.382695674896240234e-04 2.434849739074707031e-04 2.365410327911376953e-04 2.430379390716552734e-04
1.431835832317810642e+00 -1.284778118133544922e-04 -1.398026943206787109e-04 -1.288354396820068359e-04 -1.281797885894775391e-04 -1.372694969177246094e-04 -1.379847526550292969e-04 -1.341104507446289062e-04 -1.365542411804199219e-04 -1.382529735565185547e-04 -1.331269741058349609e-04
1.438288594303198664e+00 -1.223683357238769531e-04 -1.217722892761230469e-04 -1.287162303924560547e-04 -1.304149627685546875e-04 -1.209974288940429688e-04 -1.179873943328857422e-04 -1.224279403686523438e-04 -1.275837421417236328e-04 -1.235902309417724609e-04 -1.226663589477539062e-04
1.444741356288586465e+00 1.673400402069091797e-04 1.716613769531250000e-04 1.650154590606689453e-04 1.514554023742675781e-04 1.531243324279785156e-04 1.581907272338867188e-04 1.706480979919433594e-04 1.597404479980468750e-04 1.572966575622558594e-04 1.693069934844970703e-04
1.451194118273974487e+00 -3.334879875183105469e-05 -4.562735557556152344e-05 -2.938508987426757812e-05 -2.580881118774414062e-05 -2.515316009521484375e-05 -3.278255462646484375e-05 -2.408027648925781250e-05 -2.607703208923339844e-05 -4.148483276367187500e-05 -2.843141555786132812e-05
1.457646880259362288e+00 -1.156926155090332031e-04 -1.055896282196044922e-04 -1.096427440643310547e-04 -9.891390800476074219e-05 -9.602308273315429688e-05 -1.025795936584472656e-04 -1.023411750793457031e-04 -1.030266284942626953e-04 -1.046061515808105469e-04 -9.834766387939453125e-05
1.464099642244750310e+00 1.961886882781982422e-04 1.917183399200439453e-04 2.034306526184082031e-04 1.986920833587646484e-04 1.958012580871582031e-04 1.994967460632324219e-04 1.994967460632324219e-04 1.935064792633056641e-04 2.023875713348388672e-04 2.031028270721435547e-04
1.470552404230138110e+00 -4.529953002929687500e-06 -1.040101051330566406e-05 -1.460313796997070312e-05 -1.880526542663574219e-05 -1.308321952819824219e-05 -1.022219657897949219e-05 -1.609325408935546875e-05 -1.776218414306640625e-05 -1.150369644165039062e-05 -2.521276473999023438e-05
1.477005166215525911e+00 -1.212656497955322266e-04 -1.204907894134521484e-04 -1.071393489837646484e-04 -1.118779182434082031e-04 -1.075565814971923828e-04 -1.161694526672363281e-04 -1.131296157836914062e-04 -1.126527786254882812e-04 -1.190006732940673828e-04 -1.161098480224609375e-04
1.483457928200913933e+00 1.218318939208984375e-04 1.204609870910644531e-04 1.046359539031982422e-04 1.283586025238037109e-04 1.163482666015625000e-04 1.150965690612792969e-04 1.089572906494140625e-04 1.179575920104980469e-04 1.116991043090820312e-04 1.187622547149658203e-04
1.489910690186301734e+00 2.694129943847656250e-05 2.670288085937500000e-05 2.244114875793457031e-05 2.270936965942382812e-05 1.651048660278320312e-05 1.487135887145996094e-05 2.256035804748535156e-05 2.861022949218750000e-06 1.782178878784179688e-05 1.028180122375488281e-05
1.496363452171689756e+00 -9.399652481079101562e-05 -8.767843246459960938e-05 -9.366869926452636719e-05 -8.934736251831054688e-05 -9.575486183166503906e-05 -9.822845458984375000e-05 -8.910894393920898438e-05 -8.884072303771972656e-05 -8.964538574218750000e-05 -8.726119995117187500e-05
1.502816214157077557e+00 6.890296936035156250e-05 6.216764450073242188e-05 6.604194641113281250e-05 7.340312004089355469e-05 6.392598152160644531e-05 6.958842277526855469e-05 5.915760993957519531e-05 6.756186485290527344e-05 7.605552673339843750e-05 8.252263069152832031e-05
1.509268976142465579e+00 4.610419273376464844e-05 4.741549491882324219e-05 4.193186759948730469e-05 4.425644874572753906e-05 5.599856376647949219e-05 4.535913467407226562e-05 5.176663398742675781e-05 4.178285598754882812e-05 4.571676254272460938e-05 6.112456321716308594e-05
1.515721738127853380e+00 -9.202957153320312500e-05 -9.578466415405273438e-05 -9.664893150329589844e-05 -9.509921073913574219e-05 -8.922815322875976562e-05 -9.778141975402832031e-05 -9.074807167053222656e-05 -9.429454803466796875e-05 -8.592009544372558594e-05 -9.936094284057617188e-05
1.522174500113241402e+00 2.613663673400878906e-05 2.068281173706054688e-05 3.209710121154785156e-05 4.407763481140136719e-05 3.486871719360351562e-05 3.460049629211425781e-05 4.300475120544433594e-05 3.883242607116699219e-05 4.097819328308105469e-05 4.139542579650878906e-05
1.528627262098629203e+00 6.139278411865234375e-05 6.678700447082519531e-05 6.121397018432617188e-05 6.094574928283691406e-05 6.431341171264648438e-05 5.704164505004882812e-05 5.778670310974121094e-05 5.969405174255371094e-05 6.473064422607421875e-05 5.128979682922363281e-05
1.535080024084017225e+00 -6.133317947387695312e-05 -6.726384162902832031e-05 -6.505846977233886719e-05 -6.145238876342773438e-05 -6.988644599914550781e-05 -7.984042167663574219e-05 -7.224082946777343750e-05 -7.271766662597656250e-05 -7.089972496032714844e-05 -5.832314491271972656e-05
1.541532786069405025e+00 -7.608532905578613281e-05 -7.045269012451171875e-05 -6.398558616638183594e-05 -5.882978439331054688e-05 -5.909800529479980469e-05 -7.721781730651855469e-05 -6.604194641113281250e-05 -6.678700447082519531e-05 -5.698204040527343750e-05 -6.380677223205566406e-05
1.547985548054793048e+00 8.422136306762695312e-05 8.025765419006347656e-05 7.581710815429687500e-05 8.058547973632812500e-05 7.435679435729980469e-05 8.064508438110351562e-05 8.669495582580566406e-05 7.957220077514648438e-05 7.197260856628417969e-05 7.748603820800781250e-05
1.554438310040180848e+00 1.540780067443847656e-05 1.204013824462890625e-05 5.841255187988281250e-06 5.662441253662109375e-06 1.090764999389648438e-05 7.450580596923828125e-06 8.821487426757812500e-06 2.235174179077148438e-06 1.698732376098632812e-06 1.394748687744140625e-05
1.560891072025568649e+00 -5.364418029785156250e-05 -5.203485488891601562e-05 -4.231929779052734375e-05 -5.275011062622070312e-05 -5.182623863220214844e-05 -5.179643630981445312e-05 -4.762411117553710938e-05 -4.953145980834960938e-05 -4.994869232177734375e-05 -5.245208740234375000e-05
1.567343834010956671e+00 2.917647361755371094e-05 3.066658973693847656e-05 3.245472908020019531e-05 3.895163536071777344e-05 4.282593727111816406e-05 3.898143768310546875e-05 4.005432128906250000e-05 4.610419273376464844e-05 4.211068153381347656e-05 3.796815872192382812e-05
1.573796595996344472e+00 5.108118057250976562e-05 4.988908767700195312e-05 5.105137825012207031e-05 5.328655242919921875e-05 5.626678466796875000e-05 3.531575202941894531e-05 4.979968070983886719e-05 5.817413330078125000e-05 4.091858863830566406e-05 5.051493644714355469e-05
1.580249357981732494e+00 -8.124113082885742188e-05 -9.152293205261230469e-05 -8.770823478698730469e-05 -9.679794311523437500e-05 -8.600950241088867188e-05 -8.356571197509765625e-05 -9.092688560485839844e-05 -7.587671279907226562e-05 -8.606910705566406250e-05 -9.486079216003417969e-05
1.586702119967120295e+00 4.291534423828125000e-06 -8.165836334228515625e-06 7.569789886474609375e-06 -5.155801773071289062e-06 4.917383193969726562e-06 -5.215406417846679688e-06 -3.546476364135742188e-06 -9.447336196899414062e-06 3.814697265625000000e-06 -3.099441528320312500e-06
1.593154881952508317e+00 1.075565814971923828e-04 1.150965690612792969e-04 9.855628013610839844e-05 1.067817211151123047e-04 9.742379188537597656e-05 1.143515110015869141e-04 1.054108142852783203e-04 1.131892204284667969e-04 1.077651977539062500e-04 1.070797443389892578e-04
1.599607643937896118e+00 -8.153915405273437500e-05 -7.992982864379882812e-05 -8.964538574218750000e-05 -7.849931716918945312e-05 -8.377432823181152344e-05 -7.534027099609375000e-05 -7.769465446472167969e-05 -8.347630500793457031e-05 -8.106231689453125000e-05 -7.084012031555175781e-05
1.606060405923284140e+00 -2.056360244750976562e-05 -7.480382919311523438e-06 -3.814697265625000000e-06 -1.963973045349121094e-05 -1.049041748046875000e-05 -1.436471939086914062e-05 -2.270936965942382812e-05 -6.526708602905273438e-06 -2.911686897277832031e-05 -8.523464202880859375e-06
1.612513167908671941e+00 7.399916648864746094e-05 8.454918861389160156e-05 7.405877113342285156e-05 7.280707359313964844e-05 7.921457290649414062e-05 7.507205009460449219e-05 7.787346839904785156e-05 6.586313247680664062e-05 6.833672523498535156e-05 7.140636444091796875e-05
1.618965929894059963e+00 -8.812546730041503906e-05 -7.775425910949707031e-05 -8.049607276916503906e-05 -7.140636444091796875e-05 -7.766485214233398438e-05 -7.817149162292480469e-05 -8.222460746765136719e-05 -6.759166717529296875e-05 -7.408857345581054688e-05 -7.969141006469726562e-05
1.625418691879447763e+00 -1.013278961181640625e-06 -2.086162567138671875e-07 2.086162567138671875e-06 7.450580596923828125e-06 -6.914138793945312500e-06 3.278255462646484375e-06 8.314847946166992188e-06 -3.486871719360351562e-06 1.090764999389648438e-05 -6.735324859619140625e-06
1.631871453864835786e+00 3.919005393981933594e-05 3.096461296081542969e-05 3.701448440551757812e-05 4.634261131286621094e-05 4.178285598754882812e-05 3.370642662048339844e-05 3.793835639953613281e-05 3.144145011901855469e-05 4.529953002929687500e-05 3.451108932495117188e-05
1.638324215850223586e+00 -1.445412635803222656e-05 -6.318092346191406250e-06 -1.779198646545410156e-05 -1.129508018493652344e-05 -1.293420791625976562e-05 -1.955032348632812500e-05 -6.169080734252929688e-06 -4.619359970092773438e-06 -4.202127456665039062e-06 -1.332163810729980469e-05
1.644776977835611609e+00 -1.606345176696777344e-05 -1.695752143859863281e-05 -1.120567321777343750e-05 -4.231929779052734375e-06 -1.060962677001953125e-05 -1.639127731323242188e-05 -1.323223114013671875e-05 -1.814961433410644531e-05 -1.415610313415527344e-05 -3.159046173095703125e-06
1.651229739820999409e+00 4.479289054870605469e-05 4.288554191589355469e-05 3.755092620849609375e-05 3.585219383239746094e-05 2.992153167724609375e-05 2.989172935485839844e-05 2.747774124145507812e-05 3.847479820251464844e-05 3.185868263244628906e-05 3.698468208312988281e-05
1.657682501806387210e+00 2.181529998779296875e-05 1.734495162963867188e-05 2.986192703247070312e-05 1.567602157592773438e-05 2.461671829223632812e-05 1.871585845947265625e-05 2.497434616088867188e-05 2.622604370117187500e-05 1.505017280578613281e-05 3.328919410705566406e-05
1.664135263791775232e+00 3.775954246520996094e-05 3.582239151000976562e-05 2.363324165344238281e-05 2.762675285339355469e-05 3.334879875183105469e-05 4.282593727111816406e-05 3.707408905029296875e-05 3.096461296081542969e-05 4.041194915771484375e-05 3.385543823242187500e-05
1.670588025777163033e+00 -7.066130638122558594e-05 -8.425116539001464844e-05 -8.174777030944824219e-05 -7.641315460205078125e-05 -9.062886238098144531e-05 -8.091330528259277344e-05 -7.373094558715820312e-05 -8.460879325866699219e-05 -7.051229476928710938e-05 -6.836652755737304688e-05
1.677040787762551055e+00 -9.366869926452636719e-05 -9.182095527648925781e-05 -1.009106636047363281e-04 -9.527802467346191406e-05 -9.086728096008300781e-05 -9.447336196899414062e-05 -9.191036224365234375e-05 -8.946657180786132812e-05 -9.742379188537597656e-05 -9.217858314514160156e-05
1.683493549747938856e+00 8.305907249450683594e-05 6.768107414245605469e-05 9.357929229736328125e-05 8.982419967651367188e-05 8.258223533630371094e-05 7.185339927673339844e-05 8.651614189147949219e-05 7.617473602294921875e-05 7.009506225585937500e-05 6.270408630371093750e-05
1.689946311733326878e+00 -4.577636718750000000e-05 -3.728270530700683594e-05 -2.813339233398437500e-05 -4.082918167114257812e-05 -3.805756568908691406e-05 -4.029273986816406250e-05 -4.312396049499511719e-05 -3.582239151000976562e-05 -3.308057785034179688e-05 -4.780292510986328125e-05
1.696399073718714678e+00 -2.056360244750976562e-06 8.702278137207031250e-06 6.407499313354492188e-06 7.420778274536132812e-06 -3.486871719360351562e-06 1.847743988037109375e-06 0.000000000000000000e+00 1.206994056701660156e-05 -1.877546310424804688e-06 2.294778823852539062e-06
1.702851835704102701e+00 1.055002212524414062e-05 4.768371582031250000e-07 -4.708766937255859375e-06 1.102685928344726562e-06 5.722045898437500000e-06 3.248453140258789062e-06 4.172325134277343750e-07 1.460313796997070312e-06 -2.384185791015625000e-06 9.417533874511718750e-06
1.709304597689490501e+00 3.257393836975097656e-05 3.853440284729003906e-05 3.638863563537597656e-05 3.767013549804687500e-05 3.463029861450195312e-05 3.746151924133300781e-05 3.346800804138183594e-05 2.324581146240234375e-05 2.908706665039062500e-05 3.701448440551757812e-05
1.715757359674878524e+00 -1.126527786254882812e-05 -1.293420791625976562e-05 -8.046627044677734375e-06 -3.063678741455078125e-05 -1.949071884155273438e-05 -2.014636993408203125e-05 -1.731514930725097656e-05 -3.355741500854492188e-05 -3.421306610107421875e-05 -1.317262649536132812e-05
1.722210121660266324e+00 -7.143616676330566406e-05 -8.365511894226074219e-05 -8.204579353332519531e-05 -6.732344627380371094e-05 -7.131695747375488281e-05 -7.498264312744140625e-05 -6.994605064392089844e-05 -8.174777030944824219e-05 -6.860494613647460938e-05 -7.957220077514648438e-05
1.728662883645654347e+00 5.683302879333496094e-05 5.674362182617187500e-05 5.036592483520507812e-05 6.371736526489257812e-05 5.012750625610351562e-05 5.814433097839355469e-05 5.984306335449218750e-05 6.055831909179687500e-05 6.741285324096679688e-05 5.733966827392578125e-05
1.735115645631042147e+00 1.692771911621093750e-05 3.141164779663085938e-05 1.788139343261718750e-05 2.700090408325195312e-05 1.645088195800781250e-05 2.753734588623046875e-05 2.655386924743652344e-05 3.558397293090820312e-05 2.989172935485839844e-05 5.990266799926757812e-06
1.741568407616429948e+00 -3.445148468017578125e-05 -2.604722976684570312e-05 -3.433227539062500000e-05 -1.928210258483886719e-05 -1.525878906250000000e-05 -3.135204315185546875e-05 -1.469254493713378906e-05 -1.105666160583496094e-05 -1.838803291320800781e-05 -2.485513687133789062e-05
1.748021169601817970e+00 6.669759750366210938e-05 5.570054054260253906e-05 6.335973739624023438e-05 6.279349327087402344e-05 7.155537605285644531e-05 6.458163261413574219e-05 7.855892181396484375e-05 6.794929504394531250e-05 6.455183029174804688e-05 7.876753807067871094e-05
1.754473931587205771e+00 6.023049354553222656e-05 6.613135337829589844e-05 7.787346839904785156e-05 6.172060966491699219e-05 6.645917892456054688e-05 5.948543548583984375e-05 7.343292236328125000e-05 6.362795829772949219e-05 7.754564285278320312e-05 7.140636444091796875e-05
1.760926693572593793e+00 -4.035234451293945312e-05 -3.165006637573242188e-05 -3.665685653686523438e-05 -5.313754081726074219e-05 -3.966689109802246094e-05 -3.236532211303710938e-05 -2.929568290710449219e-05 -4.476308822631835938e-05 -3.209710121154785156e-05 -4.297494888305664062e-05
1.767379455557981593e+00 9.337067604064941406e-05 9.870529174804687500e-05 8.732080459594726562e-05 9.799003601074218750e-05 1.011192798614501953e-04 8.979439735412597656e-05 9.819865226745605469e-05 1.036524772644042969e-04 1.092255115509033203e-04 1.050531864166259766e-04
1.773832217543369616e+00 6.306171417236328125e-05 6.285309791564941406e-05 5.814433097839355469e-05 6.228685379028320312e-05 5.790591239929199219e-05 5.832314491271972656e-05 6.467103958129882812e-05 5.894899368286132812e-05 5.805492401123046875e-05 7.414817810058593750e-05
1.780284979528757416e+00 -9.939074516296386719e-05 -1.000463962554931641e-04 -8.264183998107910156e-05 -9.903311729431152344e-05 -9.426474571228027344e-05 -9.828805923461914062e-05 -9.906291961669921875e-05 -1.010894775390625000e-04 -8.845329284667968750e-05 -9.825825691223144531e-05
1.786737741514145439e+00 -4.145503044128417969e-05 -4.950165748596191406e-05 -4.631280899047851562e-05 -4.431605339050292969e-05 -5.453824996948242188e-05 -5.209445953369140625e-05 -6.023049354553222656e-05 -5.835294723510742188e-05 -5.787611007690429688e-05 -5.197525024414062500e-05
1.793190503499533239e+00 8.395314216613769531e-05 8.198618888854980469e-05 8.171796798706054688e-05 8.821487426757812500e-05 9.346008300781250000e-05 8.100271224975585938e-05 9.381771087646484375e-05 8.299946784973144531e-05 7.638335227966308594e-05 9.301304817199707031e-05
1.799643265484921262e+00 8.395314216613769531e-05 7.644295692443847656e-05 7.852911949157714844e-05 6.669759750366210938e-05 6.401538848876953125e-05 8.234381675720214844e-05 7.554888725280761719e-05 7.748603820800781250e-05 7.006525993347167969e-05 7.852911949157714844e-05
1.806096027470309062e+00 -3.695487976074218750e-06 -4.589557647705078125e-06 -1.519918441772460938e-05 -2.002716064453125000e-05 4.142522811889648438e-06 -4.470348358154296875e-06 -7.748603820800781250e-07 -3.218650817871093750e-06 -1.668930053710937500e-06 -1.743435859680175781e-05
1.812548789455697085e+00 8.973479270935058594e-05 8.988380432128906250e-05 8.910894393920898438e-05 9.188055992126464844e-05 8.776783943176269531e-05 9.217858314514160156e-05 9.417533874511718750e-05 8.893013000488281250e-05 1.005530357360839844e-04 9.444355964660644531e-05
1.819001551441084885e+00 -4.827976226806640625e-06 -5.573034286499023438e-06 -9.268522262573242188e-06 -1.478195190429687500e-05 -1.931190490722656250e-05 -2.002716064453125000e-05 -1.013278961181640625e-05 -2.238154411315917969e-05 -2.756714820861816406e-05 -1.621246337890625000e-05
1.825454313426472908e+00 -1.519620418548583984e-04 -1.584589481353759766e-04 -1.525282859802246094e-04 -1.546740531921386719e-04 -1.545846462249755859e-04 -1.575648784637451172e-04 -1.455545425415039062e-04 -1.428127288818359375e-04 -1.562535762786865234e-04 -1.492798328399658203e-04
1.831907075411860708e+00 7.370114326477050781e-05 6.923079490661621094e-05 8.186697959899902344e-05 8.335709571838378906e-05 8.615851402282714844e-05 7.048249244689941406e-05 7.888674736022949219e-05 8.195638656616210938e-05 7.814168930053710938e-05 8.490681648254394531e-05
1.838359837397248508e+00 1.055598258972167969e-04 9.706616401672363281e-05 9.396672248840332031e-05 9.998679161071777344e-05 1.087188720703125000e-04 1.050233840942382812e-04 9.849667549133300781e-05 1.020133495330810547e-04 9.727478027343750000e-05 1.006722450256347656e-04
1.844812599382636531e+00 -1.904964447021484375e-04 -1.939833164215087891e-04 -1.927912235260009766e-04 -1.856386661529541016e-04 -1.825690269470214844e-04 -1.906454563140869141e-04 -1.865625381469726562e-04 -1.849532127380371094e-04 -1.880228519439697266e-04 -1.807808876037597656e-04
1.851265361368024331e+00 1.083612442016601562e-04 9.244680404663085938e-05 1.050233840942382812e-04 1.074671745300292969e-04 1.059472560882568359e-04 1.066625118255615234e-04 1.106560230255126953e-04 1.130104064941406250e-04 1.077353954315185547e-04 1.130104064941406250e-04
1.857718123353412354e+00 7.987022399902343750e-05 9.751319885253906250e-05 9.164214134216308594e-05 8.454918861389160156e-05 8.767843246459960938e-05 8.207559585571289062e-05 9.775161743164062500e-05 8.624792098999023438e-05 8.639693260192871094e-05 8.463859558105468750e-05
1.864170885338800154e+00 -1.853704452514648438e-04 -1.843571662902832031e-04 -1.963376998901367188e-04 -1.940727233886718750e-04 -1.878142356872558594e-04 -1.800358295440673828e-04 -1.976490020751953125e-04 -1.977682113647460938e-04 -2.024769783020019531e-04 -1.962780952453613281e-04
1.870623647324188177e+00 8.401274681091308594e-05 8.320808410644531250e-05 8.755922317504882812e-05 9.438395500183105469e-05 9.569525718688964844e-05 9.745359420776367188e-05 9.119510650634765625e-05 8.720159530639648438e-05 9.936094284057617188e-05 9.632110595703125000e-05
1.877076409309575977e+00 9.405612945556640625e-05 1.007914543151855469e-04 9.357929229736328125e-05 8.648633956909179688e-05 8.386373519897460938e-05 9.322166442871093750e-05 8.252263069152832031e-05 1.012682914733886719e-04 8.440017700195312500e-05 8.791685104370117188e-05
1.883529171294964000e+00 -2.149045467376708984e-04 -2.067685127258300781e-04 -2.118647098541259766e-04 -2.140998840332031250e-04 -2.128183841705322266e-04 -2.131462097167968750e-04 -2.163648605346679688e-04 -2.076327800750732422e-04 -2.266764640808105469e-04 -2.235770225524902344e-04
1.889981933280351800e+00 7.548928260803222656e-05 8.177757263183593750e-05 7.373094558715820312e-05 7.414817810058593750e-05 8.159875869750976562e-05 7.107853889465332031e-05 7.686018943786621094e-05 7.936358451843261719e-05 6.511807441711425781e-05 7.382035255432128906e-05
1.896434695265739823e+00 9.414553642272949219e-05 8.991360664367675781e-05 9.363889694213867188e-05 9.268522262573242188e-05 8.732080459594726562e-05 8.082389831542968750e-05 8.469820022583007812e-05 9.244680404663085938e-05 9.417533874511718750e-05 8.279085159301757812e-05
1.902887457251127623e+00 -1.543760299682617188e-04 -1.506507396697998047e-04 -1.491606235504150391e-04 -1.473426818847656250e-04 -1.453161239624023438e-04 -1.582205295562744141e-04 -1.447200775146484375e-04 -1.495182514190673828e-04 -1.519024372100830078e-04 -1.497566699981689453e-04
1.909340219236515646e+00 9.456276893615722656e-05 1.040995121002197266e-04 1.183748245239257812e-04 1.038610935211181641e-04 1.120269298553466797e-04 1.035034656524658203e-04 1.018941402435302734e-04 8.898973464965820312e-05 1.161992549896240234e-04 1.066625118255615234e-04
1.915792981221903446e+00 7.995963096618652344e-05 6.374716758728027344e-05 7.516145706176757812e-05 7.313489913940429688e-05 5.933642387390136719e-05 7.098913192749023438e-05 6.896257400512695312e-05 5.507469177246093750e-05 6.112456321716308594e-05 6.312131881713867188e-05
1.922245743207291468e+00 -1.796782016754150391e-04 -1.769661903381347656e-04 -1.839697360992431641e-04 -1.736283302307128906e-04 -1.942813396453857422e-04 -1.793801784515380859e-04 -1.813471317291259766e-04 -1.720786094665527344e-04 -1.882314682006835938e-04 -1.961886882781982422e-04
1.928698505192679269e+00 1.153647899627685547e-04 1.179873943328857422e-04 1.173913478851318359e-04 1.246929168701171875e-04 1.327991485595703125e-04 1.375973224639892578e-04 1.239776611328125000e-04 1.164972782135009766e-04 1.284778118133544922e-04 1.226961612701416016e-04
1.935151267178067069e+00 8.907914161682128906e-05 1.029074192047119141e-04 1.069307327270507812e-04 1.057684421539306641e-04 1.027882099151611328e-04 8.770823478698730469e-05 1.042485237121582031e-04 9.542703628540039062e-05 9.456276893615722656e-05 9.566545486450195312e-05
1.941604029163455092e+00 -1.468062400817871094e-04 -1.374185085296630859e-04 -1.502037048339843750e-04 -1.478195190429687500e-04 -1.442432403564453125e-04 -1.542568206787109375e-04 -1.452863216400146484e-04 -1.498460769653320312e-04 -1.432597637176513672e-04 -1.415312290191650391e-04
1.948056791148842892e+00 1.093745231628417969e-04 1.039803028106689453e-04 1.214146614074707031e-04 1.104474067687988281e-04 1.152753829956054688e-04 1.183748245239257812e-04 1.132488250732421875e-04 1.156032085418701172e-04 1.027584075927734375e-04 1.152157783508300781e-04
1.954509553134230915e+00 4.410743713378906250e-06 8.463859558105468750e-06 5.066394805908203125e-06 -5.364418029785156250e-07 5.751848220825195312e-06 1.579523086547851562e-06 8.642673492431640625e-06 -4.559755325317382812e-06 1.204013824462890625e-05 -6.228685379028320312e-06
1.960962315119618715e+00 -8.472800254821777344e-05 -1.036226749420166016e-04 -8.764863014221191406e-05 -1.000761985778808594e-04 -7.537007331848144531e-05 -9.050965309143066406e-05 -9.047985076904296875e-05 -8.887052536010742188e-05 -8.180737495422363281e-05 -9.483098983764648438e-05
1.967415077105006738e+00 7.119774818420410156e-05 8.034706115722656250e-05 8.893013000488281250e-05 8.326768875122070312e-05 8.118152618408203125e-05 9.179115295410156250e-05 9.095668792724609375e-05 8.767843246459960938e-05 8.451938629150390625e-05 8.755922317504882812e-05
1.973867839090394538e+00 4.315376281738281250e-05 5.182623863220214844e-05 5.719065666198730469e-05 4.610419273376464844e-05 4.085898399353027344e-05 4.968047142028808594e-05 4.699826240539550781e-05 4.023313522338867188e-05 4.753470420837402344e-05 5.292892456054687500e-05
1.980320601075782561e+00 -1.052916049957275391e-04 -1.207292079925537109e-04 -1.093149185180664062e-04 -1.147091388702392578e-04 -1.064836978912353516e-04 -1.150369644165039062e-04 -1.101791858673095703e-04 -1.164078712463378906e-04 -1.142024993896484375e-04 -1.117885112762451172e-04
1.986773363061170361e+00 -4.419684410095214844e-05 -3.153085708618164062e-05 -3.767013549804687500e-05 -1.850724220275878906e-05 -3.737211227416992188e-05 -3.463029861450195312e-05 -2.661347389221191406e-05 -2.291798591613769531e-05 -3.784894943237304688e-05 -2.431869506835937500e-05
1.993226125046558384e+00 1.227557659149169922e-04 1.303851604461669922e-04 1.312196254730224609e-04 1.221001148223876953e-04 1.252889633178710938e-04 1.293718814849853516e-04 1.245737075805664062e-04 1.313388347625732422e-04 1.296103000640869141e-04 1.151859760284423828e-04
1.999678887031946184e+00 -2.935528755187988281e-05 -2.756714820861816406e-05 -3.039836883544921875e-05 -2.360343933105468750e-05 -3.874301910400390625e-05 -3.108382225036621094e-05 -2.679228782653808594e-05 -4.339218139648437500e-05 -3.010034561157226562e-05 -2.250075340270996094e-05
2.006131649017333984e+00 3.933906555175781250e-06 3.367662429809570312e-06 -3.337860107421875000e-06 1.221895217895507812e-06 4.947185516357421875e-06 3.367662429809570312e-06 2.741813659667968750e-06 -1.788139343261718750e-06 3.844499588012695312e-06 1.168251037597656250e-05
