# Range[m] 0 1 2 3 4 5 6 7 8 9
1.800000071525573730e-01 -4.729643464088439941e-02 -4.751926660537719727e-02 -4.731541872024536133e-02 -4.845091700553894043e-02 -4.852792620658874512e-02 -4.844784736633300781e-02 -4.851266741752624512e-02 -4.851135611534118652e-02 -4.858481884002685547e-02 -4.848894476890563965e-02
1.864527691379452845e-01 3.502765297889709473e-02 3.487843275070190430e-02 3.506955504417419434e-02 3.396818041801452637e-02 3.395560383796691895e-02 3.392684459686279297e-02 3.389731049537658691e-02 3.381434082984924316e-02 3.390786051750183105e-02 3.405684232711791992e-02
1.929055311233331682e-01 1.085460186004638672e-02 1.105421781539916992e-02 1.087737083435058594e-02 1.248961687088012695e-02 1.251435279846191406e-02 1.252049207687377930e-02 1.258444786071777344e-02 1.260852813720703125e-02 1.255583763122558594e-02 1.231941580772399902e-02
1.993582931087210797e-01 -2.343082427978515625e-02 -2.351287007331848145e-02 -2.351170778274536133e-02 -2.368348836898803711e-02 -2.373191714286804199e-02 -2.367305755615234375e-02 -2.372962236404418945e-02 -2.369135618209838867e-02 -2.369725704193115234e-02 -2.369719743728637695e-02
2.058110550941089911e-01 3.054618835449218750e-03 3.014475107192993164e-03 3.079712390899658203e-03 2.614438533782958984e-03 2.631247043609619141e-03 2.601414918899536133e-03 2.583801746368408203e-03 2.554386854171752930e-03 2.606868743896484375e-03 2.697974443435668945e-03
2.122638170794968748e-01 7.233232259750366211e-03 7.282078266143798828e-03 7.305890321731567383e-03 7.323205471038818359e-03 7.284700870513916016e-03 7.338523864746093750e-03 7.335096597671508789e-03 7.357984781265258789e-03 7.353395223617553711e-03 7.291108369827270508e-03
2.187165790648847863e-01 7.026970386505126953e-03 7.019281387329101562e-03 6.975471973419189453e-03 7.200419902801513672e-03 7.242202758789062500e-03 7.225453853607177734e-03 7.201731204986572266e-03 7.202297449111938477e-03 7.192999124526977539e-03 7.158428430557250977e-03
2.251693410502726977e-01 -1.479110121726989746e-02 -1.472273468971252441e-02 -1.482516527175903320e-02 -1.436421275138854980e-02 -1.439011096954345703e-02 -1.443603634834289551e-02 -1.434409618377685547e-02 -1.433885097503662109e-02 -1.440072059631347656e-02 -1.440024375915527344e-02
2.316221030356606092e-01 -6.438106298446655273e-03 -6.508350372314453125e-03 -6.357669830322265625e-03 -7.184863090515136719e-03 -7.262557744979858398e-03 -7.149070501327514648e-03 -7.214426994323730469e-03 -7.259339094161987305e-03 -7.178366184234619141e-03 -7.118254899978637695e-03
2.380748650210485207e-01 2.501708269119262695e-02 2.497309446334838867e-02 2.500101923942565918e-02 2.482175827026367188e-02 2.480128407478332520e-02 2.483361959457397461e-02 2.479833364486694336e-02 2.478355169296264648e-02 2.479198575019836426e-02 2.481237053871154785e-02
2.445276270064364044e-01 -8.794575929641723633e-03 -8.580952882766723633e-03 -8.784979581832885742e-03 -7.613092660903930664e-03 -7.577925920486450195e-03 -7.627397775650024414e-03 -7.591843605041503906e-03 -7.501751184463500977e-03 -7.572650909423828125e-03 -7.708132266998291016e-03
2.509803889918242881e-01 -2.565690875053405762e-02 -2.570840716361999512e-02 -2.559939026832580566e-02 -2.628135681152343750e-02 -2.631613612174987793e-02 -2.630734443664550781e-02 -2.633193135261535645e-02 -2.633991837501525879e-02 -2.629935741424560547e-02 -2.625778317451477051e-02
2.574331509772121995e-01 2.682515978813171387e-02 2.669540047645568848e-02 2.693453431129455566e-02 2.579423785209655762e-02 2.574214339256286621e-02 2.577611804008483887e-02 2.573099732398986816e-02 2.570444345474243164e-02 2.576383948326110840e-02 2.588313817977905273e-02
2.638859129626001110e-01 6.818979978561401367e-03 7.055878639221191406e-03 6.694018840789794922e-03 8.403688669204711914e-03 8.423835039138793945e-03 8.343219757080078125e-03 8.434414863586425781e-03 8.550971746444702148e-03 8.435755968093872070e-03 8.277922868728637695e-03
2.703386749479880224e-01 -3.674328327178955078e-02 -3.678724169731140137e-02 -3.676211833953857422e-02 -3.694856166839599609e-02 -3.694236278533935547e-02 -3.692543506622314453e-02 -3.694155812263488770e-02 -3.693968057632446289e-02 -3.696626424789428711e-02 -3.692308068275451660e-02
2.767914369333759339e-01 1.735505461692810059e-02 1.721659302711486816e-02 1.751151680946350098e-02 1.600959897041320801e-02 1.595604419708251953e-02 1.602479815483093262e-02 1.595881581306457520e-02 1.579830050468444824e-02 1.591315865516662598e-02 1.605775952339172363e-02
2.832441989187638454e-01 2.147132158279418945e-02 2.159196138381958008e-02 2.139753103256225586e-02 2.274975180625915527e-02 2.272075414657592773e-02 2.270010113716125488e-02 2.275976538658142090e-02 2.284243702888488770e-02 2.269461750984191895e-02 2.263978123664855957e-02
2.896969609041517568e-01 -3.190559148788452148e-02 -3.187021613121032715e-02 -3.200063109397888184e-02 -3.142485022544860840e-02 -3.143572807312011719e-02 -3.144350647926330566e-02 -3.135684132575988770e-02 -3.139802813529968262e-02 -3.142982721328735352e-02 -3.147110342979431152e-02
2.961497228895396683e-01 8.271038532257080078e-04 6.363093852996826172e-04 8.739829063415527344e-04 -6.511509418487548828e-04 -7.048845291137695312e-04 -6.242692470550537109e-04 -7.246136665344238281e-04 -7.928609848022460938e-04 -7.129609584808349609e-04 -5.557835102081298828e-04
3.026024848749275242e-01 2.626910805702209473e-02 2.636769413948059082e-02 2.629700303077697754e-02 2.708142995834350586e-02 2.706062793731689453e-02 2.704039216041564941e-02 2.708414196968078613e-02 2.710443735122680664e-02 2.702376246452331543e-02 2.698650956153869629e-02
3.090552468603154357e-01 -2.018657326698303223e-02 -2.008086442947387695e-02 -2.025058865547180176e-02 -1.929402351379394531e-02 -1.924043893814086914e-02 -1.933375000953674316e-02 -1.926979422569274902e-02 -1.920297741889953613e-02 -1.928299665451049805e-02 -1.937365531921386719e-02
3.155080088457033471e-01 -1.370856165885925293e-02 -1.380679011344909668e-02 -1.359027624130249023e-02 -1.466649770736694336e-02 -1.475432515144348145e-02 -1.472011208534240723e-02 -1.476359367370605469e-02 -1.487538218498229980e-02 -1.474341750144958496e-02 -1.461917161941528320e-02
3.219607708310912586e-01 2.459609508514404297e-02 2.461916208267211914e-02 2.461490035057067871e-02 2.454233169555664062e-02 2.450433373451232910e-02 2.453073859214782715e-02 2.451053261756896973e-02 2.451020479202270508e-02 2.452373504638671875e-02 2.454113960266113281e-02
3.284135328164791701e-01 -3.190577030181884766e-03 -3.136724233627319336e-03 -3.304272890090942383e-03 -2.384841442108154297e-03 -2.391725778579711914e-03 -2.360284328460693359e-03 -2.330660820007324219e-03 -2.310037612915039062e-03 -2.350509166717529297e-03 -2.452880144119262695e-03
3.348662948018670260e-01 -1.922026276588439941e-02 -1.926246285438537598e-02 -1.922133564949035645e-02 -1.946416497230529785e-02 -1.948988437652587891e-02 -1.949304342269897461e-02 -1.948186755180358887e-02 -1.948419213294982910e-02 -1.950162649154663086e-02 -1.946556568145751953e-02
3.413190567872549375e-01 1.207223534584045410e-02 1.200461387634277344e-02 1.212513446807861328e-02 1.149383187294006348e-02 1.145860552787780762e-02 1.151111721992492676e-02 1.145845651626586914e-02 1.141557097434997559e-02 1.147311925888061523e-02 1.155346632003784180e-02
3.477718187726428489e-01 1.070001721382141113e-02 1.072245836257934570e-02 1.064145565032958984e-02 1.125049591064453125e-02 1.127171516418457031e-02 1.126682758331298828e-02 1.126804947853088379e-02 1.128503680229187012e-02 1.128172874450683594e-02 1.120069622993469238e-02
3.542245807580307604e-01 -1.445034146308898926e-02 -1.444315910339355469e-02 -1.451048254966735840e-02 -1.416286826133728027e-02 -1.416644454002380371e-02 -1.418936252593994141e-02 -1.416498422622680664e-02 -1.409891247749328613e-02 -1.414838433265686035e-02 -1.416167616844177246e-02
3.606773427434186718e-01 -2.465516328811645508e-03 -2.521574497222900391e-03 -2.397865056991577148e-03 -3.155738115310668945e-03 -3.135949373245239258e-03 -3.135681152343750000e-03 -3.154426813125610352e-03 -3.193706274032592773e-03 -3.120034933090209961e-03 -3.061890602111816406e-03
3.671301047288065833e-01 1.495459675788879395e-02 1.496365666389465332e-02 1.497510075569152832e-02 1.502293348312377930e-02 1.498901844024658203e-02 1.501402258872985840e-02 1.502639055252075195e-02 1.502680778503417969e-02 1.500678062438964844e-02 1.500481367111206055e-02
3.735828667141944948e-01 -4.522204399108886719e-03 -4.469394683837890625e-03 -4.548430442810058594e-03 -3.924071788787841797e-03 -3.897011280059814453e-03 -3.940016031265258789e-03 -3.900617361068725586e-03 -3.869503736495971680e-03 -3.899782896041870117e-03 -3.950774669647216797e-03
3.800356286995824062e-01 -1.151189208030700684e-02 -1.154965162277221680e-02 -1.150140166282653809e-02 -1.195010542869567871e-02 -1.191973686218261719e-02 -1.192244887351989746e-02 -1.192981004714965820e-02 -1.196900010108947754e-02 -1.191717386245727539e-02 -1.190686225891113281e-02
3.864883906849703177e-01 1.187735795974731445e-02 1.184615492820739746e-02 1.191514730453491211e-02 1.152443885803222656e-02 1.146724820137023926e-02 1.154074072837829590e-02 1.149085164070129395e-02 1.148164272308349609e-02 1.148441433906555176e-02 1.154315471649169922e-02
3.929411526703582291e-01 6.859540939331054688e-03 6.890743970870971680e-03 6.752759218215942383e-03 7.367223501205444336e-03 7.428318262100219727e-03 7.367700338363647461e-03 7.388114929199218750e-03 7.483869791030883789e-03 7.375955581665039062e-03 7.307589054107666016e-03
3.993939146557460851e-01 -1.573431491851806641e-02 -1.574045419692993164e-02 -1.575896143913269043e-02 -1.565831899642944336e-02 -1.562702655792236328e-02 -1.563635468482971191e-02 -1.563191413879394531e-02 -1.562392711639404297e-02 -1.567152142524719238e-02 -1.566416025161743164e-02
4.058466766411339965e-01 2.964049577713012695e-03 2.920538187026977539e-03 3.061026334762573242e-03 2.331048250198364258e-03 2.348154783248901367e-03 2.324461936950683594e-03 2.295583486557006836e-03 2.265751361846923828e-03 2.317845821380615234e-03 2.388417720794677734e-03
4.122994386265219080e-01 1.404863595962524414e-02 1.409751176834106445e-02 1.406735181808471680e-02 1.431348919868469238e-02 1.431775093078613281e-02 1.431691646575927734e-02 1.431512832641601562e-02 1.429241895675659180e-02 1.430970430374145508e-02 1.429641246795654297e-02
4.187522006119098195e-01 -1.110294461250305176e-02 -1.103720068931579590e-02 -1.113113760948181152e-02 -1.066666841506958008e-02 -1.064839959144592285e-02 -1.067307591438293457e-02 -1.062875986099243164e-02 -1.058468222618103027e-02 -1.064532995223999023e-02 -1.073056459426879883e-02
4.252049625972976754e-01 -7.051110267639160156e-03 -7.086485624313354492e-03 -6.992846727371215820e-03 -7.611632347106933594e-03 -7.642120122909545898e-03 -7.623493671417236328e-03 -7.629752159118652344e-03 -7.670938968658447266e-03 -7.655531167984008789e-03 -7.559150457382202148e-03
4.316577245826856424e-01 1.434957981109619141e-02 1.436790823936462402e-02 1.437810063362121582e-02 1.426616311073303223e-02 1.425963640213012695e-02 1.428365707397460938e-02 1.427111029624938965e-02 1.421698927879333496e-02 1.426154375076293945e-02 1.426067948341369629e-02
4.381104865680734983e-01 -2.730548381805419922e-03 -2.685725688934326172e-03 -2.793818712234497070e-03 -2.128273248672485352e-03 -2.119779586791992188e-03 -2.144366502761840820e-03 -2.097070217132568359e-03 -2.085000276565551758e-03 -2.147823572158813477e-03 -2.189815044403076172e-03
4.445632485534614098e-01 -1.207947731018066406e-02 -1.209771633148193359e-02 -1.208096742630004883e-02 -1.236748695373535156e-02 -1.235273480415344238e-02 -1.233318448066711426e-02 -1.237669587135314941e-02 -1.238161325454711914e-02 -1.234796643257141113e-02 -1.234593987464904785e-02
4.510160105388493212e-01 9.569436311721801758e-03 9.542018175125122070e-03 9.612083435058593750e-03 9.228259325027465820e-03 9.191393852233886719e-03 9.204775094985961914e-03 9.212195873260498047e-03 9.181648492813110352e-03 9.201884269714355469e-03 9.231537580490112305e-03
4.574687725242372327e-01 3.868371248245239258e-03 3.941655158996582031e-03 3.863245248794555664e-03 4.380345344543457031e-03 4.352539777755737305e-03 4.383772611618041992e-03 4.386246204376220703e-03 4.414528608322143555e-03 4.353404045104980469e-03 4.337787628173828125e-03
4.639215345096251442e-01 -1.180598139762878418e-02 -1.181140542030334473e-02 -1.179012656211853027e-02 -1.175427436828613281e-02 -1.174342632293701172e-02 -1.177331805229187012e-02 -1.174104213714599609e-02 -1.172465085983276367e-02 -1.173400878906250000e-02 -1.174578070640563965e-02
4.703742964950130556e-01 1.175433397293090820e-03 1.119345426559448242e-03 1.231521368026733398e-03 7.298588752746582031e-04 7.030665874481201172e-04 7.480978965759277344e-04 7.096230983734130859e-04 6.512403488159179688e-04 7.131099700927734375e-04 7.629990577697753906e-04
4.768270584804009671e-01 1.020032167434692383e-02 1.023247838020324707e-02 1.021564006805419922e-02 1.040047407150268555e-02 1.036730408668518066e-02 1.037928462028503418e-02 1.037189364433288574e-02 1.039993762969970703e-02 1.038825511932373047e-02 1.036477088928222656e-02
4.832798204657888230e-01 -7.213741540908813477e-03 -7.201403379440307617e-03 -7.288217544555664062e-03 -6.885886192321777344e-03 -6.879776716232299805e-03 -6.892710924148559570e-03 -6.874054670333862305e-03 -6.844073534011840820e-03 -6.885737180709838867e-03 -6.910175085067749023e-03
4.897325824511767345e-01 -6.387948989868164062e-03 -6.417065858840942383e-03 -6.347864866256713867e-03 -6.704658269882202148e-03 -6.764113903045654297e-03 -6.709992885589599609e-03 -6.736248731613159180e-03 -6.719410419464111328e-03 -6.702095270156860352e-03 -6.669461727142333984e-03
4.961853444365646459e-01 9.742468595504760742e-03 9.739995002746582031e-03 9.758055210113525391e-03 9.656220674514770508e-03 9.644359350204467773e-03 9.672552347183227539e-03 9.628266096115112305e-03 9.622871875762939453e-03 9.635925292968750000e-03 9.670406579971313477e-03
5.026381064219525019e-01 3.464818000793457031e-04 3.711283206939697266e-04 2.991855144500732422e-04 7.138252258300781250e-04 7.426142692565917969e-04 7.230341434478759766e-04 7.499456405639648438e-04 7.740855216979980469e-04 7.452368736267089844e-04 6.827414035797119141e-04
5.090908684073405244e-01 -9.204834699630737305e-03 -9.231597185134887695e-03 -9.189546108245849609e-03 -9.307056665420532227e-03 -9.329944849014282227e-03 -9.299993515014648438e-03 -9.295940399169921875e-03 -9.310841560363769531e-03 -9.307265281677246094e-03 -9.271621704101562500e-03
5.155436303927283248e-01 5.547791719436645508e-03 5.520105361938476562e-03 5.580276250839233398e-03 5.224317312240600586e-03 5.220174789428710938e-03 5.254864692687988281e-03 5.214154720306396484e-03 5.207359790802001953e-03 5.249291658401489258e-03 5.262702703475952148e-03
5.219963923781163473e-01 5.769193172454833984e-03 5.782425403594970703e-03 5.731761455535888672e-03 6.054818630218505859e-03 6.067276000976562500e-03 6.052821874618530273e-03 6.086051464080810547e-03 6.088644266128540039e-03 6.079316139221191406e-03 6.043106317520141602e-03
5.284491543635041477e-01 -8.797109127044677734e-03 -8.796185255050659180e-03 -8.824586868286132812e-03 -8.704543113708496094e-03 -8.687525987625122070e-03 -8.703917264938354492e-03 -8.701771497726440430e-03 -8.673310279846191406e-03 -8.687436580657958984e-03 -8.694022893905639648e-03
5.349019163488920592e-01 1.286566257476806641e-03 1.250803470611572266e-03 1.299887895584106445e-03 9.118616580963134766e-04 9.204447269439697266e-04 9.122788906097412109e-04 9.030997753143310547e-04 8.811652660369873047e-04 9.423792362213134766e-04 9.506940841674804688e-04
5.413546783342799706e-01 7.824391126632690430e-03 7.833629846572875977e-03 7.827550172805786133e-03 7.953733205795288086e-03 7.977843284606933594e-03 7.959187030792236328e-03 7.968217134475708008e-03 7.952928543090820312e-03 7.948696613311767578e-03 7.937043905258178711e-03
5.478074403196678821e-01 -4.529237747192382812e-03 -4.480868577957153320e-03 -4.549235105514526367e-03 -4.247665405273437500e-03 -4.239886999130249023e-03 -4.268258810043334961e-03 -4.233956336975097656e-03 -4.204422235488891602e-03 -4.250138998031616211e-03 -4.284650087356567383e-03
5.542602023050557936e-01 -4.477500915527343750e-03 -4.531621932983398438e-03 -4.485696554183959961e-03 -4.742562770843505859e-03 -4.725337028503417969e-03 -4.717618227005004883e-03 -4.744499921798706055e-03 -4.772484302520751953e-03 -4.727810621261596680e-03 -4.703968763351440430e-03
5.607129642904437050e-01 7.199615240097045898e-03 7.218003273010253906e-03 7.222294807434082031e-03 7.119834423065185547e-03 7.097423076629638672e-03 7.107228040695190430e-03 7.087379693984985352e-03 7.091522216796875000e-03 7.098257541656494141e-03 7.124602794647216797e-03
5.671657262758316165e-01 8.783042430877685547e-04 9.147226810455322266e-04 8.524954319000244141e-04 1.169919967651367188e-03 1.179099082946777344e-03 1.175403594970703125e-03 1.169502735137939453e-03 1.186043024063110352e-03 1.150250434875488281e-03 1.129031181335449219e-03
5.736184882612194169e-01 -6.553977727890014648e-03 -6.558924913406372070e-03 -6.532818078994750977e-03 -6.656706333160400391e-03 -6.649434566497802734e-03 -6.633251905441284180e-03 -6.641864776611328125e-03 -6.644189357757568359e-03 -6.658524274826049805e-03 -6.653279066085815430e-03
5.800712502466074394e-01 3.394693136215209961e-03 3.359824419021606445e-03 3.389716148376464844e-03 3.146529197692871094e-03 3.131866455078125000e-03 3.153234720230102539e-03 3.127336502075195312e-03 3.103762865066528320e-03 3.135949373245239258e-03 3.179192543029785156e-03
5.865240122319952398e-01 4.302710294723510742e-03 4.331916570663452148e-03 4.290819168090820312e-03 4.515051841735839844e-03 4.519581794738769531e-03 4.495620727539062500e-03 4.502683877944946289e-03 4.521489143371582031e-03 4.521936178207397461e-03 4.471331834793090820e-03
5.929767742173832623e-01 -6.182670593261718750e-03 -6.175369024276733398e-03 -6.190925836563110352e-03 -6.102710962295532227e-03 -6.095677614212036133e-03 -6.105065345764160156e-03 -6.089627742767333984e-03 -6.078362464904785156e-03 -6.097197532653808594e-03 -6.105929613113403320e-03
5.994295362027710627e-01 -4.981458187103271484e-04 -4.948675632476806641e-04 -4.603564739227294922e-04 -7.395148277282714844e-04 -7.509887218475341797e-04 -7.460415363311767578e-04 -7.784664630889892578e-04 -7.616579532623291016e-04 -7.625520229339599609e-04 -7.141530513763427734e-04
6.058822981881590852e-01 6.132215261459350586e-03 6.163418292999267578e-03 6.126016378402709961e-03 6.221324205398559570e-03 6.218135356903076172e-03 6.218582391738891602e-03 6.219029426574707031e-03 6.208807229995727539e-03 6.217390298843383789e-03 6.188571453094482422e-03
6.123350601735468857e-01 -3.978759050369262695e-03 -3.975808620452880859e-03 -4.009813070297241211e-03 -3.803700208663940430e-03 -3.815889358520507812e-03 -3.819108009338378906e-03 -3.803789615631103516e-03 -3.774672746658325195e-03 -3.826737403869628906e-03 -3.831297159194946289e-03
6.187878221589347971e-01 -3.174930810928344727e-03 -3.227859735488891602e-03 -3.177136182785034180e-03 -3.373980522155761719e-03 -3.404468297958374023e-03 -3.389030694961547852e-03 -3.401726484298706055e-03 -3.417849540710449219e-03 -3.381550312042236328e-03 -3.351181745529174805e-03
6.252405841443227086e-01 4.875719547271728516e-03 4.854738712310791016e-03 4.873603582382202148e-03 4.784733057022094727e-03 4.765987396240234375e-03 4.790574312210083008e-03 4.780232906341552734e-03 4.794538021087646484e-03 4.783898591995239258e-03 4.787266254425048828e-03
6.316933461297106200e-01 6.085634231567382812e-05 1.026391983032226562e-04 5.328655242919921875e-05 2.835988998413085938e-04 2.956092357635498047e-04 2.756714820861816406e-04 2.911090850830078125e-04 3.025829792022705078e-04 2.959370613098144531e-04 2.674162387847900391e-04
6.381461081150985315e-01 -4.530787467956542969e-03 -4.547744989395141602e-03 -4.536747932434082031e-03 -4.598468542098999023e-03 -4.583537578582763672e-03 -4.586875438690185547e-03 -4.596799612045288086e-03 -4.599481821060180664e-03 -4.581898450851440430e-03 -4.599213600158691406e-03
6.445988701004864430e-01 1.978486776351928711e-03 1.951068639755249023e-03 1.991957426071166992e-03 1.837074756622314453e-03 1.828759908676147461e-03 1.828521490097045898e-03 1.835793256759643555e-03 1.820236444473266602e-03 1.810342073440551758e-03 1.827090978622436523e-03
6.510516320858743544e-01 2.228587865829467773e-03 2.249807119369506836e-03 2.215445041656494141e-03 2.366244792938232422e-03 2.378493547439575195e-03 2.363741397857666016e-03 2.361357212066650391e-03 2.381086349487304688e-03 2.376228570938110352e-03 2.351701259613037109e-03
6.575043940712622659e-01 -3.103524446487426758e-03 -3.084599971771240234e-03 -3.102809190750122070e-03 -3.051102161407470703e-03 -3.064364194869995117e-03 -3.050953149795532227e-03 -3.042608499526977539e-03 -3.057807683944702148e-03 -3.069311380386352539e-03 -3.047943115234375000e-03
6.639571560566501773e-01 -5.504488945007324219e-04 -5.652606487274169922e-04 -5.313456058502197266e-04 -6.562471389770507812e-04 -6.631016731262207031e-04 -6.468296051025390625e-04 -6.604492664337158203e-04 -6.643533706665039062e-04 -6.570219993591308594e-04 -6.533563137054443359e-04
6.704099180420379778e-01 2.886980772018432617e-03 2.878069877624511719e-03 2.863347530364990234e-03 2.907335758209228516e-03 2.912521362304687500e-03 2.900362014770507812e-03 2.878904342651367188e-03 2.895146608352661133e-03 2.880841493606567383e-03 2.900391817092895508e-03
6.768626800274260003e-01 -6.414651870727539062e-04 -6.284415721893310547e-04 -6.560385227203369141e-04 -5.499720573425292969e-04 -5.523264408111572266e-04 -5.598366260528564453e-04 -5.309283733367919922e-04 -5.479454994201660156e-04 -5.350708961486816406e-04 -5.578100681304931641e-04
6.833154420128139117e-01 -2.236992120742797852e-03 -2.249538898468017578e-03 -2.235531806945800781e-03 -2.281457185745239258e-03 -2.288043498992919922e-03 -2.276778221130371094e-03 -2.269983291625976562e-03 -2.283424139022827148e-03 -2.275049686431884766e-03 -2.263903617858886719e-03
6.897682039982017121e-01 1.476436853408813477e-03 1.476854085922241211e-03 1.482725143432617188e-03 1.399338245391845703e-03 1.408576965332031250e-03 1.417219638824462891e-03 1.403242349624633789e-03 1.382201910018920898e-03 1.404464244842529297e-03 1.404702663421630859e-03
6.962209659835896236e-01 1.584708690643310547e-03 1.587092876434326172e-03 1.589894294738769531e-03 1.643002033233642578e-03 1.637846231460571289e-03 1.636773347854614258e-03 1.658290624618530273e-03 1.656919717788696289e-03 1.649767160415649414e-03 1.633375883102416992e-03
7.026737279689775351e-01 -1.495122909545898438e-03 -1.479655504226684570e-03 -1.489400863647460938e-03 -1.420259475708007812e-03 -1.424163579940795898e-03 -1.425504684448242188e-03 -1.407235860824584961e-03 -1.399576663970947266e-03 -1.414954662322998047e-03 -1.416832208633422852e-03
7.091264899543654465e-01 -1.808553934097290039e-03 -1.848101615905761719e-03 -1.844316720962524414e-03 -1.903653144836425781e-03 -1.889973878860473633e-03 -1.888662576675415039e-03 -1.897305250167846680e-03 -1.907527446746826172e-03 -1.901239156723022461e-03 -1.881092786788940430e-03
7.155792519397533580e-01 3.090083599090576172e-03 3.110647201538085938e-03 3.142297267913818359e-03 3.012984991073608398e-03 3.009468317031860352e-03 2.993822097778320312e-03 3.003537654876708984e-03 2.999067306518554688e-03 3.004252910614013672e-03 3.041356801986694336e-03
7.220320139251412694e-01 1.249104738235473633e-03 1.270532608032226562e-03 1.244306564331054688e-03 1.412034034729003906e-03 1.421988010406494141e-03 1.415789127349853516e-03 1.415610313415527344e-03 1.415878534317016602e-03 1.417249441146850586e-03 1.385003328323364258e-03
7.284847759105291809e-01 -5.070507526397705078e-03 -5.082994699478149414e-03 -5.071848630905151367e-03 -5.091279745101928711e-03 -5.083054304122924805e-03 -5.108714103698730469e-03 -5.091845989227294922e-03 -5.081444978713989258e-03 -5.098402500152587891e-03 -5.084842443466186523e-03
7.349375378959170924e-01 2.905964851379394531e-03 2.878606319427490234e-03 2.928316593170166016e-03 2.643942832946777344e-03 2.636671066284179688e-03 2.671122550964355469e-03 2.635002136230468750e-03 2.620756626129150391e-03 2.661526203155517578e-03 2.685010433197021484e-03
7.413902998813050038e-01 4.166215658187866211e-03 4.179477691650390625e-03 4.132598638534545898e-03 4.372090101242065430e-03 4.392415285110473633e-03 4.365324974060058594e-03 4.364818334579467773e-03 4.365682601928710938e-03 4.365295171737670898e-03 4.330039024353027344e-03
7.478430618666929153e-01 -7.681846618652343750e-03 -7.682591676712036133e-03 -7.692277431488037109e-03 -7.615119218826293945e-03 -7.588982582092285156e-03 -7.614552974700927734e-03 -7.597982883453369141e-03 -7.600009441375732422e-03 -7.610887289047241211e-03 -7.611870765686035156e-03
7.542958238520808267e-01 1.365333795547485352e-03 1.332849264144897461e-03 1.408278942108154297e-03 1.011908054351806641e-03 9.877085685729980469e-04 1.026481389999389648e-03 9.756684303283691406e-04 1.003682613372802734e-03 1.011699438095092773e-03 1.028597354888916016e-03
7.607485858374687382e-01 7.310330867767333984e-03 7.332980632781982422e-03 7.310688495635986328e-03 7.577985525131225586e-03 7.587701082229614258e-03 7.565289735794067383e-03 7.562965154647827148e-03 7.573962211608886719e-03 7.548689842224121094e-03 7.497459650039672852e-03
7.672013478228566496e-01 -8.760094642639160156e-03 -8.749783039093017578e-03 -8.788645267486572266e-03 -8.643835783004760742e-03 -8.652269840240478516e-03 -8.654952049255371094e-03 -8.641302585601806641e-03 -8.632510900497436523e-03 -8.649080991744995117e-03 -8.650392293930053711e-03
7.736541098082445611e-01 4.449784755706787109e-04 4.107654094696044922e-04 4.737973213195800781e-04 2.226233482360839844e-05 -8.285045623779296875e-06 5.128979682922363281e-05 1.281499862670898438e-05 1.507997512817382812e-05 3.758072853088378906e-05 5.790591239929199219e-05
7.801068717936323615e-01 8.708953857421875000e-03 8.677303791046142578e-03 8.659422397613525391e-03 8.825391530990600586e-03 8.853465318679809570e-03 8.821308612823486328e-03 8.832663297653198242e-03 8.850604295730590820e-03 8.803188800811767578e-03 8.786767721176147461e-03
7.865596337790202730e-01 -7.385641336441040039e-03 -7.327169179916381836e-03 -7.380455732345581055e-03 -7.125884294509887695e-03 -7.113188505172729492e-03 -7.130980491638183594e-03 -7.123857736587524414e-03 -7.101327180862426758e-03 -7.117092609405517578e-03 -7.139980792999267578e-03
7.930123957644081845e-01 -1.436591148376464844e-03 -1.466482877731323242e-03 -1.401156187057495117e-03 -1.800954341888427734e-03 -1.818537712097167969e-03 -1.802116632461547852e-03 -1.833349466323852539e-03 -1.836627721786499023e-03 -1.821905374526977539e-03 -1.821577548980712891e-03
7.994651577497960959e-01 8.602678775787353516e-03 8.589774370193481445e-03 8.567452430725097656e-03 8.658289909362792969e-03 8.684694766998291016e-03 8.646875619888305664e-03 8.660554885864257812e-03 8.642643690109252930e-03 8.635163307189941406e-03 8.644968271255493164e-03
8.059179197351840074e-01 -6.358951330184936523e-03 -6.270557641983032227e-03 -6.329655647277832031e-03 -6.044000387191772461e-03 -6.038606166839599609e-03 -6.071060895919799805e-03 -6.028711795806884766e-03 -6.002873182296752930e-03 -6.006062030792236328e-03 -6.072819232940673828e-03
8.123706817205719188e-01 -2.877265214920043945e-03 -2.898454666137695312e-03 -2.823352813720703125e-03 -3.189504146575927734e-03 -3.217995166778564453e-03 -3.192692995071411133e-03 -3.223508596420288086e-03 -3.235012292861938477e-03 -3.222197294235229492e-03 -3.176182508468627930e-03
8.188234437059598303e-01 7.172673940658569336e-03 7.174372673034667969e-03 7.150948047637939453e-03 7.214218378067016602e-03 7.232576608657836914e-03 7.203191518783569336e-03 7.199645042419433594e-03 7.211476564407348633e-03 7.214188575744628906e-03 7.198512554168701172e-03
8.252762056913477418e-01 -4.211187362670898438e-03 -4.178702831268310547e-03 -4.219174385070800781e-03 -3.985315561294555664e-03 -3.988653421401977539e-03 -4.007488489151000977e-03 -3.961324691772460938e-03 -3.966301679611206055e-03 -3.974080085754394531e-03 -3.996610641479492188e-03
8.317289676767356532e-01 -2.519786357879638672e-03 -2.539187669754028320e-03 -2.504646778106689453e-03 -2.753287553787231445e-03 -2.756744623184204102e-03 -2.732068300247192383e-03 -2.768456935882568359e-03 -2.761095762252807617e-03 -2.752572298049926758e-03 -2.743005752563476562e-03
8.381817296621235647e-01 4.782557487487792969e-03 4.783153533935546875e-03 4.783898591995239258e-03 4.806071519851684570e-03 4.804521799087524414e-03 4.803895950317382812e-03 4.798769950866699219e-03 4.797935485839843750e-03 4.809528589248657227e-03 4.799246788024902344e-03
8.446344916475114761e-01 -2.338200807571411133e-03 -2.327412366867065430e-03 -2.330958843231201172e-03 -2.242356538772583008e-03 -2.250343561172485352e-03 -2.238959074020385742e-03 -2.229779958724975586e-03 -2.231001853942871094e-03 -2.242714166641235352e-03 -2.259314060211181641e-03
8.510872536328993876e-01 -1.089036464691162109e-03 -1.126796007156372070e-03 -1.089304685592651367e-03 -1.225084066390991211e-03 -1.213222742080688477e-03 -1.214176416397094727e-03 -1.226902008056640625e-03 -1.230388879776000977e-03 -1.215159893035888672e-03 -1.206517219543457031e-03
8.575400156182872990e-01 1.884251832962036133e-03 1.881003379821777344e-03 1.873522996902465820e-03 1.880347728729248047e-03 1.891225576400756836e-03 1.890599727630615234e-03 1.891344785690307617e-03 1.909613609313964844e-03 1.883029937744140625e-03 1.893788576126098633e-03
8.639927776036752105e-01 -9.494125843048095703e-04 -9.393990039825439453e-04 -9.510517120361328125e-04 -9.174644947052001953e-04 -9.029507637023925781e-04 -9.044110774993896484e-04 -8.995831012725830078e-04 -8.989572525024414062e-04 -9.019374847412109375e-04 -9.027123451232910156e-04
8.704455395890630109e-01 -3.714263439178466797e-04 -3.760159015655517578e-04 -3.896951675415039062e-04 -4.239380359649658203e-04 -4.096925258636474609e-04 -4.197359085083007812e-04 -4.138350486755371094e-04 -4.289150238037109375e-04 -4.259049892425537109e-04 -4.294514656066894531e-04
8.768983015744509224e-01 6.408393383026123047e-04 6.512701511383056641e-04 6.444454193115234375e-04 6.644725799560546875e-04 6.588995456695556641e-04 6.482005119323730469e-04 6.640553474426269531e-04 6.532073020935058594e-04 6.602108478546142578e-04 6.483793258666992188e-04
8.833510635598388339e-01 -3.512501716613769531e-04 -3.414750099182128906e-04 -3.360211849212646484e-04 -3.394186496734619141e-04 -3.346800804138183594e-04 -3.259181976318359375e-04 -3.307759761810302734e-04 -3.362894058227539062e-04 -3.322362899780273438e-04 -3.248155117034912109e-04
8.898038255452267453e-01 4.091560840606689453e-04 4.034936428070068359e-04 4.062056541442871094e-04 3.879666328430175781e-04 4.062652587890625000e-04 3.931522369384765625e-04 3.852546215057373047e-04 4.000067710876464844e-04 4.012882709503173828e-04 3.926455974578857422e-04
8.962565875306146568e-01 -1.172721385955810547e-04 -1.211464405059814453e-04 -1.272261142730712891e-04 -8.657574653625488281e-05 -8.875131607055664062e-05 -7.802248001098632812e-05 -6.517767906188964844e-05 -8.097290992736816406e-05 -7.587671279907226562e-05 -8.407235145568847656e-05
9.027093495160025682e-01 -6.625652313232421875e-04 -6.481409072875976562e-04 -6.296038627624511719e-04 -6.699264049530029297e-04 -6.757974624633789062e-04 -6.739795207977294922e-04 -6.728172302246093750e-04 -6.728768348693847656e-04 -6.572902202606201172e-04 -6.788969039916992188e-04
9.091621115013904797e-01 9.787678718566894531e-04 9.680092334747314453e-04 9.594261646270751953e-04 9.476542472839355469e-04 9.559988975524902344e-04 9.585022926330566406e-04 9.628832340240478516e-04 9.569227695465087891e-04 9.611546993255615234e-04 9.589791297912597656e-04
9.156148734867783912e-01 -2.150535583496093750e-04 -2.069473266601562500e-04 -2.239346504211425781e-04 -1.636743545532226562e-04 -1.837611198425292969e-04 -1.749396324157714844e-04 -1.650452613830566406e-04 -1.713931560516357422e-04 -1.719594001770019531e-04 -1.763105392456054688e-04
9.220676354721663026e-01 -6.959438323974609375e-04 -7.103383541107177734e-04 -6.886422634124755859e-04 -7.266104221343994141e-04 -7.341504096984863281e-04 -7.236003875732421875e-04 -7.410049438476562500e-04 -7.450878620147705078e-04 -7.297396659851074219e-04 -7.329285144805908203e-04
9.285203974575542141e-01 5.694031715393066406e-04 5.733966827392578125e-04 5.686581134796142578e-04 5.490481853485107422e-04 5.619823932647705078e-04 5.682408809661865234e-04 5.545020103454589844e-04 5.610883235931396484e-04 5.549192428588867188e-04 5.572140216827392578e-04
9.349731594429421255e-01 1.938641071319580078e-04 1.986324787139892578e-04 1.977384090423583984e-04 2.170503139495849609e-04 2.203583717346191406e-04 2.125203609466552734e-04 2.205371856689453125e-04 2.306103706359863281e-04 2.214312553405761719e-04 2.186000347137451172e-04
9.414259214283300370e-01 -4.510581493377685547e-04 -4.600882530212402344e-04 -4.715025424957275391e-04 -4.513859748840332031e-04 -4.455149173736572266e-04 -4.502832889556884766e-04 -4.474222660064697266e-04 -4.456043243408203125e-04 -4.482269287109375000e-04 -4.544258117675781250e-04
9.478786834137179484e-01 1.018345355987548828e-04 1.107156276702880859e-04 1.058578491210937500e-04 8.389353752136230469e-05 8.115172386169433594e-05 7.966160774230957031e-05 7.596611976623535156e-05 8.893013000488281250e-05 8.830428123474121094e-05 8.729100227355957031e-05
9.543314453991058599e-01 5.101859569549560547e-04 5.039870738983154297e-04 5.114674568176269531e-04 5.105137825012207031e-04 5.068182945251464844e-04 4.979074001312255859e-04 5.125105381011962891e-04 5.041062831878662109e-04 5.062520503997802734e-04 4.949867725372314453e-04
9.607842073844936603e-01 -2.555549144744873047e-04 -2.558827400207519531e-04 -2.506971359252929688e-04 -2.325475215911865234e-04 -2.340674400329589844e-04 -2.317130565643310547e-04 -2.235472202301025391e-04 -2.308189868927001953e-04 -2.314746379852294922e-04 -2.319216728210449219e-04
9.672369693698815718e-01 -6.231665611267089844e-04 -6.158351898193359375e-04 -6.190836429595947266e-04 -6.311535835266113281e-04 -6.238818168640136719e-04 -6.355047225952148438e-04 -6.288588047027587891e-04 -6.372928619384765625e-04 -6.309151649475097656e-04 -6.197690963745117188e-04
9.736897313552694833e-01 6.873011589050292969e-04 6.812512874603271484e-04 6.723701953887939453e-04 6.460547447204589844e-04 6.596148014068603516e-04 6.493926048278808594e-04 6.508827209472656250e-04 6.607770919799804688e-04 6.582438945770263672e-04 6.574988365173339844e-04
9.801424933406573947e-01 3.082454204559326172e-04 3.264844417572021484e-04 3.097057342529296875e-04 3.447532653808593750e-04 3.450810909271240234e-04 3.585219383239746094e-04 3.636181354522705078e-04 3.487169742584228516e-04 3.490447998046875000e-04 3.420412540435791016e-04
9.865952553260453062e-01 -8.900761604309082031e-04 -8.891224861145019531e-04 -8.819401264190673828e-04 -8.852183818817138672e-04 -8.903741836547851562e-04 -8.889138698577880859e-04 -8.918941020965576172e-04 -8.853673934936523438e-04 -8.843243122100830078e-04 -8.879303932189941406e-04
9.930480173114332176e-01 3.024637699127197266e-04 3.066360950469970703e-04 3.111958503723144531e-04 2.737045288085937500e-04 2.610087394714355469e-04 2.789795398712158203e-04 2.685785293579101562e-04 2.618134021759033203e-04 2.700090408325195312e-04 2.698004245758056641e-04
9.995007792968211291e-01 5.961060523986816406e-04 5.969107151031494141e-04 5.916655063629150391e-04 6.228983402252197266e-04 6.373822689056396484e-04 6.287395954132080078e-04 6.240308284759521484e-04 6.363391876220703125e-04 6.207227706909179688e-04 6.222128868103027344e-04
1.005953541282209152e+00 -8.422434329986572266e-04 -8.252561092376708984e-04 -8.404552936553955078e-04 -8.156597614288330078e-04 -8.139908313751220703e-04 -8.202195167541503906e-04 -8.256137371063232422e-04 -8.125603199005126953e-04 -8.041858673095703125e-04 -8.131861686706542969e-04
1.012406303267596952e+00 -8.651614189147949219e-05 -8.881092071533203125e-05 -8.982419967651367188e-05 -1.178383827209472656e-04 -1.286268234252929688e-04 -1.215636730194091797e-04 -1.323521137237548828e-04 -1.305043697357177734e-04 -1.222789287567138672e-04 -1.089870929718017578e-04
1.018859065252984752e+00 9.356439113616943359e-04 9.270906448364257812e-04 9.157955646514892578e-04 9.414851665496826172e-04 9.338557720184326172e-04 9.462237358093261719e-04 9.264647960662841797e-04 9.456276893615722656e-04 9.361505508422851562e-04 9.460151195526123047e-04
1.025311827238372775e+00 -6.531774997711181641e-04 -6.549954414367675781e-04 -6.626248359680175781e-04 -6.147027015686035156e-04 -6.223917007446289062e-04 -6.254613399505615234e-04 -6.127059459686279297e-04 -6.040334701538085938e-04 -6.106197834014892578e-04 -6.258189678192138672e-04
1.031764589223760797e+00 -4.768669605255126953e-04 -4.693567752838134766e-04 -4.624724388122558594e-04 -4.988610744476318359e-04 -5.107522010803222656e-04 -5.010962486267089844e-04 -4.981160163879394531e-04 -4.979968070983886719e-04 -4.872679710388183594e-04 -4.936158657073974609e-04
1.038217351209148598e+00 8.418262004852294922e-04 8.316636085510253906e-04 8.432865142822265625e-04 8.417963981628417969e-04 8.288323879241943359e-04 8.345544338226318359e-04 8.388757705688476562e-04 8.232593536376953125e-04 8.263289928436279297e-04 8.322596549987792969e-04
1.044670113194536398e+00 7.289648056030273438e-05 7.760524749755859375e-05 6.717443466186523438e-05 1.030266284942626953e-04 1.067221164703369141e-04 9.605288505554199219e-05 1.111328601837158203e-04 1.059472560882568359e-04 1.029968261718750000e-04 9.638071060180664062e-05
1.051122875179924421e+00 -5.271434783935546875e-04 -5.341768264770507812e-04 -5.344450473785400391e-04 -5.440711975097656250e-04 -5.552172660827636719e-04 -5.384981632232666016e-04 -5.398392677307128906e-04 -5.445778369903564453e-04 -5.412399768829345703e-04 -5.402863025665283203e-04
1.057575637165312221e+00 5.075335502624511719e-05 5.578994750976562500e-05 4.723668098449707031e-05 2.801418304443359375e-05 2.530217170715332031e-05 2.515316009521484375e-05 1.943111419677734375e-05 2.929568290710449219e-05 1.376867294311523438e-05 3.847479820251464844e-05
1.064028399150700022e+00 1.635849475860595703e-04 1.550018787384033203e-04 1.634955406188964844e-04 1.643002033233642578e-04 1.661479473114013672e-04 1.740753650665283203e-04 1.684129238128662109e-04 1.726150512695312500e-04 1.669526100158691406e-04 1.727938652038574219e-04
1.070481161136088044e+00 -3.597140312194824219e-04 -3.636181354522705078e-04 -3.634691238403320312e-04 -3.496706485748291016e-04 -3.367662429809570312e-04 -3.465712070465087891e-04 -3.510713577270507812e-04 -3.540813922882080078e-04 -3.495514392852783203e-04 -3.423690795898437500e-04
1.076933923121476067e+00 1.524388790130615234e-04 1.384317874908447266e-04 1.455843448638916016e-04 1.368224620819091797e-04 1.374483108520507812e-04 1.168549060821533203e-04 1.323521137237548828e-04 1.227259635925292969e-04 1.187920570373535156e-04 1.246035099029541016e-04
1.083386685106863867e+00 1.053512096405029297e-04 9.933114051818847656e-05 1.031458377838134766e-04 8.255243301391601562e-05 8.878111839294433594e-05 8.147954940795898438e-05 7.575750350952148438e-05 8.246302604675292969e-05 9.328126907348632812e-05 8.174777030944824219e-05
1.089839447092251667e+00 -3.953874111175537109e-04 -4.025697708129882812e-04 -3.977119922637939453e-04 -3.990828990936279297e-04 -3.894567489624023438e-04 -3.851354122161865234e-04 -3.915131092071533203e-04 -3.939568996429443359e-04 -3.922283649444580078e-04 -3.943145275115966797e-04
1.096292209077639690e+00 -9.950995445251464844e-05 -1.001656055450439453e-04 -9.295344352722167969e-05 -1.069903373718261719e-04 -1.163482666015625000e-04 -1.144409179687500000e-04 -1.104176044464111328e-04 -1.176297664642333984e-04 -1.264810562133789062e-04 -1.184046268463134766e-04
1.102744971063027712e+00 -2.038478851318359375e-05 -1.922249794006347656e-05 -2.241134643554687500e-05 -3.731250762939453125e-05 -3.197789192199707031e-05 -3.713369369506835938e-05 -4.020333290100097656e-05 -3.552436828613281250e-05 -3.921985626220703125e-05 -4.199147224426269531e-05
1.109197733048415513e+00 1.001358032226562500e-04 8.490681648254394531e-05 8.448958396911621094e-05 8.624792098999023438e-05 8.279085159301757812e-05 9.328126907348632812e-05 8.139014244079589844e-05 8.255243301391601562e-05 8.213520050048828125e-05 9.065866470336914062e-05
1.115650495033803313e+00 -6.523132324218750000e-04 -6.687343120574951172e-04 -6.640553474426269531e-04 -6.685554981231689453e-04 -6.598830223083496094e-04 -6.618797779083251953e-04 -6.587505340576171875e-04 -6.729960441589355469e-04 -6.689131259918212891e-04 -6.541013717651367188e-04
1.122103257019191336e+00 -3.209710121154785156e-05 -4.902482032775878906e-05 -3.388524055480957031e-05 -8.839368820190429688e-05 -9.456276893615722656e-05 -1.009404659271240234e-04 -1.028180122375488281e-04 -9.959936141967773438e-05 -1.079440116882324219e-04 -8.860230445861816406e-05
1.128556019004579358e+00 4.319548606872558594e-04 4.336535930633544922e-04 4.323422908782958984e-04 4.489421844482421875e-04 4.551708698272705078e-04 4.304349422454833984e-04 4.445612430572509766e-04 4.495084285736083984e-04 4.446804523468017578e-04 4.422962665557861328e-04
1.135008780989967159e+00 -5.077421665191650391e-04 -5.022883415222167969e-04 -5.075931549072265625e-04 -5.086660385131835938e-04 -4.955828189849853516e-04 -4.926323890686035156e-04 -4.999041557312011719e-04 -4.967749118804931641e-04 -4.962980747222900391e-04 -4.939436912536621094e-04
1.141461542975354959e+00 -3.142058849334716797e-04 -3.195405006408691406e-04 -3.075599670410156250e-04 -3.395974636077880859e-04 -3.455579280853271484e-04 -3.407895565032958984e-04 -3.407597541809082031e-04 -3.461539745330810547e-04 -3.409087657928466797e-04 -3.285109996795654297e-04
1.147914304960742982e+00 6.328225135803222656e-04 6.303787231445312500e-04 6.284713745117187500e-04 6.358921527862548828e-04 6.179511547088623047e-04 6.260275840759277344e-04 6.164014339447021484e-04 6.341934204101562500e-04 6.296038627624511719e-04 6.225407123565673828e-04
1.154367066946130782e+00 -1.537799835205078125e-04 -1.476407051086425781e-04 -1.613199710845947266e-04 -1.202225685119628906e-04 -1.268088817596435547e-04 -1.166760921478271484e-04 -1.263320446014404297e-04 -1.115202903747558594e-04 -1.349151134490966797e-04 -1.239478588104248047e-04
1.160819828931518582e+00 -3.998875617980957031e-04 -3.969669342041015625e-04 -3.860592842102050781e-04 -4.044771194458007812e-04 -4.085898399353027344e-04 -4.114210605621337891e-04 -4.132091999053955078e-04 -4.072785377502441406e-04 -4.147887229919433594e-04 -4.059076309204101562e-04
1.167272590916906605e+00 4.902780055999755859e-04 4.885494709014892578e-04 4.897713661193847656e-04 4.663765430450439453e-04 4.744231700897216797e-04 4.737377166748046875e-04 4.795193672180175781e-04 4.646778106689453125e-04 4.830658435821533203e-04 4.636645317077636719e-04
1.173725352902294627e+00 2.682209014892578125e-06 1.183152198791503906e-05 1.540780067443847656e-05 3.978610038757324219e-05 4.091858863830566406e-05 4.020333290100097656e-05 2.849102020263671875e-05 4.604458808898925781e-05 3.626942634582519531e-05 2.601742744445800781e-05
1.180178114887682428e+00 -4.539787769317626953e-04 -4.429519176483154297e-04 -4.432499408721923828e-04 -4.435181617736816406e-04 -4.647076129913330078e-04 -4.478991031646728516e-04 -4.623830318450927734e-04 -4.521608352661132812e-04 -4.617869853973388672e-04 -4.638433456420898438e-04
1.186630876873070450e+00 3.673434257507324219e-04 3.515183925628662109e-04 3.601610660552978516e-04 3.391206264495849609e-04 3.411471843719482422e-04 3.409981727600097656e-04 3.363788127899169922e-04 3.339648246765136719e-04 3.297924995422363281e-04 3.387033939361572266e-04
1.193083638858458251e+00 2.728104591369628906e-04 2.703368663787841797e-04 2.714395523071289062e-04 2.875924110412597656e-04 2.904832363128662109e-04 2.767443656921386719e-04 2.774000167846679688e-04 2.919435501098632812e-04 2.812445163726806641e-04 2.875626087188720703e-04
1.199536400843846051e+00 -2.676546573638916016e-04 -2.613663673400878906e-04 -2.637505531311035156e-04 -2.677738666534423828e-04 -2.429783344268798828e-04 -2.600848674774169922e-04 -2.587139606475830078e-04 -2.622902393341064453e-04 -2.535581588745117188e-04 -2.550184726715087891e-04
1.205989162829234074e+00 1.910328865051269531e-05 2.044439315795898438e-05 2.321600914001464844e-05 4.500150680541992188e-06 -4.857778549194335938e-06 3.993511199951171875e-06 4.291534423828125000e-06 -2.771615982055664062e-06 -3.367662429809570312e-06 7.450580596923828125e-07
1.212441924814621874e+00 1.711845397949218750e-04 1.785159111022949219e-04 1.765191555023193359e-04 1.872479915618896484e-04 1.832544803619384766e-04 1.826584339141845703e-04 1.718997955322265625e-04 1.640617847442626953e-04 1.929998397827148438e-04 1.713633537292480469e-04
1.218894686800009897e+00 2.169609069824218750e-05 1.704692840576171875e-05 1.272559165954589844e-05 2.244114875793457031e-05 2.411007881164550781e-05 2.780556678771972656e-05 2.104043960571289062e-05 1.922249794006347656e-05 1.561641693115234375e-05 2.622604370117187500e-05
1.225347448785397697e+00 -5.704164505004882812e-05 -5.441904067993164062e-05 -5.564093589782714844e-05 -5.346536636352539062e-05 -6.166100502014160156e-05 -6.341934204101562500e-05 -5.438923835754394531e-05 -6.267428398132324219e-05 -5.528330802917480469e-05 -6.315112113952636719e-05
1.231800210770785720e+00 4.559755325317382812e-05 5.403161048889160156e-05 5.275011062622070312e-05 4.419684410095214844e-05 5.224347114562988281e-05 4.798173904418945312e-05 4.845857620239257812e-05 4.184246063232421875e-05 5.519390106201171875e-05 4.294514656066894531e-05
1.238252972756173520e+00 4.780292510986328125e-05 5.409121513366699219e-05 4.741549491882324219e-05 5.468726158142089844e-05 4.541873931884765625e-05 5.757808685302734375e-05 4.875659942626953125e-05 4.839897155761718750e-05 5.039572715759277344e-05 5.462765693664550781e-05
1.244705734741561542e+00 -9.340047836303710938e-05 -7.915496826171875000e-05 -8.097290992736816406e-05 -8.144974708557128906e-05 -8.574128150939941406e-05 -7.864832878112792969e-05 -8.484721183776855469e-05 -7.629394531250000000e-05 -8.770823478698730469e-05 -8.746981620788574219e-05
1.251158496726949343e+00 -6.982684135437011719e-05 -6.070733070373535156e-05 -6.121397018432617188e-05 -7.069110870361328125e-05 -7.155537605285644531e-05 -6.976723670959472656e-05 -6.943941116333007812e-05 -6.186962127685546875e-05 -6.800889968872070312e-05 -7.513165473937988281e-05
1.257611258712337365e+00 1.112520694732666016e-04 1.091659069061279297e-04 1.155734062194824219e-04 1.111328601837158203e-04 1.241862773895263672e-04 1.066923141479492188e-04 1.054406166076660156e-04 1.149475574493408203e-04 1.137852668762207031e-04 1.123249530792236328e-04
1.264064020697725166e+00 5.960464477539062500e-08 -4.321336746215820312e-06 4.887580871582031250e-06 1.338124275207519531e-05 1.400709152221679688e-06 2.178549766540527344e-05 1.481175422668457031e-05 5.692243576049804688e-06 7.539987564086914062e-06 -2.086162567138671875e-07
1.270516782683113188e+00 -2.140998840332031250e-04 -2.188384532928466797e-04 -2.079904079437255859e-04 -2.079308032989501953e-04 -2.101659774780273438e-04 -2.087652683258056641e-04 -2.150237560272216797e-04 -2.035498619079589844e-04 -2.182126045227050781e-04 -2.050697803497314453e-04
1.276969544668500989e+00 2.133846282958984375e-05 2.643465995788574219e-05 2.354383468627929688e-05 1.305341720581054688e-05 2.178549766540527344e-05 2.133846282958984375e-05 1.662969589233398438e-05 2.455711364746093750e-05 1.227855682373046875e-05 1.689791679382324219e-05
1.283422306653888789e+00 1.814067363739013672e-04 1.935660839080810547e-04 1.840293407440185547e-04 1.895427703857421875e-04 1.875162124633789062e-04 1.886785030364990234e-04 1.809895038604736328e-04 1.800060272216796875e-04 1.778006553649902344e-04 1.867413520812988281e-04
1.289875068639276812e+00 -1.260936260223388672e-04 -1.130104064941406250e-04 -1.135170459747314453e-04 -1.130700111389160156e-04 -1.119971275329589844e-04 -1.132488250732421875e-04 -1.137852668762207031e-04 -1.078248023986816406e-04 -1.022517681121826172e-04 -1.169145107269287109e-04
1.296327830624664612e+00 -9.149312973022460938e-05 -9.053945541381835938e-05 -8.550286293029785156e-05 -9.828805923461914062e-05 -8.887052536010742188e-05 -9.572505950927734375e-05 -1.005828380584716797e-04 -9.950995445251464844e-05 -1.048147678375244141e-04 -9.703636169433593750e-05
1.302780592610052635e+00 1.909136772155761719e-04 1.910030841827392578e-04 1.828372478485107422e-04 1.800060272216796875e-04 1.951456069946289062e-04 1.835227012634277344e-04 1.822113990783691406e-04 1.863241195678710938e-04 1.823008060455322266e-04 1.896619796752929688e-04
1.309233354595440435e+00 -1.184940338134765625e-04 -1.180768013000488281e-04 -1.190602779388427734e-04 -9.685754776000976562e-05 -1.156628131866455078e-04 -1.039206981658935547e-04 -1.182556152343750000e-04 -1.035630702972412109e-04 -1.168251037597656250e-04 -1.115500926971435547e-04
1.315686116580828458e+00 -1.354515552520751953e-04 -1.434683799743652344e-04 -1.425743103027343750e-04 -1.379847526550292969e-04 -1.548826694488525391e-04 -1.414418220520019531e-04 -1.467466354370117188e-04 -1.446902751922607422e-04 -1.273155212402343750e-04 -1.384913921356201172e-04
1.322138878566216258e+00 1.918971538543701172e-04 1.903772354125976562e-04 1.926124095916748047e-04 1.856982707977294922e-04 1.774728298187255859e-04 1.756548881530761719e-04 1.650750637054443359e-04 1.873075962066650391e-04 1.732707023620605469e-04 1.855790615081787109e-04
1.328591640551604280e+00 8.937716484069824219e-05 8.407235145568847656e-05 8.967518806457519531e-05 8.013844490051269531e-05 1.015365123748779297e-04 9.196996688842773438e-05 9.703636169433593750e-05 9.009242057800292969e-05 8.708238601684570312e-05 9.891390800476074219e-05
1.335044402536992081e+00 -3.090202808380126953e-04 -3.166198730468750000e-04 -3.133118152618408203e-04 -3.169178962707519531e-04 -3.095567226409912109e-04 -3.125369548797607422e-04 -3.211200237274169922e-04 -3.198087215423583984e-04 -3.164708614349365234e-04 -3.168582916259765625e-04
1.341497164522380103e+00 9.796023368835449219e-05 1.067817211151123047e-04 1.094937324523925781e-04 6.940960884094238281e-05 8.067488670349121094e-05 7.995963096618652344e-05 9.563565254211425781e-05 8.288025856018066406e-05 7.838010787963867188e-05 8.091330528259277344e-05
1.347949926507767904e+00 2.429485321044921875e-04 2.396106719970703125e-04 2.369284629821777344e-04 2.548694610595703125e-04 2.558827400207519531e-04 2.504587173461914062e-04 2.444088459014892578e-04 2.503395080566406250e-04 2.610981464385986328e-04 2.562999725341796875e-04
1.354402688493155926e+00 -2.792179584503173828e-04 -2.789795398712158203e-04 -2.678632736206054688e-04 -2.744197845458984375e-04 -2.800226211547851562e-04 -2.767145633697509766e-04 -2.764165401458740234e-04 -2.748668193817138672e-04 -2.730488777160644531e-04 -2.715587615966796875e-04
1.360855450478543727e+00 -8.401274681091308594e-05 -9.119510650634765625e-05 -7.531046867370605469e-05 -1.059770584106445312e-04 -1.002848148345947266e-04 -9.369850158691406250e-05 -9.027123451232910156e-05 -1.040101051330566406e-04 -9.721517562866210938e-05 -9.629130363464355469e-05
1.367308212463931749e+00 1.914203166961669922e-04 1.823902130126953125e-04 1.862347126007080078e-04 1.890957355499267578e-04 1.868307590484619141e-04 1.868903636932373047e-04 1.911818981170654297e-04 1.821815967559814453e-04 1.844763755798339844e-04 1.899003982543945312e-04
1.373760974449319550e+00 -2.220869064331054688e-04 -2.168118953704833984e-04 -2.190172672271728516e-04 -2.008080482482910156e-04 -1.896023750305175781e-04 -2.164244651794433594e-04 -2.148747444152832031e-04 -2.081394195556640625e-04 -2.123415470123291016e-04 -1.870691776275634766e-04
1.380213736434707350e+00 -1.586973667144775391e-04 -1.537203788757324219e-04 -1.398921012878417969e-04 -1.655817031860351562e-04 -1.704096794128417969e-04 -1.659691333770751953e-04 -1.510083675384521484e-04 -1.764595508575439453e-04 -1.715421676635742188e-04 -1.581013202667236328e-04
1.386666498420095373e+00 1.877248287200927734e-04 1.790523529052734375e-04 1.876354217529296875e-04 1.856088638305664062e-04 1.857280731201171875e-04 1.843571662902832031e-04 1.823306083679199219e-04 1.722276210784912109e-04 1.733899116516113281e-04 1.913309097290039062e-04
1.393119260405483173e+00 1.315772533416748047e-04 1.383721828460693359e-04 1.398622989654541016e-04 1.396536827087402344e-04 1.350641250610351562e-04 1.452565193176269531e-04 1.432597637176513672e-04 1.538693904876708984e-04 1.475811004638671875e-04 1.201331615447998047e-04
1.399572022390871195e+00 -1.690685749053955078e-04 -1.866221427917480469e-04 -1.868903636932373047e-04 -1.882314682006835938e-04 -1.814663410186767578e-04 -1.802146434783935547e-04 -1.885294914245605469e-04 -1.925230026245117188e-04 -1.994967460632324219e-04 -1.865327358245849609e-04
1.406024784376258996e+00 1.190304756164550781e-04 1.341998577117919922e-04 1.251399517059326172e-04 1.349449157714843750e-04 1.333653926849365234e-04 1.450181007385253906e-04 1.406371593475341797e-04 1.384019851684570312e-04 1.481175422668457031e-04 1.443922519683837891e-04
1.412477546361647018e+00 -2.941489219665527344e-05 -4.333257675170898438e-05 -4.145503044128417969e-05 -2.881884574890136719e-05 -2.989172935485839844e-05 -3.042817115783691406e-05 -2.932548522949218750e-05 -3.516674041748046875e-05 -3.653764724731445312e-05 -3.260374069213867188e-05
1.418930308347034819e+00 -9.438395500183105469e-05 -9.912252426147460938e-05 -1.027584075927734375e-04 -9.796023368835449219e-05 -1.019835472106933594e-04 -9.891390800476074219e-05 -1.048147678375244141e-04 -9.959936141967773438e-05 -9.486079216003417969e-05 -1.079440116882324219e-04
1.425383070332422841e+00 7.936358451843261719e-05 7.849931716918945312e-05 7.963180541992187500e-05 8.091330528259277344e-05 7.411837577819824219e-05 7.870793342590332031e-05 6.851553916931152344e-05 8.076429367065429688e-05 8.344650268554687500e-05 8.213520050048828125e-05
1.431835832317810642e+00 1.607537269592285156e-04 1.605749130249023438e-04 1.616775989532470703e-04 1.358985900878906250e-04 1.420378684997558594e-04 1.460909843444824219e-04 1.423358917236328125e-04 1.548528671264648438e-04 1.347661018371582031e-04 1.493096351623535156e-04
1.438288594303198664e+00 -1.214742660522460938e-04 -1.248717308044433594e-04 -1.219213008880615234e-04 -1.153647899627685547e-04 -1.190006732940673828e-04 -1.218318939208984375e-04 -1.280605792999267578e-04 -1.276731491088867188e-04 -1.247823238372802734e-04 -1.163184642791748047e-04
1.444741356288586465e+00 -1.129508018493652344e-04 -1.184344291687011719e-04 -1.119673252105712891e-04 -1.065731048583984375e-04 -1.163184642791748047e-04 -1.130700111389160156e-04 -1.272261142730712891e-04 -1.195371150970458984e-04 -1.107752323150634766e-04 -1.117885112762451172e-04
1.451194118273974487e+00 1.601874828338623047e-04 1.590847969055175781e-04 1.724362373352050781e-04 1.640617847442626953e-04 1.659393310546875000e-04 1.637041568756103516e-04 1.646578311920166016e-04 1.596212387084960938e-04 1.668930053710937500e-04 1.521706581115722656e-04
1.457646880259362288e+00 8.580088615417480469e-05 8.985400199890136719e-05 7.808208465576171875e-05 9.888410568237304688e-05 1.078546047210693359e-04 9.575486183166503906e-05 9.661912918090820312e-05 9.453296661376953125e-05 9.480118751525878906e-05 9.316205978393554688e-05
1.464099642244750310e+00 -1.064836978912353516e-04 -9.807944297790527344e-05 -1.001656055450439453e-04 -9.229779243469238281e-05 -1.037716865539550781e-04 -1.010596752166748047e-04 -9.441375732421875000e-05 -1.059174537658691406e-04 -1.063346862792968750e-04 -1.053214073181152344e-04
1.470552404230138110e+00 3.495812416076660156e-05 3.278255462646484375e-05 3.406405448913574219e-05 3.188848495483398438e-05 4.491209983825683594e-05 4.079937934875488281e-05 3.272294998168945312e-05 4.053115844726562500e-05 2.881884574890136719e-05 4.059076309204101562e-05
1.477005166215525911e+00 1.000761985778808594e-04 1.027584075927734375e-04 9.542703628540039062e-05 1.098215579986572266e-04 1.058876514434814453e-04 1.026093959808349609e-04 1.094341278076171875e-04 1.146197319030761719e-04 1.079738140106201172e-04 1.079738140106201172e-04
1.483457928200913933e+00 -1.466572284698486328e-04 -1.584887504577636719e-04 -1.408457756042480469e-04 -1.416206359863281250e-04 -1.318752765655517578e-04 -1.536309719085693359e-04 -1.422762870788574219e-04 -1.398622989654541016e-04 -1.431703567504882812e-04 -1.310706138610839844e-04
1.489910690186301734e+00 4.112720489501953125e-06 3.278255462646484375e-06 -1.788139343261718750e-07 5.364418029785156250e-07 -3.397464752197265625e-06 8.493661880493164062e-06 -2.086162567138671875e-07 -1.668930053710937500e-06 -5.930662155151367188e-06 -8.732080459594726562e-06
1.496363452171689756e+00 1.628696918487548828e-04 1.564323902130126953e-04 1.637637615203857422e-04 1.599192619323730469e-04 1.585781574249267578e-04 1.741051673889160156e-04 1.602172851562500000e-04 1.596510410308837891e-04 1.638531684875488281e-04 1.739859580993652344e-04
1.502816214157077557e+00 -7.018446922302246094e-05 -8.431077003479003906e-05 -5.847215652465820312e-05 -7.340312004089355469e-05 -6.973743438720703125e-05 -5.957484245300292969e-05 -6.628036499023437500e-05 -6.237626075744628906e-05 -6.401538848876953125e-05 -6.297230720520019531e-05
1.509268976142465579e+00 -1.200139522552490234e-04 -1.154839992523193359e-04 -1.228153705596923828e-04 -1.164376735687255859e-04 -1.147389411926269531e-04 -1.139342784881591797e-04 -1.072883605957031250e-04 -1.187026500701904297e-04 -1.175999641418457031e-04 -1.092553138732910156e-04
1.515721738127853380e+00 1.111030578613281250e-04 1.155138015747070312e-04 1.053214073181152344e-04 1.066327095031738281e-04 1.072287559509277344e-04 1.037418842315673828e-04 1.005828380584716797e-04 1.012384891510009766e-04 1.215934753417968750e-04 1.136064529418945312e-04
1.522174500113241402e+00 1.892447471618652344e-05 4.255771636962890625e-05 2.628564834594726562e-05 4.291534423828125000e-05 5.212426185607910156e-05 4.246830940246582031e-05 4.664063453674316406e-05 3.525614738464355469e-05 3.659725189208984375e-05 3.004074096679687500e-05
1.528627262098629203e+00 -1.018643379211425781e-04 -1.055300235748291016e-04 -9.965896606445312500e-05 -1.049637794494628906e-04 -1.133978366851806641e-04 -1.112520694732666016e-04 -9.685754776000976562e-05 -9.620189666748046875e-05 -1.015961170196533203e-04 -1.000761985778808594e-04
1.535080024084017225e+00 2.232193946838378906e-05 2.554059028625488281e-05 1.916289329528808594e-05 1.642107963562011719e-05 1.466274261474609375e-05 2.652406692504882812e-05 1.445412635803222656e-05 2.536177635192871094e-05 3.123283386230468750e-05 1.603364944458007812e-05
1.541532786069405025e+00 4.208087921142578125e-05 5.087256431579589844e-05 5.495548248291015625e-05 3.558397293090820312e-05 4.687905311584472656e-05 4.613399505615234375e-05 4.005432128906250000e-05 4.798173904418945312e-05 3.001093864440917969e-05 4.583597183227539062e-05
1.547985548054793048e+00 -6.094574928283691406e-05 -5.984306335449218750e-05 -6.598234176635742188e-05 -6.234645843505859375e-05 -6.058812141418457031e-05 -5.918741226196289062e-05 -7.155537605285644531e-05 -6.559491157531738281e-05 -5.823373794555664062e-05 -6.023049354553222656e-05
1.554438310040180848e+00 -2.658367156982421875e-05 -2.476572990417480469e-05 -2.345442771911621094e-05 -3.769993782043457031e-05 -3.528594970703125000e-05 -2.956390380859375000e-05 -2.840161323547363281e-05 -2.327561378479003906e-05 -3.457069396972656250e-05 -3.522634506225585938e-05
1.560891072025568649e+00 1.214742660522460938e-04 1.214146614074707031e-04 1.325607299804687500e-04 1.285374164581298828e-04 1.145303249359130859e-04 1.219511032104492188e-04 1.305937767028808594e-04 1.304745674133300781e-04 1.210868358612060547e-04 1.224279403686523438e-04
1.567343834010956671e+00 -4.023313522338867188e-05 -3.352761268615722656e-05 -4.571676254272460938e-05 -4.935264587402343750e-05 -4.839897155761718750e-05 -5.179643630981445312e-05 -4.434585571289062500e-05 -4.786252975463867188e-05 -3.877282142639160156e-05 -5.176663398742675781e-05
1.573796595996344472e+00 -1.092851161956787109e-04 -1.209676265716552734e-04 -1.230239868164062500e-04 -1.187324523925781250e-04 -1.275241374969482422e-04 -1.307129859924316406e-04 -1.299083232879638672e-04 -1.192390918731689453e-04 -1.219511032104492188e-04 -1.142621040344238281e-04
1.580249357981732494e+00 1.015961170196533203e-04 9.810924530029296875e-05 9.322166442871093750e-05 8.854269981384277344e-05 9.310245513916015625e-05 9.933114051818847656e-05 9.268522262573242188e-05 9.274482727050781250e-05 9.652972221374511719e-05 1.029372215270996094e-04
1.586702119967120295e+00 2.717971801757812500e-05 2.032518386840820312e-05 2.178549766540527344e-05 3.507733345031738281e-05 2.577900886535644531e-05 1.549720764160156250e-05 2.533197402954101562e-05 3.406405448913574219e-05 2.795457839965820312e-05 2.020597457885742188e-05
1.593154881952508317e+00 -7.835030555725097656e-05 -9.167194366455078125e-05 -8.293986320495605469e-05 -7.715821266174316406e-05 -7.760524749755859375e-05 -7.760524749755859375e-05 -8.147954940795898438e-05 -7.966160774230957031e-05 -7.861852645874023438e-05 -7.724761962890625000e-05
1.599607643937896118e+00 4.708766937255859375e-05 3.668665885925292969e-05 4.106760025024414062e-05 3.102421760559082031e-05 3.507733345031738281e-05 3.370642662048339844e-05 3.322958946228027344e-05 3.981590270996093750e-05 3.668665885925292969e-05 4.038214683532714844e-05
1.606060405923284140e+00 1.043677330017089844e-04 1.105964183807373047e-04 9.945034980773925781e-05 9.745359420776367188e-05 1.017153263092041016e-04 9.512901306152343750e-05 9.718537330627441406e-05 9.238719940185546875e-05 1.040101051330566406e-04 8.678436279296875000e-05
1.612513167908671941e+00 -1.093745231628417969e-04 -1.080930233001708984e-04 -1.004636287689208984e-04 -9.298324584960937500e-05 -1.003742218017578125e-04 -1.095533370971679688e-04 -9.530782699584960938e-05 -1.162290573120117188e-04 -1.036822795867919922e-04 -1.114308834075927734e-04
1.618965929894059963e+00 -6.273388862609863281e-05 -5.632638931274414062e-05 -5.257129669189453125e-05 -7.086992263793945312e-05 -6.619095802307128906e-05 -6.261467933654785156e-05 -6.362795829772949219e-05 -6.058812141418457031e-05 -6.425380706787109375e-05 -7.581710815429687500e-05
1.625418691879447763e+00 1.605749130249023438e-04 1.577436923980712891e-04 1.660287380218505859e-04 1.600384712219238281e-04 1.601874828338623047e-04 1.710951328277587891e-04 1.638531684875488281e-04 1.672506332397460938e-04 1.658201217651367188e-04 1.597702503204345703e-04
1.631871453864835786e+00 -6.189942359924316406e-05 -5.412101745605468750e-05 -7.447600364685058594e-05 -6.052851676940917969e-05 -5.337595939636230469e-05 -6.571412086486816406e-05 -5.531311035156250000e-05 -4.491209983825683594e-05 -5.906820297241210938e-05 -5.838274955749511719e-05
1.638324215850223586e+00 -1.178383827209472656e-04 -1.086294651031494141e-04 -1.123547554016113281e-04 -1.217424869537353516e-04 -1.097619533538818359e-04 -1.216828823089599609e-04 -1.099407672882080078e-04 -1.123547554016113281e-04 -1.108646392822265625e-04 -1.139342784881591797e-04
1.644776977835611609e+00 1.596808433532714844e-04 1.478493213653564453e-04 1.632273197174072266e-04 1.630783081054687500e-04 1.699626445770263672e-04 1.737773418426513672e-04 1.633763313293457031e-04 1.519918441772460938e-04 1.637637615203857422e-04 1.574158668518066406e-04
1.651229739820999409e+00 3.013014793395996094e-05 1.832842826843261719e-05 3.990530967712402344e-05 3.468990325927734375e-05 3.784894943237304688e-05 2.980232238769531250e-05 2.643465995788574219e-05 2.273917198181152344e-05 3.060698509216308594e-05 3.823637962341308594e-05
1.657682501806387210e+00 -1.263320446014404297e-04 -1.283586025238037109e-04 -1.167654991149902344e-04 -1.314580440521240234e-04 -1.244843006134033203e-04 -1.219511032104492188e-04 -1.283288002014160156e-04 -1.299381256103515625e-04 -1.251399517059326172e-04 -1.308321952819824219e-04
1.664135263791775232e+00 1.493394374847412109e-04 1.595318317413330078e-04 1.529455184936523438e-04 1.507103443145751953e-04 1.536011695861816406e-04 1.355409622192382812e-04 1.547038555145263672e-04 1.571774482727050781e-04 1.400709152221679688e-04 1.475214958190917969e-04
1.670588025777163033e+00 5.751848220825195312e-06 -9.238719940185546875e-07 -1.984834671020507812e-05 -1.254677772521972656e-05 -1.400709152221679688e-06 -5.394220352172851562e-06 -4.053115844726562500e-06 -1.072883605957031250e-06 1.189112663269042969e-05 -5.364418029785156250e-07
1.677040787762551055e+00 -2.563297748565673828e-04 -2.547502517700195312e-04 -2.572238445281982422e-04 -2.540051937103271484e-04 -2.586543560028076172e-04 -2.511143684387207031e-04 -2.449154853820800781e-04 -2.531409263610839844e-04 -2.549886703491210938e-04 -2.576112747192382812e-04
1.683493549747938856e+00 1.113414764404296875e-04 1.100003719329833984e-04 1.184344291687011719e-04 1.127123832702636719e-04 1.084506511688232422e-04 1.105070114135742188e-04 1.017749309539794922e-04 1.119971275329589844e-04 1.139938831329345703e-04 1.018643379211425781e-04
1.689946311733326878e+00 1.330077648162841797e-04 1.299679279327392578e-04 1.228749752044677734e-04 1.261830329895019531e-04 1.133680343627929688e-04 1.403689384460449219e-04 1.338720321655273438e-04 1.247525215148925781e-04 1.341700553894042969e-04 1.259446144104003906e-04
1.696399073718714678e+00 -8.675456047058105469e-05 -9.053945541381835938e-05 -7.215142250061035156e-05 -9.945034980773925781e-05 -8.952617645263671875e-05 -9.363889694213867188e-05 -7.301568984985351562e-05 -8.451938629150390625e-05 -9.435415267944335938e-05 -8.687376976013183594e-05
1.702851835704102701e+00 -6.884336471557617188e-06 -4.410743713378906250e-06 -3.814697265625000000e-06 -2.560019493103027344e-05 -8.434057235717773438e-06 -2.208352088928222656e-05 -1.886487007141113281e-05 -3.844499588012695312e-06 -7.987022399902343750e-06 -2.148747444152832031e-05
1.709304597689490501e+00 9.217858314514160156e-05 9.709596633911132812e-05 9.286403656005859375e-05 9.444355964660644531e-05 8.490681648254394531e-05 9.298324584960937500e-05 9.238719940185546875e-05 1.054108142852783203e-04 1.057982444763183594e-04 9.539723396301269531e-05
1.715757359674878524e+00 -3.042817115783691406e-05 -4.482269287109375000e-05 -4.398822784423828125e-05 -4.214048385620117188e-05 -5.131959915161132812e-05 -4.932284355163574219e-05 -4.842877388000488281e-05 -4.932284355163574219e-05 -5.328655242919921875e-05 -4.699826240539550781e-05
1.722210121660266324e+00 -4.640221595764160156e-05 -2.920627593994140625e-05 -4.851818084716796875e-05 -4.118680953979492188e-05 -4.181265830993652344e-05 -3.400444984436035156e-05 -4.887580871582031250e-05 -4.035234451293945312e-05 -3.057718276977539062e-05 -4.538893699645996094e-05
1.728662883645654347e+00 8.583068847656250000e-05 7.748603820800781250e-05 7.683038711547851562e-05 7.075071334838867188e-05 8.970499038696289062e-05 8.141994476318359375e-05 7.188320159912109375e-05 7.399916648864746094e-05 8.338689804077148438e-05 7.742643356323242188e-05
1.735115645631042147e+00 -7.003545761108398438e-06 -2.950429916381835938e-06 -4.559755325317382812e-06 -1.135468482971191406e-05 -8.076429367065429688e-06 -8.612871170043945312e-06 2.175569534301757812e-06 -9.447336196899414062e-06 -1.928210258483886719e-05 7.152557373046875000e-07
1.741568407616429948e+00 -8.910894393920898438e-06 -1.916289329528808594e-05 -1.683831214904785156e-05 -9.596347808837890625e-06 -1.877546310424804688e-05 -1.403689384460449219e-05 -9.119510650634765625e-06 -1.111626625061035156e-05 -1.379847526550292969e-05 -1.555681228637695312e-05
1.748021169601817970e+00 3.921985626220703125e-05 3.910064697265625000e-05 4.079937934875488281e-05 2.890825271606445312e-05 3.105401992797851562e-05 3.537535667419433594e-05 1.999735832214355469e-05 3.123283386230468750e-05 3.111362457275390625e-05 3.126263618469238281e-05
1.754473931587205771e+00 8.383393287658691406e-05 9.402632713317871094e-05 8.779764175415039062e-05 8.991360664367675781e-05 8.031725883483886719e-05 9.122490882873535156e-05 8.758902549743652344e-05 7.194280624389648438e-05 8.380413055419921875e-05 9.366869926452636719e-05
1.760926693572593793e+00 -1.502037048339843750e-05 -1.275539398193359375e-05 -1.543760299682617188e-05 -1.201033592224121094e-05 -6.318092346191406250e-06 -1.269578933715820312e-05 -9.030103683471679688e-06 -7.092952728271484375e-06 -1.209974288940429688e-05 -1.010298728942871094e-05
1.767379455557981593e+00 1.221895217895507812e-05 1.972913742065429688e-05 1.618266105651855469e-05 3.093481063842773438e-05 1.609325408935546875e-05 1.651048660278320312e-05 1.919269561767578125e-05 1.516938209533691406e-05 2.583861351013183594e-05 2.247095108032226562e-05
1.773832217543369616e+00 3.904104232788085938e-05 5.945563316345214844e-05 5.778670310974121094e-05 4.374980926513671875e-05 3.689527511596679688e-05 4.309415817260742188e-05 4.464387893676757812e-05 3.883242607116699219e-05 4.565715789794921875e-05 4.586577415466308594e-05
1.780284979528757416e+00 5.960464477539062500e-07 -9.298324584960937500e-06 -6.735324859619140625e-06 -7.569789886474609375e-06 -1.171231269836425781e-05 -9.208917617797851562e-06 -1.007318496704101562e-05 3.278255462646484375e-06 -3.546476364135742188e-06 -9.357929229736328125e-06
1.786737741514145439e+00 -1.072287559509277344e-04 -8.001923561096191406e-05 -8.293986320495605469e-05 -7.790327072143554688e-05 -9.387731552124023438e-05 -9.676814079284667969e-05 -9.512901306152343750e-05 -8.952617645263671875e-05 -8.890032768249511719e-05 -9.465217590332031250e-05
1.793190503499533239e+00 7.122755050659179688e-06 -6.020069122314453125e-06 2.038478851318359375e-05 1.111626625061035156e-05 9.626150131225585938e-06 -4.172325134277343750e-06 4.649162292480468750e-06 -8.553266525268554688e-06 2.741813659667968750e-06 1.084804534912109375e-05
1.799643265484921262e+00 1.672506332397460938e-04 1.623034477233886719e-04 1.575052738189697266e-04 1.749396324157714844e-04 1.740753650665283203e-04 1.587569713592529297e-04 1.597106456756591797e-04 1.586675643920898438e-04 1.583397388458251953e-04 1.623928546905517578e-04
1.806096027470309062e+00 3.278255462646484375e-07 -6.675720214843750000e-06 -2.682209014892578125e-06 -3.099441528320312500e-06 6.645917892456054688e-06 3.993511199951171875e-06 6.735324859619140625e-06 1.066923141479492188e-05 -8.642673492431640625e-07 -9.328126907348632812e-06
1.812548789455697085e+00 -1.022219657897949219e-05 -1.460313796997070312e-06 1.490116119384765625e-06 -5.543231964111328125e-06 -1.204013824462890625e-05 2.115964889526367188e-06 -1.540780067443847656e-05 -8.374452590942382812e-06 -1.877546310424804688e-06 5.066394805908203125e-07
1.819001551441084885e+00 7.838010787963867188e-05 8.630752563476562500e-05 8.362531661987304688e-05 8.374452590942382812e-05 7.361173629760742188e-05 6.780028343200683594e-05 7.531046867370605469e-05 6.935000419616699219e-05 7.656216621398925781e-05 7.212162017822265625e-05
1.825454313426472908e+00 -5.123019218444824219e-05 -5.143880844116210938e-05 -5.176663398742675781e-05 -5.593895912170410156e-05 -4.222989082336425781e-05 -4.291534423828125000e-05 -4.595518112182617188e-05 -3.555417060852050781e-05 -5.084276199340820312e-05 -4.261732101440429688e-05
1.831907075411860708e+00 -7.972121238708496094e-05 -7.984042167663574219e-05 -7.739663124084472656e-05 -7.694959640502929688e-05 -7.879734039306640625e-05 -8.234381675720214844e-05 -7.826089859008789062e-05 -8.314847946166992188e-05 -7.405877113342285156e-05 -7.271766662597656250e-05
1.838359837397248508e+00 8.887052536010742188e-05 8.586049079895019531e-05 9.393692016601562500e-05 7.742643356323242188e-05 7.918477058410644531e-05 9.170174598693847656e-05 7.575750350952148438e-05 7.709860801696777344e-05 8.368492126464843750e-05 7.751584053039550781e-05
1.844812599382636531e+00 2.682209014892578125e-07 1.758337020874023438e-06 1.552700996398925781e-05 6.735324859619140625e-06 1.505017280578613281e-05 1.129508018493652344e-05 4.559755325317382812e-06 1.436471939086914062e-05 1.335144042968750000e-05 9.685754776000976562e-06
1.851265361368024331e+00 -9.253621101379394531e-05 -8.243322372436523438e-05 -9.837746620178222656e-05 -9.259581565856933594e-05 -9.837746620178222656e-05 -8.475780487060546875e-05 -8.553266525268554688e-05 -9.363889694213867188e-05 -8.243322372436523438e-05 -1.011788845062255859e-04
1.857718123353412354e+00 5.191564559936523438e-05 4.655122756958007812e-05 6.163120269775390625e-05 4.696846008300781250e-05 4.529953002929687500e-05 4.959106445312500000e-05 4.357099533081054688e-05 3.919005393981933594e-05 5.352497100830078125e-05 5.277991294860839844e-05
1.864170885338800154e+00 5.403161048889160156e-05 4.810094833374023438e-05 6.264448165893554688e-05 4.887580871582031250e-05 5.891919136047363281e-05 4.473328590393066406e-05 4.309415817260742188e-05 5.471706390380859375e-05 5.355477333068847656e-05 5.081295967102050781e-05
1.870623647324188177e+00 -7.823109626770019531e-05 -7.423758506774902344e-05 -8.037686347961425781e-05 -7.909536361694335938e-05 -8.857250213623046875e-05 -7.906556129455566406e-05 -7.960200309753417969e-05 -6.836652755737304688e-05 -7.128715515136718750e-05 -7.191300392150878906e-05
1.877076409309575977e+00 -7.003545761108398438e-06 1.192092895507812500e-06 5.364418029785156250e-07 -5.692243576049804688e-06 -2.443790435791015625e-06 -7.748603820800781250e-07 -8.672475814819335938e-06 -1.099705696105957031e-05 -7.748603820800781250e-06 -4.380941390991210938e-06
1.883529171294964000e+00 4.816055297851562500e-05 3.829598426818847656e-05 5.555152893066406250e-05 5.617737770080566406e-05 5.799531936645507812e-05 4.991888999938964844e-05 5.340576171875000000e-05 4.544854164123535156e-05 3.948807716369628906e-05 5.859136581420898438e-05
1.889981933280351800e+00 -6.565451622009277344e-05 -8.127093315124511719e-05 -7.951259613037109375e-05 -8.243322372436523438e-05 -9.319186210632324219e-05 -7.939338684082031250e-05 -8.887052536010742188e-05 -8.940696716308593750e-05 -7.864832878112792969e-05 -8.064508438110351562e-05
1.896434695265739823e+00 -3.421306610107421875e-05 -2.276897430419921875e-05 -1.722574234008789062e-05 -2.110004425048828125e-05 -3.102421760559082031e-05 -2.598762512207031250e-05 -2.825260162353515625e-05 -1.969933509826660156e-05 -1.779198646545410156e-05 -3.489851951599121094e-05
1.902887457251127623e+00 7.677078247070312500e-05 7.075071334838867188e-05 7.146596908569335938e-05 7.212162017822265625e-05 9.462237358093261719e-05 8.374452590942382812e-05 7.808208465576171875e-05 6.797909736633300781e-05 8.445978164672851562e-05 7.265806198120117188e-05
1.909340219236515646e+00 -4.297494888305664062e-05 -3.454089164733886719e-05 -2.110004425048828125e-05 -2.557039260864257812e-05 -2.968311309814453125e-05 -3.308057785034179688e-05 -2.896785736083984375e-05 -3.460049629211425781e-05 -3.921985626220703125e-05 -1.475214958190917969e-05
1.915792981221903446e+00 -2.610683441162109375e-05 -2.101063728332519531e-05 -2.181529998779296875e-05 -1.966953277587890625e-05 -2.408027648925781250e-05 -2.136826515197753906e-05 -1.883506774902343750e-05 -2.202391624450683594e-05 -2.759695053100585938e-05 -2.506375312805175781e-05
1.922245743207291468e+00 3.868341445922851562e-05 4.357099533081054688e-05 3.069639205932617188e-05 4.360079765319824219e-05 4.953145980834960938e-05 3.793835639953613281e-05 3.311038017272949219e-05 4.309415817260742188e-05 5.081295967102050781e-05 4.392862319946289062e-05
1.928698505192679269e+00 -5.602836608886718750e-06 9.834766387939453125e-07 -6.318092346191406250e-06 1.549720764160156250e-06 -1.049041748046875000e-05 -8.970499038696289062e-06 -7.480382919311523438e-06 -1.472234725952148438e-05 -1.519918441772460938e-06 -1.966953277587890625e-06
1.935151267178067069e+00 1.242756843566894531e-05 1.293420791625976562e-05 1.692771911621093750e-05 1.019239425659179688e-05 2.568960189819335938e-05 2.709031105041503906e-05 5.900859832763671875e-06 2.577900886535644531e-05 2.637505531311035156e-05 1.174211502075195312e-05
1.941604029163455092e+00 3.021955490112304688e-05 3.322958946228027344e-05 2.214312553405761719e-05 2.515316009521484375e-05 1.487135887145996094e-05 1.901388168334960938e-05 1.579523086547851562e-05 1.600384712219238281e-05 2.807378768920898438e-05 1.877546310424804688e-05
1.948056791148842892e+00 4.422664642333984375e-05 4.106760025024414062e-05 3.662705421447753906e-05 3.635883331298828125e-05 3.182888031005859375e-05 4.240870475769042969e-05 2.214312553405761719e-05 2.709031105041503906e-05 3.319978713989257812e-05 2.920627593994140625e-05
1.954509553134230915e+00 -9.998679161071777344e-05 -9.033083915710449219e-05 -7.539987564086914062e-05 -9.009242057800292969e-05 -8.371472358703613281e-05 -8.040666580200195312e-05 -8.681416511535644531e-05 -8.460879325866699219e-05 -8.580088615417480469e-05 -8.061528205871582031e-05
1.960962315119618715e+00 4.842877388000488281e-05 4.032254219055175781e-05 4.464387893676757812e-05 5.853176116943359375e-05 3.856420516967773438e-05 4.342198371887207031e-05 3.877282142639160156e-05 4.366040229797363281e-05 5.125999450683593750e-05 5.513429641723632812e-05
1.967415077105006738e+00 4.872679710388183594e-05 4.878640174865722656e-05 5.081295967102050781e-05 5.605816841125488281e-05 5.209445953369140625e-05 4.550814628601074219e-05 4.652142524719238281e-05 5.316734313964843750e-05 5.349516868591308594e-05 5.537271499633789062e-05
1.973867839090394538e+00 -7.140636444091796875e-05 -6.794929504394531250e-05 -6.687641143798828125e-05 -6.785988807678222656e-05 -6.851553916931152344e-05 -5.653500556945800781e-05 -5.242228507995605469e-05 -5.894899368286132812e-05 -5.716085433959960938e-05 -5.945563316345214844e-05
1.980320601075782561e+00 2.557039260864257812e-05 2.232193946838378906e-05 1.847743988037109375e-05 2.324581146240234375e-05 2.026557922363281250e-05 9.655952453613281250e-06 1.871585845947265625e-05 1.022219657897949219e-05 2.613663673400878906e-05 2.482533454895019531e-05
1.986773363061170361e+00 -1.478195190429687500e-05 -5.990266799926757812e-06 1.668930053710937500e-06 -3.427267074584960938e-06 -3.159046173095703125e-06 -2.101063728332519531e-05 -2.074241638183593750e-05 -7.182359695434570312e-06 -1.296401023864746094e-05 -4.678964614868164062e-06
1.993226125046558384e+00 -3.111362457275390625e-05 -3.695487976074218750e-05 -4.822015762329101562e-05 -3.978610038757324219e-05 -4.178285598754882812e-05 -3.361701965332031250e-05 -4.005432128906250000e-05 -2.965331077575683594e-05 -3.212690353393554688e-05 -4.532933235168457031e-05
1.999678887031946184e+00 1.190304756164550781e-04 1.086294651031494141e-04 1.231133937835693359e-04 1.220703125000000000e-04 1.064538955688476562e-04 1.149773597717285156e-04 1.106560230255126953e-04 1.112222671508789062e-04 9.906291961669921875e-05 1.075267791748046875e-04
2.006131649017333984e+00 2.047419548034667969e-05 2.166628837585449219e-05 1.189112663269042969e-05 1.642107963562011719e-05 5.245208740234375000e-06 1.993775367736816406e-05 1.388788223266601562e-05 2.112984657287597656e-05 1.284480094909667969e-05 9.626150131225585938e-06
