# Range[m] 0 1 2 3 4 5 6 7 8 9
1.800000071525573730e-01 -4.709717631340026855e-02 -4.695248603820800781e-02 -4.704421758651733398e-02 -4.695811867713928223e-02 -4.699185490608215332e-02 -4.699680209159851074e-02 -4.691910743713378906e-02 -4.693183302879333496e-02 -4.678666591644287109e-02 -4.674622416496276855e-02
1.864527691379452845e-01 3.507584333419799805e-02 3.525659441947937012e-02 3.516209125518798828e-02 3.521803021430969238e-02 3.516760468482971191e-02 3.515675663948059082e-02 3.528362512588500977e-02 3.527882695198059082e-02 3.516376018524169922e-02 3.543254733085632324e-02
1.929055311233331682e-01 1.081150770187377930e-02 1.057964563369750977e-02 1.068097352981567383e-02 1.061731576919555664e-02 1.068365573883056641e-02 1.069304347038269043e-02 1.058965921401977539e-02 1.055461168289184570e-02 1.060891151428222656e-02 1.032516360282897949e-02
1.993582931087210797e-01 -2.347025275230407715e-02 -2.343299984931945801e-02 -2.346935868263244629e-02 -2.343598008155822754e-02 -2.339723706245422363e-02 -2.341181039810180664e-02 -2.343538403511047363e-02 -2.340495586395263672e-02 -2.342036366462707520e-02 -2.339681982994079590e-02
2.058110550941089911e-01 3.095537424087524414e-03 3.157109022140502930e-03 3.124713897705078125e-03 3.138124942779541016e-03 3.198653459548950195e-03 3.175795078277587891e-03 3.215819597244262695e-03 3.188490867614746094e-03 3.159373998641967773e-03 3.290742635726928711e-03
2.122638170794968748e-01 7.258176803588867188e-03 7.213532924652099609e-03 7.270067930221557617e-03 7.253319025039672852e-03 7.156103849411010742e-03 7.282018661499023438e-03 7.248163223266601562e-03 7.243007421493530273e-03 7.300674915313720703e-03 7.218301296234130859e-03
2.187165790648847863e-01 7.012277841567993164e-03 7.014513015747070312e-03 6.995230913162231445e-03 7.015019655227661133e-03 7.071256637573242188e-03 7.008105516433715820e-03 6.988734006881713867e-03 6.988435983657836914e-03 6.977438926696777344e-03 6.964653730392456055e-03
2.251693410502726977e-01 -1.490473747253417969e-02 -1.497977972030639648e-02 -1.495307683944702148e-02 -1.497733592987060547e-02 -1.495459675788879395e-02 -1.499673724174499512e-02 -1.498696208000183105e-02 -1.498311758041381836e-02 -1.496633887290954590e-02 -1.502922177314758301e-02
2.316221030356606092e-01 -6.309807300567626953e-03 -6.175190210342407227e-03 -6.182789802551269531e-03 -6.155639886856079102e-03 -6.280034780502319336e-03 -6.200999021530151367e-03 -6.158828735351562500e-03 -6.148278713226318359e-03 -6.181180477142333984e-03 -6.093531847000122070e-03
2.380748650210485207e-01 2.504599094390869141e-02 2.505058050155639648e-02 2.505519986152648926e-02 2.502951025962829590e-02 2.505862712860107422e-02 2.503979206085205078e-02 2.507168054580688477e-02 2.507340908050537109e-02 2.506560087203979492e-02 2.508360147476196289e-02
2.445276270064364044e-01 -8.891314268112182617e-03 -9.071558713912963867e-03 -9.058684110641479492e-03 -9.042680263519287109e-03 -9.099721908569335938e-03 -9.121328592300415039e-03 -9.132206439971923828e-03 -9.147942066192626953e-03 -9.235203266143798828e-03 -9.360641241073608398e-03
2.509803889918242881e-01 -2.552980184555053711e-02 -2.539002895355224609e-02 -2.542394399642944336e-02 -2.544522285461425781e-02 -2.547958493232727051e-02 -2.541464567184448242e-02 -2.539801597595214844e-02 -2.539321780204772949e-02 -2.537801861763000488e-02 -2.528977394104003906e-02
2.574331509772121995e-01 2.709913253784179688e-02 2.714952826499938965e-02 2.712637186050415039e-02 2.721017599105834961e-02 2.705916762351989746e-02 2.717787027359008789e-02 2.718764543533325195e-02 2.722394466400146484e-02 2.727520465850830078e-02 2.741453051567077637e-02
2.638859129626001110e-01 6.665736436843872070e-03 6.439507007598876953e-03 6.490498781204223633e-03 6.408780813217163086e-03 6.573706865310668945e-03 6.441444158554077148e-03 6.408482789993286133e-03 6.421178579330444336e-03 6.395429372787475586e-03 6.133884191513061523e-03
2.703386749479880224e-01 -3.673386573791503906e-02 -3.669202327728271484e-02 -3.670254349708557129e-02 -3.671547770500183105e-02 -3.673860430717468262e-02 -3.673699498176574707e-02 -3.675481677055358887e-02 -3.670862317085266113e-02 -3.671529889106750488e-02 -3.670626878738403320e-02
2.767914369333759339e-01 1.756045222282409668e-02 1.772171258926391602e-02 1.766338944435119629e-02 1.769569516181945801e-02 1.766365766525268555e-02 1.769810914993286133e-02 1.778829097747802734e-02 1.778203248977661133e-02 1.777803897857666016e-02 1.800838112831115723e-02
2.832441989187638454e-01 2.131190896034240723e-02 2.113306522369384766e-02 2.120420336723327637e-02 2.116033434867858887e-02 2.115586400032043457e-02 2.107363939285278320e-02 2.101433277130126953e-02 2.102556824684143066e-02 2.102944254875183105e-02 2.081447839736938477e-02
2.896969609041517568e-01 -3.199723362922668457e-02 -3.203415870666503906e-02 -3.201305866241455078e-02 -3.204870223999023438e-02 -3.202986717224121094e-02 -3.205221891403198242e-02 -3.209617733955383301e-02 -3.210911154747009277e-02 -3.207063674926757812e-02 -3.216126561164855957e-02
2.961497228895396683e-01 1.014530658721923828e-03 1.221656799316406250e-03 1.158565282821655273e-03 1.181751489639282227e-03 1.146316528320312500e-03 1.195549964904785156e-03 1.273781061172485352e-03 1.281082630157470703e-03 1.306205987930297852e-03 1.494020223617553711e-03
3.026024848749275242e-01 2.620020508766174316e-02 2.607765793800354004e-02 2.611413598060607910e-02 2.614626288414001465e-02 2.613303065299987793e-02 2.611333131790161133e-02 2.605709433555603027e-02 2.604815363883972168e-02 2.603220939636230469e-02 2.594283223152160645e-02
3.090552468603154357e-01 -2.033329010009765625e-02 -2.041441202163696289e-02 -2.037429809570312500e-02 -2.044996619224548340e-02 -2.039587497711181641e-02 -2.042508125305175781e-02 -2.051308751106262207e-02 -2.047494053840637207e-02 -2.047017216682434082e-02 -2.062714099884033203e-02
3.155080088457033471e-01 -1.353001594543457031e-02 -1.338890194892883301e-02 -1.351672410964965820e-02 -1.349759101867675781e-02 -1.343709230422973633e-02 -1.344209909439086914e-02 -1.337197422981262207e-02 -1.334306597709655762e-02 -1.335808634757995605e-02 -1.321470737457275391e-02
3.219607708310912586e-01 2.461770176887512207e-02 2.461466193199157715e-02 2.460965514183044434e-02 2.461609244346618652e-02 2.459791302680969238e-02 2.462536096572875977e-02 2.463737130165100098e-02 2.461618185043334961e-02 2.465614676475524902e-02 2.463498711585998535e-02
3.284135328164791701e-01 -3.370374441146850586e-03 -3.427684307098388672e-03 -3.397494554519653320e-03 -3.413498401641845703e-03 -3.381550312042236328e-03 -3.443360328674316406e-03 -3.503054380416870117e-03 -3.490179777145385742e-03 -3.475099802017211914e-03 -3.647595643997192383e-03
3.348662948018670260e-01 -1.916146278381347656e-02 -1.913604140281677246e-02 -1.914182305335998535e-02 -1.914483308792114258e-02 -1.913520693778991699e-02 -1.916265487670898438e-02 -1.911765336990356445e-02 -1.911449432373046875e-02 -1.911327242851257324e-02 -1.907950639724731445e-02
3.413190567872549375e-01 1.215559244155883789e-02 1.220110058784484863e-02 1.221889257431030273e-02 1.222965121269226074e-02 1.219308376312255859e-02 1.221716403961181641e-02 1.223620772361755371e-02 1.223477721214294434e-02 1.225218176841735840e-02 1.233851909637451172e-02
3.477718187726428489e-01 1.064246892929077148e-02 1.053541898727416992e-02 1.056364178657531738e-02 1.056391000747680664e-02 1.060667634010314941e-02 1.058864593505859375e-02 1.054948568344116211e-02 1.055094599723815918e-02 1.055350899696350098e-02 1.046746969223022461e-02
3.542245807580307604e-01 -1.452299952507019043e-02 -1.455566287040710449e-02 -1.455304026603698730e-02 -1.456367969512939453e-02 -1.453709602355957031e-02 -1.455414295196533203e-02 -1.454746723175048828e-02 -1.455420255661010742e-02 -1.457190513610839844e-02 -1.461064815521240234e-02
3.606773427434186718e-01 -2.373695373535156250e-03 -2.277970314025878906e-03 -2.291053533554077148e-03 -2.304822206497192383e-03 -2.318292856216430664e-03 -2.249151468276977539e-03 -2.211272716522216797e-03 -2.230376005172729492e-03 -2.226382493972778320e-03 -2.109467983245849609e-03
3.671301047288065833e-01 1.496651768684387207e-02 1.495963335037231445e-02 1.495084166526794434e-02 1.495760679244995117e-02 1.495176553726196289e-02 1.498034596443176270e-02 1.497161388397216797e-02 1.498252153396606445e-02 1.498332619667053223e-02 1.497954130172729492e-02
3.735828667141944948e-01 -4.633903503417968750e-03 -4.722028970718383789e-03 -4.705280065536499023e-03 -4.703104496002197266e-03 -4.672944545745849609e-03 -4.697263240814208984e-03 -4.733771085739135742e-03 -4.748582839965820312e-03 -4.738748073577880859e-03 -4.824548959732055664e-03
3.800356286995824062e-01 -1.144501566886901855e-02 -1.137948036193847656e-02 -1.142308115959167480e-02 -1.142242550849914551e-02 -1.143458485603332520e-02 -1.140236854553222656e-02 -1.140105724334716797e-02 -1.138982176780700684e-02 -1.139467954635620117e-02 -1.131311058998107910e-02
3.864883906849703177e-01 1.195186376571655273e-02 1.200425624847412109e-02 1.200628280639648438e-02 1.200038194656372070e-02 1.199775934219360352e-02 1.201438903808593750e-02 1.206263899803161621e-02 1.201733946800231934e-02 1.204511523246765137e-02 1.209285855293273926e-02
3.929411526703582291e-01 6.730169057846069336e-03 6.654888391494750977e-03 6.717860698699951172e-03 6.709039211273193359e-03 6.703555583953857422e-03 6.667494773864746094e-03 6.628781557083129883e-03 6.633669137954711914e-03 6.619483232498168945e-03 6.568104028701782227e-03
3.993939146557460851e-01 -1.575970649719238281e-02 -1.578706502914428711e-02 -1.577794551849365234e-02 -1.578435301780700684e-02 -1.577726006507873535e-02 -1.578590273857116699e-02 -1.579651236534118652e-02 -1.579055190086364746e-02 -1.581254601478576660e-02 -1.578855514526367188e-02
4.058466766411339965e-01 3.096550703048706055e-03 3.161191940307617188e-03 3.150045871734619141e-03 3.161221742630004883e-03 3.129541873931884766e-03 3.168314695358276367e-03 3.213703632354736328e-03 3.203272819519042969e-03 3.210395574569702148e-03 3.315865993499755859e-03
4.122994386265219080e-01 1.400437951087951660e-02 1.396793127059936523e-02 1.398980617523193359e-02 1.397651433944702148e-02 1.398429274559020996e-02 1.398900151252746582e-02 1.398292183876037598e-02 1.397228240966796875e-02 1.395070552825927734e-02 1.393973827362060547e-02
4.187522006119098195e-01 -1.117175817489624023e-02 -1.122182607650756836e-02 -1.122292876243591309e-02 -1.124060153961181641e-02 -1.119935512542724609e-02 -1.121002435684204102e-02 -1.124617457389831543e-02 -1.123419404029846191e-02 -1.124921441078186035e-02 -1.131319999694824219e-02
4.252049625972976754e-01 -6.973981857299804688e-03 -6.890356540679931641e-03 -6.912708282470703125e-03 -6.898522377014160156e-03 -6.942272186279296875e-03 -6.927520036697387695e-03 -6.886869668960571289e-03 -6.883502006530761719e-03 -6.883502006530761719e-03 -6.811201572418212891e-03
4.316577245826856424e-01 1.438841223716735840e-02 1.439678668975830078e-02 1.439666748046875000e-02 1.440316438674926758e-02 1.438760757446289062e-02 1.440700888633728027e-02 1.439580321311950684e-02 1.440173387527465820e-02 1.440519094467163086e-02 1.441752910614013672e-02
4.381104865680734983e-01 -2.835184335708618164e-03 -2.924919128417968750e-03 -2.902686595916748047e-03 -2.900004386901855469e-03 -2.878278493881225586e-03 -2.960145473480224609e-03 -2.988904714584350586e-03 -2.966344356536865234e-03 -2.976894378662109375e-03 -3.074407577514648438e-03
4.445632485534614098e-01 -1.203751564025878906e-02 -1.202413439750671387e-02 -1.203101873397827148e-02 -1.201415061950683594e-02 -1.203849911689758301e-02 -1.203724741935729980e-02 -1.199737191200256348e-02 -1.201993227005004883e-02 -1.203259825706481934e-02 -1.198998093605041504e-02
4.510160105388493212e-01 9.633779525756835938e-03 9.701818227767944336e-03 9.705185890197753906e-03 9.699732065200805664e-03 9.693086147308349609e-03 9.701848030090332031e-03 9.723901748657226562e-03 9.724557399749755859e-03 9.742587804794311523e-03 9.772092103958129883e-03
4.574687725242372327e-01 3.802210092544555664e-03 3.733903169631958008e-03 3.764301538467407227e-03 3.756612539291381836e-03 3.767818212509155273e-03 3.739118576049804688e-03 3.715038299560546875e-03 3.711879253387451172e-03 3.711253404617309570e-03 3.638446331024169922e-03
4.639215345096251442e-01 -1.182323694229125977e-02 -1.182025671005249023e-02 -1.183506846427917480e-02 -1.182284951210021973e-02 -1.182869076728820801e-02 -1.183590292930603027e-02 -1.184877753257751465e-02 -1.183944940567016602e-02 -1.184263825416564941e-02 -1.184868812561035156e-02
4.703742964950130556e-01 1.277595758438110352e-03 1.353293657302856445e-03 1.275062561035156250e-03 1.326382160186767578e-03 1.312851905822753906e-03 1.329362392425537109e-03 1.363366842269897461e-03 1.339644193649291992e-03 1.358568668365478516e-03 1.434534788131713867e-03
4.768270584804009671e-01 1.019096374511718750e-02 1.014009118080139160e-02 1.015472412109375000e-02 1.015651226043701172e-02 1.011896133422851562e-02 1.011309027671813965e-02 1.011395454406738281e-02 1.012858748435974121e-02 1.010614633560180664e-02 1.007086038589477539e-02
4.832798204657888230e-01 -7.306724786758422852e-03 -7.323831319808959961e-03 -7.329910993576049805e-03 -7.328987121582031250e-03 -7.297217845916748047e-03 -7.322400808334350586e-03 -7.348120212554931641e-03 -7.365107536315917969e-03 -7.343083620071411133e-03 -7.412016391754150391e-03
4.897325824511767345e-01 -6.284594535827636719e-03 -6.236493587493896484e-03 -6.280720233917236328e-03 -6.247609853744506836e-03 -6.287425756454467773e-03 -6.274729967117309570e-03 -6.258100271224975586e-03 -6.269663572311401367e-03 -6.221562623977661133e-03 -6.178766489028930664e-03
4.961853444365646459e-01 9.795665740966796875e-03 9.784311056137084961e-03 9.792685508728027344e-03 9.805858135223388672e-03 9.795397520065307617e-03 9.782761335372924805e-03 9.799271821975708008e-03 9.795099496841430664e-03 9.804159402847290039e-03 9.817808866500854492e-03
5.026381064219525019e-01 2.633333206176757812e-04 2.133846282958984375e-04 2.436637878417968750e-04 2.093911170959472656e-04 2.637505531311035156e-04 2.361238002777099609e-04 2.233982086181640625e-04 2.121925354003906250e-04 2.161264419555664062e-04 1.404285430908203125e-04
5.090908684073405244e-01 -9.196251630783081055e-03 -9.184777736663818359e-03 -9.208261966705322266e-03 -9.183794260025024414e-03 -9.149253368377685547e-03 -9.162366390228271484e-03 -9.169846773147583008e-03 -9.169787168502807617e-03 -9.157538414001464844e-03 -9.157598018646240234e-03
5.155436303927283248e-01 5.627959966659545898e-03 5.663961172103881836e-03 5.638867616653442383e-03 5.651116371154785156e-03 5.638271570205688477e-03 5.672335624694824219e-03 5.676180124282836914e-03 5.668044090270996094e-03 5.691975355148315430e-03 5.720347166061401367e-03
5.219963923781163473e-01 5.700409412384033203e-03 5.662113428115844727e-03 5.678653717041015625e-03 5.674242973327636719e-03 5.691349506378173828e-03 5.686432123184204102e-03 5.663305521011352539e-03 5.669027566909790039e-03 5.671650171279907227e-03 5.606979131698608398e-03
5.284491543635041477e-01 -8.836269378662109375e-03 -8.849322795867919922e-03 -8.854150772094726562e-03 -8.860558271408081055e-03 -8.864581584930419922e-03 -8.852511644363403320e-03 -8.862912654876708984e-03 -8.852094411849975586e-03 -8.873254060745239258e-03 -8.874237537384033203e-03
5.349019163488920592e-01 1.357227563858032227e-03 1.405060291290283203e-03 1.395881175994873047e-03 1.403540372848510742e-03 1.372337341308593750e-03 1.410007476806640625e-03 1.441836357116699219e-03 1.441180706024169922e-03 1.439869403839111328e-03 1.482695341110229492e-03
5.413546783342799706e-01 7.800638675689697266e-03 7.790684700012207031e-03 7.792621850967407227e-03 7.798731327056884766e-03 7.811427116394042969e-03 7.801055908203125000e-03 7.798463106155395508e-03 7.791280746459960938e-03 7.773697376251220703e-03 7.763594388961791992e-03
5.478074403196678821e-01 -4.560559988021850586e-03 -4.610359668731689453e-03 -4.594147205352783203e-03 -4.624038934707641602e-03 -4.599243402481079102e-03 -4.617571830749511719e-03 -4.639327526092529297e-03 -4.612892866134643555e-03 -4.618644714355468750e-03 -4.667311906814575195e-03
5.542602023050557936e-01 -4.452824592590332031e-03 -4.412919282913208008e-03 -4.446387290954589844e-03 -4.430323839187622070e-03 -4.413694143295288086e-03 -4.412889480590820312e-03 -4.388332366943359375e-03 -4.405945539474487305e-03 -4.383444786071777344e-03 -4.336714744567871094e-03
5.607129642904437050e-01 7.243573665618896484e-03 7.230103015899658203e-03 7.239907979965209961e-03 7.239043712615966797e-03 7.230997085571289062e-03 7.236093282699584961e-03 7.254958152770996094e-03 7.252573966979980469e-03 7.245689630508422852e-03 7.264077663421630859e-03
5.671657262758316165e-01 8.026361465454101562e-04 7.360279560089111328e-04 7.509887218475341797e-04 7.413327693939208984e-04 7.900297641754150391e-04 7.640123367309570312e-04 7.523894309997558594e-04 7.530450820922851562e-04 7.346570491790771484e-04 7.022917270660400391e-04
5.736184882612194169e-01 -6.553620100021362305e-03 -6.527543067932128906e-03 -6.532609462738037109e-03 -6.522029638290405273e-03 -6.540775299072265625e-03 -6.523251533508300781e-03 -6.536185741424560547e-03 -6.545454263687133789e-03 -6.537616252899169922e-03 -6.513774394989013672e-03
5.800712502466074394e-01 3.438740968704223633e-03 3.479629755020141602e-03 3.463000059127807617e-03 3.483116626739501953e-03 3.443807363510131836e-03 3.462016582489013672e-03 3.466039896011352539e-03 3.483504056930541992e-03 3.471672534942626953e-03 3.521174192428588867e-03
5.865240122319952398e-01 4.283308982849121094e-03 4.250645637512207031e-03 4.260063171386718750e-03 4.244118928909301758e-03 4.224687814712524414e-03 4.253864288330078125e-03 4.227846860885620117e-03 4.237383604049682617e-03 4.244536161422729492e-03 4.202514886856079102e-03
5.929767742173832623e-01 -6.213754415512084961e-03 -6.208598613739013672e-03 -6.200313568115234375e-03 -6.213694810867309570e-03 -6.217181682586669922e-03 -6.224095821380615234e-03 -6.234437227249145508e-03 -6.218820810317993164e-03 -6.219565868377685547e-03 -6.243944168090820312e-03
5.994295362027710627e-01 -4.556775093078613281e-04 -4.099905490875244141e-04 -4.212260246276855469e-04 -4.010200500488281250e-04 -4.198253154754638672e-04 -3.977715969085693359e-04 -3.936886787414550781e-04 -4.079341888427734375e-04 -4.086792469024658203e-04 -3.526210784912109375e-04
6.058822981881590852e-01 6.130099296569824219e-03 6.120949983596801758e-03 6.129175424575805664e-03 6.108492612838745117e-03 6.128787994384765625e-03 6.115823984146118164e-03 6.111145019531250000e-03 6.128042936325073242e-03 6.121844053268432617e-03 6.086051464080810547e-03
6.123350601735468857e-01 -4.040390253067016602e-03 -4.061818122863769531e-03 -4.035651683807373047e-03 -4.052460193634033203e-03 -4.058241844177246094e-03 -4.057049751281738281e-03 -4.090487957000732422e-03 -4.090428352355957031e-03 -4.094302654266357422e-03 -4.093229770660400391e-03
6.187878221589347971e-01 -3.170251846313476562e-03 -3.135800361633300781e-03 -3.162294626235961914e-03 -3.138273954391479492e-03 -3.179609775543212891e-03 -3.151804208755493164e-03 -3.129780292510986328e-03 -3.137946128845214844e-03 -3.140807151794433594e-03 -3.108650445938110352e-03
6.252405841443227086e-01 4.858881235122680664e-03 4.896372556686401367e-03 4.884243011474609375e-03 4.908710718154907227e-03 4.897743463516235352e-03 4.903733730316162109e-03 4.898756742477416992e-03 4.896610975265502930e-03 4.873305559158325195e-03 4.918873310089111328e-03
6.316933461297106200e-01 4.631280899047851562e-05 1.463294029235839844e-05 3.567337989807128906e-05 2.059340476989746094e-05 1.773238182067871094e-05 1.323223114013671875e-05 2.413988113403320312e-06 1.585483551025390625e-05 -7.599592208862304688e-06 -4.404783248901367188e-05
6.381461081150985315e-01 -4.533529281616210938e-03 -4.509538412094116211e-03 -4.530251026153564453e-03 -4.508078098297119141e-03 -4.525512456893920898e-03 -4.509478807449340820e-03 -4.520118236541748047e-03 -4.522085189819335938e-03 -4.524946212768554688e-03 -4.502773284912109375e-03
6.445988701004864430e-01 2.016186714172363281e-03 2.049058675765991211e-03 2.039849758148193359e-03 2.044916152954101562e-03 2.021461725234985352e-03 2.044051885604858398e-03 2.053409814834594727e-03 2.044022083282470703e-03 2.058535814285278320e-03 2.067297697067260742e-03
6.510516320858743544e-01 2.211242914199829102e-03 2.193421125411987305e-03 2.194523811340332031e-03 2.195090055465698242e-03 2.202600240707397461e-03 2.191096544265747070e-03 2.179652452468872070e-03 2.189189195632934570e-03 2.192378044128417969e-03 2.171665430068969727e-03
6.575043940712622659e-01 -3.117680549621582031e-03 -3.132879734039306641e-03 -3.140509128570556641e-03 -3.134787082672119141e-03 -3.121703863143920898e-03 -3.136932849884033203e-03 -3.127336502075195312e-03 -3.133028745651245117e-03 -3.125518560409545898e-03 -3.144294023513793945e-03
6.639571560566501773e-01 -5.241930484771728516e-04 -5.038678646087646484e-04 -5.156993865966796875e-04 -5.050897598266601562e-04 -5.040168762207031250e-04 -5.065202713012695312e-04 -5.090236663818359375e-04 -4.965066909790039062e-04 -5.100667476654052734e-04 -4.833042621612548828e-04
6.704099180420379778e-01 2.898901700973510742e-03 2.876311540603637695e-03 2.877473831176757812e-03 2.898007631301879883e-03 2.903729677200317383e-03 2.892613410949707031e-03 2.886831760406494141e-03 2.874940633773803711e-03 2.890229225158691406e-03 2.881705760955810547e-03
6.768626800274260003e-01 -6.580352783203125000e-04 -6.799101829528808594e-04 -6.645023822784423828e-04 -6.950497627258300781e-04 -6.752610206604003906e-04 -6.777346134185791016e-04 -6.797015666961669922e-04 -6.750226020812988281e-04 -6.808042526245117188e-04 -6.941854953765869141e-04
6.833154420128139117e-01 -2.227187156677246094e-03 -2.215534448623657227e-03 -2.211451530456542969e-03 -2.214401960372924805e-03 -2.229750156402587891e-03 -2.220124006271362305e-03 -2.212345600128173828e-03 -2.204716205596923828e-03 -2.216368913650512695e-03 -2.196311950683593750e-03
6.897682039982017121e-01 1.507133245468139648e-03 1.498699188232421875e-03 1.502186059951782227e-03 1.481145620346069336e-03 1.492887735366821289e-03 1.507043838500976562e-03 1.505762338638305664e-03 1.519262790679931641e-03 1.514434814453125000e-03 1.527249813079833984e-03
6.962209659835896236e-01 1.566350460052490234e-03 1.564145088195800781e-03 1.567363739013671875e-03 1.560956239700317383e-03 1.582384109497070312e-03 1.572638750076293945e-03 1.566559076309204102e-03 1.557320356369018555e-03 1.561135053634643555e-03 1.554191112518310547e-03
7.026737279689775351e-01 -1.489609479904174805e-03 -1.513451337814331055e-03 -1.494914293289184570e-03 -1.503497362136840820e-03 -1.514464616775512695e-03 -1.513898372650146484e-03 -1.502573490142822266e-03 -1.487374305725097656e-03 -1.501768827438354492e-03 -1.524299383163452148e-03
7.091264899543654465e-01 -1.797646284103393555e-03 -1.784145832061767578e-03 -1.802265644073486328e-03 -1.801818609237670898e-03 -1.791328191757202148e-03 -1.784175634384155273e-03 -1.796096563339233398e-03 -1.802951097488403320e-03 -1.798301935195922852e-03 -1.755833625793457031e-03
7.155792519397533580e-01 3.106176853179931641e-03 3.085196018218994141e-03 3.105074167251586914e-03 3.092199563980102539e-03 3.086209297180175781e-03 3.094762563705444336e-03 3.126174211502075195e-03 3.103852272033691406e-03 3.121554851531982422e-03 3.145873546600341797e-03
7.220320139251412694e-01 1.221418380737304688e-03 1.179367303848266602e-03 1.187115907669067383e-03 1.181632280349731445e-03 1.198232173919677734e-03 1.197278499603271484e-03 1.180142164230346680e-03 1.189887523651123047e-03 1.166969537734985352e-03 1.155614852905273438e-03
7.284847759105291809e-01 -5.055457353591918945e-03 -5.032002925872802734e-03 -5.065500736236572266e-03 -5.046576261520385742e-03 -5.032271146774291992e-03 -5.064994096755981445e-03 -5.058079957962036133e-03 -5.051732063293457031e-03 -5.056828260421752930e-03 -5.040168762207031250e-03
7.349375378959170924e-01 2.927750349044799805e-03 2.943843603134155273e-03 2.948194742202758789e-03 2.953141927719116211e-03 2.907037734985351562e-03 2.962201833724975586e-03 2.971410751342773438e-03 2.957522869110107422e-03 2.953618764877319336e-03 3.010183572769165039e-03
7.413902998813050038e-01 4.132509231567382812e-03 4.120945930480957031e-03 4.125744104385375977e-03 4.117727279663085938e-03 4.087775945663452148e-03 4.128366708755493164e-03 4.101365804672241211e-03 4.090487957000732422e-03 4.096955060958862305e-03 4.055857658386230469e-03
7.478430618666929153e-01 -7.693439722061157227e-03 -7.687747478485107422e-03 -7.706493139266967773e-03 -7.702916860580444336e-03 -7.685959339141845703e-03 -7.713824510574340820e-03 -7.708311080932617188e-03 -7.686376571655273438e-03 -7.711797952651977539e-03 -7.714062929153442383e-03
7.542958238520808267e-01 1.408547163009643555e-03 1.433551311492919922e-03 1.426845788955688477e-03 1.459300518035888672e-03 1.380890607833862305e-03 1.466333866119384766e-03 1.473546028137207031e-03 1.468360424041748047e-03 1.459628343582153320e-03 1.522481441497802734e-03
7.607485858374687382e-01 7.281064987182617188e-03 7.261455059051513672e-03 7.290422916412353516e-03 7.256954908370971680e-03 7.293909788131713867e-03 7.267862558364868164e-03 7.238149642944335938e-03 7.231473922729492188e-03 7.248252630233764648e-03 7.194578647613525391e-03
7.672013478228566496e-01 -8.783459663391113281e-03 -8.815675973892211914e-03 -8.808821439743041992e-03 -8.824557065963745117e-03 -8.808881044387817383e-03 -8.821427822113037109e-03 -8.831232786178588867e-03 -8.831799030303955078e-03 -8.834421634674072266e-03 -8.835136890411376953e-03
7.736541098082445611e-01 4.932284355163574219e-04 5.407035350799560547e-04 5.410313606262207031e-04 5.384981632232666016e-04 4.985928535461425781e-04 5.512833595275878906e-04 5.588829517364501953e-04 5.646347999572753906e-04 5.803406238555908203e-04 6.105303764343261719e-04
7.801068717936323615e-01 8.667379617691040039e-03 8.643478155136108398e-03 8.665531873703002930e-03 8.675932884216308594e-03 8.684843778610229492e-03 8.642762899398803711e-03 8.628129959106445312e-03 8.628100156784057617e-03 8.642613887786865234e-03 8.625507354736328125e-03
7.865596337790202730e-01 -7.406771183013916016e-03 -7.461905479431152344e-03 -7.451802492141723633e-03 -7.456272840499877930e-03 -7.481068372726440430e-03 -7.479161024093627930e-03 -7.474005222320556641e-03 -7.488816976547241211e-03 -7.508337497711181641e-03 -7.504761219024658203e-03
7.930123957644081845e-01 -1.368284225463867188e-03 -1.321852207183837891e-03 -1.346230506896972656e-03 -1.330852508544921875e-03 -1.350700855255126953e-03 -1.303166151046752930e-03 -1.297175884246826172e-03 -1.298844814300537109e-03 -1.304864883422851562e-03 -1.238703727722167969e-03
7.994651577497960959e-01 8.587718009948730469e-03 8.573442697525024414e-03 8.577525615692138672e-03 8.562833070755004883e-03 8.592724800109863281e-03 8.572071790695190430e-03 8.549690246582031250e-03 8.578091859817504883e-03 8.550316095352172852e-03 8.542388677597045898e-03
8.059179197351840074e-01 -6.381154060363769531e-03 -6.422698497772216797e-03 -6.404221057891845703e-03 -6.409764289855957031e-03 -6.411939859390258789e-03 -6.418436765670776367e-03 -6.415396928787231445e-03 -6.433516740798950195e-03 -6.416916847229003906e-03 -6.470084190368652344e-03
8.123706817205719188e-01 -2.842068672180175781e-03 -2.801299095153808594e-03 -2.813100814819335938e-03 -2.799719572067260742e-03 -2.830088138580322266e-03 -2.811819314956665039e-03 -2.784967422485351562e-03 -2.798408269882202148e-03 -2.776652574539184570e-03 -2.752184867858886719e-03
8.188234437059598303e-01 7.177472114562988281e-03 7.187306880950927734e-03 7.175505161285400391e-03 7.173508405685424805e-03 7.142513990402221680e-03 7.153421640396118164e-03 7.160395383834838867e-03 7.147401571273803711e-03 7.137835025787353516e-03 7.168084383010864258e-03
8.252762056913477418e-01 -4.237383604049682617e-03 -4.262596368789672852e-03 -4.240095615386962891e-03 -4.259020090103149414e-03 -4.248201847076416016e-03 -4.273533821105957031e-03 -4.274576902389526367e-03 -4.258304834365844727e-03 -4.282504320144653320e-03 -4.307895898818969727e-03
8.317289676767356532e-01 -2.491325139999389648e-03 -2.459883689880371094e-03 -2.466678619384765625e-03 -2.480000257492065430e-03 -2.493500709533691406e-03 -2.469450235366821289e-03 -2.464652061462402344e-03 -2.460062503814697266e-03 -2.462685108184814453e-03 -2.431601285934448242e-03
8.381817296621235647e-01 4.778653383255004883e-03 4.771918058395385742e-03 4.762232303619384766e-03 4.756867885589599609e-03 4.783183336257934570e-03 4.748612642288208008e-03 4.764884710311889648e-03 4.748582839965820312e-03 4.755645990371704102e-03 4.754036664962768555e-03
8.446344916475114761e-01 -2.357095479965209961e-03 -2.365291118621826172e-03 -2.351760864257812500e-03 -2.368211746215820312e-03 -2.371340990066528320e-03 -2.369314432144165039e-03 -2.364635467529296875e-03 -2.374082803726196289e-03 -2.372533082962036133e-03 -2.385675907135009766e-03
8.510872536328993876e-01 -1.078486442565917969e-03 -1.055270433425903320e-03 -1.084774732589721680e-03 -1.074194908142089844e-03 -1.069307327270507812e-03 -1.062363386154174805e-03 -1.071602106094360352e-03 -1.058667898178100586e-03 -1.054227352142333984e-03 -1.037657260894775391e-03
8.575400156182872990e-01 1.875609159469604492e-03 1.871615648269653320e-03 1.859813928604125977e-03 1.881659030914306641e-03 1.882314682006835938e-03 1.872986555099487305e-03 1.870125532150268555e-03 1.853585243225097656e-03 1.863002777099609375e-03 1.871824264526367188e-03
8.639927776036752105e-01 -9.605586528778076172e-04 -9.676516056060791016e-04 -9.623765945434570312e-04 -9.533762931823730469e-04 -9.808540344238281250e-04 -9.511411190032958984e-04 -9.597539901733398438e-04 -9.603500366210937500e-04 -9.738504886627197266e-04 -9.787976741790771484e-04
8.704455395890630109e-01 -3.744661808013916016e-04 -3.603696823120117188e-04 -3.714561462402343750e-04 -3.657639026641845703e-04 -3.656446933746337891e-04 -3.689527511596679688e-04 -3.600716590881347656e-04 -3.771483898162841797e-04 -3.569424152374267578e-04 -3.520548343658447266e-04
8.768983015744509224e-01 6.297826766967773438e-04 6.112754344940185547e-04 6.192624568939208984e-04 6.170272827148437500e-04 6.195604801177978516e-04 6.238222122192382812e-04 6.295144557952880859e-04 6.238520145416259766e-04 6.259977817535400391e-04 6.227195262908935547e-04
8.833510635598388339e-01 -3.358125686645507812e-04 -3.343820571899414062e-04 -3.291368484497070312e-04 -3.255009651184082031e-04 -3.328621387481689453e-04 -3.225207328796386719e-04 -3.381967544555664062e-04 -3.373622894287109375e-04 -3.294348716735839844e-04 -3.333985805511474609e-04
8.898038255452267453e-01 4.231631755828857422e-04 4.255771636962890625e-04 4.282593727111816406e-04 4.098713397979736328e-04 4.373788833618164062e-04 4.220902919769287109e-04 4.369914531707763672e-04 4.208683967590332031e-04 4.169642925262451172e-04 4.341304302215576172e-04
8.962565875306146568e-01 -1.431405544281005859e-04 -1.459717750549316406e-04 -1.488626003265380859e-04 -1.410245895385742188e-04 -1.536011695861816406e-04 -1.482069492340087891e-04 -1.239478588104248047e-04 -1.531243324279785156e-04 -1.362860202789306641e-04 -1.550614833831787109e-04
9.027093495160025682e-01 -6.479620933532714844e-04 -6.373226642608642578e-04 -6.260275840759277344e-04 -6.330609321594238281e-04 -6.515979766845703125e-04 -6.290376186370849609e-04 -6.373226642608642578e-04 -6.318986415863037109e-04 -6.287395954132080078e-04 -6.349384784698486328e-04
9.091621115013904797e-01 9.810924530029296875e-04 9.750723838806152344e-04 9.663701057434082031e-04 9.753406047821044922e-04 9.743273258209228516e-04 9.734034538269042969e-04 9.736120700836181641e-04 9.818375110626220703e-04 9.786486625671386719e-04 9.780526161193847656e-04
9.156148734867783912e-01 -2.317428588867187500e-04 -2.341568470001220703e-04 -2.308487892150878906e-04 -2.348423004150390625e-04 -2.340376377105712891e-04 -2.354979515075683594e-04 -2.377629280090332031e-04 -2.351105213165283203e-04 -2.334713935852050781e-04 -2.347528934478759766e-04
9.220676354721663026e-01 -7.037818431854248047e-04 -6.771683692932128906e-04 -6.824135780334472656e-04 -6.822049617767333984e-04 -6.649792194366455078e-04 -6.825923919677734375e-04 -6.788969039916992188e-04 -7.006525993347167969e-04 -6.720125675201416016e-04 -6.790161132812500000e-04
9.285203974575542141e-01 5.864500999450683594e-04 5.618333816528320312e-04 5.845427513122558594e-04 5.769729614257812500e-04 5.719959735870361328e-04 5.769431591033935547e-04 5.801916122436523438e-04 5.706548690795898438e-04 5.764961242675781250e-04 5.869269371032714844e-04
9.349731594429421255e-01 1.748800277709960938e-04 1.830160617828369141e-04 1.839697360992431641e-04 1.776814460754394531e-04 1.716613769531250000e-04 1.730620861053466797e-04 1.894235610961914062e-04 1.780986785888671875e-04 1.774132251739501953e-04 1.704096794128417969e-04
9.414259214283300370e-01 -4.453957080841064453e-04 -4.426836967468261719e-04 -4.554688930511474609e-04 -4.529654979705810547e-04 -4.507303237915039062e-04 -4.529356956481933594e-04 -4.595816135406494141e-04 -4.433393478393554688e-04 -4.520118236541748047e-04 -4.443824291229248047e-04
9.478786834137179484e-01 1.099407672882080078e-04 1.225471496582031250e-04 1.088380813598632812e-04 1.101195812225341797e-04 1.209080219268798828e-04 1.131594181060791016e-04 1.170635223388671875e-04 1.053214073181152344e-04 1.107156276702880859e-04 1.156926155090332031e-04
9.543314453991058599e-01 4.981458187103271484e-04 5.063712596893310547e-04 5.061328411102294922e-04 5.110502243041992188e-04 4.969239234924316406e-04 4.960000514984130859e-04 5.008280277252197266e-04 5.050301551818847656e-04 5.095303058624267578e-04 5.050897598266601562e-04
9.607842073844936603e-01 -2.506673336029052734e-04 -2.599060535430908203e-04 -2.566874027252197266e-04 -2.524256706237792969e-04 -2.542734146118164062e-04 -2.601146697998046875e-04 -2.658069133758544922e-04 -2.645552158355712891e-04 -2.659857273101806641e-04 -2.659857273101806641e-04
9.672369693698815718e-01 -6.147325038909912109e-04 -6.176233291625976562e-04 -6.252527236938476562e-04 -6.145834922790527344e-04 -6.132721900939941406e-04 -6.266832351684570312e-04 -6.143152713775634766e-04 -6.228089332580566406e-04 -6.221234798431396484e-04 -6.169080734252929688e-04
9.736897313552694833e-01 6.685256958007812500e-04 6.712079048156738281e-04 6.777048110961914062e-04 6.711184978485107422e-04 6.698668003082275391e-04 6.683468818664550781e-04 6.749629974365234375e-04 6.817877292633056641e-04 6.844401359558105469e-04 6.890594959259033203e-04
9.801424933406573947e-01 3.083050251007080078e-04 3.138482570648193359e-04 3.004670143127441406e-04 3.002882003784179688e-04 3.042519092559814453e-04 3.080070018768310547e-04 2.993643283843994141e-04 3.050565719604492188e-04 3.058016300201416016e-04 2.912878990173339844e-04
9.865952553260453062e-01 -8.881688117980957031e-04 -8.868873119354248047e-04 -8.799433708190917969e-04 -9.041726589202880859e-04 -8.786916732788085938e-04 -8.954405784606933594e-04 -8.861720561981201172e-04 -8.936822414398193359e-04 -8.784830570220947266e-04 -8.887946605682373047e-04
9.930480173114332176e-01 3.220140933990478516e-04 3.241598606109619141e-04 3.189444541931152344e-04 3.245770931243896484e-04 3.136098384857177734e-04 3.138780593872070312e-04 3.172755241394042969e-04 3.333389759063720703e-04 3.260970115661621094e-04 3.308653831481933594e-04
9.995007792968211291e-01 5.895793437957763672e-04 5.943477153778076172e-04 5.849003791809082031e-04 5.832910537719726562e-04 5.937516689300537109e-04 5.921423435211181641e-04 5.894601345062255859e-04 5.913972854614257812e-04 5.856752395629882812e-04 5.816817283630371094e-04
1.005953541282209152e+00 -8.412599563598632812e-04 -8.321702480316162109e-04 -8.483827114105224609e-04 -8.293986320495605469e-04 -8.477568626403808594e-04 -8.416771888732910156e-04 -8.273422718048095703e-04 -8.428692817687988281e-04 -8.401870727539062500e-04 -8.369088172912597656e-04
1.012406303267596952e+00 -7.173418998718261719e-05 -7.975101470947265625e-05 -7.903575897216796875e-05 -8.708238601684570312e-05 -7.203221321105957031e-05 -7.942318916320800781e-05 -6.595253944396972656e-05 -6.181001663208007812e-05 -6.759166717529296875e-05 -6.440281867980957031e-05
1.018859065252984752e+00 9.217858314514160156e-04 9.359717369079589844e-04 9.220540523529052734e-04 9.149610996246337891e-04 9.255707263946533203e-04 9.147822856903076172e-04 9.149909019470214844e-04 9.194016456604003906e-04 9.241104125976562500e-04 9.050369262695312500e-04
1.025311827238372775e+00 -6.529390811920166016e-04 -6.569325923919677734e-04 -6.613731384277343750e-04 -6.592571735382080078e-04 -6.625354290008544922e-04 -6.620287895202636719e-04 -6.574094295501708984e-04 -6.612539291381835938e-04 -6.590187549591064453e-04 -6.763339042663574219e-04
1.031764589223760797e+00 -4.599690437316894531e-04 -4.611313343048095703e-04 -4.604160785675048828e-04 -4.504323005676269531e-04 -4.662573337554931641e-04 -4.627108573913574219e-04 -4.511475563049316406e-04 -4.543662071228027344e-04 -4.581809043884277344e-04 -4.532933235168457031e-04
1.038217351209148598e+00 8.350312709808349609e-04 8.466243743896484375e-04 8.472204208374023438e-04 8.417069911956787109e-04 8.386373519897460938e-04 8.442401885986328125e-04 8.439123630523681641e-04 8.441507816314697266e-04 8.388757705688476562e-04 8.364021778106689453e-04
1.044670113194536398e+00 5.796551704406738281e-05 7.253885269165039062e-05 7.709860801696777344e-05 7.185339927673339844e-05 6.881356239318847656e-05 6.225705146789550781e-05 7.390975952148437500e-05 6.484985351562500000e-05 6.592273712158203125e-05 5.969405174255371094e-05
1.051122875179924421e+00 -5.283355712890625000e-04 -5.222856998443603516e-04 -5.244910717010498047e-04 -5.229413509368896484e-04 -5.316734313964843750e-04 -5.197823047637939453e-04 -5.238950252532958984e-04 -5.276203155517578125e-04 -5.340278148651123047e-04 -5.244910717010498047e-04
1.057575637165312221e+00 6.097555160522460938e-05 6.431341171264648438e-05 4.327297210693359375e-05 6.145238876342773438e-05 5.611777305603027344e-05 5.900859832763671875e-05 6.002187728881835938e-05 6.404519081115722656e-05 5.459785461425781250e-05 6.684660911560058594e-05
1.064028399150700022e+00 1.612007617950439453e-04 1.543462276458740234e-04 1.550912857055664062e-04 1.540780067443847656e-04 1.639425754547119141e-04 1.595616340637207031e-04 1.624226570129394531e-04 1.654028892517089844e-04 1.683235168457031250e-04 1.544952392578125000e-04
1.070481161136088044e+00 -3.677010536193847656e-04 -3.695189952850341797e-04 -3.810822963714599609e-04 -3.740191459655761719e-04 -3.741979598999023438e-04 -3.705620765686035156e-04 -3.715753555297851562e-04 -3.697574138641357422e-04 -3.625154495239257812e-04 -3.678202629089355469e-04
1.076933923121476067e+00 1.465976238250732422e-04 1.310706138610839844e-04 1.287460327148437500e-04 1.335740089416503906e-04 1.364648342132568359e-04 1.433789730072021484e-04 1.412630081176757812e-04 1.426637172698974609e-04 1.428127288818359375e-04 1.304447650909423828e-04
1.083386685106863867e+00 9.852647781372070312e-05 1.031160354614257812e-04 1.018643379211425781e-04 1.105070114135742188e-04 1.044571399688720703e-04 1.115798950195312500e-04 1.065135002136230469e-04 1.144409179687500000e-04 1.107156276702880859e-04 1.119375228881835938e-04
1.089839447092251667e+00 -3.980398178100585938e-04 -4.048943519592285156e-04 -3.974735736846923828e-04 -3.990828990936279297e-04 -3.975927829742431641e-04 -3.976523876190185547e-04 -4.036724567413330078e-04 -3.962516784667968750e-04 -4.074275493621826172e-04 -4.083216190338134766e-04
1.096292209077639690e+00 -9.307265281677246094e-05 -8.645653724670410156e-05 -9.557604789733886719e-05 -9.536743164062500000e-05 -9.867548942565917969e-05 -9.739398956298828125e-05 -9.217858314514160156e-05 -1.013875007629394531e-04 -8.532404899597167969e-05 -8.767843246459960938e-05
1.102744971063027712e+00 -1.499056816101074219e-05 -2.339482307434082031e-05 -1.090764999389648438e-05 -5.930662155151367188e-06 -2.110004425048828125e-05 -1.037120819091796875e-05 -1.335144042968750000e-05 -7.301568984985351562e-06 -5.930662155151367188e-06 -1.746416091918945312e-05
1.109197733048415513e+00 1.019239425659179688e-04 8.785724639892578125e-05 7.966160774230957031e-05 7.927417755126953125e-05 7.036328315734863281e-05 8.320808410644531250e-05 7.787346839904785156e-05 8.025765419006347656e-05 7.542967796325683594e-05 8.124113082885742188e-05
1.115650495033803313e+00 -6.704628467559814453e-04 -6.665587425231933594e-04 -6.584227085113525391e-04 -6.699562072753906250e-04 -6.600916385650634766e-04 -6.693601608276367188e-04 -6.600618362426757812e-04 -6.754994392395019531e-04 -6.696581840515136719e-04 -6.590783596038818359e-04
1.122103257019191336e+00 -5.999207496643066406e-05 -6.312131881713867188e-05 -5.728006362915039062e-05 -6.398558616638183594e-05 -7.149577140808105469e-05 -9.104609489440917969e-05 -8.168816566467285156e-05 -7.036328315734863281e-05 -8.746981620788574219e-05 -8.073449134826660156e-05
1.128556019004579358e+00 4.307329654693603516e-04 4.222691059112548828e-04 4.163384437561035156e-04 4.026889801025390625e-04 4.159212112426757812e-04 4.057586193084716797e-04 4.170238971710205078e-04 4.070699214935302734e-04 4.073083400726318359e-04 4.052519798278808594e-04
1.135008780989967159e+00 -5.173385143280029297e-04 -5.188286304473876953e-04 -5.238950252532958984e-04 -5.209147930145263672e-04 -5.278587341308593750e-04 -5.240440368652343750e-04 -5.275011062622070312e-04 -5.241632461547851562e-04 -5.306005477905273438e-04 -5.332231521606445312e-04
1.141461542975354959e+00 -3.107786178588867188e-04 -3.017783164978027344e-04 -3.080666065216064453e-04 -3.037750720977783203e-04 -3.064274787902832031e-04 -3.001987934112548828e-04 -3.076195716857910156e-04 -3.216266632080078125e-04 -3.091394901275634766e-04 -3.063380718231201172e-04
1.147914304960742982e+00 6.363689899444580078e-04 6.332695484161376953e-04 6.261765956878662109e-04 6.367564201354980469e-04 6.327331066131591797e-04 6.353259086608886719e-04 6.293058395385742188e-04 6.342232227325439453e-04 6.357431411743164062e-04 6.385147571563720703e-04
1.154367066946130782e+00 -1.515746116638183594e-04 -1.552999019622802734e-04 -1.523494720458984375e-04 -1.617372035980224609e-04 -1.573562622070312500e-04 -1.531243324279785156e-04 -1.735389232635498047e-04 -1.591742038726806641e-04 -1.591145992279052734e-04 -1.605749130249023438e-04
1.160819828931518582e+00 -3.984570503234863281e-04 -4.005134105682373047e-04 -3.990232944488525391e-04 -4.035830497741699219e-04 -4.047155380249023438e-04 -4.076659679412841797e-04 -3.968477249145507812e-04 -3.988146781921386719e-04 -4.047155380249023438e-04 -3.958046436309814453e-04
1.167272590916906605e+00 4.950463771820068359e-04 4.974603652954101562e-04 4.984736442565917969e-04 5.035102367401123047e-04 4.943311214447021484e-04 5.109608173370361328e-04 4.988610744476318359e-04 4.990994930267333984e-04 4.956126213073730469e-04 5.147755146026611328e-04
1.173725352902294627e+00 6.735324859619140625e-06 -3.278255462646484375e-07 1.031160354614257812e-05 1.090764999389648438e-05 8.344650268554687500e-07 -5.781650543212890625e-06 6.705522537231445312e-06 -9.387731552124023438e-06 1.668930053710937500e-06 -7.241964340209960938e-06
1.180178114887682428e+00 -4.407465457916259766e-04 -4.330873489379882812e-04 -4.478394985198974609e-04 -4.512369632720947266e-04 -4.459917545318603516e-04 -4.377961158752441406e-04 -4.569292068481445312e-04 -4.514455795288085938e-04 -4.465878009796142578e-04 -4.445016384124755859e-04
1.186630876873070450e+00 3.508031368255615234e-04 3.621876239776611328e-04 3.623664379119873047e-04 3.573298454284667969e-04 3.784298896789550781e-04 3.652572631835937500e-04 3.689229488372802734e-04 3.498494625091552734e-04 3.675222396850585938e-04 3.640353679656982422e-04
1.193083638858458251e+00 2.675950527191162109e-04 2.562403678894042969e-04 2.674758434295654297e-04 2.722740173339843750e-04 2.501606941223144531e-04 2.601444721221923828e-04 2.652406692504882812e-04 2.729892730712890625e-04 2.593398094177246094e-04 2.618134021759033203e-04
1.199536400843846051e+00 -2.741515636444091797e-04 -2.478063106536865234e-04 -2.651512622833251953e-04 -2.669095993041992188e-04 -2.572536468505859375e-04 -2.593100070953369141e-04 -2.602934837341308594e-04 -2.613067626953125000e-04 -2.738237380981445312e-04 -2.577006816864013672e-04
1.205989162829234074e+00 2.157688140869140625e-05 2.592802047729492188e-05 1.576542854309082031e-05 1.016259193420410156e-05 1.126527786254882812e-05 1.433491706848144531e-05 2.685189247131347656e-05 2.112984657287597656e-05 2.169609069824218750e-05 2.333521842956542969e-05
1.212441924814621874e+00 1.764595508575439453e-04 1.859664916992187500e-04 1.968741416931152344e-04 1.916587352752685547e-04 1.910328865051269531e-04 1.854598522186279297e-04 1.913309097290039062e-04 1.888871192932128906e-04 1.902878284454345703e-04 1.939237117767333984e-04
1.218894686800009897e+00 1.940131187438964844e-05 2.104043960571289062e-05 4.410743713378906250e-06 1.549720764160156250e-06 1.868605613708496094e-05 2.613663673400878906e-05 2.011656761169433594e-05 2.139806747436523438e-05 3.004074096679687500e-05 1.809000968933105469e-05
1.225347448785397697e+00 -5.441904067993164062e-05 -5.459785461425781250e-05 -6.648898124694824219e-05 -6.932020187377929688e-05 -6.511807441711425781e-05 -6.449222564697265625e-05 -4.947185516357421875e-05 -6.258487701416015625e-05 -5.939602851867675781e-05 -6.008148193359375000e-05
1.231800210770785720e+00 5.710124969482421875e-05 3.990530967712402344e-05 4.133582115173339844e-05 5.793571472167968750e-05 5.266070365905761719e-05 5.319714546203613281e-05 5.066394805908203125e-05 4.562735557556152344e-05 4.813075065612792969e-05 5.704164505004882812e-05
1.238252972756173520e+00 3.930926322937011719e-05 4.935264587402343750e-05 5.325675010681152344e-05 4.169344902038574219e-05 5.015730857849121094e-05 3.248453140258789062e-05 5.385279655456542969e-05 5.540251731872558594e-05 4.559755325317382812e-05 3.439188003540039062e-05
1.244705734741561542e+00 -9.083747863769531250e-05 -8.940696716308593750e-05 -9.310245513916015625e-05 -9.572505950927734375e-05 -8.636713027954101562e-05 -8.478760719299316406e-05 -9.462237358093261719e-05 -1.035332679748535156e-04 -9.086728096008300781e-05 -8.812546730041503906e-05
1.251158496726949343e+00 -5.555152893066406250e-05 -5.984306335449218750e-05 -5.874037742614746094e-05 -5.277991294860839844e-05 -6.854534149169921875e-05 -7.271766662597656250e-05 -7.936358451843261719e-05 -4.601478576660156250e-05 -6.285309791564941406e-05 -6.523728370666503906e-05
1.257611258712337365e+00 1.255273818969726562e-04 1.136064529418945312e-04 1.112818717956542969e-04 1.108646392822265625e-04 1.158714294433593750e-04 1.049637794494628906e-04 1.226067543029785156e-04 1.244246959686279297e-04 1.135170459747314453e-04 1.145303249359130859e-04
1.264064020697725166e+00 -4.172325134277343750e-06 -8.672475814819335938e-06 -1.412630081176757812e-05 -5.662441253662109375e-06 -3.069639205932617188e-06 -8.016824722290039062e-06 -1.293420791625976562e-05 -1.057982444763183594e-05 -8.940696716308593750e-06 -5.960464477539062500e-06
1.270516782683113188e+00 -2.099871635437011719e-04 -2.169609069824218750e-04 -2.160072326660156250e-04 -2.062320709228515625e-04 -2.076923847198486328e-04 -2.158284187316894531e-04 -1.988410949707031250e-04 -2.099573612213134766e-04 -2.180337905883789062e-04 -2.132058143615722656e-04
1.276969544668500989e+00 2.980232238769531250e-05 1.886487007141113281e-05 1.069903373718261719e-05 2.014636993408203125e-05 2.571940422058105469e-05 1.445412635803222656e-05 2.709031105041503906e-05 1.931190490722656250e-05 1.928210258483886719e-05 1.356005668640136719e-05
1.283422306653888789e+00 1.845955848693847656e-04 1.831650733947753906e-04 1.685619354248046875e-04 1.807510852813720703e-04 1.866817474365234375e-04 1.774132251739501953e-04 1.866519451141357422e-04 1.597106456756591797e-04 1.805126667022705078e-04 1.740455627441406250e-04
1.289875068639276812e+00 -1.219511032104492188e-04 -1.118779182434082031e-04 -1.227259635925292969e-04 -1.193284988403320312e-04 -1.190006732940673828e-04 -1.110136508941650391e-04 -1.145303249359130859e-04 -1.126229763031005859e-04 -1.203119754791259766e-04 -1.135170459747314453e-04
1.296327830624664612e+00 -8.252263069152832031e-05 -8.600950241088867188e-05 -8.857250213623046875e-05 -8.961558341979980469e-05 -7.805228233337402344e-05 -8.824467658996582031e-05 -8.770823478698730469e-05 -9.238719940185546875e-05 -8.913874626159667969e-05 -8.803606033325195312e-05
1.302780592610052635e+00 1.880228519439697266e-04 1.839697360992431641e-04 1.830160617828369141e-04 1.742243766784667969e-04 1.863539218902587891e-04 1.899898052215576172e-04 1.970827579498291016e-04 1.826286315917968750e-04 1.930296421051025391e-04 1.901388168334960938e-04
1.309233354595440435e+00 -1.331567764282226562e-04 -1.247227191925048828e-04 -1.196861267089843750e-04 -1.266598701477050781e-04 -1.296699047088623047e-04 -1.213550567626953125e-04 -1.229345798492431641e-04 -1.255571842193603516e-04 -1.283586025238037109e-04 -1.223385334014892578e-04
1.315686116580828458e+00 -1.418292522430419922e-04 -1.299381256103515625e-04 -1.290142536163330078e-04 -1.305639743804931641e-04 -1.259148120880126953e-04 -1.262724399566650391e-04 -1.197159290313720703e-04 -1.305937767028808594e-04 -1.307427883148193359e-04 -1.348853111267089844e-04
1.322138878566216258e+00 1.818835735321044922e-04 1.858770847320556641e-04 1.881122589111328125e-04 1.955032348632812500e-04 1.865625381469726562e-04 2.028048038482666016e-04 1.818835735321044922e-04 1.865029335021972656e-04 1.901984214782714844e-04 1.770257949829101562e-04
1.328591640551604280e+00 6.863474845886230469e-05 8.031725883483886719e-05 8.156895637512207031e-05 9.202957153320312500e-05 7.790327072143554688e-05 7.724761962890625000e-05 8.237361907958984375e-05 9.053945541381835938e-05 7.322430610656738281e-05 8.520483970642089844e-05
1.335044402536992081e+00 -3.079771995544433594e-04 -3.086626529693603516e-04 -3.224909305572509766e-04 -3.250241279602050781e-04 -3.190934658050537109e-04 -3.100335597991943359e-04 -3.116130828857421875e-04 -3.170669078826904297e-04 -3.155767917633056641e-04 -3.111064434051513672e-04
1.341497164522380103e+00 1.013576984405517578e-04 1.055598258972167969e-04 9.331107139587402344e-05 9.939074516296386719e-05 1.068115234375000000e-04 8.895993232727050781e-05 1.049935817718505859e-04 1.074671745300292969e-04 1.094341278076171875e-04 1.060962677001953125e-04
1.347949926507767904e+00 2.364218235015869141e-04 2.464652061462402344e-04 2.281665802001953125e-04 2.485513687133789062e-04 2.371072769165039062e-04 2.346336841583251953e-04 2.433061599731445312e-04 2.352893352508544922e-04 2.365112304687500000e-04 2.293288707733154297e-04
1.354402688493155926e+00 -2.721548080444335938e-04 -2.832114696502685547e-04 -2.766549587249755859e-04 -2.694725990295410156e-04 -2.715587615966796875e-04 -2.898573875427246094e-04 -2.658963203430175781e-04 -2.719759941101074219e-04 -2.748668193817138672e-04 -2.632141113281250000e-04
1.360855450478543727e+00 -8.657574653625488281e-05 -7.128715515136718750e-05 -7.581710815429687500e-05 -8.463859558105468750e-05 -7.039308547973632812e-05 -7.545948028564453125e-05 -7.054209709167480469e-05 -8.809566497802734375e-05 -7.405877113342285156e-05 -7.501244544982910156e-05
1.367308212463931749e+00 1.962184906005859375e-04 1.835525035858154297e-04 1.963675022125244141e-04 1.875758171081542969e-04 1.764595508575439453e-04 1.805424690246582031e-04 1.794099807739257812e-04 1.800060272216796875e-04 1.963973045349121094e-04 1.859962940216064453e-04
1.373760974449319550e+00 -2.250075340270996094e-04 -2.347230911254882812e-04 -2.406239509582519531e-04 -2.300441265106201172e-04 -2.303123474121093750e-04 -2.391040325164794922e-04 -2.397596836090087891e-04 -2.304017543792724609e-04 -2.324283123016357422e-04 -2.501308917999267578e-04
1.380213736434707350e+00 -1.297891139984130859e-04 -1.271367073059082031e-04 -1.266598701477050781e-04 -1.280605792999267578e-04 -1.317560672760009766e-04 -1.415908336639404297e-04 -1.346170902252197266e-04 -1.334547996520996094e-04 -1.377761363983154297e-04 -1.374185085296630859e-04
1.386666498420095373e+00 1.887977123260498047e-04 1.705288887023925781e-04 1.832544803619384766e-04 1.714825630187988281e-04 1.835227012634277344e-04 1.747012138366699219e-04 1.768469810485839844e-04 1.817643642425537109e-04 1.751482486724853516e-04 1.777410507202148438e-04
1.393119260405483173e+00 1.380741596221923828e-04 1.301765441894531250e-04 1.335144042968750000e-04 1.212060451507568359e-04 1.256465911865234375e-04 1.261830329895019531e-04 1.329481601715087891e-04 1.339912414550781250e-04 1.325011253356933594e-04 1.249015331268310547e-04
1.399572022390871195e+00 -1.737177371978759766e-04 -1.757144927978515625e-04 -1.752078533172607422e-04 -1.707375049591064453e-04 -1.718699932098388672e-04 -1.667737960815429688e-04 -1.768469810485839844e-04 -1.765787601470947266e-04 -1.855790615081787109e-04 -1.799762248992919922e-04
1.406024784376258996e+00 1.168847084045410156e-04 1.285374164581298828e-04 1.205801963806152344e-04 1.334249973297119141e-04 1.284480094909667969e-04 1.255273818969726562e-04 1.352429389953613281e-04 1.390278339385986328e-04 1.224279403686523438e-04 1.374483108520507812e-04
1.412477546361647018e+00 -4.312396049499511719e-05 -5.012750625610351562e-05 -4.407763481140136719e-05 -4.482269287109375000e-05 -4.744529724121093750e-05 -3.528594970703125000e-05 -4.991888999938964844e-05 -4.205107688903808594e-05 -4.342198371887207031e-05 -4.091858863830566406e-05
1.418930308347034819e+00 -8.082389831542968750e-05 -8.925795555114746094e-05 -9.742379188537597656e-05 -8.621811866760253906e-05 -1.050829887390136719e-04 -9.822845458984375000e-05 -9.435415267944335938e-05 -8.565187454223632812e-05 -9.384751319885253906e-05 -9.256601333618164062e-05
1.425383070332422841e+00 6.520748138427734375e-05 7.390975952148437500e-05 8.007884025573730469e-05 8.529424667358398438e-05 7.241964340209960938e-05 6.511807441711425781e-05 7.864832878112792969e-05 8.040666580200195312e-05 7.751584053039550781e-05 7.835030555725097656e-05
1.431835832317810642e+00 1.515448093414306641e-04 1.361966133117675781e-04 1.453459262847900391e-04 1.564323902130126953e-04 1.298189163208007812e-04 1.372992992401123047e-04 1.305341720581054688e-04 1.420676708221435547e-04 1.336932182312011719e-04 1.336038112640380859e-04
1.438288594303198664e+00 -1.129508018493652344e-04 -1.201927661895751953e-04 -1.237988471984863281e-04 -1.055896282196044922e-04 -1.199841499328613281e-04 -1.050233840942382812e-04 -1.167058944702148438e-04 -1.127421855926513672e-04 -1.058578491210937500e-04 -1.300573348999023438e-04
1.444741356288586465e+00 -1.198053359985351562e-04 -1.270174980163574219e-04 -1.227557659149169922e-04 -1.280903816223144531e-04 -1.225471496582031250e-04 -1.412332057952880859e-04 -1.307427883148193359e-04 -1.357495784759521484e-04 -1.326501369476318359e-04 -1.342296600341796875e-04
1.451194118273974487e+00 1.643002033233642578e-04 1.618564128875732422e-04 1.595616340637207031e-04 1.619458198547363281e-04 1.590847969055175781e-04 1.738965511322021484e-04 1.660585403442382812e-04 1.767277717590332031e-04 1.641809940338134766e-04 1.737177371978759766e-04
1.457646880259362288e+00 9.971857070922851562e-05 9.053945541381835938e-05 9.277462959289550781e-05 8.335709571838378906e-05 9.247660636901855469e-05 9.608268737792968750e-05 9.399652481079101562e-05 8.130073547363281250e-05 7.820129394531250000e-05 8.279085159301757812e-05
1.464099642244750310e+00 -1.086890697479248047e-04 -1.086294651031494141e-04 -9.775161743164062500e-05 -1.019537448883056641e-04 -1.098215579986572266e-04 -1.031458377838134766e-04 -1.034140586853027344e-04 -1.099109649658203125e-04 -1.073479652404785156e-04 -1.047253608703613281e-04
1.470552404230138110e+00 2.610683441162109375e-05 3.531575202941894531e-05 3.013014793395996094e-05 3.752112388610839844e-05 2.884864807128906250e-05 4.455447196960449219e-05 3.311038017272949219e-05 3.790855407714843750e-05 5.260109901428222656e-05 3.516674041748046875e-05
1.477005166215525911e+00 1.029372215270996094e-04 1.071393489837646484e-04 1.077353954315185547e-04 1.128613948822021484e-04 1.088678836822509766e-04 1.147389411926269531e-04 1.081228256225585938e-04 1.185536384582519531e-04 1.087784767150878906e-04 1.075863838195800781e-04
1.483457928200913933e+00 -1.445114612579345703e-04 -1.551806926727294922e-04 -1.467764377593994141e-04 -1.477897167205810547e-04 -1.510977745056152344e-04 -1.339018344879150391e-04 -1.476407051086425781e-04 -1.414418220520019531e-04 -1.467168331146240234e-04 -1.434683799743652344e-04
1.489910690186301734e+00 1.281499862670898438e-05 1.072883605957031250e-06 -3.159046173095703125e-06 1.010298728942871094e-05 -4.470348358154296875e-06 8.463859558105468750e-06 1.385807991027832031e-05 7.748603820800781250e-06 1.001358032226562500e-05 5.155801773071289062e-06
1.496363452171689756e+00 1.610219478607177734e-04 1.632869243621826172e-04 1.657903194427490234e-04 1.638233661651611328e-04 1.702904701232910156e-04 1.631975173950195312e-04 1.660287380218505859e-04 1.697838306427001953e-04 1.686215400695800781e-04 1.680254936218261719e-04
1.502816214157077557e+00 -7.277727127075195312e-05 -8.076429367065429688e-05 -7.840991020202636719e-05 -6.738305091857910156e-05 -6.544589996337890625e-05 -7.158517837524414062e-05 -6.651878356933593750e-05 -7.873773574829101562e-05 -7.262825965881347656e-05 -7.665157318115234375e-05
1.509268976142465579e+00 -1.209378242492675781e-04 -1.075565814971923828e-04 -1.148879528045654297e-04 -1.225471496582031250e-04 -1.095533370971679688e-04 -1.173615455627441406e-04 -1.025795936584472656e-04 -1.060068607330322266e-04 -1.102685928344726562e-04 -1.093745231628417969e-04
1.515721738127853380e+00 1.013278961181640625e-04 1.096427440643310547e-04 1.022815704345703125e-04 1.036226749420166016e-04 1.117587089538574219e-04 1.037418842315673828e-04 1.088082790374755859e-04 1.035332679748535156e-04 1.068711280822753906e-04 1.049339771270751953e-04
1.522174500113241402e+00 3.483891487121582031e-05 3.933906555175781250e-05 4.252791404724121094e-05 4.571676254272460938e-05 3.254413604736328125e-05 4.282593727111816406e-05 3.579258918762207031e-05 2.241134643554687500e-05 3.275275230407714844e-05 3.105401992797851562e-05
1.528627262098629203e+00 -1.030862331390380859e-04 -1.032054424285888672e-04 -1.021027565002441406e-04 -1.155734062194824219e-04 -9.182095527648925781e-05 -1.001954078674316406e-04 -1.042783260345458984e-04 -9.885430335998535156e-05 -1.046359539031982422e-04 -9.974837303161621094e-05
1.535080024084017225e+00 2.634525299072265625e-05 2.768635749816894531e-05 1.877546310424804688e-05 2.998113632202148438e-05 2.077221870422363281e-05 2.562999725341796875e-05 2.562999725341796875e-05 2.583861351013183594e-05 2.017617225646972656e-05 3.200769424438476562e-05
1.541532786069405025e+00 5.137920379638671875e-05 4.252791404724121094e-05 3.868341445922851562e-05 4.187226295471191406e-05 4.312396049499511719e-05 4.649162292480468750e-05 3.767013549804687500e-05 5.474686622619628906e-05 3.746151924133300781e-05 4.222989082336425781e-05
1.547985548054793048e+00 -6.830692291259765625e-05 -7.101893424987792969e-05 -5.972385406494140625e-05 -6.735324859619140625e-05 -5.987286567687988281e-05 -6.651878356933593750e-05 -6.252527236938476562e-05 -6.872415542602539062e-05 -6.872415542602539062e-05 -6.982684135437011719e-05
1.554438310040180848e+00 -2.810359001159667969e-05 -2.253055572509765625e-05 -3.415346145629882812e-05 -2.294778823852539062e-05 -2.717971801757812500e-05 -4.345178604125976562e-05 -2.381205558776855469e-05 -1.785159111022949219e-05 -2.917647361755371094e-05 -3.537535667419433594e-05
1.560891072025568649e+00 1.237094402313232422e-04 1.330971717834472656e-04 1.229643821716308594e-04 1.227855682373046875e-04 1.185834407806396484e-04 1.224875450134277344e-04 1.258254051208496094e-04 1.249909400939941406e-04 1.278519630432128906e-04 1.197457313537597656e-04
1.567343834010956671e+00 -3.969669342041015625e-05 -4.768371582031250000e-05 -3.716349601745605469e-05 -3.734230995178222656e-05 -5.367398262023925781e-05 -4.765391349792480469e-05 -3.862380981445312500e-05 -4.532933235168457031e-05 -5.090236663818359375e-05 -4.729628562927246094e-05
1.573796595996344472e+00 -9.688735008239746094e-05 -1.218318939208984375e-04 -1.159310340881347656e-04 -1.191496849060058594e-04 -1.247525215148925781e-04 -1.256763935089111328e-04 -1.142024993896484375e-04 -1.055300235748291016e-04 -1.071393489837646484e-04 -1.162588596343994141e-04
1.580249357981732494e+00 9.444355964660644531e-05 9.283423423767089844e-05 9.560585021972656250e-05 1.076459884643554688e-04 7.870793342590332031e-05 9.861588478088378906e-05 8.884072303771972656e-05 1.014471054077148438e-04 1.091361045837402344e-04 1.026988029479980469e-04
1.586702119967120295e+00 2.959370613098144531e-05 3.650784492492675781e-05 2.643465995788574219e-05 2.822279930114746094e-05 1.299381256103515625e-05 2.634525299072265625e-05 2.408027648925781250e-05 2.160668373107910156e-05 3.567337989807128906e-05 1.496076583862304688e-05
1.593154881952508317e+00 -8.204579353332519531e-05 -7.936358451843261719e-05 -8.001923561096191406e-05 -7.739663124084472656e-05 -8.389353752136230469e-05 -8.884072303771972656e-05 -8.147954940795898438e-05 -8.264183998107910156e-05 -8.144974708557128906e-05 -7.584691047668457031e-05
1.599607643937896118e+00 4.097819328308105469e-05 4.172325134277343750e-05 4.789233207702636719e-05 3.424286842346191406e-05 3.859400749206542969e-05 4.765391349792480469e-05 4.816055297851562500e-05 3.594160079956054688e-05 2.676248550415039062e-05 3.623962402343750000e-05
1.606060405923284140e+00 9.363889694213867188e-05 1.030266284942626953e-04 9.414553642272949219e-05 9.393692016601562500e-05 1.013576984405517578e-04 1.021921634674072266e-04 1.027584075927734375e-04 1.005530357360839844e-04 1.046061515808105469e-04 9.104609489440917969e-05
1.612513167908671941e+00 -1.038014888763427734e-04 -1.106858253479003906e-04 -1.045465469360351562e-04 -1.127719879150390625e-04 -1.141428947448730469e-04 -1.144707202911376953e-04 -1.019537448883056641e-04 -1.229047775268554688e-04 -1.117289066314697266e-04 -1.069903373718261719e-04
1.618965929894059963e+00 -6.020069122314453125e-05 -5.260109901428222656e-05 -5.939602851867675781e-05 -5.516409873962402344e-05 -5.346536636352539062e-05 -4.705786705017089844e-05 -5.328655242919921875e-05 -4.664063453674316406e-05 -6.392598152160644531e-05 -5.534291267395019531e-05
1.625418691879447763e+00 1.575052738189697266e-04 1.666247844696044922e-04 1.657009124755859375e-04 1.701116561889648438e-04 1.654326915740966797e-04 1.541376113891601562e-04 1.727044582366943359e-04 1.651048660278320312e-04 1.621544361114501953e-04 1.631677150726318359e-04
1.631871453864835786e+00 -7.227063179016113281e-05 -7.131695747375488281e-05 -5.835294723510742188e-05 -6.055831909179687500e-05 -7.826089859008789062e-05 -6.914138793945312500e-05 -5.894899368286132812e-05 -6.920099258422851562e-05 -6.142258644104003906e-05 -6.365776062011718750e-05
1.638324215850223586e+00 -1.082122325897216797e-04 -1.085996627807617188e-04 -1.181364059448242188e-04 -1.201629638671875000e-04 -1.108646392822265625e-04 -1.075863838195800781e-04 -1.050531864166259766e-04 -1.149475574493408203e-04 -1.049041748046875000e-04 -1.049935817718505859e-04
1.644776977835611609e+00 1.592338085174560547e-04 1.573562622070312500e-04 1.670420169830322266e-04 1.664757728576660156e-04 1.621842384338378906e-04 1.653432846069335938e-04 1.606047153472900391e-04 1.615881919860839844e-04 1.672208309173583984e-04 1.696646213531494141e-04
1.651229739820999409e+00 3.713369369506835938e-05 2.083182334899902344e-05 3.859400749206542969e-05 1.898407936096191406e-05 3.209710121154785156e-05 2.756714820861816406e-05 1.803040504455566406e-05 2.488493919372558594e-05 3.898143768310546875e-05 1.382827758789062500e-05
1.657682501806387210e+00 -1.292228698730468750e-04 -1.137554645538330078e-04 -1.298785209655761719e-04 -1.277625560760498047e-04 -1.136660575866699219e-04 -1.212358474731445312e-04 -1.045465469360351562e-04 -1.240372657775878906e-04 -1.264214515686035156e-04 -1.125931739807128906e-04
1.664135263791775232e+00 1.389980316162109375e-04 1.547932624816894531e-04 1.457035541534423828e-04 1.536607742309570312e-04 1.461803913116455078e-04 1.331567764282226562e-04 1.470148563385009766e-04 1.547932624816894531e-04 1.517534255981445312e-04 1.500546932220458984e-04
1.670588025777163033e+00 -8.016824722290039062e-06 -1.916289329528808594e-05 -1.287460327148437500e-05 5.900859832763671875e-06 -1.451373100280761719e-05 -4.529953002929687500e-06 -1.782178878784179688e-05 -1.063942909240722656e-05 1.698732376098632812e-06 -1.892447471618652344e-05
1.677040787762551055e+00 -2.492368221282958984e-04 -2.465844154357910156e-04 -2.590119838714599609e-04 -2.491176128387451172e-04 -2.524256706237792969e-04 -2.543032169342041016e-04 -2.512931823730468750e-04 -2.648234367370605469e-04 -2.523064613342285156e-04 -2.575516700744628906e-04
1.683493549747938856e+00 1.190006732940673828e-04 1.063644886016845703e-04 1.159310340881347656e-04 1.101493835449218750e-04 1.082122325897216797e-04 1.001656055450439453e-04 1.086294651031494141e-04 1.100003719329833984e-04 1.079738140106201172e-04 1.139640808105468750e-04
1.689946311733326878e+00 1.136362552642822266e-04 1.292824745178222656e-04 1.287758350372314453e-04 1.201033592224121094e-04 1.214742660522460938e-04 1.073479652404785156e-04 1.237690448760986328e-04 1.181066036224365234e-04 1.228153705596923828e-04 1.240372657775878906e-04
1.696399073718714678e+00 -9.557604789733886719e-05 -7.399916648864746094e-05 -7.918477058410644531e-05 -8.305907249450683594e-05 -8.380413055419921875e-05 -7.805228233337402344e-05 -8.243322372436523438e-05 -8.955597877502441406e-05 -8.803606033325195312e-05 -8.097290992736816406e-05
1.702851835704102701e+00 -1.230835914611816406e-05 2.413988113403320312e-06 -6.884336471557617188e-06 2.205371856689453125e-06 -1.016259193420410156e-05 4.321336746215820312e-06 -5.841255187988281250e-06 -3.665685653686523438e-06 1.162290573120117188e-06 5.900859832763671875e-06
1.709304597689490501e+00 1.136660575866699219e-04 9.533762931823730469e-05 9.667873382568359375e-05 9.211897850036621094e-05 9.262561798095703125e-05 9.295344352722167969e-05 9.134411811828613281e-05 9.301304817199707031e-05 1.023411750793457031e-04 9.146332740783691406e-05
1.715757359674878524e+00 -3.427267074584960938e-05 -4.243850708007812500e-05 -5.519390106201171875e-05 -3.650784492492675781e-05 -4.640221595764160156e-05 -4.652142524719238281e-05 -4.380941390991210938e-05 -4.816055297851562500e-05 -4.008412361145019531e-05 -4.401803016662597656e-05
1.722210121660266324e+00 -3.635883331298828125e-05 -2.828240394592285156e-05 -3.618001937866210938e-05 -3.808736801147460938e-05 -4.208087921142578125e-05 -4.199147224426269531e-05 -3.284215927124023438e-05 -3.078579902648925781e-05 -2.974271774291992188e-05 -4.285573959350585938e-05
1.728662883645654347e+00 8.222460746765136719e-05 8.741021156311035156e-05 8.293986320495605469e-05 7.817149162292480469e-05 6.476044654846191406e-05 9.381771087646484375e-05 8.058547973632812500e-05 7.578730583190917969e-05 6.777048110961914062e-05 9.137392044067382812e-05
1.735115645631042147e+00 1.490116119384765625e-07 -1.159310340881347656e-05 -2.682209014892578125e-07 -8.255243301391601562e-06 -3.576278686523437500e-06 -8.165836334228515625e-06 -8.463859558105468750e-06 -5.096197128295898438e-06 -1.707673072814941406e-05 -1.043081283569335938e-05
1.741568407616429948e+00 -1.677870750427246094e-05 -4.380941390991210938e-06 -1.823902130126953125e-05 -1.496076583862304688e-05 -4.440546035766601562e-06 -5.811452865600585938e-06 3.576278686523437500e-07 -1.373887062072753906e-05 -8.523464202880859375e-06 -8.672475814819335938e-06
1.748021169601817970e+00 3.045797348022460938e-05 1.981854438781738281e-05 3.403425216674804688e-05 3.433227539062500000e-05 3.823637962341308594e-05 5.954504013061523438e-05 4.038214683532714844e-05 4.008412361145019531e-05 2.530217170715332031e-05 2.703070640563964844e-05
1.754473931587205771e+00 1.061856746673583984e-04 9.414553642272949219e-05 9.205937385559082031e-05 9.551644325256347656e-05 9.226799011230468750e-05 9.006261825561523438e-05 8.496642112731933594e-05 9.393692016601562500e-05 9.003281593322753906e-05 9.086728096008300781e-05
1.760926693572593793e+00 -1.373887062072753906e-05 -5.096197128295898438e-06 -1.493096351623535156e-05 -1.215934753417968750e-05 -1.606345176696777344e-05 -1.063942909240722656e-05 -1.129508018493652344e-05 -2.488493919372558594e-05 -1.513957977294921875e-05 -8.761882781982421875e-06
1.767379455557981593e+00 1.218914985656738281e-05 2.318620681762695312e-05 1.502037048339843750e-05 2.393126487731933594e-05 1.946091651916503906e-05 1.692771911621093750e-05 1.791119575500488281e-05 1.183152198791503906e-05 5.185604095458984375e-06 2.855062484741210938e-05
1.773832217543369616e+00 5.203485488891601562e-05 5.230307579040527344e-05 4.869699478149414062e-05 5.444884300231933594e-05 5.519390106201171875e-05 4.959106445312500000e-05 5.307793617248535156e-05 6.008148193359375000e-05 4.833936691284179688e-05 4.997849464416503906e-05
1.780284979528757416e+00 5.722045898437500000e-06 -8.463859558105468750e-06 -1.534819602966308594e-05 -2.056360244750976562e-06 -4.887580871582031250e-06 -5.722045898437500000e-06 -8.702278137207031250e-06 -5.125999450683593750e-06 2.086162567138671875e-06 -8.821487426757812500e-06
1.786737741514145439e+00 -9.199976921081542969e-05 -9.495019912719726562e-05 -1.052320003509521484e-04 -1.007020473480224609e-04 -1.088082790374755859e-04 -9.936094284057617188e-05 -1.013278961181640625e-04 -9.655952453613281250e-05 -9.799003601074218750e-05 -1.140236854553222656e-04
1.793190503499533239e+00 7.688999176025390625e-06 6.645917892456054688e-06 3.248453140258789062e-06 3.337860107421875000e-06 -4.470348358154296875e-06 1.010298728942871094e-05 1.937150955200195312e-06 1.788139343261718750e-07 1.698732376098632812e-06 1.284480094909667969e-05
1.799643265484921262e+00 1.620054244995117188e-04 1.591145992279052734e-04 1.727044582366943359e-04 1.661181449890136719e-04 1.635253429412841797e-04 1.687407493591308594e-04 1.751482486724853516e-04 1.628100872039794922e-04 1.673400402069091797e-04 1.663565635681152344e-04
1.806096027470309062e+00 1.019239425659179688e-05 2.205371856689453125e-06 1.251697540283203125e-06 -2.682209014892578125e-07 4.947185516357421875e-06 -1.192092895507812500e-06 -2.354383468627929688e-06 -3.814697265625000000e-06 -4.857778549194335938e-06 -1.066923141479492188e-05
1.812548789455697085e+00 -6.079673767089843750e-06 -1.174211502075195312e-05 -1.159310340881347656e-05 9.536743164062500000e-07 -6.407499313354492188e-06 -3.576278686523437500e-07 -1.221895217895507812e-05 -8.940696716308593750e-06 -1.373887062072753906e-05 -7.361173629760742188e-06
1.819001551441084885e+00 9.047985076904296875e-05 9.566545486450195312e-05 9.515881538391113281e-05 8.904933929443359375e-05 7.972121238708496094e-05 8.055567741394042969e-05 8.478760719299316406e-05 9.137392044067382812e-05 9.036064147949218750e-05 9.047985076904296875e-05
1.825454313426472908e+00 -5.784630775451660156e-05 -6.181001663208007812e-05 -5.680322647094726562e-05 -4.839897155761718750e-05 -4.112720489501953125e-05 -5.346536636352539062e-05 -4.431605339050292969e-05 -5.155801773071289062e-05 -5.519390106201171875e-05 -5.283951759338378906e-05
1.831907075411860708e+00 -8.159875869750976562e-05 -8.505582809448242188e-05 -8.982419967651367188e-05 -7.244944572448730469e-05 -8.997321128845214844e-05 -7.101893424987792969e-05 -9.250640869140625000e-05 -7.396936416625976562e-05 -7.900595664978027344e-05 -8.034706115722656250e-05
1.838359837397248508e+00 9.486079216003417969e-05 1.013278961181640625e-04 1.015961170196533203e-04 9.149312973022460938e-05 9.369850158691406250e-05 8.627772331237792969e-05 8.898973464965820312e-05 8.139014244079589844e-05 8.994340896606445312e-05 9.509921073913574219e-05
1.844812599382636531e+00 1.245737075805664062e-05 -3.278255462646484375e-06 7.152557373046875000e-07 3.516674041748046875e-06 4.380941390991210938e-06 -8.016824722290039062e-06 1.236796379089355469e-05 1.767277717590332031e-05 3.457069396972656250e-06 1.129508018493652344e-05
1.851265361368024331e+00 -8.577108383178710938e-05 -9.477138519287109375e-05 -8.794665336608886719e-05 -8.201599121093750000e-05 -9.337067604064941406e-05 -9.372830390930175781e-05 -8.639693260192871094e-05 -8.586049079895019531e-05 -9.447336196899414062e-05 -9.921193122863769531e-05
1.857718123353412354e+00 3.609061241149902344e-05 4.288554191589355469e-05 4.664063453674316406e-05 5.346536636352539062e-05 4.687905311584472656e-05 5.540251731872558594e-05 3.856420516967773438e-05 5.143880844116210938e-05 4.252791404724121094e-05 5.009770393371582031e-05
1.864170885338800154e+00 4.187226295471191406e-05 5.596876144409179688e-05 5.108118057250976562e-05 5.984306335449218750e-05 4.199147224426269531e-05 5.397200584411621094e-05 5.155801773071289062e-05 5.427002906799316406e-05 6.502866744995117188e-05 5.942583084106445312e-05
1.870623647324188177e+00 -7.656216621398925781e-05 -7.760524749755859375e-05 -7.170438766479492188e-05 -7.855892181396484375e-05 -8.341670036315917969e-05 -8.007884025573730469e-05 -6.845593452453613281e-05 -8.228421211242675781e-05 -8.434057235717773438e-05 -7.402896881103515625e-05
1.877076409309575977e+00 2.652406692504882812e-06 -7.092952728271484375e-06 -8.851289749145507812e-06 8.940696716308593750e-08 -8.225440979003906250e-06 -2.533197402954101562e-06 8.940696716308593750e-06 -5.155801773071289062e-06 -1.370906829833984375e-06 5.483627319335937500e-06
1.883529171294964000e+00 4.851818084716796875e-05 5.102157592773437500e-05 3.826618194580078125e-05 4.309415817260742188e-05 4.687905311584472656e-05 4.822015762329101562e-05 4.631280899047851562e-05 4.184246063232421875e-05 5.072355270385742188e-05 5.117058753967285156e-05
1.889981933280351800e+00 -8.136034011840820312e-05 -7.614493370056152344e-05 -8.168816566467285156e-05 -8.657574653625488281e-05 -9.784102439880371094e-05 -8.067488670349121094e-05 -8.213520050048828125e-05 -9.840726852416992188e-05 -8.407235145568847656e-05 -8.898973464965820312e-05
1.896434695265739823e+00 -2.482533454895019531e-05 -2.861022949218750000e-05 -1.493096351623535156e-05 -2.014636993408203125e-05 -8.702278137207031250e-06 -2.527236938476562500e-05 -2.166628837585449219e-05 -1.764297485351562500e-05 -2.852082252502441406e-05 -2.315640449523925781e-05
1.902887457251127623e+00 8.457899093627929688e-05 7.838010787963867188e-05 8.112192153930664062e-05 8.559226989746093750e-05 7.984042167663574219e-05 7.331371307373046875e-05 8.130073547363281250e-05 7.027387619018554688e-05 7.790327072143554688e-05 8.258223533630371094e-05
1.909340219236515646e+00 -2.554059028625488281e-05 -3.001093864440917969e-05 -3.063678741455078125e-05 -2.601742744445800781e-05 -2.396106719970703125e-05 -3.454089164733886719e-05 -3.576278686523437500e-05 -3.844499588012695312e-05 -2.801418304443359375e-05 -3.013014793395996094e-05
1.915792981221903446e+00 -2.878904342651367188e-05 -1.135468482971191406e-05 -1.692771911621093750e-05 -2.220273017883300781e-05 -2.682209014892578125e-05 -3.460049629211425781e-05 -3.123283386230468750e-05 -2.914667129516601562e-05 -3.218650817871093750e-05 -2.309679985046386719e-05
1.922245743207291468e+00 4.115700721740722656e-05 4.035234451293945312e-05 3.394484519958496094e-05 3.218650817871093750e-05 3.305077552795410156e-05 4.020333290100097656e-05 3.233551979064941406e-05 4.327297210693359375e-05 4.443526268005371094e-05 3.990530967712402344e-05
1.928698505192679269e+00 -1.305341720581054688e-05 7.748603820800781250e-06 -8.344650268554687500e-06 -6.943941116333007812e-06 -1.645088195800781250e-05 1.639127731323242188e-06 1.937150955200195312e-06 -4.768371582031250000e-06 -5.006790161132812500e-06 -5.513429641723632812e-06
1.935151267178067069e+00 1.505017280578613281e-05 1.063942909240722656e-05 9.685754776000976562e-06 2.038478851318359375e-05 7.748603820800781250e-06 1.436471939086914062e-05 1.114606857299804688e-05 1.147389411926269531e-05 1.722574234008789062e-05 2.145767211914062500e-06
1.941604029163455092e+00 2.717971801757812500e-05 2.923607826232910156e-05 2.172589302062988281e-05 2.276897430419921875e-05 2.631545066833496094e-05 1.892447471618652344e-05 3.147125244140625000e-05 3.078579902648925781e-05 2.494454383850097656e-05 1.668930053710937500e-05
1.948056791148842892e+00 3.102421760559082031e-05 3.433227539062500000e-05 2.455711364746093750e-05 3.382563591003417969e-05 3.063678741455078125e-05 3.358721733093261719e-05 3.036856651306152344e-05 3.609061241149902344e-05 3.105401992797851562e-05 3.898143768310546875e-05
1.954509553134230915e+00 -1.007616519927978516e-04 -8.872151374816894531e-05 -8.976459503173828125e-05 -8.720159530639648438e-05 -7.662177085876464844e-05 -8.720159530639648438e-05 -9.819865226745605469e-05 -8.925795555114746094e-05 -9.542703628540039062e-05 -8.562207221984863281e-05
1.960962315119618715e+00 5.120038986206054688e-05 4.935264587402343750e-05 3.802776336669921875e-05 5.125999450683593750e-05 4.485249519348144531e-05 5.486607551574707031e-05 4.443526268005371094e-05 4.380941390991210938e-05 4.971027374267578125e-05 4.410743713378906250e-05
1.967415077105006738e+00 5.182623863220214844e-05 4.658102989196777344e-05 5.561113357543945312e-05 5.438923835754394531e-05 4.193186759948730469e-05 4.991888999938964844e-05 4.744529724121093750e-05 5.400180816650390625e-05 5.665421485900878906e-05 4.842877388000488281e-05
1.973867839090394538e+00 -6.633996963500976562e-05 -6.455183029174804688e-05 -6.008148193359375000e-05 -7.477402687072753906e-05 -5.778670310974121094e-05 -6.935000419616699219e-05 -6.440281867980957031e-05 -6.890296936035156250e-05 -6.583333015441894531e-05 -5.865097045898437500e-05
1.980320601075782561e+00 1.814961433410644531e-05 1.361966133117675781e-05 1.326203346252441406e-05 2.282857894897460938e-05 1.293420791625976562e-05 1.862645149230957031e-05 1.421570777893066406e-05 1.120567321777343750e-05 2.309679985046386719e-05 3.933906555175781250e-06
1.986773363061170361e+00 -9.119510650634765625e-06 -1.505017280578613281e-05 -6.258487701416015625e-07 -7.838010787963867188e-06 4.947185516357421875e-06 -7.867813110351562500e-06 -1.126527786254882812e-05 -9.089708328247070312e-06 -4.529953002929687500e-06 -3.695487976074218750e-06
1.993226125046558384e+00 -4.312396049499511719e-05 -4.696846008300781250e-05 -3.567337989807128906e-05 -3.582239151000976562e-05 -3.769993782043457031e-05 -3.474950790405273438e-05 -4.777312278747558594e-05 -4.252791404724121094e-05 -3.764033317565917969e-05 -5.096197128295898438e-05
1.999678887031946184e+00 1.226663589477539062e-04 1.194775104522705078e-04 1.195371150970458984e-04 9.533762931823730469e-05 1.243948936462402344e-04 1.268982887268066406e-04 1.039803028106689453e-04 1.217722892761230469e-04 1.125633716583251953e-04 1.248717308044433594e-04
2.006131649017333984e+00 2.169609069824218750e-05 1.639127731323242188e-05 1.016259193420410156e-05 1.877546310424804688e-05 1.201033592224121094e-05 1.293420791625976562e-05 1.534819602966308594e-05 1.779198646545410156e-05 2.786517143249511719e-05 1.874566078186035156e-05
