# Range[m] 0 1 2 3 4 5 6 7 8 9
1.800000071525573730e-01 -6.986409425735473633e-03 -7.016241550445556641e-03 -6.976515054702758789e-03 -7.004350423812866211e-03 -6.963074207305908203e-03 -6.975442171096801758e-03 -7.005006074905395508e-03 -6.981730461120605469e-03 -7.008016109466552734e-03 -6.981581449508666992e-03
1.864527691379452845e-01 3.223121166229248047e-03 3.206372261047363281e-03 3.240108489990234375e-03 3.243714570999145508e-03 3.214031457901000977e-03 3.195494413375854492e-03 3.187447786331176758e-03 3.130197525024414062e-03 3.191590309143066406e-03 3.151595592498779297e-03
1.929055311233331682e-01 3.336489200592041016e-03 3.363460302352905273e-03 3.328502178192138672e-03 3.359079360961914062e-03 3.353565931320190430e-03 3.385484218597412109e-03 3.409057855606079102e-03 3.432959318161010742e-03 3.381848335266113281e-03 3.398537635803222656e-03
1.993582931087210797e-01 -5.799323320388793945e-03 -5.805313587188720703e-03 -5.808174610137939453e-03 -5.836516618728637695e-03 -5.820930004119873047e-03 -5.828619003295898438e-03 -5.795508623123168945e-03 -5.794137716293334961e-03 -5.828619003295898438e-03 -5.802184343338012695e-03
2.058110550941089911e-01 3.835529088973999023e-03 3.827363252639770508e-03 3.828942775726318359e-03 3.830343484878540039e-03 3.816485404968261719e-03 3.803700208663940430e-03 3.773003816604614258e-03 3.781020641326904297e-03 3.811508417129516602e-03 3.776222467422485352e-03
2.122638170794968748e-01 6.915032863616943359e-04 7.162988185882568359e-04 6.882846355438232422e-04 7.257759571075439453e-04 6.951093673706054688e-04 7.173120975494384766e-04 7.395744323730468750e-04 7.719099521636962891e-04 7.337629795074462891e-04 7.403194904327392578e-04
2.187165790648847863e-01 -3.358036279678344727e-03 -3.368437290191650391e-03 -3.376722335815429688e-03 -3.400504589080810547e-03 -3.372728824615478516e-03 -3.381639719009399414e-03 -3.360807895660400391e-03 -3.383547067642211914e-03 -3.392279148101806641e-03 -3.395497798919677734e-03
2.251693410502726977e-01 3.563076257705688477e-03 3.536820411682128906e-03 3.556728363037109375e-03 3.550380468368530273e-03 3.556758165359497070e-03 3.572314977645874023e-03 3.533273935317993164e-03 3.544300794601440430e-03 3.549188375473022461e-03 3.547459840774536133e-03
2.316221030356606092e-01 -1.089185476303100586e-03 -1.079797744750976562e-03 -1.069009304046630859e-03 -1.083076000213623047e-03 -1.073181629180908203e-03 -1.053512096405029297e-03 -1.056820154190063477e-03 -1.055985689163208008e-03 -1.055419445037841797e-03 -1.065611839294433594e-03
2.380748650210485207e-01 -1.332879066467285156e-03 -1.312494277954101562e-03 -1.341253519058227539e-03 -1.338750123977661133e-03 -1.319319009780883789e-03 -1.356571912765502930e-03 -1.332551240921020508e-03 -1.332461833953857422e-03 -1.354604959487915039e-03 -1.334846019744873047e-03
2.445276270064364044e-01 1.316517591476440430e-03 1.300215721130371094e-03 1.309365034103393555e-03 1.294761896133422852e-03 1.302808523178100586e-03 1.306086778640747070e-03 1.296848058700561523e-03 1.306861639022827148e-03 1.291722059249877930e-03 1.294791698455810547e-03
2.509803889918242881e-01 -7.146596908569335938e-05 -5.158782005310058594e-05 -7.283687591552734375e-05 -4.354119300842285156e-05 -5.477666854858398438e-05 -4.309415817260742188e-05 -7.373094558715820312e-05 -7.355213165283203125e-05 -4.899501800537109375e-05 -5.766749382019042969e-05
2.574331509772121995e-01 -8.481144905090332031e-04 -8.115172386169433594e-04 -8.240044116973876953e-04 -8.191466331481933594e-04 -8.367598056793212891e-04 -8.352398872375488281e-04 -8.172392845153808594e-04 -8.386671543121337891e-04 -8.183121681213378906e-04 -8.242726325988769531e-04
2.638859129626001110e-01 3.760457038879394531e-04 3.657341003417968750e-04 3.503859043121337891e-04 3.520846366882324219e-04 3.555119037628173828e-04 3.438293933868408203e-04 3.628134727478027344e-04 3.534853458404541016e-04 3.474354743957519531e-04 3.574788570404052734e-04
2.703386749479880224e-01 5.833506584167480469e-04 5.788803100585937500e-04 5.960762500762939453e-04 5.977153778076171875e-04 5.981326103210449219e-04 5.965530872344970703e-04 5.854666233062744141e-04 5.898773670196533203e-04 6.075501441955566406e-04 5.869567394256591797e-04
2.767914369333759339e-01 -1.379460096359252930e-03 -1.364022493362426758e-03 -1.375943422317504883e-03 -1.352787017822265625e-03 -1.370072364807128906e-03 -1.373112201690673828e-03 -1.367002725601196289e-03 -1.348316669464111328e-03 -1.365393400192260742e-03 -1.368701457977294922e-03
2.832441989187638454e-01 7.728338241577148438e-04 7.648468017578125000e-04 7.680058479309082031e-04 7.518529891967773438e-04 7.461607456207275391e-04 7.520020008087158203e-04 7.599890232086181641e-04 7.573068141937255859e-04 7.396936416625976562e-04 7.593631744384765625e-04
2.896969609041517568e-01 6.545186042785644531e-04 6.381273269653320312e-04 6.480216979980468750e-04 6.537139415740966797e-04 6.593465805053710938e-04 6.676614284515380859e-04 6.544291973114013672e-04 6.596744060516357422e-04 6.592273712158203125e-04 6.532073020935058594e-04
2.961497228895396683e-01 -1.246571540832519531e-03 -1.214534044265747070e-03 -1.232951879501342773e-03 -1.213312149047851562e-03 -1.232922077178955078e-03 -1.215606927871704102e-03 -1.223742961883544922e-03 -1.222997903823852539e-03 -1.207411289215087891e-03 -1.237004995346069336e-03
3.026024848749275242e-01 8.185207843780517578e-04 8.197426795959472656e-04 8.221566677093505859e-04 7.996559143066406250e-04 7.999539375305175781e-04 7.925629615783691406e-04 8.268654346466064453e-04 8.132457733154296875e-04 8.095800876617431641e-04 8.281767368316650391e-04
3.090552468603154357e-01 4.602074623107910156e-04 4.394352436065673828e-04 4.458725452423095703e-04 4.464387893676757812e-04 4.690885543823242188e-04 4.436075687408447266e-04 4.560351371765136719e-04 4.604458808898925781e-04 4.546046257019042969e-04 4.639625549316406250e-04
3.155080088457033471e-01 -1.068234443664550781e-03 -1.061737537384033203e-03 -1.049160957336425781e-03 -1.054853200912475586e-03 -1.054465770721435547e-03 -1.041293144226074219e-03 -1.071095466613769531e-03 -1.061618328094482422e-03 -1.052409410476684570e-03 -1.071989536285400391e-03
3.219607708310912586e-01 7.916092872619628906e-04 8.095204830169677734e-04 7.882118225097656250e-04 8.060634136199951172e-04 7.882416248321533203e-04 7.800161838531494141e-04 8.004605770111083984e-04 7.951855659484863281e-04 7.966458797454833984e-04 7.962584495544433594e-04
3.284135328164791701e-01 2.958476543426513672e-04 2.762079238891601562e-04 2.769231796264648438e-04 2.725720405578613281e-04 2.886652946472167969e-04 2.880692481994628906e-04 2.940595149993896484e-04 2.947747707366943359e-04 2.755224704742431641e-04 2.941191196441650391e-04
3.348662948018670260e-01 -1.368701457977294922e-03 -1.382172107696533203e-03 -1.374036073684692383e-03 -1.375049352645874023e-03 -1.367568969726562500e-03 -1.371681690216064453e-03 -1.389652490615844727e-03 -1.400649547576904297e-03 -1.364141702651977539e-03 -1.388967037200927734e-03
3.413190567872549375e-01 1.226246356964111328e-03 1.228660345077514648e-03 1.232981681823730469e-03 1.234740018844604492e-03 1.235097646713256836e-03 1.212120056152343750e-03 1.230746507644653320e-03 1.231014728546142578e-03 1.220822334289550781e-03 1.229345798492431641e-03
3.477718187726428489e-01 -7.927417755126953125e-05 -8.043646812438964844e-05 -9.050965309143066406e-05 -9.426474571228027344e-05 -8.937716484069824219e-05 -8.416175842285156250e-05 -6.678700447082519531e-05 -6.324052810668945312e-05 -7.244944572448730469e-05 -7.641315460205078125e-05
3.542245807580307604e-01 -8.208155632019042969e-04 -8.497536182403564453e-04 -8.388757705688476562e-04 -8.430182933807373047e-04 -8.468925952911376953e-04 -8.349716663360595703e-04 -8.443295955657958984e-04 -8.553564548492431641e-04 -8.428692817687988281e-04 -8.506476879119873047e-04
3.606773427434186718e-01 1.148194074630737305e-03 1.161724328994750977e-03 1.152783632278442383e-03 1.163601875305175781e-03 1.142859458923339844e-03 1.152753829956054688e-03 1.156389713287353516e-03 1.161009073257446289e-03 1.168042421340942383e-03 1.161068677902221680e-03
3.671301047288065833e-01 -7.890760898590087891e-04 -7.910132408142089844e-04 -8.037686347961425781e-04 -7.970333099365234375e-04 -8.048415184020996094e-04 -7.878243923187255859e-04 -7.790029048919677734e-04 -7.880628108978271484e-04 -7.916688919067382812e-04 -7.863640785217285156e-04
3.735828667141944948e-01 -2.061128616333007812e-04 -2.174675464630126953e-04 -2.120733261108398438e-04 -2.270340919494628906e-04 -2.243816852569580078e-04 -2.249777317047119141e-04 -2.253651618957519531e-04 -2.217292785644531250e-04 -2.284944057464599609e-04 -2.290010452270507812e-04
3.800356286995824062e-01 1.136749982833862305e-03 1.133263111114501953e-03 1.148164272308349609e-03 1.147925853729248047e-03 1.150161027908325195e-03 1.145243644714355469e-03 1.130521297454833984e-03 1.135200262069702148e-03 1.143068075180053711e-03 1.137971878051757812e-03
3.864883906849703177e-01 -1.069098711013793945e-03 -1.068383455276489258e-03 -1.060187816619873047e-03 -1.061022281646728516e-03 -1.060605049133300781e-03 -1.053541898727416992e-03 -1.048237085342407227e-03 -1.044154167175292969e-03 -1.053065061569213867e-03 -1.057475805282592773e-03
3.929411526703582291e-01 2.077221870422363281e-04 2.008080482482910156e-04 2.005398273468017578e-04 1.936256885528564453e-04 1.897215843200683594e-04 1.979470252990722656e-04 2.051591873168945312e-04 1.871883869171142578e-04 1.817941665649414062e-04 2.037584781646728516e-04
3.993939146557460851e-01 5.364120006561279297e-04 5.068182945251464844e-04 5.183815956115722656e-04 5.159974098205566406e-04 5.311369895935058594e-04 5.300343036651611328e-04 5.132257938385009766e-04 5.232691764831542969e-04 5.261003971099853516e-04 5.212724208831787109e-04
4.058466766411339965e-01 -1.102030277252197266e-03 -1.081556081771850586e-03 -1.089096069335937500e-03 -1.089513301849365234e-03 -1.082628965377807617e-03 -1.084804534912109375e-03 -1.069813966751098633e-03 -1.082658767700195312e-03 -1.082122325897216797e-03 -1.083493232727050781e-03
4.122994386265219080e-01 7.285773754119873047e-04 7.220208644866943359e-04 7.145404815673828125e-04 7.105469703674316406e-04 7.060766220092773438e-04 7.036626338958740234e-04 7.219910621643066406e-04 7.298588752746582031e-04 7.103383541107177734e-04 7.233321666717529297e-04
4.187522006119098195e-01 3.049969673156738281e-04 2.792179584503173828e-04 3.010332584381103516e-04 2.983510494232177734e-04 2.953112125396728516e-04 3.155767917633056641e-04 2.931058406829833984e-04 3.023743629455566406e-04 3.027319908142089844e-04 3.030896186828613281e-04
4.252049625972976754e-01 -1.098692417144775391e-03 -1.099586486816406250e-03 -1.106113195419311523e-03 -1.094996929168701172e-03 -1.090973615646362305e-03 -1.092761754989624023e-03 -1.097351312637329102e-03 -1.104027032852172852e-03 -1.095861196517944336e-03 -1.098960638046264648e-03
4.316577245826856424e-01 7.494091987609863281e-04 7.597208023071289062e-04 7.583796977996826172e-04 7.486641407012939453e-04 7.542371749877929688e-04 7.305443286895751953e-04 7.558166980743408203e-04 7.529556751251220703e-04 7.470250129699707031e-04 7.592737674713134766e-04
4.381104865680734983e-01 -2.368688583374023438e-04 -2.361238002777099609e-04 -2.253651618957519531e-04 -2.380609512329101562e-04 -2.299547195434570312e-04 -2.263188362121582031e-04 -2.252757549285888672e-04 -2.244710922241210938e-04 -2.217590808868408203e-04 -2.350807189941406250e-04
4.445632485534614098e-01 -5.110204219818115234e-04 -5.140602588653564453e-04 -5.089938640594482422e-04 -5.118846893310546875e-04 -5.095005035400390625e-04 -5.086362361907958984e-04 -5.259513854980468750e-04 -5.286037921905517578e-04 -5.097389221191406250e-04 -5.212724208831787109e-04
4.510160105388493212e-01 1.036733388900756836e-03 1.043081283569335938e-03 1.052111387252807617e-03 1.063495874404907227e-03 1.051664352416992188e-03 1.045435667037963867e-03 1.053184270858764648e-03 1.041889190673828125e-03 1.043438911437988281e-03 1.045852899551391602e-03
4.574687725242372327e-01 -1.054048538208007812e-03 -1.055777072906494141e-03 -1.055210828781127930e-03 -1.053363084793090820e-03 -1.060366630554199219e-03 -1.045227050781250000e-03 -1.054972410202026367e-03 -1.041620969772338867e-03 -1.060783863067626953e-03 -1.041948795318603516e-03
4.639215345096251442e-01 -1.517534255981445312e-04 -1.461505889892578125e-04 -1.435279846191406250e-04 -1.610815525054931641e-04 -1.629292964935302734e-04 -1.579523086547851562e-04 -1.687407493591308594e-04 -1.743733882904052734e-04 -1.699626445770263672e-04 -1.673102378845214844e-04
4.703742964950130556e-01 9.846985340118408203e-04 9.810626506805419922e-04 9.915232658386230469e-04 9.957551956176757812e-04 9.861290454864501953e-04 9.870827198028564453e-04 9.959042072296142578e-04 9.931325912475585938e-04 9.939074516296386719e-04 9.941160678863525391e-04
4.768270584804009671e-01 -1.173675060272216797e-03 -1.178413629531860352e-03 -1.168102025985717773e-03 -1.183569431304931641e-03 -1.179069280624389648e-03 -1.176148653030395508e-03 -1.166522502899169922e-03 -1.168727874755859375e-03 -1.174777746200561523e-03 -1.167863607406616211e-03
4.832798204657888230e-01 5.559623241424560547e-04 5.422234535217285156e-04 5.506873130798339844e-04 5.517601966857910156e-04 5.338788032531738281e-04 5.469918251037597656e-04 5.254149436950683594e-04 5.294382572174072266e-04 5.232095718383789062e-04 5.224943161010742188e-04
4.897325824511767345e-01 9.207129478454589844e-04 9.180307388305664062e-04 9.242892265319824219e-04 9.341239929199218750e-04 9.213089942932128906e-04 9.378790855407714844e-04 9.249448776245117188e-04 9.298622608184814453e-04 9.244680404663085938e-04 9.269714355468750000e-04
4.961853444365646459e-01 -2.344161272048950195e-03 -2.332806587219238281e-03 -2.348572015762329102e-03 -2.347081899642944336e-03 -2.347260713577270508e-03 -2.344220876693725586e-03 -2.329528331756591797e-03 -2.333760261535644531e-03 -2.333134412765502930e-03 -2.336859703063964844e-03
5.026381064219525019e-01 1.928865909576416016e-03 1.922935247421264648e-03 1.937597990036010742e-03 1.916348934173583984e-03 1.921892166137695312e-03 1.903682947158813477e-03 1.913547515869140625e-03 1.906424760818481445e-03 1.908808946609497070e-03 1.912295818328857422e-03
5.090908684073405244e-01 3.270804882049560547e-04 3.297030925750732422e-04 3.242194652557373047e-04 3.422498703002929688e-04 3.606379032135009766e-04 3.562867641448974609e-04 3.468692302703857422e-04 3.737509250640869141e-04 3.616511821746826172e-04 3.510415554046630859e-04
5.155436303927283248e-01 -3.161638975143432617e-03 -3.169268369674682617e-03 -3.159940242767333984e-03 -3.164827823638916016e-03 -3.183782100677490234e-03 -3.189802169799804688e-03 -3.171116113662719727e-03 -3.199934959411621094e-03 -3.181248903274536133e-03 -3.185063600540161133e-03
5.219963923781163473e-01 4.642665386199951172e-03 4.613280296325683594e-03 4.631340503692626953e-03 4.620552062988281250e-03 4.633605480194091797e-03 4.612118005752563477e-03 4.607707262039184570e-03 4.640579223632812500e-03 4.632800817489624023e-03 4.610508680343627930e-03
5.284491543635041477e-01 -3.392904996871948242e-03 -3.415822982788085938e-03 -3.406018018722534180e-03 -3.401428461074829102e-03 -3.367006778717041016e-03 -3.353774547576904297e-03 -3.342658281326293945e-03 -3.338456153869628906e-03 -3.347933292388916016e-03 -3.339171409606933594e-03
5.349019163488920592e-01 -6.040036678314208984e-04 -6.024241447448730469e-04 -5.990862846374511719e-04 -6.186068058013916016e-04 -6.209015846252441406e-04 -6.700158119201660156e-04 -6.582438945770263672e-04 -6.749629974365234375e-04 -6.460845470428466797e-04 -6.697177886962890625e-04
5.413546783342799706e-01 7.537037134170532227e-03 7.512241601943969727e-03 7.524728775024414062e-03 7.532835006713867188e-03 7.533043622970581055e-03 7.537990808486938477e-03 7.544487714767456055e-03 7.561057806015014648e-03 7.558882236480712891e-03 7.555037736892700195e-03
5.478074403196678821e-01 -8.868128061294555664e-03 -8.845925331115722656e-03 -8.858054876327514648e-03 -8.861362934112548828e-03 -8.822083473205566406e-03 -8.794873952865600586e-03 -8.816629648208618164e-03 -8.792042732238769531e-03 -8.792817592620849609e-03 -8.812516927719116211e-03
5.542602023050557936e-01 4.044920206069946289e-03 4.045158624649047852e-03 4.060119390487670898e-03 4.042297601699829102e-03 3.971338272094726562e-03 3.958314657211303711e-03 3.962397575378417969e-03 3.961771726608276367e-03 4.005670547485351562e-03 3.926992416381835938e-03
5.607129642904437050e-01 6.131649017333984375e-03 6.163090467453002930e-03 6.142467260360717773e-03 6.172657012939453125e-03 6.179690361022949219e-03 6.228506565093994141e-03 6.256669759750366211e-03 6.296992301940917969e-03 6.252497434616088867e-03 6.243228912353515625e-03
5.671657262758316165e-01 -1.450565457344055176e-02 -1.452687382698059082e-02 -1.454967260360717773e-02 -1.454496383666992188e-02 -1.450499892234802246e-02 -1.453557610511779785e-02 -1.454424858093261719e-02 -1.453340053558349609e-02 -1.453369855880737305e-02 -1.453515887260437012e-02
5.736184882612194169e-01 1.417240500450134277e-02 1.409938931465148926e-02 1.413938403129577637e-02 1.412409543991088867e-02 1.410698890686035156e-02 1.404604315757751465e-02 1.405763626098632812e-02 1.399132609367370605e-02 1.403319835662841797e-02 1.403591036796569824e-02
5.800712502466074394e-01 -1.557737588882446289e-03 -1.447230577468872070e-03 -1.523166894912719727e-03 -1.455903053283691406e-03 -1.446694135665893555e-03 -1.344650983810424805e-03 -1.368582248687744141e-03 -1.302272081375122070e-03 -1.305937767028808594e-03 -1.341342926025390625e-03
5.865240122319952398e-01 -1.354601979255676270e-02 -1.354023814201354980e-02 -1.354256272315979004e-02 -1.361984014511108398e-02 -1.362776756286621094e-02 -1.369029283523559570e-02 -1.363441348075866699e-02 -1.374334096908569336e-02 -1.370999217033386230e-02 -1.367539167404174805e-02
5.929767742173832623e-01 2.081638574600219727e-02 2.081036567687988281e-02 2.083405852317810059e-02 2.081674337387084961e-02 2.080884575843811035e-02 2.082195878028869629e-02 2.079331874847412109e-02 2.080348134040832520e-02 2.078503370285034180e-02 2.080997824668884277e-02
5.994295362027710627e-01 -1.388636231422424316e-02 -1.384890079498291016e-02 -1.387697458267211914e-02 -1.379278302192687988e-02 -1.382118463516235352e-02 -1.373544335365295410e-02 -1.371851563453674316e-02 -1.363372802734375000e-02 -1.375031471252441406e-02 -1.372414827346801758e-02
6.058822981881590852e-01 -1.685976982116699219e-03 -1.698613166809082031e-03 -1.707345247268676758e-03 -1.831084489822387695e-03 -1.858055591583251953e-03 -1.899182796478271484e-03 -1.894414424896240234e-03 -1.978009939193725586e-03 -1.951098442077636719e-03 -1.914083957672119141e-03
6.123350601735468857e-01 1.500016450881958008e-02 1.498851180076599121e-02 1.498618721961975098e-02 1.506724953651428223e-02 1.503694057464599609e-02 1.516374945640563965e-02 1.512759923934936523e-02 1.512613892555236816e-02 1.511982083320617676e-02 1.514029502868652344e-02
6.187878221589347971e-01 -2.246922254562377930e-02 -2.245461940765380859e-02 -2.244353294372558594e-02 -2.245524525642395020e-02 -2.243521809577941895e-02 -2.242136001586914062e-02 -2.241545915603637695e-02 -2.240818738937377930e-02 -2.240592241287231445e-02 -2.243167161941528320e-02
6.252405841443227086e-01 1.020336151123046875e-02 1.015809178352355957e-02 1.018884778022766113e-02 1.012659072875976562e-02 1.006111502647399902e-02 9.940356016159057617e-03 1.002144813537597656e-02 9.946584701538085938e-03 9.970307350158691406e-03 1.000329852104187012e-02
6.316933461297106200e-01 6.604582071304321289e-03 6.551623344421386719e-03 6.566256284713745117e-03 6.616473197937011719e-03 6.736069917678833008e-03 6.741166114807128906e-03 6.692379713058471680e-03 6.745964288711547852e-03 6.620615720748901367e-03 6.759762763977050781e-03
6.381461081150985315e-01 -1.895028352737426758e-02 -1.895239949226379395e-02 -1.896399259567260742e-02 -1.897159218788146973e-02 -1.899307966232299805e-02 -1.902985572814941406e-02 -1.901069283485412598e-02 -1.905557513236999512e-02 -1.902917027473449707e-02 -1.903194189071655273e-02
6.445988701004864430e-01 1.584860682487487793e-02 1.580908894538879395e-02 1.583474874496459961e-02 1.579797267913818359e-02 1.574176549911499023e-02 1.570588350296020508e-02 1.573443412780761719e-02 1.566854119300842285e-02 1.572328805923461914e-02 1.573815941810607910e-02
6.510516320858743544e-01 -3.807514905929565430e-03 -3.738909959793090820e-03 -3.793120384216308594e-03 -3.758877515792846680e-03 -3.715008497238159180e-03 -3.634601831436157227e-03 -3.695756196975708008e-03 -3.562599420547485352e-03 -3.589093685150146484e-03 -3.638625144958496094e-03
6.575043940712622659e-01 -1.179003715515136719e-02 -1.182186603546142578e-02 -1.180189847946166992e-02 -1.183956861495971680e-02 -1.187855005264282227e-02 -1.191204786300659180e-02 -1.190167665481567383e-02 -1.198518276214599609e-02 -1.191383600234985352e-02 -1.190176606178283691e-02
6.639571560566501773e-01 1.508596539497375488e-02 1.505467295646667480e-02 1.507157087326049805e-02 1.504477858543395996e-02 1.507860422134399414e-02 1.506698131561279297e-02 1.503977179527282715e-02 1.505252718925476074e-02 1.503598690032958984e-02 1.506301760673522949e-02
6.704099180420379778e-01 -7.857054471969604492e-03 -7.830023765563964844e-03 -7.822424173355102539e-03 -7.801741361618041992e-03 -7.771044969558715820e-03 -7.699996232986450195e-03 -7.730305194854736328e-03 -7.683515548706054688e-03 -7.694125175476074219e-03 -7.710516452789306641e-03
6.768626800274260003e-01 -5.108326673507690430e-03 -5.123347043991088867e-03 -5.088806152343750000e-03 -5.136460065841674805e-03 -5.156338214874267578e-03 -5.198121070861816406e-03 -5.184113979339599609e-03 -5.289733409881591797e-03 -5.220234394073486328e-03 -5.228281021118164062e-03
6.833154420128139117e-01 1.192310452461242676e-02 1.192769408226013184e-02 1.190581917762756348e-02 1.192918419837951660e-02 1.191869378089904785e-02 1.193696260452270508e-02 1.193374395370483398e-02 1.193419098854064941e-02 1.192563772201538086e-02 1.196494698524475098e-02
6.897682039982017121e-01 -9.979635477066040039e-03 -9.990930557250976562e-03 -9.980082511901855469e-03 -9.957045316696166992e-03 -9.979516267776489258e-03 -9.939908981323242188e-03 -9.963124990463256836e-03 -9.934365749359130859e-03 -9.965270757675170898e-03 -9.949862957000732422e-03
6.962209659835896236e-01 -1.567602157592773438e-04 -1.623928546905517578e-04 -1.547932624816894531e-04 -1.637637615203857422e-04 -2.377033233642578125e-04 -2.621114253997802734e-04 -2.518594264984130859e-04 -2.952814102172851562e-04 -2.672970294952392578e-04 -2.655386924743652344e-04
7.026737279689775351e-01 8.811205625534057617e-03 8.788585662841796875e-03 8.795559406280517578e-03 8.823752403259277344e-03 8.828014135360717773e-03 8.860319852828979492e-03 8.847534656524658203e-03 8.880525827407836914e-03 8.848160505294799805e-03 8.839577436447143555e-03
7.091264899543654465e-01 -9.219765663146972656e-03 -9.222120046615600586e-03 -9.229689836502075195e-03 -9.208738803863525391e-03 -9.197741746902465820e-03 -9.184271097183227539e-03 -9.192466735839843750e-03 -9.210854768753051758e-03 -9.183287620544433594e-03 -9.198129177093505859e-03
7.155792519397533580e-01 2.042889595031738281e-03 2.017259597778320312e-03 2.045035362243652344e-03 1.986563205718994141e-03 1.982271671295166016e-03 1.943558454513549805e-03 1.943737268447875977e-03 1.939952373504638672e-03 1.943349838256835938e-03 1.957386732101440430e-03
7.220320139251412694e-01 6.316274404525756836e-03 6.357550621032714844e-03 6.339848041534423828e-03 6.360888481140136719e-03 6.363391876220703125e-03 6.413996219635009766e-03 6.398171186447143555e-03 6.425201892852783203e-03 6.382226943969726562e-03 6.396830081939697266e-03
7.284847759105291809e-01 -8.870482444763183594e-03 -8.872479200363159180e-03 -8.848905563354492188e-03 -8.877068758010864258e-03 -8.871734142303466797e-03 -8.865475654602050781e-03 -8.877694606781005859e-03 -8.862972259521484375e-03 -8.859455585479736328e-03 -8.870929479598999023e-03
7.349375378959170924e-01 4.514992237091064453e-03 4.493713378906250000e-03 4.508763551712036133e-03 4.484534263610839844e-03 4.465460777282714844e-03 4.443109035491943359e-03 4.474222660064697266e-03 4.440397024154663086e-03 4.426568746566772461e-03 4.435449838638305664e-03
7.413902998813050038e-01 2.926737070083618164e-03 2.911835908889770508e-03 2.912789583206176758e-03 2.950489521026611328e-03 2.952039241790771484e-03 2.985388040542602539e-03 2.964168787002563477e-03 3.002524375915527344e-03 2.992480993270874023e-03 2.975195646286010742e-03
7.478430618666929153e-01 -7.528394460678100586e-03 -7.534772157669067383e-03 -7.525205612182617188e-03 -7.539689540863037109e-03 -7.538914680480957031e-03 -7.557868957519531250e-03 -7.556647062301635742e-03 -7.561773061752319336e-03 -7.564783096313476562e-03 -7.573336362838745117e-03
7.542958238520808267e-01 5.693644285202026367e-03 5.656003952026367188e-03 5.693227052688598633e-03 5.673080682754516602e-03 5.683749914169311523e-03 5.658507347106933594e-03 5.644768476486206055e-03 5.655884742736816406e-03 5.669057369232177734e-03 5.657464265823364258e-03
7.607485858374687382e-01 -5.430579185485839844e-04 -5.396902561187744141e-04 -5.296468734741210938e-04 -5.071163177490234375e-04 -4.929900169372558594e-04 -4.744827747344970703e-04 -4.731714725494384766e-04 -4.510581493377685547e-04 -4.743039608001708984e-04 -4.638731479644775391e-04
7.672013478228566496e-01 -3.973811864852905273e-03 -3.956168889999389648e-03 -3.944218158721923828e-03 -3.976672887802124023e-03 -3.988593816757202148e-03 -4.017084836959838867e-03 -4.005551338195800781e-03 -3.998547792434692383e-03 -3.978699445724487305e-03 -4.012852907180786133e-03
7.736541098082445611e-01 6.385356187820434570e-03 6.365299224853515625e-03 6.354928016662597656e-03 6.355702877044677734e-03 6.360918283462524414e-03 6.342977285385131836e-03 6.344020366668701172e-03 6.334811449050903320e-03 6.335735321044921875e-03 6.340384483337402344e-03
7.801068717936323615e-01 -2.402663230895996094e-03 -2.386838197708129883e-03 -2.389490604400634766e-03 -2.388447523117065430e-03 -2.358973026275634766e-03 -2.331405878067016602e-03 -2.366691827774047852e-03 -2.323985099792480469e-03 -2.346694469451904297e-03 -2.356231212615966797e-03
7.865596337790202730e-01 -2.025038003921508789e-03 -2.020001411437988281e-03 -2.025395631790161133e-03 -2.043277025222778320e-03 -2.070933580398559570e-03 -2.063721418380737305e-03 -2.048522233963012695e-03 -2.067923545837402344e-03 -2.035439014434814453e-03 -2.065181732177734375e-03
7.930123957644081845e-01 5.607247352600097656e-03 5.613714456558227539e-03 5.623817443847656250e-03 5.595028400421142578e-03 5.616247653961181641e-03 5.617469549179077148e-03 5.619317293167114258e-03 5.630612373352050781e-03 5.603224039077758789e-03 5.634427070617675781e-03
7.994651577497960959e-01 -3.799140453338623047e-03 -3.762185573577880859e-03 -3.767073154449462891e-03 -3.787845373153686523e-03 -3.763437271118164062e-03 -3.739595413208007812e-03 -3.754615783691406250e-03 -3.746241331100463867e-03 -3.731220960617065430e-03 -3.729701042175292969e-03
8.059179197351840074e-01 -4.859864711761474609e-04 -5.231797695159912109e-04 -5.127489566802978516e-04 -5.288422107696533203e-04 -5.263090133666992188e-04 -5.501210689544677734e-04 -5.507469177246093750e-04 -5.742907524108886719e-04 -5.657374858856201172e-04 -5.502700805664062500e-04
8.123706817205719188e-01 3.378480672836303711e-03 3.363698720932006836e-03 3.369331359863281250e-03 3.378212451934814453e-03 3.385305404663085938e-03 3.356367349624633789e-03 3.406047821044921875e-03 3.415256738662719727e-03 3.390312194824218750e-03 3.393709659576416016e-03
8.188234437059598303e-01 -3.416448831558227539e-03 -3.401696681976318359e-03 -3.412842750549316406e-03 -3.392785787582397461e-03 -3.429859876632690430e-03 -3.406584262847900391e-03 -3.392308950424194336e-03 -3.375709056854248047e-03 -3.402799367904663086e-03 -3.374487161636352539e-03
8.252762056913477418e-01 1.306176185607910156e-03 1.279264688491821289e-03 1.304596662521362305e-03 1.279354095458984375e-03 1.289576292037963867e-03 1.259446144104003906e-03 1.273334026336669922e-03 1.267075538635253906e-03 1.262098550796508789e-03 1.265496015548706055e-03
8.317289676767356532e-01 1.384526491165161133e-03 1.398026943206787109e-03 1.393437385559082031e-03 1.415193080902099609e-03 1.405149698257446289e-03 1.403093338012695312e-03 1.404196023941040039e-03 1.442819833755493164e-03 1.422673463821411133e-03 1.414686441421508789e-03
8.381817296621235647e-01 -2.651244401931762695e-03 -2.660870552062988281e-03 -2.669751644134521484e-03 -2.669513225555419922e-03 -2.665579319000244141e-03 -2.663373947143554688e-03 -2.659112215042114258e-03 -2.672612667083740234e-03 -2.665728330612182617e-03 -2.676188945770263672e-03
8.446344916475114761e-01 2.294868230819702148e-03 2.290546894073486328e-03 2.299249172210693359e-03 2.295881509780883789e-03 2.309590578079223633e-03 2.277046442031860352e-03 2.297013998031616211e-03 2.283453941345214844e-03 2.284407615661621094e-03 2.284765243530273438e-03
8.510872536328993876e-01 4.288554191589355469e-05 2.819299697875976562e-05 3.901124000549316406e-05 2.971291542053222656e-05 4.270672798156738281e-05 5.465745925903320312e-05 5.957484245300292969e-05 5.981326103210449219e-05 5.078315734863281250e-05 5.954504013061523438e-05
8.575400156182872990e-01 -1.709610223770141602e-03 -1.697421073913574219e-03 -1.687854528427124023e-03 -1.702398061752319336e-03 -1.701921224594116211e-03 -1.695275306701660156e-03 -1.717269420623779297e-03 -1.717686653137207031e-03 -1.707643270492553711e-03 -1.700699329376220703e-03
8.639927776036752105e-01 1.389086246490478516e-03 1.381814479827880859e-03 1.390665769577026367e-03 1.388102769851684570e-03 1.389235258102416992e-03 1.383811235427856445e-03 1.376897096633911133e-03 1.400589942932128906e-03 1.385569572448730469e-03 1.377165317535400391e-03
8.704455395890630109e-01 -5.185306072235107422e-04 -5.098879337310791016e-04 -5.175173282623291016e-04 -4.988908767700195312e-04 -5.046129226684570312e-04 -4.916787147521972656e-04 -4.957020282745361328e-04 -5.017220973968505859e-04 -5.038678646087646484e-04 -5.031228065490722656e-04
8.768983015744509224e-01 -8.792579174041748047e-04 -8.819103240966796875e-04 -8.783042430877685547e-04 -8.861422538757324219e-04 -8.861422538757324219e-04 -8.886456489562988281e-04 -8.848011493682861328e-04 -8.969306945800781250e-04 -8.922815322875976562e-04 -8.951425552368164062e-04
8.833510635598388339e-01 1.405268907546997070e-03 1.389384269714355469e-03 1.400828361511230469e-03 1.404613256454467773e-03 1.396387815475463867e-03 1.403629779815673828e-03 1.413851976394653320e-03 1.392930746078491211e-03 1.411259174346923828e-03 1.405417919158935547e-03
8.898038255452267453e-01 -5.459487438201904297e-04 -5.317926406860351562e-04 -5.469918251037597656e-04 -5.332529544830322266e-04 -5.303621292114257812e-04 -5.143880844116210938e-04 -5.398392677307128906e-04 -5.261301994323730469e-04 -5.214512348175048828e-04 -5.256235599517822266e-04
8.962565875306146568e-01 -5.455613136291503906e-04 -5.465447902679443359e-04 -5.394220352172851562e-04 -5.457103252410888672e-04 -5.564093589782714844e-04 -5.461871623992919922e-04 -5.460381507873535156e-04 -5.500316619873046875e-04 -5.434453487396240234e-04 -5.522072315216064453e-04
9.027093495160025682e-01 7.981359958648681641e-04 8.080303668975830078e-04 7.947981357574462891e-04 8.058249950408935547e-04 8.052885532379150391e-04 8.021295070648193359e-04 8.066296577453613281e-04 8.037388324737548828e-04 8.032619953155517578e-04 8.121430873870849609e-04
9.091621115013904797e-01 -4.439353942871093750e-04 -4.571676254272460938e-04 -4.391670227050781250e-04 -4.594027996063232422e-04 -4.478096961975097656e-04 -4.407167434692382812e-04 -4.559457302093505859e-04 -4.494488239288330078e-04 -4.544556140899658203e-04 -4.512965679168701172e-04
9.156148734867783912e-01 1.212060451507568359e-04 1.248717308044433594e-04 1.306235790252685547e-04 1.284480094909667969e-04 1.132190227508544922e-04 1.122355461120605469e-04 1.216232776641845703e-04 1.210272312164306641e-04 1.180768013000488281e-04 1.164376735687255859e-04
9.220676354721663026e-01 2.518594264984130859e-04 2.442002296447753906e-04 2.526938915252685547e-04 2.457797527313232422e-04 2.521276473999023438e-04 2.522170543670654297e-04 2.460777759552001953e-04 2.669990062713623047e-04 2.528429031372070312e-04 2.599954605102539062e-04
9.285203974575542141e-01 -4.935860633850097656e-04 -4.770755767822265625e-04 -4.838407039642333984e-04 -4.838109016418457031e-04 -4.942715167999267578e-04 -4.738271236419677734e-04 -4.829764366149902344e-04 -4.765093326568603516e-04 -4.822015762329101562e-04 -4.833638668060302734e-04
9.349731594429421255e-01 1.284182071685791016e-04 1.202523708343505859e-04 1.298785209655761719e-04 1.236498355865478516e-04 1.370012760162353516e-04 1.196861267089843750e-04 1.206398010253906250e-04 1.384317874908447266e-04 1.320242881774902344e-04 1.325607299804687500e-04
9.414259214283300370e-01 2.837181091308593750e-05 3.024935722351074219e-05 3.856420516967773438e-05 3.784894943237304688e-05 3.412365913391113281e-05 3.418326377868652344e-05 3.615021705627441406e-05 4.163384437561035156e-05 2.872943878173828125e-05 3.829598426818847656e-05
9.478786834137179484e-01 -7.808208465576171875e-06 -1.555681228637695312e-05 -2.396106719970703125e-05 -2.104043960571289062e-05 -1.919269561767578125e-05 -2.098083496093750000e-05 -1.725554466247558594e-05 -2.756714820861816406e-05 -2.452731132507324219e-05 -2.148747444152832031e-05
9.543314453991058599e-01 -3.156065940856933594e-05 -2.852082252502441406e-05 -2.622604370117187500e-05 -3.311038017272949219e-05 -2.789497375488281250e-05 -3.564357757568359375e-05 -1.996755599975585938e-05 -1.764297485351562500e-05 -2.530217170715332031e-05 -2.527236938476562500e-05
9.607842073844936603e-01 -1.503825187683105469e-04 -1.403987407684326172e-04 -1.655220985412597656e-04 -1.625716686248779297e-04 -1.491904258728027344e-04 -1.563429832458496094e-04 -1.640021800994873047e-04 -1.628398895263671875e-04 -1.630783081054687500e-04 -1.609325408935546875e-04
9.672369693698815718e-01 2.232193946838378906e-05 1.418590545654296875e-05 1.496076583862304688e-05 2.861022949218750000e-05 9.059906005859375000e-06 1.403689384460449219e-05 2.548098564147949219e-05 3.170967102050781250e-05 3.159046173095703125e-05 2.345442771911621094e-05
9.736897313552694833e-01 -9.989738464355468750e-05 -1.091361045837402344e-04 -1.018643379211425781e-04 -1.083612442016601562e-04 -1.055300235748291016e-04 -1.128911972045898438e-04 -1.105666160583496094e-04 -1.107752323150634766e-04 -1.057982444763183594e-04 -1.021325588226318359e-04
9.801424933406573947e-01 1.792311668395996094e-04 1.853704452514648438e-04 1.818537712097167969e-04 1.825988292694091797e-04 1.906156539916992188e-04 1.697242259979248047e-04 1.665651798248291016e-04 1.718401908874511719e-04 1.799464225769042969e-04 1.766681671142578125e-04
9.865952553260453062e-01 -7.051229476928710938e-05 -7.683038711547851562e-05 -7.209181785583496094e-05 -6.341934204101562500e-05 -6.842613220214843750e-05 -6.872415542602539062e-05 -6.607174873352050781e-05 -6.860494613647460938e-05 -6.526708602905273438e-05 -6.347894668579101562e-05
9.930480173114332176e-01 -9.822845458984375000e-05 -1.031160354614257812e-04 -9.006261825561523438e-05 -9.855628013610839844e-05 -1.060366630554199219e-04 -9.673833847045898438e-05 -9.968876838684082031e-05 -9.131431579589843750e-05 -1.020729541778564453e-04 -1.066327095031738281e-04
9.995007792968211291e-01 7.221102714538574219e-05 7.557868957519531250e-05 8.687376976013183594e-05 7.724761962890625000e-05 8.404254913330078125e-05 7.620453834533691406e-05 7.215142250061035156e-05 7.218122482299804688e-05 7.411837577819824219e-05 8.159875869750976562e-05
1.005953541282209152e+00 -8.380413055419921875e-05 -7.545948028564453125e-05 -7.688999176025390625e-05 -7.992982864379882812e-05 -8.240342140197753906e-05 -7.402896881103515625e-05 -8.150935173034667969e-05 -7.337331771850585938e-05 -6.857514381408691406e-05 -8.678436279296875000e-05
1.012406303267596952e+00 9.757280349731445312e-05 1.020431518554687500e-04 1.053214073181152344e-04 9.140372276306152344e-05 1.028478145599365234e-04 1.012384891510009766e-04 1.066327095031738281e-04 9.179115295410156250e-05 1.060962677001953125e-04 9.736418724060058594e-05
1.018859065252984752e+00 1.922249794006347656e-05 2.554059028625488281e-05 3.746151924133300781e-05 3.316998481750488281e-05 3.200769424438476562e-05 2.062320709228515625e-05 3.248453140258789062e-05 4.079937934875488281e-05 2.792477607727050781e-05 3.793835639953613281e-05
1.025311827238372775e+00 -1.706779003143310547e-04 -1.446902751922607422e-04 -1.543462276458740234e-04 -1.551806926727294922e-04 -1.456141471862792969e-04 -1.573860645294189453e-04 -1.520216464996337891e-04 -1.524984836578369141e-04 -1.455247402191162109e-04 -1.528859138488769531e-04
1.031764589223760797e+00 8.293986320495605469e-05 8.815526962280273438e-05 7.978081703186035156e-05 8.746981620788574219e-05 7.781386375427246094e-05 8.738040924072265625e-05 8.010864257812500000e-05 8.475780487060546875e-05 8.413195610046386719e-05 8.392333984375000000e-05
1.038217351209148598e+00 5.143880844116210938e-05 5.081295967102050781e-05 5.376338958740234375e-05 4.979968070983886719e-05 5.638599395751953125e-05 4.982948303222656250e-05 4.976987838745117188e-05 4.512071609497070312e-05 5.871057510375976562e-05 6.112456321716308594e-05
1.044670113194536398e+00 -5.638599395751953125e-05 -4.890561103820800781e-05 -7.230043411254882812e-05 -5.167722702026367188e-05 -6.717443466186523438e-05 -6.291270256042480469e-05 -6.315112113952636719e-05 -6.216764450073242188e-05 -5.528330802917480469e-05 -5.748867988586425781e-05
1.051122875179924421e+00 -4.690885543823242188e-05 -5.128979682922363281e-05 -5.039572715759277344e-05 -5.415081977844238281e-05 -4.726648330688476562e-05 -4.503130912780761719e-05 -5.614757537841796875e-05 -5.117058753967285156e-05 -5.638599395751953125e-05 -5.191564559936523438e-05
1.057575637165312221e+00 1.045167446136474609e-04 9.086728096008300781e-05 1.285374164581298828e-04 1.172721385955810547e-04 1.145899295806884766e-04 1.217126846313476562e-04 1.259148120880126953e-04 1.183748245239257812e-04 1.114606857299804688e-04 1.233518123626708984e-04
1.064028399150700022e+00 2.774596214294433594e-05 4.357099533081054688e-05 2.455711364746093750e-05 2.726912498474121094e-05 3.212690353393554688e-05 3.761053085327148438e-05 3.659725189208984375e-05 2.074241638183593750e-05 1.633167266845703125e-05 2.375245094299316406e-05
1.070481161136088044e+00 4.997849464416503906e-04 4.956126213073730469e-04 4.914700984954833984e-04 4.876852035522460938e-04 4.867911338806152344e-04 4.951059818267822266e-04 4.955828189849853516e-04 4.949271678924560547e-04 5.083382129669189453e-04 4.916191101074218750e-04
1.076933923121476067e+00 2.264976501464843750e-05 2.741813659667968750e-05 3.111362457275390625e-05 3.111362457275390625e-05 3.424286842346191406e-05 2.843141555786132812e-05 2.449750900268554688e-05 2.554059028625488281e-05 3.159046173095703125e-05 2.318620681762695312e-05
1.083386685106863867e+00 -3.289282321929931641e-04 -3.194510936737060547e-04 -3.178119659423828125e-04 -3.285706043243408203e-04 -3.153383731842041016e-04 -3.199875354766845703e-04 -3.275573253631591797e-04 -3.183484077453613281e-04 -3.180801868438720703e-04 -3.237128257751464844e-04
1.089839447092251667e+00 1.637041568756103516e-04 1.650750637054443359e-04 1.693069934844970703e-04 1.661181449890136719e-04 1.728832721710205078e-04 1.692771911621093750e-04 1.770257949829101562e-04 1.711547374725341797e-04 1.816451549530029297e-04 1.687407493591308594e-04
1.096292209077639690e+00 -1.740455627441406250e-04 -1.789629459381103516e-04 -1.891553401947021484e-04 -1.884102821350097656e-04 -1.818835735321044922e-04 -1.966655254364013672e-04 -1.687109470367431641e-04 -1.767575740814208984e-04 -1.942813396453857422e-04 -1.664161682128906250e-04
1.102744971063027712e+00 1.319646835327148438e-04 1.256167888641357422e-04 1.221299171447753906e-04 1.383721828460693359e-04 1.309216022491455078e-04 1.355409622192382812e-04 1.378357410430908203e-04 1.321136951446533203e-04 1.319646835327148438e-04 1.285374164581298828e-04
1.109197733048415513e+00 2.354681491851806641e-04 2.429485321044921875e-04 2.397298812866210938e-04 2.391636371612548828e-04 2.400577068328857422e-04 2.447664737701416016e-04 2.374947071075439453e-04 2.413392066955566406e-04 2.445876598358154297e-04 2.255737781524658203e-04
1.115650495033803313e+00 -2.488195896148681641e-04 -2.741813659667968750e-04 -2.548098564147949219e-04 -2.643167972564697266e-04 -2.553462982177734375e-04 -2.402663230895996094e-04 -2.423524856567382812e-04 -2.534091472625732422e-04 -2.502202987670898438e-04 -2.514421939849853516e-04
1.122103257019191336e+00 2.828836441040039062e-04 2.975463867187500000e-04 2.996921539306640625e-04 3.031194210052490234e-04 2.927482128143310547e-04 3.129839897155761719e-04 2.908110618591308594e-04 2.843439579010009766e-04 2.761781215667724609e-04 2.819895744323730469e-04
1.128556019004579358e+00 1.040399074554443359e-04 8.535385131835937500e-05 1.004040241241455078e-04 9.956955909729003906e-05 1.031458377838134766e-04 9.649991989135742188e-05 1.074969768524169922e-04 9.587407112121582031e-05 9.059906005859375000e-05 9.667873382568359375e-05
1.135008780989967159e+00 -1.593828201293945312e-04 -1.680254936218261719e-04 -1.533031463623046875e-04 -1.645088195800781250e-04 -1.536309719085693359e-04 -1.623630523681640625e-04 -1.597702503204345703e-04 -1.630485057830810547e-04 -1.646578311920166016e-04 -1.679956912994384766e-04
1.141461542975354959e+00 4.462599754333496094e-04 4.509687423706054688e-04 4.540681838989257812e-04 4.445314407348632812e-04 4.539191722869873047e-04 4.411041736602783203e-04 4.456341266632080078e-04 4.606246948242187500e-04 4.656314849853515625e-04 4.646182060241699219e-04
1.147914304960742982e+00 -5.131959915161132812e-04 -5.069375038146972656e-04 -5.204379558563232422e-04 -5.113482475280761719e-04 -5.168616771697998047e-04 -5.079209804534912109e-04 -5.117654800415039062e-04 -5.123317241668701172e-04 -5.046427249908447266e-04 -5.173087120056152344e-04
1.154367066946130782e+00 1.072287559509277344e-04 8.890032768249511719e-05 9.924173355102539062e-05 9.185075759887695312e-05 8.195638656616210938e-05 8.189678192138671875e-05 7.280707359313964844e-05 8.249282836914062500e-05 8.168816566467285156e-05 7.987022399902343750e-05
1.160819828931518582e+00 4.690587520599365234e-04 4.673600196838378906e-04 4.657208919525146484e-04 4.701912403106689453e-04 4.667043685913085938e-04 4.749000072479248047e-04 4.695355892181396484e-04 4.756450653076171875e-04 4.767775535583496094e-04 4.777610301971435547e-04
1.167272590916906605e+00 -7.950663566589355469e-04 -7.945001125335693359e-04 -7.987022399902343750e-04 -7.910728454589843750e-04 -7.915496826171875000e-04 -7.996857166290283203e-04 -8.050203323364257812e-04 -7.924735546112060547e-04 -7.987022399902343750e-04 -7.798969745635986328e-04
1.173725352902294627e+00 6.100833415985107422e-04 6.033182144165039062e-04 6.025433540344238281e-04 6.012618541717529297e-04 5.860924720764160156e-04 6.015002727508544922e-04 6.033480167388916016e-04 6.049871444702148438e-04 6.009638309478759766e-04 5.979239940643310547e-04
1.180178114887682428e+00 -2.261996269226074219e-05 -1.281499862670898438e-06 -1.409649848937988281e-05 -4.231929779052734375e-06 -8.016824722290039062e-06 2.086162567138671875e-06 -1.668930053710937500e-06 -1.937150955200195312e-06 5.960464477539062500e-08 -3.278255462646484375e-06
1.186630876873070450e+00 -6.846785545349121094e-04 -7.083714008331298828e-04 -6.906092166900634766e-04 -7.072389125823974609e-04 -6.983578205108642578e-04 -7.078945636749267578e-04 -7.071793079376220703e-04 -6.931722164154052734e-04 -6.966590881347656250e-04 -7.048845291137695312e-04
1.193083638858458251e+00 8.257031440734863281e-04 8.226335048675537109e-04 8.170008659362792969e-04 8.321106433868408203e-04 7.984936237335205078e-04 8.264780044555664062e-04 8.172988891601562500e-04 8.156001567840576172e-04 8.139908313751220703e-04 8.196830749511718750e-04
1.199536400843846051e+00 -4.676580429077148438e-04 -4.628598690032958984e-04 -4.645884037017822266e-04 -4.723966121673583984e-04 -4.664063453674316406e-04 -4.710853099822998047e-04 -4.766881465911865234e-04 -4.688203334808349609e-04 -4.695653915405273438e-04 -4.670321941375732422e-04
1.205989162829234074e+00 -1.026093959808349609e-04 -1.016259193420410156e-04 -9.691715240478515625e-05 -1.050233840942382812e-04 -1.102387905120849609e-04 -1.211762428283691406e-04 -1.108050346374511719e-04 -1.139938831329345703e-04 -1.145601272583007812e-04 -1.145303249359130859e-04
1.212441924814621874e+00 5.254745483398437500e-04 5.446970462799072266e-04 5.406141281127929688e-04 5.354881286621093750e-04 5.477666854858398438e-04 5.537867546081542969e-04 5.586743354797363281e-04 5.542039871215820312e-04 5.631148815155029297e-04 5.567669868469238281e-04
1.218894686800009897e+00 -6.119012832641601562e-04 -6.070733070373535156e-04 -5.999803543090820312e-04 -6.146728992462158203e-04 -6.152391433715820312e-04 -6.023347377777099609e-04 -6.062686443328857422e-04 -6.160140037536621094e-04 -5.997717380523681641e-04 -6.076395511627197266e-04
1.225347448785397697e+00 3.588497638702392578e-04 3.622174263000488281e-04 3.497600555419921875e-04 3.532469272613525391e-04 3.645718097686767578e-04 3.557205200195312500e-04 3.517568111419677734e-04 3.498196601867675781e-04 3.519058227539062500e-04 3.711283206939697266e-04
1.231800210770785720e+00 4.661083221435546875e-05 6.291270256042480469e-05 6.130337715148925781e-05 7.063150405883789062e-05 5.587935447692871094e-05 6.368756294250488281e-05 6.297230720520019531e-05 5.143880844116210938e-05 5.209445953369140625e-05 6.464123725891113281e-05
1.238252972756173520e+00 -3.379583358764648438e-04 -3.192722797393798828e-04 -3.291964530944824219e-04 -3.161728382110595703e-04 -3.349483013153076172e-04 -3.381073474884033203e-04 -3.368556499481201172e-04 -3.245174884796142578e-04 -3.358125686645507812e-04 -3.379583358764648438e-04
1.244705734741561542e+00 2.636611461639404297e-04 2.571940422058105469e-04 2.699494361877441406e-04 2.613067626953125000e-04 2.613067626953125000e-04 2.825558185577392578e-04 2.626180648803710938e-04 2.585649490356445312e-04 2.695620059967041016e-04 2.596080303192138672e-04
1.251158496726949343e+00 -1.028776168823242188e-04 -9.968876838684082031e-05 -9.346008300781250000e-05 -1.016855239868164062e-04 -9.870529174804687500e-05 -8.916854858398437500e-05 -8.836388587951660156e-05 -9.050965309143066406e-05 -9.542703628540039062e-05 -9.739398956298828125e-05
1.257611258712337365e+00 -7.408857345581054688e-05 -7.417798042297363281e-05 -7.459521293640136719e-05 -7.304549217224121094e-05 -7.975101470947265625e-05 -7.238984107971191406e-05 -8.133053779602050781e-05 -7.036328315734863281e-05 -6.982684135437011719e-05 -6.932020187377929688e-05
1.264064020697725166e+00 1.148283481597900391e-04 1.173019409179687500e-04 1.150071620941162109e-04 1.182854175567626953e-04 1.108944416046142578e-04 1.307129859924316406e-04 1.187026500701904297e-04 1.170635223388671875e-04 1.175105571746826172e-04 1.096427440643310547e-04
1.270516782683113188e+00 1.576542854309082031e-05 -5.364418029785156250e-07 1.004338264465332031e-05 5.573034286499023438e-06 1.516938209533691406e-05 2.148747444152832031e-05 4.410743713378906250e-06 1.895427703857421875e-05 1.296401023864746094e-05 1.704692840576171875e-05
1.276969544668500989e+00 -3.433227539062500000e-05 -3.895163536071777344e-05 -4.714727401733398438e-05 -4.839897155761718750e-05 -5.257129669189453125e-05 -4.214048385620117188e-05 -4.273653030395507812e-05 -4.574656486511230469e-05 -4.565715789794921875e-05 -4.255771636962890625e-05
1.283422306653888789e+00 -8.380413055419921875e-05 -7.665157318115234375e-05 -7.584691047668457031e-05 -8.335709571838378906e-05 -9.587407112121582031e-05 -9.921193122863769531e-05 -9.062886238098144531e-05 -8.288025856018066406e-05 -8.404254913330078125e-05 -9.056925773620605469e-05
1.289875068639276812e+00 2.743899822235107422e-04 2.688169479370117188e-04 2.762675285339355469e-04 2.743303775787353516e-04 2.714395523071289062e-04 2.673268318176269531e-04 2.735853195190429688e-04 2.718567848205566406e-04 2.684295177459716797e-04 2.771019935607910156e-04
1.296327830624664612e+00 -2.173185348510742188e-04 -2.208054065704345703e-04 -2.124905586242675781e-04 -2.042055130004882812e-04 -2.099573612213134766e-04 -2.052783966064453125e-04 -2.011954784393310547e-04 -2.148747444152832031e-04 -2.064108848571777344e-04 -2.095997333526611328e-04
1.302780592610052635e+00 1.966953277587890625e-05 1.960992813110351562e-05 2.273917198181152344e-05 1.966953277587890625e-05 2.324581146240234375e-05 1.841783523559570312e-05 2.622604370117187500e-06 -1.251697540283203125e-06 2.127885818481445312e-05 1.546740531921386719e-05
1.309233354595440435e+00 2.631843090057373047e-04 2.642273902893066406e-04 2.558827400207519531e-04 2.633035182952880859e-04 2.602636814117431641e-04 2.620816230773925781e-04 2.617835998535156250e-04 2.681612968444824219e-04 2.494454383850097656e-04 2.534091472625732422e-04
1.315686116580828458e+00 -4.325807094573974609e-04 -4.234910011291503906e-04 -4.339814186096191406e-04 -4.482567310333251953e-04 -4.336833953857421875e-04 -4.399120807647705078e-04 -4.400610923767089844e-04 -4.328787326812744141e-04 -4.350244998931884766e-04 -4.385709762573242188e-04
1.322138878566216258e+00 2.385079860687255859e-04 2.467036247253417969e-04 2.380609512329101562e-04 2.473890781402587891e-04 2.481043338775634766e-04 2.345442771911621094e-04 2.404451370239257812e-04 2.262890338897705078e-04 2.420842647552490234e-04 2.431273460388183594e-04
1.328591640551604280e+00 1.790523529052734375e-04 1.817047595977783203e-04 1.838803291320800781e-04 1.777112483978271484e-04 1.791119575500488281e-04 1.838505268096923828e-04 1.915097236633300781e-04 1.935064792633056641e-04 1.813471317291259766e-04 1.749396324157714844e-04
1.335044402536992081e+00 -5.966424942016601562e-04 -6.025433540344238281e-04 -6.014704704284667969e-04 -5.930364131927490234e-04 -5.982518196105957031e-04 -5.979835987091064453e-04 -5.962252616882324219e-04 -6.043910980224609375e-04 -5.903244018554687500e-04 -5.936026573181152344e-04
1.341497164522380103e+00 5.553662776947021484e-04 5.450546741485595703e-04 5.432963371276855469e-04 5.411803722381591797e-04 5.542635917663574219e-04 5.448758602142333984e-04 5.597472190856933594e-04 5.410611629486083984e-04 5.403757095336914062e-04 5.441606044769287109e-04
1.347949926507767904e+00 -1.537799835205078125e-04 -1.403391361236572266e-04 -1.572966575622558594e-04 -1.396834850311279297e-04 -1.328289508819580078e-04 -1.409351825714111328e-04 -1.383125782012939453e-04 -1.526176929473876953e-04 -1.374781131744384766e-04 -1.446306705474853516e-04
1.354402688493155926e+00 -4.087984561920166016e-04 -4.005134105682373047e-04 -4.082918167114257812e-04 -4.111826419830322266e-04 -4.073977470397949219e-04 -4.098713397979736328e-04 -4.065334796905517578e-04 -4.121065139770507812e-04 -4.071593284606933594e-04 -4.149675369262695312e-04
1.360855450478543727e+00 7.082819938659667969e-04 7.068514823913574219e-04 7.101297378540039062e-04 6.991028785705566406e-04 7.074177265167236328e-04 7.066428661346435547e-04 7.098317146301269531e-04 6.964802742004394531e-04 7.112324237823486328e-04 7.075965404510498047e-04
1.367308212463931749e+00 -7.231831550598144531e-04 -7.289946079254150391e-04 -7.346570491790771484e-04 -7.213354110717773438e-04 -7.297396659851074219e-04 -7.054805755615234375e-04 -7.246732711791992188e-04 -7.094740867614746094e-04 -7.202327251434326172e-04 -7.173418998718261719e-04
1.373760974449319550e+00 -9.262561798095703125e-05 -1.152157783508300781e-04 -8.955597877502441406e-05 -1.042783260345458984e-04 -9.480118751525878906e-05 -9.462237358093261719e-05 -1.028478145599365234e-04 -1.084208488464355469e-04 -8.925795555114746094e-05 -8.139014244079589844e-05
1.380213736434707350e+00 4.183351993560791016e-04 4.167258739471435547e-04 4.133582115173339844e-04 4.155635833740234375e-04 4.109442234039306641e-04 4.135370254516601562e-04 4.184246063232421875e-04 4.026591777801513672e-04 4.122853279113769531e-04 4.123151302337646484e-04
1.386666498420095373e+00 -7.599592208862304688e-04 -7.632970809936523438e-04 -7.711946964263916016e-04 -7.652342319488525391e-04 -7.681846618652343750e-04 -7.515549659729003906e-04 -7.493495941162109375e-04 -7.546246051788330078e-04 -7.576048374176025391e-04 -7.607936859130859375e-04
1.393119260405483173e+00 7.109940052032470703e-04 7.005333900451660156e-04 7.123351097106933594e-04 7.022321224212646484e-04 7.033646106719970703e-04 7.081925868988037109e-04 6.969571113586425781e-04 6.933212280273437500e-04 6.954669952392578125e-04 6.992220878601074219e-04
1.399572022390871195e+00 1.268386840820312500e-04 1.375079154968261719e-04 1.310110092163085938e-04 1.341402530670166016e-04 1.312792301177978516e-04 1.471042633056640625e-04 1.425147056579589844e-04 1.413822174072265625e-04 1.337528228759765625e-04 1.527070999145507812e-04
1.406024784376258996e+00 -4.079639911651611328e-04 -3.967583179473876953e-04 -4.102587699890136719e-04 -4.073679447174072266e-04 -4.172027111053466797e-04 -4.094541072845458984e-04 -4.265010356903076172e-04 -4.072189331054687500e-04 -4.116892814636230469e-04 -4.173815250396728516e-04
1.412477546361647018e+00 3.442168235778808594e-04 3.296732902526855469e-04 3.495514392852783203e-04 3.307461738586425781e-04 3.323554992675781250e-04 3.463327884674072266e-04 3.359317779541015625e-04 3.334283828735351562e-04 3.405511379241943359e-04 3.511309623718261719e-04
1.418930308347034819e+00 -7.876753807067871094e-05 -7.784366607666015625e-05 -7.110834121704101562e-05 -7.387995719909667969e-05 -7.131695747375488281e-05 -8.922815322875976562e-05 -7.608532905578613281e-05 -7.483363151550292969e-05 -7.179379463195800781e-05 -7.301568984985351562e-05
1.425383070332422841e+00 -2.270936965942382812e-04 -2.354681491851806641e-04 -2.536177635192871094e-04 -2.476871013641357422e-04 -2.411305904388427734e-04 -2.580583095550537109e-04 -2.597272396087646484e-04 -2.474486827850341797e-04 -2.534091472625732422e-04 -2.498328685760498047e-04
1.431835832317810642e+00 4.415214061737060547e-04 4.386007785797119141e-04 4.369318485260009766e-04 4.384219646453857422e-04 4.405677318572998047e-04 4.348456859588623047e-04 4.521012306213378906e-04 4.536211490631103516e-04 4.415512084960937500e-04 4.428029060363769531e-04
1.438288594303198664e+00 -3.144741058349609375e-04 -3.028512001037597656e-04 -3.120005130767822266e-04 -2.980530261993408203e-04 -3.080368041992187500e-04 -2.968609333038330078e-04 -2.977252006530761719e-04 -3.002882003784179688e-04 -3.004074096679687500e-04 -3.006756305694580078e-04
1.444741356288586465e+00 -2.071559429168701172e-04 -2.039968967437744141e-04 -1.987814903259277344e-04 -2.210140228271484375e-04 -2.179443836212158203e-04 -2.278387546539306641e-04 -2.130568027496337891e-04 -2.128481864929199219e-04 -2.178251743316650391e-04 -2.086758613586425781e-04
1.451194118273974487e+00 2.862215042114257812e-04 2.913773059844970703e-04 2.920031547546386719e-04 2.897679805755615234e-04 2.974867820739746094e-04 2.906620502471923828e-04 2.876520156860351562e-04 2.905428409576416016e-04 2.847611904144287109e-04 2.900362014770507812e-04
1.457646880259362288e+00 -2.536177635192871094e-05 -3.197789192199707031e-05 -2.673268318176269531e-05 -1.788139343261718750e-05 -1.549720764160156250e-05 -2.655386924743652344e-05 -2.521276473999023438e-05 -2.247095108032226562e-05 -2.130866050720214844e-05 -1.537799835205078125e-05
1.464099642244750310e+00 3.954768180847167969e-05 3.951787948608398438e-05 2.965331077575683594e-05 2.658367156982421875e-05 3.030896186828613281e-05 3.531575202941894531e-05 2.878904342651367188e-05 3.400444984436035156e-05 3.203749656677246094e-05 3.713369369506835938e-05
1.470552404230138110e+00 7.629394531250000000e-05 8.034706115722656250e-05 8.657574653625488281e-05 8.243322372436523438e-05 8.296966552734375000e-05 7.233023643493652344e-05 8.687376976013183594e-05 8.273124694824218750e-05 7.230043411254882812e-05 7.626414299011230469e-05
1.477005166215525911e+00 -6.204843521118164062e-05 -5.453824996948242188e-05 -5.650520324707031250e-05 -5.874037742614746094e-05 -6.014108657836914062e-05 -4.890561103820800781e-05 -5.269050598144531250e-05 -6.309151649475097656e-05 -6.392598152160644531e-05 -5.856156349182128906e-05
1.483457928200913933e+00 -1.037716865539550781e-04 -1.106560230255126953e-04 -1.018643379211425781e-04 -1.014471054077148438e-04 -1.174807548522949219e-04 -1.059770584106445312e-04 -1.153051853179931641e-04 -1.003444194793701172e-04 -1.175999641418457031e-04 -1.150071620941162109e-04
1.489910690186301734e+00 1.834928989410400391e-04 1.736581325531005859e-04 1.668334007263183594e-04 1.724660396575927734e-04 1.775026321411132812e-04 1.814365386962890625e-04 1.714527606964111328e-04 1.722872257232666016e-04 1.764297485351562500e-04 1.740753650665283203e-04
1.496363452171689756e+00 -1.609325408935546875e-05 -2.866983413696289062e-05 -2.864003181457519531e-05 -2.071261405944824219e-05 -1.782178878784179688e-05 -2.193450927734375000e-05 -1.826882362365722656e-05 -1.713633537292480469e-05 -1.868605613708496094e-05 -2.884864807128906250e-05
1.502816214157077557e+00 -1.490116119384765625e-06 -1.904368400573730469e-05 -9.059906005859375000e-06 -2.205371856689453125e-06 -7.361173629760742188e-06 -1.227855682373046875e-05 -3.278255462646484375e-06 -6.586313247680664062e-06 -1.165270805358886719e-05 7.390975952148437500e-06
1.509268976142465579e+00 1.053512096405029297e-04 1.328587532043457031e-04 1.166760921478271484e-04 1.069307327270507812e-04 1.125931739807128906e-04 1.339316368103027344e-04 1.141130924224853516e-04 1.118183135986328125e-04 1.170337200164794922e-04 1.136660575866699219e-04
1.515721738127853380e+00 -8.279085159301757812e-05 -8.755922317504882812e-05 -8.359551429748535156e-05 -8.934736251831054688e-05 -8.639693260192871094e-05 -9.492039680480957031e-05 -7.408857345581054688e-05 -8.019804954528808594e-05 -8.141994476318359375e-05 -8.776783943176269531e-05
1.522174500113241402e+00 4.240870475769042969e-05 3.671646118164062500e-05 3.695487976074218750e-05 4.786252975463867188e-05 4.103779792785644531e-05 3.853440284729003906e-05 3.850460052490234375e-05 3.504753112792968750e-05 4.899501800537109375e-05 4.434585571289062500e-05
1.528627262098629203e+00 1.460313796997070312e-04 1.438856124877929688e-04 1.533031463623046875e-04 1.549720764160156250e-04 1.530051231384277344e-04 1.464784145355224609e-04 1.486241817474365234e-04 1.429021358489990234e-04 1.512169837951660156e-04 1.519322395324707031e-04
1.535080024084017225e+00 -1.729428768157958984e-04 -1.702606678009033203e-04 -1.560747623443603516e-04 -1.579225063323974609e-04 -1.682937145233154297e-04 -1.602172851562500000e-04 -1.587867736816406250e-04 -1.565814018249511719e-04 -1.603364944458007812e-04 -1.674890518188476562e-04
1.541532786069405025e+00 3.495812416076660156e-05 3.010034561157226562e-05 3.889203071594238281e-05 3.638863563537597656e-05 3.322958946228027344e-05 2.840161323547363281e-05 3.346800804138183594e-05 2.807378768920898438e-05 3.576278686523437500e-05 3.108382225036621094e-05
1.547985548054793048e+00 1.058876514434814453e-04 1.038610935211181641e-04 9.918212890625000000e-05 1.012682914733886719e-04 9.575486183166503906e-05 1.001656055450439453e-04 1.072287559509277344e-04 9.185075759887695312e-05 9.804964065551757812e-05 1.012384891510009766e-04
1.554438310040180848e+00 -1.029074192047119141e-04 -9.876489639282226562e-05 -1.092255115509033203e-04 -1.016259193420410156e-04 -9.787082672119140625e-05 -1.000165939331054688e-04 -1.012384891510009766e-04 -1.121759414672851562e-04 -8.130073547363281250e-05 -9.676814079284667969e-05
1.560891072025568649e+00 7.879734039306640625e-05 7.194280624389648438e-05 8.249282836914062500e-05 7.992982864379882812e-05 8.454918861389160156e-05 8.130073547363281250e-05 8.383393287658691406e-05 6.908178329467773438e-05 8.186697959899902344e-05 8.755922317504882812e-05
1.567343834010956671e+00 1.925230026245117188e-05 6.318092346191406250e-06 1.800060272216796875e-05 9.000301361083984375e-06 1.403689384460449219e-05 2.527236938476562500e-05 3.093481063842773438e-05 1.978874206542968750e-05 2.205371856689453125e-05 1.803040504455566406e-05
1.573796595996344472e+00 -1.249909400939941406e-04 -1.099705696105957031e-04 -1.211762428283691406e-04 -1.241564750671386719e-04 -1.149475574493408203e-04 -1.130402088165283203e-04 -1.156330108642578125e-04 -1.120865345001220703e-04 -1.268088817596435547e-04 -1.127719879150390625e-04
1.580249357981732494e+00 3.173947334289550781e-05 4.419684410095214844e-05 2.488493919372558594e-05 2.795457839965820312e-05 3.457069396972656250e-05 2.142786979675292969e-05 2.899765968322753906e-05 3.966689109802246094e-05 3.284215927124023438e-05 2.723932266235351562e-05
1.586702119967120295e+00 -2.920627593994140625e-05 -3.185868263244628906e-05 -3.519654273986816406e-05 -3.352761268615722656e-05 -2.744793891906738281e-05 -3.045797348022460938e-05 -3.030896186828613281e-05 -3.218650817871093750e-05 -2.714991569519042969e-05 -1.913309097290039062e-05
1.593154881952508317e+00 -1.707673072814941406e-05 -6.854534149169921875e-06 -1.156330108642578125e-05 -1.165270805358886719e-05 -1.108646392822265625e-05 -1.415610313415527344e-05 -9.506940841674804688e-06 -5.364418029785156250e-06 -9.357929229736328125e-06 -2.545118331909179688e-05
1.599607643937896118e+00 1.943111419677734375e-05 2.777576446533203125e-05 2.598762512207031250e-05 4.121661186218261719e-05 3.153085708618164062e-05 4.526972770690917969e-05 3.969669342041015625e-05 3.346800804138183594e-05 3.069639205932617188e-05 3.787875175476074219e-05
1.606060405923284140e+00 -4.002451896667480469e-05 -2.911686897277832031e-05 -3.242492675781250000e-05 -3.486871719360351562e-05 -2.142786979675292969e-05 -2.220273017883300781e-05 -3.030896186828613281e-05 -4.836916923522949219e-05 -3.740191459655761719e-05 -2.488493919372558594e-05
1.612513167908671941e+00 -1.788139343261718750e-07 8.821487426757812500e-06 8.642673492431640625e-06 2.178549766540527344e-05 8.225440979003906250e-06 1.060962677001953125e-05 -3.129243850708007812e-06 -3.427267074584960938e-06 1.645088195800781250e-05 1.794099807739257812e-05
1.618965929894059963e+00 -1.186132431030273438e-05 -1.096725463867187500e-05 -4.827976226806640625e-06 -1.561641693115234375e-05 -1.209974288940429688e-05 -1.278519630432128906e-05 -1.829862594604492188e-05 -7.331371307373046875e-06 -1.910328865051269531e-05 -1.153349876403808594e-05
1.625418691879447763e+00 -6.139278411865234375e-06 2.384185791015625000e-06 3.039836883544921875e-06 -1.442432403564453125e-05 3.904104232788085938e-06 2.384185791015625000e-06 -1.698732376098632812e-06 -1.013278961181640625e-06 -1.132488250732421875e-06 -1.347064971923828125e-05
1.631871453864835786e+00 -1.344084739685058594e-05 -9.775161743164062500e-06 -3.874301910400390625e-06 -7.271766662597656250e-06 -1.049041748046875000e-05 -1.329183578491210938e-05 -8.791685104370117188e-06 -5.692243576049804688e-06 -1.162290573120117188e-06 -3.039836883544921875e-06
1.638324215850223586e+00 2.634525299072265625e-05 1.633167266845703125e-05 1.543760299682617188e-05 1.958012580871582031e-05 2.291798591613769531e-05 2.020597457885742188e-05 2.345442771911621094e-05 2.861022949218750000e-05 1.627206802368164062e-05 2.086162567138671875e-05
1.644776977835611609e+00 1.341104507446289062e-06 2.682209014892578125e-07 6.735324859619140625e-06 2.562999725341796875e-06 -4.589557647705078125e-06 9.477138519287109375e-06 -8.046627044677734375e-07 2.384185791015625000e-06 -3.993511199951171875e-06 1.132488250732421875e-06
1.651229739820999409e+00 1.668930053710937500e-06 1.269578933715820312e-05 8.165836334228515625e-06 1.817941665649414062e-05 1.034140586853027344e-05 1.499056816101074219e-05 8.046627044677734375e-06 1.817941665649414062e-05 2.115964889526367188e-06 7.152557373046875000e-06
1.657682501806387210e+00 5.945563316345214844e-05 6.374716758728027344e-05 5.966424942016601562e-05 5.388259887695312500e-05 5.933642387390136719e-05 5.480647087097167969e-05 3.844499588012695312e-05 4.345178604125976562e-05 5.146861076354980469e-05 5.549192428588867188e-05
1.664135263791775232e+00 1.278519630432128906e-05 7.420778274536132812e-06 7.629394531250000000e-06 -2.413988113403320312e-06 1.260638236999511719e-05 2.622604370117187500e-06 3.993511199951171875e-06 6.079673767089843750e-06 1.758337020874023438e-06 9.387731552124023438e-06
1.670588025777163033e+00 -4.625320434570312500e-05 -3.632903099060058594e-05 -4.109740257263183594e-05 -4.407763481140136719e-05 -5.739927291870117188e-05 -4.518032073974609375e-05 -4.601478576660156250e-05 -4.377961158752441406e-05 -6.076693534851074219e-05 -5.105137825012207031e-05
1.677040787762551055e+00 -8.165836334228515625e-05 -8.040666580200195312e-05 -8.219480514526367188e-05 -7.474422454833984375e-05 -8.270144462585449219e-05 -8.600950241088867188e-05 -7.522106170654296875e-05 -7.751584053039550781e-05 -8.153915405273437500e-05 -7.829070091247558594e-05
1.683493549747938856e+00 5.146861076354980469e-05 4.884600639343261719e-05 5.000829696655273438e-05 5.590915679931640625e-05 5.882978439331054688e-05 5.728006362915039062e-05 5.212426185607910156e-05 5.626678466796875000e-05 5.078315734863281250e-05 7.194280624389648438e-05
1.689946311733326878e+00 1.685619354248046875e-04 1.609325408935546875e-04 1.666247844696044922e-04 1.721382141113281250e-04 1.593828201293945312e-04 1.590251922607421875e-04 1.647472381591796875e-04 1.773834228515625000e-04 1.632869243621826172e-04 1.523792743682861328e-04
1.696399073718714678e+00 -6.720423698425292969e-05 -7.873773574829101562e-05 -7.110834121704101562e-05 -5.769729614257812500e-05 -6.812810897827148438e-05 -6.443262100219726562e-05 -6.282329559326171875e-05 -6.729364395141601562e-05 -7.462501525878906250e-05 -6.324052810668945312e-05
1.702851835704102701e+00 1.767277717590332031e-05 8.076429367065429688e-06 2.369284629821777344e-05 2.217292785644531250e-05 3.483891487121582031e-05 1.361966133117675781e-05 2.422928810119628906e-05 2.455711364746093750e-05 2.375245094299316406e-05 1.689791679382324219e-05
1.709304597689490501e+00 2.354383468627929688e-06 4.589557647705078125e-06 1.907348632812500000e-06 5.453824996948242188e-06 -2.712011337280273438e-06 -5.394220352172851562e-06 2.443790435791015625e-06 -6.526708602905273438e-06 4.678964614868164062e-06 8.046627044677734375e-06
1.715757359674878524e+00 -1.546144485473632812e-04 -1.401007175445556641e-04 -1.440346240997314453e-04 -1.522302627563476562e-04 -1.496374607086181641e-04 -1.438558101654052734e-04 -1.405179500579833984e-04 -1.530051231384277344e-04 -1.474022865295410156e-04 -1.515746116638183594e-04
1.722210121660266324e+00 2.199411392211914062e-04 2.134442329406738281e-04 2.208054065704345703e-04 2.144575119018554688e-04 2.181231975555419922e-04 2.207756042480468750e-04 2.050399780273437500e-04 2.034604549407958984e-04 2.174079418182373047e-04 2.023577690124511719e-04
1.728662883645654347e+00 -1.189112663269042969e-04 -1.070797443389892578e-04 -1.047849655151367188e-04 -1.179873943328857422e-04 -1.108348369598388672e-04 -1.061260700225830078e-04 -1.133978366851806641e-04 -9.661912918090820312e-05 -1.093745231628417969e-04 -1.162886619567871094e-04
1.735115645631042147e+00 -4.854798316955566406e-05 -5.769729614257812500e-05 -6.136298179626464844e-05 -5.081295967102050781e-05 -5.459785461425781250e-05 -5.197525024414062500e-05 -4.974007606506347656e-05 -5.358457565307617188e-05 -5.760788917541503906e-05 -4.193186759948730469e-05
1.741568407616429948e+00 3.168284893035888672e-04 3.095269203186035156e-04 3.103911876678466797e-04 3.029704093933105469e-04 3.117024898529052734e-04 3.170371055603027344e-04 3.158748149871826172e-04 3.167986869812011719e-04 3.243386745452880859e-04 3.086924552917480469e-04
1.748021169601817970e+00 -3.493428230285644531e-04 -3.361701965332031250e-04 -3.368556499481201172e-04 -3.280639648437500000e-04 -3.411173820495605469e-04 -3.472268581390380859e-04 -3.353357315063476562e-04 -3.358125686645507812e-04 -3.281533718109130859e-04 -3.408789634704589844e-04
1.754473931587205771e+00 2.739131450653076172e-04 2.646446228027343750e-04 2.818703651428222656e-04 2.655684947967529297e-04 2.599954605102539062e-04 2.633035182952880859e-04 2.726614475250244141e-04 2.710819244384765625e-04 2.665519714355468750e-04 2.654492855072021484e-04
1.760926693572593793e+00 2.738535404205322266e-04 2.625584602355957031e-04 2.600550651550292969e-04 2.678632736206054688e-04 2.636909484863281250e-04 2.663731575012207031e-04 2.773404121398925781e-04 2.762079238891601562e-04 2.706348896026611328e-04 2.703070640563964844e-04
1.767379455557981593e+00 -5.860626697540283203e-04 -5.798935890197753906e-04 -5.877315998077392578e-04 -5.899071693420410156e-04 -5.836784839630126953e-04 -5.831420421600341797e-04 -5.848705768585205078e-04 -5.843937397003173828e-04 -5.785226821899414062e-04 -5.775690078735351562e-04
1.773832217543369616e+00 6.977021694183349609e-04 7.000565528869628906e-04 7.039010524749755859e-04 6.985664367675781250e-04 6.961822509765625000e-04 6.926059722900390625e-04 6.940364837646484375e-04 6.884038448333740234e-04 6.968975067138671875e-04 6.863474845886230469e-04
1.780284979528757416e+00 -1.384913921356201172e-04 -1.412630081176757812e-04 -1.434981822967529297e-04 -1.399517059326171875e-04 -1.353621482849121094e-04 -1.411139965057373047e-04 -1.305937767028808594e-04 -1.270174980163574219e-04 -1.399219036102294922e-04 -1.237392425537109375e-04
1.786737741514145439e+00 -6.232261657714843750e-04 -6.409585475921630859e-04 -6.393492221832275391e-04 -6.295442581176757812e-04 -6.369352340698242188e-04 -6.352066993713378906e-04 -6.392002105712890625e-04 -6.429851055145263672e-04 -6.335675716400146484e-04 -6.463825702667236328e-04
1.793190503499533239e+00 9.288489818572998047e-04 9.322762489318847656e-04 9.347200393676757812e-04 9.336769580841064453e-04 9.184777736663818359e-04 9.297430515289306641e-04 9.222626686096191406e-04 9.321570396423339844e-04 9.302496910095214844e-04 9.252429008483886719e-04
1.799643265484921262e+00 -5.258619785308837891e-04 -5.103051662445068359e-04 -5.143582820892333984e-04 -5.074739456176757812e-04 -5.048811435699462891e-04 -5.170404911041259766e-04 -4.944503307342529297e-04 -5.038976669311523438e-04 -4.960000514984130859e-04 -4.912018775939941406e-04
1.806096027470309062e+00 -2.335011959075927734e-04 -2.538859844207763672e-04 -2.468228340148925781e-04 -2.301931381225585938e-04 -2.543032169342041016e-04 -2.392232418060302734e-04 -2.379417419433593750e-04 -2.590715885162353516e-04 -2.626180648803710938e-04 -2.591013908386230469e-04
1.812548789455697085e+00 9.280145168304443359e-04 9.267628192901611328e-04 9.202659130096435547e-04 9.269416332244873047e-04 9.213984012603759766e-04 9.413361549377441406e-04 9.306073188781738281e-04 9.258687496185302734e-04 9.367167949676513672e-04 9.267032146453857422e-04
1.819001551441084885e+00 -1.022815704345703125e-03 -1.010686159133911133e-03 -1.014173030853271484e-03 -1.018673181533813477e-03 -1.016736030578613281e-03 -1.007854938507080078e-03 -1.018941402435302734e-03 -1.023203134536743164e-03 -1.003712415695190430e-03 -1.015692949295043945e-03
1.825454313426472908e+00 3.363788127899169922e-04 3.468096256256103516e-04 3.561675548553466797e-04 3.339350223541259766e-04 3.378987312316894531e-04 3.300905227661132812e-04 3.288388252258300781e-04 3.270506858825683594e-04 3.381967544555664062e-04 3.269910812377929688e-04
1.831907075411860708e+00 5.024373531341552734e-04 5.143880844116210938e-04 5.053579807281494141e-04 5.090534687042236328e-04 5.174875259399414062e-04 5.179643630981445312e-04 5.130171775817871094e-04 5.330443382263183594e-04 5.375444889068603516e-04 5.341768264770507812e-04
1.838359837397248508e+00 -1.082241535186767578e-03 -1.074552536010742188e-03 -1.080900430679321289e-03 -1.077592372894287109e-03 -1.078307628631591797e-03 -1.088589429855346680e-03 -1.068413257598876953e-03 -1.090347766876220703e-03 -1.080065965652465820e-03 -1.073420047760009766e-03
1.844812599382636531e+00 9.588003158569335938e-04 9.672939777374267578e-04 9.590387344360351562e-04 9.599626064300537109e-04 9.547770023345947266e-04 9.653866291046142578e-04 9.542405605316162109e-04 9.581148624420166016e-04 9.459853172302246094e-04 9.477138519287109375e-04
1.851265361368024331e+00 -2.639591693878173828e-04 -2.674162387847900391e-04 -2.624690532684326172e-04 -2.614259719848632812e-04 -2.602040767669677734e-04 -2.478063106536865234e-04 -2.607703208923339844e-04 -2.658963203430175781e-04 -2.602040767669677734e-04 -2.572536468505859375e-04
1.857718123353412354e+00 -7.711648941040039062e-04 -7.700622081756591797e-04 -7.658600807189941406e-04 -7.798373699188232422e-04 -7.766485214233398438e-04 -7.742643356323242188e-04 -7.659494876861572266e-04 -7.732808589935302734e-04 -7.791519165039062500e-04 -7.779598236083984375e-04
1.864170885338800154e+00 9.811520576477050781e-04 9.863674640655517578e-04 9.782910346984863281e-04 9.752810001373291016e-04 9.751915931701660156e-04 9.742975234985351562e-04 9.760260581970214844e-04 9.811222553253173828e-04 9.714066982269287109e-04 9.731948375701904297e-04
1.870623647324188177e+00 -5.197525024414062500e-04 -5.260109901428222656e-04 -5.257427692413330078e-04 -5.224049091339111328e-04 -5.186796188354492188e-04 -5.177855491638183594e-04 -5.211234092712402344e-04 -5.297660827636718750e-04 -5.138218402862548828e-04 -5.063414573669433594e-04
1.877076409309575977e+00 -3.987252712249755859e-04 -4.024505615234375000e-04 -3.977417945861816406e-04 -4.062652587890625000e-04 -4.151761531829833984e-04 -4.000067710876464844e-04 -4.082024097442626953e-04 -4.161894321441650391e-04 -4.130303859710693359e-04 -4.164278507232666016e-04
1.883529171294964000e+00 9.041130542755126953e-04 9.032487869262695312e-04 9.064376354217529297e-04 9.027123451232910156e-04 9.019076824188232422e-04 9.202361106872558594e-04 9.085834026336669922e-04 9.180903434753417969e-04 9.233951568603515625e-04 9.111166000366210938e-04
1.889981933280351800e+00 -7.283985614776611328e-04 -7.218718528747558594e-04 -7.314085960388183594e-04 -7.357597351074218750e-04 -7.265508174896240234e-04 -7.319450378417968750e-04 -7.359385490417480469e-04 -7.186532020568847656e-04 -7.229149341583251953e-04 -7.154345512390136719e-04
1.896434695265739823e+00 -7.861852645874023438e-05 -7.411837577819824219e-05 -6.961822509765625000e-05 -7.802248001098632812e-05 -7.295608520507812500e-05 -7.489323616027832031e-05 -8.043646812438964844e-05 -8.445978164672851562e-05 -8.478760719299316406e-05 -7.495284080505371094e-05
1.902887457251127623e+00 6.995797157287597656e-04 7.015466690063476562e-04 7.068216800689697266e-04 6.977617740631103516e-04 7.083714008331298828e-04 7.130205631256103516e-04 6.991922855377197266e-04 7.122457027435302734e-04 7.059872150421142578e-04 7.071793079376220703e-04
1.909340219236515646e+00 -7.554888725280761719e-04 -7.396042346954345703e-04 -7.479786872863769531e-04 -7.398426532745361328e-04 -7.674098014831542969e-04 -7.513761520385742188e-04 -7.548034191131591797e-04 -7.568597793579101562e-04 -7.525384426116943359e-04 -7.561743259429931641e-04
1.915792981221903446e+00 1.672506332397460938e-04 1.834928989410400391e-04 1.806914806365966797e-04 1.696944236755371094e-04 1.752972602844238281e-04 1.705884933471679688e-04 1.733303070068359375e-04 1.607835292816162109e-04 1.751780509948730469e-04 1.684129238128662109e-04
1.922245743207291468e+00 4.349052906036376953e-04 4.161298274993896484e-04 4.369616508483886719e-04 4.149079322814941406e-04 4.352033138275146484e-04 4.188418388366699219e-04 4.298985004425048828e-04 4.168748855590820312e-04 4.196763038635253906e-04 4.290640354156494141e-04
1.928698505192679269e+00 -6.490647792816162109e-04 -6.364583969116210938e-04 -6.371438503265380859e-04 -6.436407566070556641e-04 -6.588399410247802734e-04 -6.483495235443115234e-04 -6.527304649353027344e-04 -6.547868251800537109e-04 -6.491243839263916016e-04 -6.380975246429443359e-04
1.935151267178067069e+00 4.260241985321044922e-04 4.376173019409179688e-04 4.260241985321044922e-04 4.354417324066162109e-04 4.252493381500244141e-04 4.213750362396240234e-04 4.336535930633544922e-04 4.403591156005859375e-04 4.273355007171630859e-04 4.372298717498779297e-04
1.941604029163455092e+00 1.639127731323242188e-04 1.716315746307373047e-04 1.656711101531982422e-04 1.623332500457763672e-04 1.584887504577636719e-04 1.679658889770507812e-04 1.661479473114013672e-04 1.675486564636230469e-04 1.706480979919433594e-04 1.671314239501953125e-04
1.948056791148842892e+00 -4.825890064239501953e-04 -4.677474498748779297e-04 -4.843175411224365234e-04 -4.688799381256103516e-04 -4.754066467285156250e-04 -4.889667034149169922e-04 -4.805326461791992188e-04 -4.782974720001220703e-04 -4.753768444061279297e-04 -4.693865776062011719e-04
1.954509553134230915e+00 3.902316093444824219e-04 4.015266895294189453e-04 3.827512264251708984e-04 3.823339939117431641e-04 3.898739814758300781e-04 3.809630870819091797e-04 3.890991210937500000e-04 3.861486911773681641e-04 3.793537616729736328e-04 3.820955753326416016e-04
1.960962315119618715e+00 3.707408905029296875e-05 2.536177635192871094e-05 4.154443740844726562e-05 3.781914710998535156e-05 4.035234451293945312e-05 2.923607826232910156e-05 4.157423973083496094e-05 2.992153167724609375e-05 3.787875175476074219e-05 3.460049629211425781e-05
1.967415077105006738e+00 -2.940893173217773438e-04 -2.943873405456542969e-04 -2.859830856323242188e-04 -2.979040145874023438e-04 -2.762079238891601562e-04 -2.911090850830078125e-04 -2.985000610351562500e-04 -2.897977828979492188e-04 -2.946257591247558594e-04 -2.847909927368164062e-04
1.973867839090394538e+00 3.556609153747558594e-04 3.678500652313232422e-04 3.550946712493896484e-04 3.565251827239990234e-04 3.533661365509033203e-04 3.480315208435058594e-04 3.489851951599121094e-04 3.539025783538818359e-04 3.655254840850830078e-04 3.603994846343994141e-04
1.980320601075782561e+00 -1.040101051330566406e-04 -9.471178054809570312e-05 -9.840726852416992188e-05 -1.003444194793701172e-04 -1.063644886016845703e-04 -9.766221046447753906e-05 -9.050965309143066406e-05 -9.405612945556640625e-05 -8.863210678100585938e-05 -9.825825691223144531e-05
1.986773363061170361e+00 -2.166330814361572266e-04 -2.340078353881835938e-04 -2.262294292449951172e-04 -2.261400222778320312e-04 -2.241134643554687500e-04 -2.227127552032470703e-04 -2.265274524688720703e-04 -2.267062664031982422e-04 -2.436339855194091797e-04 -2.249181270599365234e-04
1.993226125046558384e+00 3.310143947601318359e-04 3.228783607482910156e-04 3.220438957214355469e-04 3.128051757812500000e-04 3.185272216796875000e-04 3.177821636199951172e-04 3.175139427185058594e-04 3.280937671661376953e-04 3.240108489990234375e-04 3.261864185333251953e-04
1.999678887031946184e+00 -8.553266525268554688e-05 -9.322166442871093750e-05 -9.393692016601562500e-05 -7.295608520507812500e-05 -8.594989776611328125e-05 -7.742643356323242188e-05 -9.024143218994140625e-05 -8.749961853027343750e-05 -8.267164230346679688e-05 -9.092688560485839844e-05
2.006131649017333984e+00 -4.190206527709960938e-05 -4.208087921142578125e-05 -3.221631050109863281e-05 -4.145503044128417969e-05 -4.914402961730957031e-05 -3.600120544433593750e-05 -3.671646118164062500e-05 -4.017353057861328125e-05 -3.919005393981933594e-05 -5.006790161132812500e-05
