# Range[m] 0 1 2 3 4 5 6 7 8 9
1.800000071525573730e-01 -4.512208700180053711e-02 -4.532110691070556641e-02 -4.541453719139099121e-02 -4.539862275123596191e-02 -4.550898075103759766e-02 -4.539740085601806641e-02 -4.547446966171264648e-02 -4.545161128044128418e-02 -4.538312554359436035e-02 -4.550886154174804688e-02
1.864527691379452845e-01 3.603774309158325195e-02 3.601661324501037598e-02 3.594186902046203613e-02 3.590425848960876465e-02 3.591823577880859375e-02 3.605586290359497070e-02 3.593468666076660156e-02 3.599575161933898926e-02 3.586325049400329590e-02 3.565016388893127441e-02
1.929055311233331682e-01 8.759051561355590820e-03 8.977741003036499023e-03 9.080976247787475586e-03 9.068012237548828125e-03 9.072065353393554688e-03 8.843004703521728516e-03 9.007990360260009766e-03 8.897036314010620117e-03 9.046852588653564453e-03 9.254783391952514648e-03
1.993582931087210797e-01 -2.257058024406433105e-02 -2.256539463996887207e-02 -2.258789539337158203e-02 -2.254542708396911621e-02 -2.258092164993286133e-02 -2.261450886726379395e-02 -2.256602048873901367e-02 -2.255934476852416992e-02 -2.259901165962219238e-02 -2.255320549011230469e-02
2.058110550941089911e-01 3.221422433853149414e-03 3.201782703399658203e-03 3.157883882522583008e-03 3.171056509017944336e-03 3.155589103698730469e-03 3.251671791076660156e-03 3.212392330169677734e-03 3.271490335464477539e-03 3.140360116958618164e-03 3.025740385055541992e-03
2.122638170794968748e-01 7.041066884994506836e-03 6.989687681198120117e-03 7.032632827758789062e-03 6.984323263168334961e-03 6.984502077102661133e-03 6.979316473007202148e-03 6.925612688064575195e-03 6.862223148345947266e-03 7.014721632003784180e-03 7.024079561233520508e-03
2.187165790648847863e-01 7.298141717910766602e-03 7.328093051910400391e-03 7.331132888793945312e-03 7.366806268692016602e-03 7.357746362686157227e-03 7.299840450286865234e-03 7.399916648864746094e-03 7.409930229187011719e-03 7.342129945755004883e-03 7.391393184661865234e-03
2.251693410502726977e-01 -1.579901576042175293e-02 -1.574477553367614746e-02 -1.571580767631530762e-02 -1.573860645294189453e-02 -1.572152972221374512e-02 -1.577171683311462402e-02 -1.572704315185546875e-02 -1.572382450103759766e-02 -1.573583483695983887e-02 -1.569133996963500977e-02
2.316221030356606092e-01 -5.632221698760986328e-03 -5.784660577774047852e-03 -5.789786577224731445e-03 -5.844265222549438477e-03 -5.753785371780395508e-03 -5.680292844772338867e-03 -5.766719579696655273e-03 -5.822241306304931641e-03 -5.796045064926147461e-03 -5.929321050643920898e-03
2.380748650210485207e-01 2.600386738777160645e-02 2.594852447509765625e-02 2.596065402030944824e-02 2.597817778587341309e-02 2.597135305404663086e-02 2.595087885856628418e-02 2.595940232276916504e-02 2.595740556716918945e-02 2.595552802085876465e-02 2.592083811759948730e-02
2.445276270064364044e-01 -1.101168990135192871e-02 -1.086357235908508301e-02 -1.074504852294921875e-02 -1.078441739082336426e-02 -1.084211468696594238e-02 -1.096406579017639160e-02 -1.071754097938537598e-02 -1.065421104431152344e-02 -1.064518094062805176e-02 -1.055949926376342773e-02
2.509803889918242881e-01 -2.508333325386047363e-02 -2.523547410964965820e-02 -2.524390816688537598e-02 -2.525097131729125977e-02 -2.525708079338073730e-02 -2.513995766639709473e-02 -2.526879310607910156e-02 -2.526462078094482422e-02 -2.526041865348815918e-02 -2.534747123718261719e-02
2.574331509772121995e-01 2.909627556800842285e-02 2.891573309898376465e-02 2.887466549873352051e-02 2.883630990982055664e-02 2.880752086639404297e-02 2.892425656318664551e-02 2.881529927253723145e-02 2.888795733451843262e-02 2.886211872100830078e-02 2.868571877479553223e-02
2.638859129626001110e-01 4.419445991516113281e-03 4.703015089035034180e-03 4.731535911560058594e-03 4.826694726943969727e-03 4.790604114532470703e-03 4.604905843734741211e-03 4.832327365875244141e-03 4.800319671630859375e-03 4.795551300048828125e-03 5.001157522201538086e-03
2.703386749479880224e-01 -3.736531734466552734e-02 -3.741732239723205566e-02 -3.742632269859313965e-02 -3.742387890815734863e-02 -3.741180896759033203e-02 -3.739506006240844727e-02 -3.742983937263488770e-02 -3.740331530570983887e-02 -3.741204738616943359e-02 -3.745487332344055176e-02
2.767914369333759339e-01 2.010577917098999023e-02 1.992392539978027344e-02 1.979574561119079590e-02 1.980739831924438477e-02 1.976346969604492188e-02 1.997834444046020508e-02 1.974576711654663086e-02 1.980227231979370117e-02 1.979604363441467285e-02 1.962158083915710449e-02
2.832441989187638454e-01 1.985234022140502930e-02 1.999479532241821289e-02 2.010136842727661133e-02 2.013272047042846680e-02 2.017119526863098145e-02 1.999965310096740723e-02 2.016016840934753418e-02 2.013611793518066406e-02 2.018883824348449707e-02 2.034792304039001465e-02
2.896969609041517568e-01 -3.349018096923828125e-02 -3.343299031257629395e-02 -3.338402509689331055e-02 -3.341308236122131348e-02 -3.341013193130493164e-02 -3.344878554344177246e-02 -3.339475393295288086e-02 -3.339749574661254883e-02 -3.337955474853515625e-02 -3.328806161880493164e-02
2.961497228895396683e-01 3.394126892089843750e-03 3.242403268814086914e-03 3.135085105895996094e-03 3.097325563430786133e-03 3.078281879425048828e-03 3.274947404861450195e-03 3.061801195144653320e-03 3.113329410552978516e-03 3.033041954040527344e-03 2.865344285964965820e-03
3.026024848749275242e-01 2.570125460624694824e-02 2.578088641166687012e-02 2.581173181533813477e-02 2.584353089332580566e-02 2.590823173522949219e-02 2.567863464355468750e-02 2.580571174621582031e-02 2.579662203788757324e-02 2.583825588226318359e-02 2.596083283424377441e-02
3.090552468603154357e-01 -2.217027544975280762e-02 -2.206802368164062500e-02 -2.200138568878173828e-02 -2.196311950683593750e-02 -2.202343940734863281e-02 -2.211469411849975586e-02 -2.201378345489501953e-02 -2.200645208358764648e-02 -2.199143171310424805e-02 -2.179908752441406250e-02
3.155080088457033471e-01 -1.263400912284851074e-02 -1.277682185173034668e-02 -1.279592514038085938e-02 -1.283785700798034668e-02 -1.279011368751525879e-02 -1.265257596969604492e-02 -1.284897327423095703e-02 -1.275730133056640625e-02 -1.285395026206970215e-02 -1.299270987510681152e-02
3.219607708310912586e-01 2.561697363853454590e-02 2.560511231422424316e-02 2.560231089591979980e-02 2.558410167694091797e-02 2.559792995452880859e-02 2.561607956886291504e-02 2.559447288513183594e-02 2.556306123733520508e-02 2.560225129127502441e-02 2.560418844223022461e-02
3.284135328164791701e-01 -4.789888858795166016e-03 -4.668474197387695312e-03 -4.635483026504516602e-03 -4.610002040863037109e-03 -4.609942436218261719e-03 -4.721492528915405273e-03 -4.564076662063598633e-03 -4.609614610671997070e-03 -4.558861255645751953e-03 -4.476130008697509766e-03
3.348662948018670260e-01 -1.961210370063781738e-02 -1.962208747863769531e-02 -1.969495415687561035e-02 -1.965066790580749512e-02 -1.968500018119812012e-02 -1.965820789337158203e-02 -1.972112059593200684e-02 -1.966860890388488770e-02 -1.969173550605773926e-02 -1.973080635070800781e-02
3.413190567872549375e-01 1.379111409187316895e-02 1.372653245925903320e-02 1.371043920516967773e-02 1.366877555847167969e-02 1.365610957145690918e-02 1.374241709709167480e-02 1.366320252418518066e-02 1.364701986312866211e-02 1.367026567459106445e-02 1.358652114868164062e-02
3.477718187726428489e-01 1.023414731025695801e-02 1.032751798629760742e-02 1.038807630538940430e-02 1.040026545524597168e-02 1.036092638969421387e-02 1.029494404792785645e-02 1.038673520088195801e-02 1.035514473915100098e-02 1.037910580635070801e-02 1.049548387527465820e-02
3.542245807580307604e-01 -1.599600911140441895e-02 -1.593336462974548340e-02 -1.592859625816345215e-02 -1.591926813125610352e-02 -1.591569185256958008e-02 -1.596507430076599121e-02 -1.595139503479003906e-02 -1.591783761978149414e-02 -1.592671871185302734e-02 -1.588618755340576172e-02
3.606773427434186718e-01 -9.814500808715820312e-04 -1.083284616470336914e-03 -1.116722822189331055e-03 -1.156747341156005859e-03 -1.152545213699340820e-03 -1.056015491485595703e-03 -1.120120286941528320e-03 -1.122623682022094727e-03 -1.155018806457519531e-03 -1.241713762283325195e-03
3.671301047288065833e-01 1.576772332191467285e-02 1.575845479965209961e-02 1.577571034431457520e-02 1.577219367027282715e-02 1.577284932136535645e-02 1.578059792518615723e-02 1.576474308967590332e-02 1.575115323066711426e-02 1.576688885688781738e-02 1.578828692436218262e-02
3.735828667141944948e-01 -6.550461053848266602e-03 -6.476223468780517578e-03 -6.426990032196044922e-03 -6.403803825378417969e-03 -6.414800882339477539e-03 -6.502389907836914062e-03 -6.400108337402343750e-03 -6.413787603378295898e-03 -6.381958723068237305e-03 -6.332457065582275391e-03
3.800356286995824062e-01 -1.086166501045227051e-02 -1.091760396957397461e-02 -1.095426082611083984e-02 -1.096361875534057617e-02 -1.098859310150146484e-02 -1.086637377738952637e-02 -1.095753908157348633e-02 -1.091095805168151855e-02 -1.093578338623046875e-02 -1.102158427238464355e-02
3.864883906849703177e-01 1.363098621368408203e-02 1.358091831207275391e-02 1.356756687164306641e-02 1.355549693107604980e-02 1.356098055839538574e-02 1.358917355537414551e-02 1.356041431427001953e-02 1.354441046714782715e-02 1.355129480361938477e-02 1.348313689231872559e-02
3.929411526703582291e-01 5.476891994476318359e-03 5.560636520385742188e-03 5.564212799072265625e-03 5.580276250839233398e-03 5.559056997299194336e-03 5.459517240524291992e-03 5.599766969680786133e-03 5.566418170928955078e-03 5.558282136917114258e-03 5.667805671691894531e-03
3.993939146557460851e-01 -1.668435335159301758e-02 -1.667729020118713379e-02 -1.666629314422607422e-02 -1.665449142456054688e-02 -1.666519045829772949e-02 -1.668784022331237793e-02 -1.666271686553955078e-02 -1.666811108589172363e-02 -1.666256785392761230e-02 -1.666945219039916992e-02
4.058466766411339965e-01 5.119562149047851562e-03 5.021572113037109375e-03 4.987567663192749023e-03 4.972755908966064453e-03 4.978120326995849609e-03 5.046308040618896484e-03 4.956990480422973633e-03 4.973411560058593750e-03 4.936188459396362305e-03 4.878103733062744141e-03
4.122994386265219080e-01 1.376885175704956055e-02 1.381728053092956543e-02 1.385983824729919434e-02 1.383745670318603516e-02 1.385676860809326172e-02 1.381087303161621094e-02 1.388761401176452637e-02 1.382735371589660645e-02 1.382857561111450195e-02 1.389020681381225586e-02
4.187522006119098195e-01 -1.290303468704223633e-02 -1.285770535469055176e-02 -1.284220814704895020e-02 -1.280194520950317383e-02 -1.280662417411804199e-02 -1.285839080810546875e-02 -1.280406117439270020e-02 -1.278284192085266113e-02 -1.280802488327026367e-02 -1.275271177291870117e-02
4.252049625972976754e-01 -5.528330802917480469e-03 -5.645006895065307617e-03 -5.688786506652832031e-03 -5.697280168533325195e-03 -5.685120820999145508e-03 -5.594074726104736328e-03 -5.694359540939331055e-03 -5.683124065399169922e-03 -5.667299032211303711e-03 -5.768656730651855469e-03
4.316577245826856424e-01 1.514309644699096680e-02 1.513627171516418457e-02 1.513090729713439941e-02 1.512488722801208496e-02 1.514256000518798828e-02 1.513898372650146484e-02 1.514679193496704102e-02 1.512196660041809082e-02 1.511424779891967773e-02 1.510953903198242188e-02
4.381104865680734983e-01 -4.750102758407592773e-03 -4.671335220336914062e-03 -4.649043083190917969e-03 -4.619866609573364258e-03 -4.593431949615478516e-03 -4.701077938079833984e-03 -4.621416330337524414e-03 -4.628688097000122070e-03 -4.617959260940551758e-03 -4.534065723419189453e-03
4.445632485534614098e-01 -1.166331768035888672e-02 -1.170077919960021973e-02 -1.172551512718200684e-02 -1.172253489494323730e-02 -1.173171401023864746e-02 -1.169452071189880371e-02 -1.172053813934326172e-02 -1.170447468757629395e-02 -1.171395182609558105e-02 -1.177021861076354980e-02
4.510160105388493212e-01 1.114153861999511719e-02 1.109880208969116211e-02 1.106438040733337402e-02 1.105311512947082520e-02 1.103633642196655273e-02 1.108869910240173340e-02 1.106843352317810059e-02 1.104873418807983398e-02 1.102825999259948730e-02 1.100361347198486328e-02
4.574687725242372327e-01 2.414852380752563477e-03 2.463310956954956055e-03 2.475559711456298828e-03 2.517729997634887695e-03 2.525329589843750000e-03 2.413928508758544922e-03 2.516895532608032227e-03 2.498418092727661133e-03 2.506583929061889648e-03 2.594411373138427734e-03
4.639215345096251442e-01 -1.233738660812377930e-02 -1.233619451522827148e-02 -1.234549283981323242e-02 -1.233750581741333008e-02 -1.232749223709106445e-02 -1.231265068054199219e-02 -1.233151555061340332e-02 -1.232132315635681152e-02 -1.234391331672668457e-02 -1.233586668968200684e-02
4.703742964950130556e-01 2.765834331512451172e-03 2.693653106689453125e-03 2.683013677597045898e-03 2.656519412994384766e-03 2.668678760528564453e-03 2.733796834945678711e-03 2.658516168594360352e-03 2.688109874725341797e-03 2.653747797012329102e-03 2.596199512481689453e-03
4.768270584804009671e-01 9.771704673767089844e-03 9.800165891647338867e-03 9.820133447647094727e-03 9.794026613235473633e-03 9.797155857086181641e-03 9.759187698364257812e-03 9.837031364440917969e-03 9.807169437408447266e-03 9.832084178924560547e-03 9.878188371658325195e-03
4.832798204657888230e-01 -8.540093898773193359e-03 -8.478492498397827148e-03 -8.463412523269653320e-03 -8.461385965347290039e-03 -8.468836545944213867e-03 -8.507072925567626953e-03 -8.455365896224975586e-03 -8.462578058242797852e-03 -8.446186780929565430e-03 -8.420318365097045898e-03
4.897325824511767345e-01 -5.351483821868896484e-03 -5.409032106399536133e-03 -5.449622869491577148e-03 -5.463510751724243164e-03 -5.460470914840698242e-03 -5.403816699981689453e-03 -5.469143390655517578e-03 -5.459398031234741211e-03 -5.461454391479492188e-03 -5.514919757843017578e-03
4.961853444365646459e-01 1.037275791168212891e-02 1.036641001701354980e-02 1.037156581878662109e-02 1.036882400512695312e-02 1.034983992576599121e-02 1.036891341209411621e-02 1.035901904106140137e-02 1.034909486770629883e-02 1.034530997276306152e-02 1.035749912261962891e-02
5.026381064219525019e-01 -9.991526603698730469e-04 -9.269416332244873047e-04 -9.008347988128662109e-04 -9.046494960784912109e-04 -9.107887744903564453e-04 -9.758770465850830078e-04 -9.209811687469482422e-04 -9.159445762634277344e-04 -9.301304817199707031e-04 -8.420646190643310547e-04
5.090908684073405244e-01 -9.073108434677124023e-03 -9.084522724151611328e-03 -9.104758501052856445e-03 -9.104967117309570312e-03 -9.095042943954467773e-03 -9.070396423339843750e-03 -9.094893932342529297e-03 -9.068161249160766602e-03 -9.065300226211547852e-03 -9.115874767303466797e-03
5.155436303927283248e-01 6.802201271057128906e-03 6.778925657272338867e-03 6.774306297302246094e-03 6.768912076950073242e-03 6.746709346771240234e-03 6.795346736907958984e-03 6.742596626281738281e-03 6.749629974365234375e-03 6.745010614395141602e-03 6.698191165924072266e-03
5.219963923781163473e-01 4.837632179260253906e-03 4.878818988800048828e-03 4.894822835922241211e-03 4.893690347671508789e-03 4.893094301223754883e-03 4.852056503295898438e-03 4.881858825683593750e-03 4.872322082519531250e-03 4.899948835372924805e-03 4.942595958709716797e-03
5.284491543635041477e-01 -9.436994791030883789e-03 -9.420454502105712891e-03 -9.392976760864257812e-03 -9.405136108398437500e-03 -9.399861097335815430e-03 -9.408742189407348633e-03 -9.425938129425048828e-03 -9.415239095687866211e-03 -9.401053190231323242e-03 -9.400486946105957031e-03
5.349019163488920592e-01 2.603352069854736328e-03 2.577692270278930664e-03 2.564221620559692383e-03 2.560466527938842773e-03 2.534240484237670898e-03 2.615988254547119141e-03 2.541542053222656250e-03 2.557367086410522461e-03 2.547919750213623047e-03 2.481549978256225586e-03
5.413546783342799706e-01 7.505655288696289062e-03 7.534623146057128906e-03 7.558524608612060547e-03 7.556676864624023438e-03 7.547289133071899414e-03 7.521212100982666016e-03 7.532864809036254883e-03 7.528811693191528320e-03 7.546514272689819336e-03 7.566869258880615234e-03
5.478074403196678821e-01 -5.610883235931396484e-03 -5.564272403717041016e-03 -5.571216344833374023e-03 -5.538821220397949219e-03 -5.544811487197875977e-03 -5.550026893615722656e-03 -5.530774593353271484e-03 -5.531817674636840820e-03 -5.512654781341552734e-03 -5.500853061676025391e-03
5.542602023050557936e-01 -3.581374883651733398e-03 -3.598988056182861328e-03 -3.635853528976440430e-03 -3.611207008361816406e-03 -3.616899251937866211e-03 -3.577560186386108398e-03 -3.645032644271850586e-03 -3.667533397674560547e-03 -3.659605979919433594e-03 -3.697752952575683594e-03
5.607129642904437050e-01 7.698982954025268555e-03 7.694929838180541992e-03 7.683366537094116211e-03 7.682025432586669922e-03 7.688790559768676758e-03 7.678598165512084961e-03 7.681697607040405273e-03 7.684826850891113281e-03 7.676213979721069336e-03 7.677972316741943359e-03
5.671657262758316165e-01 -3.505051136016845703e-04 -2.996325492858886719e-04 -2.709329128265380859e-04 -2.535283565521240234e-04 -2.598762512207031250e-04 -2.938210964202880859e-04 -2.590417861938476562e-04 -2.785325050354003906e-04 -2.743899822235107422e-04 -2.295374870300292969e-04
5.736184882612194169e-01 -6.139248609542846680e-03 -6.147027015686035156e-03 -6.151616573333740234e-03 -6.172657012939453125e-03 -6.158113479614257812e-03 -6.137460470199584961e-03 -6.157249212265014648e-03 -6.152510643005371094e-03 -6.153225898742675781e-03 -6.162494421005249023e-03
5.800712502466074394e-01 4.184544086456298828e-03 4.160016775131225586e-03 4.141539335250854492e-03 4.152595996856689453e-03 4.146635532379150391e-03 4.168599843978881836e-03 4.137337207794189453e-03 4.141747951507568359e-03 4.149526357650756836e-03 4.104018211364746094e-03
5.865240122319952398e-01 3.432869911193847656e-03 3.434300422668457031e-03 3.476291894912719727e-03 3.491491079330444336e-03 3.477632999420166016e-03 3.440171480178833008e-03 3.491342067718505859e-03 3.454387187957763672e-03 3.468364477157592773e-03 3.519862890243530273e-03
5.929767742173832623e-01 -6.025075912475585938e-03 -6.028383970260620117e-03 -6.025493144989013672e-03 -6.031543016433715820e-03 -6.016761064529418945e-03 -6.036072969436645508e-03 -6.021708250045776367e-03 -6.021171808242797852e-03 -6.015211343765258789e-03 -6.012856960296630859e-03
5.994295362027710627e-01 -6.252527236938476562e-05 -8.520483970642089844e-05 -1.147091388702392578e-04 -9.691715240478515625e-05 -1.061856746673583984e-04 -7.969141006469726562e-05 -1.046359539031982422e-04 -7.835030555725097656e-05 -1.102089881896972656e-04 -1.350045204162597656e-04
6.058822981881590852e-01 5.731731653213500977e-03 5.726486444473266602e-03 5.722880363464355469e-03 5.729138851165771484e-03 5.727082490921020508e-03 5.719244480133056641e-03 5.725413560867309570e-03 5.741745233535766602e-03 5.713164806365966797e-03 5.722224712371826172e-03
6.123350601735468857e-01 -3.615856170654296875e-03 -3.605395555496215820e-03 -3.594636917114257812e-03 -3.582298755645751953e-03 -3.584086894989013672e-03 -3.595918416976928711e-03 -3.571629524230957031e-03 -3.591805696487426758e-03 -3.583848476409912109e-03 -3.544926643371582031e-03
6.187878221589347971e-01 -3.673881292343139648e-03 -3.708928823471069336e-03 -3.725022077560424805e-03 -3.736317157745361328e-03 -3.698706626892089844e-03 -3.690689802169799805e-03 -3.714263439178466797e-03 -3.714352846145629883e-03 -3.725588321685791016e-03 -3.738343715667724609e-03
6.252405841443227086e-01 4.727452993392944336e-03 4.702240228652954102e-03 4.717737436294555664e-03 4.677981138229370117e-03 4.693329334259033203e-03 4.699110984802246094e-03 4.684895277023315430e-03 4.708379507064819336e-03 4.672020673751831055e-03 4.676043987274169922e-03
6.316933461297106200e-01 1.391202211380004883e-03 1.429527997970581055e-03 1.450657844543457031e-03 1.427739858627319336e-03 1.435637474060058594e-03 1.395970582962036133e-03 1.439422369003295898e-03 1.466929912567138672e-03 1.456499099731445312e-03 1.495480537414550781e-03
6.381461081150985315e-01 -6.193965673446655273e-03 -6.191402673721313477e-03 -6.204038858413696289e-03 -6.193965673446655273e-03 -6.205677986145019531e-03 -6.174236536026000977e-03 -6.190657615661621094e-03 -6.222248077392578125e-03 -6.192147731781005859e-03 -6.200850009918212891e-03
6.445988701004864430e-01 1.495659351348876953e-03 1.445591449737548828e-03 1.436501741409301758e-03 1.429706811904907227e-03 1.430481672286987305e-03 1.447260379791259766e-03 1.431137323379516602e-03 1.442104578018188477e-03 1.426249742507934570e-03 1.400530338287353516e-03
6.510516320858743544e-01 4.854053258895874023e-03 4.877388477325439453e-03 4.874557256698608398e-03 4.887610673904418945e-03 4.882812500000000000e-03 4.880428314208984375e-03 4.892885684967041016e-03 4.897087812423706055e-03 4.880338907241821289e-03 4.904568195343017578e-03
6.575043940712622659e-01 -5.007535219192504883e-03 -4.987418651580810547e-03 -4.960417747497558594e-03 -4.982948303222656250e-03 -4.973769187927246094e-03 -4.992067813873291016e-03 -4.985600709915161133e-03 -4.978507757186889648e-03 -4.968404769897460938e-03 -4.926681518554687500e-03
6.639571560566501773e-01 -2.389341592788696289e-03 -2.411395311355590820e-03 -2.429157495498657227e-03 -2.450287342071533203e-03 -2.434045076370239258e-03 -2.408951520919799805e-03 -2.439796924591064453e-03 -2.407968044281005859e-03 -2.431899309158325195e-03 -2.478569746017456055e-03
6.704099180420379778e-01 6.876200437545776367e-03 6.872117519378662109e-03 6.873726844787597656e-03 6.868422031402587891e-03 6.864070892333984375e-03 6.893277168273925781e-03 6.866186857223510742e-03 6.872326135635375977e-03 6.884157657623291016e-03 6.846010684967041016e-03
6.768626800274260003e-01 -1.223891973495483398e-03 -1.208841800689697266e-03 -1.165181398391723633e-03 -1.180291175842285156e-03 -1.161068677902221680e-03 -1.223593950271606445e-03 -1.183658838272094727e-03 -1.193165779113769531e-03 -1.174241304397583008e-03 -1.114398241043090820e-03
6.833154420128139117e-01 -7.376134395599365234e-03 -7.374823093414306641e-03 -7.379442453384399414e-03 -7.383584976196289062e-03 -7.377594709396362305e-03 -7.363319396972656250e-03 -7.378548383712768555e-03 -7.380753755569458008e-03 -7.380902767181396484e-03 -7.406622171401977539e-03
6.897682039982017121e-01 7.950872182846069336e-03 7.924795150756835938e-03 7.929563522338867188e-03 7.904231548309326172e-03 7.895231246948242188e-03 7.941603660583496094e-03 7.902950048446655273e-03 7.892489433288574219e-03 7.918179035186767578e-03 7.872045040130615234e-03
6.962209659835896236e-01 2.561271190643310547e-03 2.652168273925781250e-03 2.662986516952514648e-03 2.685278654098510742e-03 2.639949321746826172e-03 2.597153186798095703e-03 2.631992101669311523e-03 2.632170915603637695e-03 2.647846937179565430e-03 2.747416496276855469e-03
7.026737279689775351e-01 -1.072606444358825684e-02 -1.072236895561218262e-02 -1.072937250137329102e-02 -1.071238517761230469e-02 -1.070091128349304199e-02 -1.067012548446655273e-02 -1.069608330726623535e-02 -1.066055893898010254e-02 -1.069867610931396484e-02 -1.069846749305725098e-02
7.091264899543654465e-01 6.145745515823364258e-03 6.107419729232788086e-03 6.069123744964599609e-03 6.055772304534912109e-03 6.091892719268798828e-03 6.150573492050170898e-03 6.017327308654785156e-03 5.998313426971435547e-03 6.018698215484619141e-03 5.995452404022216797e-03
7.155792519397533580e-01 6.896823644638061523e-03 6.978720426559448242e-03 6.983280181884765625e-03 7.010132074356079102e-03 6.996780633926391602e-03 6.908327341079711914e-03 7.010579109191894531e-03 7.024496793746948242e-03 7.003337144851684570e-03 7.057309150695800781e-03
7.220320139251412694e-01 -1.209503412246704102e-02 -1.205149292945861816e-02 -1.207411289215087891e-02 -1.204794645309448242e-02 -1.204374432563781738e-02 -1.204797625541687012e-02 -1.207530498504638672e-02 -1.202169060707092285e-02 -1.205843687057495117e-02 -1.204666495323181152e-02
7.284847759105291809e-01 4.134923219680786133e-03 4.037767648696899414e-03 4.019320011138916016e-03 3.987908363342285156e-03 3.999352455139160156e-03 4.078447818756103516e-03 3.967374563217163086e-03 3.950059413909912109e-03 3.991723060607910156e-03 3.929585218429565430e-03
7.349375378959170924e-01 9.873002767562866211e-03 9.962439537048339844e-03 9.967744350433349609e-03 1.001077890396118164e-02 9.950876235961914062e-03 9.901583194732666016e-03 1.001316308975219727e-02 1.000276207923889160e-02 9.955763816833496094e-03 1.004841923713684082e-02
7.413902998813050038e-01 -1.203793287277221680e-02 -1.200932264328002930e-02 -1.198878884315490723e-02 -1.201996207237243652e-02 -1.197645068168640137e-02 -1.200786232948303223e-02 -1.200270652770996094e-02 -1.197141408920288086e-02 -1.197427511215209961e-02 -1.198190450668334961e-02
7.478430618666929153e-01 1.934021711349487305e-03 1.837342977523803711e-03 1.821339130401611328e-03 1.796543598175048828e-03 1.792401075363159180e-03 1.868307590484619141e-03 1.788407564163208008e-03 1.775771379470825195e-03 1.792937517166137695e-03 1.742780208587646484e-03
7.542958238520808267e-01 1.025071740150451660e-02 1.029115915298461914e-02 1.030957698822021484e-02 1.031407713890075684e-02 1.032018661499023438e-02 1.027452945709228516e-02 1.033252477645874023e-02 1.034554839134216309e-02 1.031959056854248047e-02 1.034492254257202148e-02
7.607485858374687382e-01 -1.119309663772583008e-02 -1.116225123405456543e-02 -1.113232970237731934e-02 -1.114806532859802246e-02 -1.112729310989379883e-02 -1.115342974662780762e-02 -1.116460561752319336e-02 -1.116263866424560547e-02 -1.112136244773864746e-02 -1.113510131835937500e-02
7.672013478228566496e-01 3.130644559860229492e-03 3.068834543228149414e-03 3.051877021789550781e-03 3.051787614822387695e-03 3.022670745849609375e-03 3.107547760009765625e-03 3.022760152816772461e-03 3.056734800338745117e-03 3.061234951019287109e-03 3.010004758834838867e-03
7.736541098082445611e-01 8.305758237838745117e-03 8.374929428100585938e-03 8.392959833145141602e-03 8.396923542022705078e-03 8.361607789993286133e-03 8.335351943969726562e-03 8.387446403503417969e-03 8.383721113204956055e-03 8.365035057067871094e-03 8.407175540924072266e-03
7.801068717936323615e-01 -8.459270000457763672e-03 -8.428752422332763672e-03 -8.424997329711914062e-03 -8.409261703491210938e-03 -8.419513702392578125e-03 -8.405596017837524414e-03 -8.434504270553588867e-03 -8.436381816864013672e-03 -8.385658264160156250e-03 -8.378297090530395508e-03
7.865596337790202730e-01 1.470595598220825195e-03 1.432657241821289062e-03 1.401811838150024414e-03 1.410335302352905273e-03 1.422047615051269531e-03 1.465648412704467773e-03 1.389533281326293945e-03 1.379191875457763672e-03 1.391887664794921875e-03 1.353085041046142578e-03
7.930123957644081845e-01 6.055325269699096680e-03 6.138175725936889648e-03 6.128311157226562500e-03 6.131649017333984375e-03 6.136685609817504883e-03 6.080031394958496094e-03 6.145775318145751953e-03 6.172925233840942383e-03 6.116509437561035156e-03 6.134688854217529297e-03
7.994651577497960959e-01 -6.124645471572875977e-03 -6.100833415985107422e-03 -6.108582019805908203e-03 -6.114304065704345703e-03 -6.099611520767211914e-03 -6.112813949584960938e-03 -6.137609481811523438e-03 -6.154209375381469727e-03 -6.128817796707153320e-03 -6.105184555053710938e-03
8.059179197351840074e-01 1.347184181213378906e-03 1.308947801589965820e-03 1.309812068939208984e-03 1.315087080001831055e-03 1.304745674133300781e-03 1.319617033004760742e-03 1.301378011703491211e-03 1.314103603363037109e-03 1.304090023040771484e-03 1.284956932067871094e-03
8.123706817205719188e-01 3.109604120254516602e-03 3.141850233078002930e-03 3.144383430480957031e-03 3.171712160110473633e-03 3.157138824462890625e-03 3.130465745925903320e-03 3.170162439346313477e-03 3.177791833877563477e-03 3.150075674057006836e-03 3.164082765579223633e-03
8.188234437059598303e-01 -3.645747900009155273e-03 -3.638803958892822266e-03 -3.644645214080810547e-03 -3.665566444396972656e-03 -3.649294376373291016e-03 -3.658145666122436523e-03 -3.661990165710449219e-03 -3.676652908325195312e-03 -3.622561693191528320e-03 -3.657013177871704102e-03
8.252762056913477418e-01 1.375555992126464844e-03 1.356780529022216797e-03 1.356810331344604492e-03 1.354783773422241211e-03 1.344233751296997070e-03 1.367151737213134766e-03 1.364350318908691406e-03 1.354426145553588867e-03 1.353114843368530273e-03 1.339375972747802734e-03
8.317289676767356532e-01 1.354843378067016602e-03 1.374840736389160156e-03 1.360565423965454102e-03 1.358419656753540039e-03 1.371026039123535156e-03 1.365005970001220703e-03 1.372247934341430664e-03 1.383155584335327148e-03 1.359641551971435547e-03 1.350134611129760742e-03
8.381817296621235647e-01 -2.408593893051147461e-03 -2.441167831420898438e-03 -2.405583858489990234e-03 -2.430349588394165039e-03 -2.428859472274780273e-03 -2.427905797958374023e-03 -2.442508935928344727e-03 -2.447456121444702148e-03 -2.423554658889770508e-03 -2.404302358627319336e-03
8.446344916475114761e-01 2.180963754653930664e-03 2.187460660934448242e-03 2.165645360946655273e-03 2.182871103286743164e-03 2.169847488403320312e-03 2.180963754653930664e-03 2.192318439483642578e-03 2.202510833740234375e-03 2.177417278289794922e-03 2.160876989364624023e-03
8.510872536328993876e-01 4.442334175109863281e-04 4.952251911163330078e-04 4.926025867462158203e-04 4.805028438568115234e-04 4.747211933135986328e-04 4.841983318328857422e-04 4.597604274749755859e-04 4.727244377136230469e-04 4.846453666687011719e-04 4.889070987701416016e-04
8.575400156182872990e-01 -2.134054899215698242e-03 -2.144545316696166992e-03 -2.120316028594970703e-03 -2.121329307556152344e-03 -2.123087644577026367e-03 -2.134233713150024414e-03 -2.135336399078369141e-03 -2.145081758499145508e-03 -2.115756273269653320e-03 -2.113342285156250000e-03
8.639927776036752105e-01 1.421123743057250977e-03 1.420170068740844727e-03 1.418173313140869141e-03 1.425504684448242188e-03 1.431554555892944336e-03 1.430898904800415039e-03 1.432538032531738281e-03 1.429110765457153320e-03 1.403689384460449219e-03 1.412957906723022461e-03
8.704455395890630109e-01 -3.083646297454833984e-04 -3.072023391723632812e-04 -3.039836883544921875e-04 -3.315210342407226562e-04 -3.208518028259277344e-04 -3.102719783782958984e-04 -2.991557121276855469e-04 -3.104805946350097656e-04 -3.077387809753417969e-04 -2.936720848083496094e-04
8.768983015744509224e-01 -8.803606033325195312e-04 -8.957684040069580078e-04 -9.104013442993164062e-04 -8.971095085144042969e-04 -9.062290191650390625e-04 -8.993744850158691406e-04 -8.997023105621337891e-04 -9.124279022216796875e-04 -9.126365184783935547e-04 -9.027719497680664062e-04
8.833510635598388339e-01 1.035332679748535156e-03 1.034557819366455078e-03 1.036226749420166016e-03 1.048356294631958008e-03 1.042395830154418945e-03 1.036196947097778320e-03 1.050144433975219727e-03 1.049280166625976562e-03 1.039654016494750977e-03 1.031845808029174805e-03
8.898038255452267453e-01 -5.311071872711181641e-04 -5.266070365905761719e-04 -5.216896533966064453e-04 -5.250573158264160156e-04 -5.089044570922851562e-04 -5.345642566680908203e-04 -5.241334438323974609e-04 -5.468428134918212891e-04 -5.141794681549072266e-04 -5.295574665069580078e-04
8.962565875306146568e-01 -1.239776611328125000e-04 -1.237094402313232422e-04 -1.252591609954833984e-04 -1.159906387329101562e-04 -1.345872879028320312e-04 -1.295208930969238281e-04 -1.290738582611083984e-04 -1.384019851684570312e-04 -1.309812068939208984e-04 -1.165866851806640625e-04
9.027093495160025682e-01 1.665055751800537109e-04 1.680254936218261719e-04 1.683533191680908203e-04 1.775324344635009766e-04 1.898705959320068359e-04 1.748502254486083984e-04 1.682639122009277344e-04 1.951158046722412109e-04 1.770853996276855469e-04 1.727044582366943359e-04
9.091621115013904797e-01 -6.178617477416992188e-04 -6.179511547088623047e-04 -6.022453308105468750e-04 -6.172358989715576172e-04 -6.154477596282958984e-04 -6.275177001953125000e-04 -6.201267242431640625e-04 -6.182789802551269531e-04 -6.173551082611083984e-04 -6.233751773834228516e-04
9.156148734867783912e-01 1.085489988327026367e-03 1.083225011825561523e-03 1.063466072082519531e-03 1.075446605682373047e-03 1.077532768249511719e-03 1.082032918930053711e-03 1.094698905944824219e-03 1.090317964553833008e-03 1.085191965103149414e-03 1.083135604858398438e-03
9.220676354721663026e-01 -5.571842193603515625e-04 -5.410015583038330078e-04 -5.469918251037597656e-04 -5.386173725128173828e-04 -5.320012569427490234e-04 -5.624890327453613281e-04 -5.396306514739990234e-04 -5.341172218322753906e-04 -5.537569522857666016e-04 -5.337595939636230469e-04
9.285203974575542141e-01 -9.421706199645996094e-04 -9.702444076538085938e-04 -9.881556034088134766e-04 -9.838342666625976562e-04 -9.701550006866455078e-04 -9.702742099761962891e-04 -9.787082672119140625e-04 -9.732544422149658203e-04 -9.617507457733154297e-04 -9.857416152954101562e-04
9.349731594429421255e-01 1.435607671737670898e-03 1.426905393600463867e-03 1.440674066543579102e-03 1.425683498382568359e-03 1.429438591003417969e-03 1.432418823242187500e-03 1.434475183486938477e-03 1.442819833755493164e-03 1.426219940185546875e-03 1.428812742233276367e-03
9.414259214283300370e-01 -4.939734935760498047e-04 -4.797577857971191406e-04 -4.723966121673583984e-04 -4.839301109313964844e-04 -4.804730415344238281e-04 -4.842877388000488281e-04 -4.684329032897949219e-04 -4.691779613494873047e-04 -4.654228687286376953e-04 -4.568696022033691406e-04
9.478786834137179484e-01 -1.168280839920043945e-03 -1.168400049209594727e-03 -1.184284687042236328e-03 -1.167237758636474609e-03 -1.169770956039428711e-03 -1.180320978164672852e-03 -1.172631978988647461e-03 -1.181066036224365234e-03 -1.172840595245361328e-03 -1.185923814773559570e-03
9.543314453991058599e-01 1.709043979644775391e-03 1.713305711746215820e-03 1.725375652313232422e-03 1.714438199996948242e-03 1.711010932922363281e-03 1.716524362564086914e-03 1.722812652587890625e-03 1.737534999847412109e-03 1.743555068969726562e-03 1.727104187011718750e-03
9.607842073844936603e-01 -5.375444889068603516e-04 -5.130171775817871094e-04 -5.116462707519531250e-04 -5.110204219818115234e-04 -5.178451538085937500e-04 -5.299448966979980469e-04 -5.194246768951416016e-04 -5.145370960235595703e-04 -5.231499671936035156e-04 -5.138218402862548828e-04
9.672369693698815718e-01 -1.418590545654296875e-03 -1.436740159988403320e-03 -1.441895961761474609e-03 -1.452058553695678711e-03 -1.452803611755371094e-03 -1.432180404663085938e-03 -1.460939645767211914e-03 -1.445442438125610352e-03 -1.443028450012207031e-03 -1.447826623916625977e-03
9.736897313552694833e-01 1.639872789382934570e-03 1.634210348129272461e-03 1.639723777770996094e-03 1.662641763687133789e-03 1.640826463699340820e-03 1.644432544708251953e-03 1.646935939788818359e-03 1.643389463424682617e-03 1.634567975997924805e-03 1.643925905227661133e-03
9.801424933406573947e-01 -2.343952655792236328e-04 -2.143979072570800781e-04 -1.985728740692138672e-04 -2.101063728332519531e-04 -2.195537090301513672e-04 -2.086162567138671875e-04 -2.199113368988037109e-04 -2.153217792510986328e-04 -2.053081989288330078e-04 -1.984238624572753906e-04
9.865952553260453062e-01 -1.324921846389770508e-03 -1.345932483673095703e-03 -1.318514347076416016e-03 -1.327782869338989258e-03 -1.318454742431640625e-03 -1.319497823715209961e-03 -1.327574253082275391e-03 -1.315951347351074219e-03 -1.330435276031494141e-03 -1.328200101852416992e-03
9.930480173114332176e-01 1.231878995895385742e-03 1.241713762283325195e-03 1.229971647262573242e-03 1.231193542480468750e-03 1.234233379364013672e-03 1.238584518432617188e-03 1.229465007781982422e-03 1.241028308868408203e-03 1.227766275405883789e-03 1.219779253005981445e-03
9.995007792968211291e-01 -9.831786155700683594e-05 -9.727478027343750000e-05 -9.164214134216308594e-05 -1.070201396942138672e-04 -8.842349052429199219e-05 -1.029670238494873047e-04 -9.322166442871093750e-05 -1.013576984405517578e-04 -8.481740951538085938e-05 -9.080767631530761719e-05
1.005953541282209152e+00 -9.494423866271972656e-04 -9.533762931823730469e-04 -9.559690952301025391e-04 -9.501874446868896484e-04 -9.469985961914062500e-04 -9.444355964660644531e-04 -9.469091892242431641e-04 -9.454488754272460938e-04 -9.473562240600585938e-04 -9.499192237854003906e-04
1.012406303267596952e+00 5.992949008941650391e-04 5.811154842376708984e-04 5.898773670196533203e-04 5.780458450317382812e-04 5.849599838256835938e-04 5.881488323211669922e-04 5.769431591033935547e-04 5.961358547210693359e-04 5.717277526855468750e-04 5.792379379272460938e-04
1.018859065252984752e+00 3.532469272613525391e-04 3.685951232910156250e-04 3.754198551177978516e-04 3.525912761688232422e-04 3.621876239776611328e-04 3.677010536193847656e-04 3.783404827117919922e-04 3.607571125030517578e-04 3.778934478759765625e-04 3.686547279357910156e-04
1.025311827238372775e+00 -7.553994655609130859e-04 -7.593929767608642578e-04 -7.545053958892822266e-04 -7.365942001342773438e-04 -7.482767105102539062e-04 -7.493793964385986328e-04 -7.446706295013427734e-04 -7.431507110595703125e-04 -7.426440715789794922e-04 -7.694363594055175781e-04
1.031764589223760797e+00 1.083314418792724609e-04 9.167194366455078125e-05 9.956955909729003906e-05 9.328126907348632812e-05 8.383393287658691406e-05 9.837746620178222656e-05 9.310245513916015625e-05 1.066625118255615234e-04 9.241700172424316406e-05 9.244680404663085938e-05
1.038217351209148598e+00 3.843009471893310547e-04 3.829002380371093750e-04 3.845393657684326172e-04 3.865957260131835938e-04 3.871917724609375000e-04 3.822743892669677734e-04 3.782808780670166016e-04 3.800988197326660156e-04 3.842413425445556641e-04 3.831088542938232422e-04
1.044670113194536398e+00 -4.026293754577636719e-05 -3.078579902648925781e-05 -4.589557647705078125e-05 -3.033876419067382812e-05 -2.741813659667968750e-05 -3.406405448913574219e-05 -2.834200859069824219e-05 -3.251433372497558594e-05 -2.685189247131347656e-05 -2.560019493103027344e-05
1.051122875179924421e+00 -1.459717750549316406e-04 -1.451671123504638672e-04 -1.476407051086425781e-04 -1.456141471862792969e-04 -1.428127288818359375e-04 -1.337528228759765625e-04 -1.507401466369628906e-04 -1.351535320281982422e-04 -1.433193683624267578e-04 -1.387894153594970703e-04
1.057575637165312221e+00 -1.410543918609619141e-04 -1.415312290191650391e-04 -1.449584960937500000e-04 -1.401901245117187500e-04 -1.366734504699707031e-04 -1.375079154968261719e-04 -1.484751701354980469e-04 -1.417100429534912109e-04 -1.439452171325683594e-04 -1.488327980041503906e-04
1.064028399150700022e+00 1.815855503082275391e-04 1.778602600097656250e-04 1.796782016754150391e-04 1.682043075561523438e-04 1.767277717590332031e-04 1.800060272216796875e-04 1.812577247619628906e-04 1.818239688873291016e-04 1.749694347381591797e-04 1.738071441650390625e-04
1.070481161136088044e+00 -9.623169898986816406e-05 -8.422136306762695312e-05 -7.975101470947265625e-05 -7.164478302001953125e-05 -7.817149162292480469e-05 -7.748603820800781250e-05 -7.718801498413085938e-05 -7.036328315734863281e-05 -7.236003875732421875e-05 -6.937980651855468750e-05
1.076933923121476067e+00 -7.149577140808105469e-05 -6.440281867980957031e-05 -6.765127182006835938e-05 -6.401538848876953125e-05 -5.686283111572265625e-05 -6.076693534851074219e-05 -6.324052810668945312e-05 -6.377696990966796875e-05 -5.885958671569824219e-05 -5.680322647094726562e-05
1.083386685106863867e+00 2.962648868560791016e-04 2.783238887786865234e-04 2.712607383728027344e-04 2.641081809997558594e-04 2.736747264862060547e-04 2.730488777160644531e-04 2.680122852325439453e-04 2.659559249877929688e-04 2.671182155609130859e-04 2.683401107788085938e-04
1.089839447092251667e+00 -2.086162567138671875e-04 -1.977980136871337891e-04 -2.066493034362792969e-04 -2.070069313049316406e-04 -2.097487449645996094e-04 -2.066195011138916016e-04 -2.004504203796386719e-04 -2.010762691497802734e-04 -1.997351646423339844e-04 -2.152025699615478516e-04
1.096292209077639690e+00 -2.761483192443847656e-04 -2.849698066711425781e-04 -2.955198287963867188e-04 -2.746284008026123047e-04 -2.841353416442871094e-04 -2.844631671905517578e-04 -2.843141555786132812e-04 -2.901256084442138672e-04 -2.912282943725585938e-04 -2.853870391845703125e-04
1.102744971063027712e+00 1.531839370727539062e-04 1.429319381713867188e-04 1.283288002014160156e-04 1.456439495086669922e-04 1.437067985534667969e-04 1.328289508819580078e-04 1.367926597595214844e-04 1.487731933593750000e-04 1.269876956939697266e-04 1.221001148223876953e-04
1.109197733048415513e+00 1.208186149597167969e-04 1.178383827209472656e-04 1.206696033477783203e-04 1.210868358612060547e-04 1.295506954193115234e-04 1.264810562133789062e-04 1.222789287567138672e-04 1.359879970550537109e-04 1.263022422790527344e-04 1.378953456878662109e-04
1.115650495033803313e+00 -7.558465003967285156e-04 -7.752180099487304688e-04 -7.708072662353515625e-04 -7.604360580444335938e-04 -7.610321044921875000e-04 -7.734596729278564453e-04 -7.687807083129882812e-04 -7.761120796203613281e-04 -7.681250572204589844e-04 -7.699429988861083984e-04
1.122103257019191336e+00 1.016855239868164062e-04 9.119510650634765625e-05 1.017451286315917969e-04 7.823109626770019531e-05 8.654594421386718750e-05 8.526444435119628906e-05 8.273124694824218750e-05 9.515881538391113281e-05 9.462237358093261719e-05 9.325146675109863281e-05
1.128556019004579358e+00 4.433989524841308594e-04 4.506111145019531250e-04 4.529058933258056641e-04 4.530847072601318359e-04 4.450976848602294922e-04 4.400610923767089844e-04 4.533529281616210938e-04 4.520118236541748047e-04 4.400312900543212891e-04 4.611313343048095703e-04
1.135008780989967159e+00 -6.004273891448974609e-04 -5.919635295867919922e-04 -5.766451358795166016e-04 -6.057024002075195312e-04 -5.929768085479736328e-04 -5.990564823150634766e-04 -6.007850170135498047e-04 -6.062984466552734375e-04 -5.954205989837646484e-04 -5.874633789062500000e-04
1.141461542975354959e+00 -1.302063465118408203e-04 -1.339018344879150391e-04 -1.290738582611083984e-04 -1.218616962432861328e-04 -1.431107521057128906e-04 -1.330375671386718750e-04 -1.325309276580810547e-04 -1.368522644042968750e-04 -1.330971717834472656e-04 -1.256465911865234375e-04
1.147914304960742982e+00 4.847943782806396484e-04 4.899501800537109375e-04 4.880130290985107422e-04 4.726648330688476562e-04 4.676580429077148438e-04 4.824697971343994141e-04 4.907250404357910156e-04 4.935264587402343750e-04 4.764497280120849609e-04 4.774332046508789062e-04
1.154367066946130782e+00 -1.469850540161132812e-04 -1.454949378967285156e-04 -1.504123210906982422e-04 -1.337230205535888672e-04 -1.423060894012451172e-04 -1.477599143981933594e-04 -1.477599143981933594e-04 -1.420676708221435547e-04 -1.367032527923583984e-04 -1.482665538787841797e-04
1.160819828931518582e+00 -2.649724483489990234e-04 -2.675950527191162109e-04 -2.624392509460449219e-04 -2.628266811370849609e-04 -2.599656581878662109e-04 -2.606511116027832031e-04 -2.629160881042480469e-04 -2.636015415191650391e-04 -2.626776695251464844e-04 -2.600848674774169922e-04
1.167272590916906605e+00 2.661049365997314453e-04 2.645850181579589844e-04 2.608001232147216797e-04 2.636909484863281250e-04 2.676248550415039062e-04 2.691745758056640625e-04 2.611577510833740234e-04 2.607703208923339844e-04 2.703666687011718750e-04 2.477765083312988281e-04
1.173725352902294627e+00 6.631016731262207031e-05 7.003545761108398438e-05 6.878376007080078125e-05 5.954504013061523438e-05 7.477402687072753906e-05 6.911158561706542969e-05 6.932020187377929688e-05 7.244944572448730469e-05 7.161498069763183594e-05 6.917119026184082031e-05
1.180178114887682428e+00 -3.365278244018554688e-04 -3.268718719482421875e-04 -3.293156623840332031e-04 -3.100931644439697266e-04 -3.164112567901611328e-04 -3.205835819244384766e-04 -3.305971622467041016e-04 -3.371536731719970703e-04 -3.332495689392089844e-04 -3.217458724975585938e-04
1.186630876873070450e+00 6.380677223205566406e-05 7.596611976623535156e-05 7.534027099609375000e-05 6.747245788574218750e-05 7.489323616027832031e-05 6.800889968872070312e-05 7.846951484680175781e-05 6.744265556335449219e-05 7.492303848266601562e-05 6.669759750366210938e-05
1.193083638858458251e+00 4.128217697143554688e-04 4.083812236785888672e-04 4.205107688903808594e-04 4.164576530456542969e-04 4.060268402099609375e-04 4.196763038635253906e-04 4.129707813262939453e-04 4.158318042755126953e-04 4.115998744964599609e-04 4.225671291351318359e-04
1.199536400843846051e+00 -1.114904880523681641e-04 -1.044273376464843750e-04 -1.251101493835449219e-04 -1.043379306793212891e-04 -1.156926155090332031e-04 -1.164376735687255859e-04 -1.079142093658447266e-04 -1.148879528045654297e-04 -1.157522201538085938e-04 -1.116693019866943359e-04
1.205989162829234074e+00 -2.733469009399414062e-04 -2.655088901519775391e-04 -2.754628658294677734e-04 -2.630054950714111328e-04 -2.734661102294921875e-04 -2.695620059967041016e-04 -2.779364585876464844e-04 -2.800226211547851562e-04 -2.759993076324462891e-04 -2.702772617340087891e-04
1.212441924814621874e+00 3.239810466766357422e-04 3.263056278228759766e-04 3.291368484497070312e-04 3.190338611602783203e-04 3.226995468139648438e-04 3.235638141632080078e-04 3.298521041870117188e-04 3.333687782287597656e-04 3.276765346527099609e-04 3.162920475006103516e-04
1.218894686800009897e+00 2.196729183197021484e-04 2.137720584869384766e-04 2.201199531555175781e-04 2.183616161346435547e-04 2.144277095794677734e-04 2.211332321166992188e-04 2.206563949584960938e-04 2.259016036987304688e-04 2.103149890899658203e-04 2.222359180450439453e-04
1.225347448785397697e+00 -3.620088100433349609e-04 -3.615617752075195312e-04 -3.608167171478271484e-04 -3.593564033508300781e-04 -3.507137298583984375e-04 -3.652870655059814453e-04 -3.639161586761474609e-04 -3.513097763061523438e-04 -3.625750541687011719e-04 -3.658235073089599609e-04
1.231800210770785720e+00 2.220571041107177734e-04 2.073943614959716797e-04 2.118945121765136719e-04 2.140700817108154297e-04 2.104640007019042969e-04 2.199709415435791016e-04 2.046525478363037109e-04 2.274215221405029297e-04 2.088844776153564453e-04 2.118647098541259766e-04
1.238252972756173520e+00 2.771914005279541016e-04 2.725422382354736328e-04 2.788305282592773438e-04 2.757906913757324219e-04 2.759993076324462891e-04 2.756714820861816406e-04 2.923011779785156250e-04 2.728998661041259766e-04 2.734959125518798828e-04 2.790689468383789062e-04
1.244705734741561542e+00 -3.191232681274414062e-04 -3.265738487243652344e-04 -3.266036510467529297e-04 -3.327131271362304688e-04 -3.252625465393066406e-04 -3.170371055603027344e-04 -3.331899642944335938e-04 -3.257691860198974609e-04 -3.280937671661376953e-04 -3.326237201690673828e-04
1.251158496726949343e+00 -1.224279403686523438e-04 -1.156628131866455078e-04 -1.171827316284179688e-04 -1.196265220642089844e-04 -1.207888126373291016e-04 -1.179873943328857422e-04 -1.190006732940673828e-04 -1.154541969299316406e-04 -1.254379749298095703e-04 -1.231431961059570312e-04
1.257611258712337365e+00 4.280209541320800781e-04 4.405379295349121094e-04 4.331171512603759766e-04 4.261136054992675781e-04 4.430711269378662109e-04 4.329681396484375000e-04 4.405975341796875000e-04 4.438161849975585938e-04 4.266202449798583984e-04 4.351735115051269531e-04
1.264064020697725166e+00 -1.585781574249267578e-04 -1.473724842071533203e-04 -1.477301120758056641e-04 -1.547038555145263672e-04 -1.667737960815429688e-04 -1.655519008636474609e-04 -1.465380191802978516e-04 -1.575648784637451172e-04 -1.540184020996093750e-04 -1.505017280578613281e-04
1.270516782683113188e+00 -4.121065139770507812e-04 -4.085302352905273438e-04 -4.167258739471435547e-04 -4.027485847473144531e-04 -4.191696643829345703e-04 -3.979802131652832031e-04 -4.068911075592041016e-04 -4.172325134277343750e-04 -4.124045372009277344e-04 -4.168152809143066406e-04
1.276969544668500989e+00 3.928244113922119141e-04 3.835260868072509766e-04 3.871917724609375000e-04 3.951787948608398438e-04 3.874003887176513672e-04 3.881752490997314453e-04 3.902316093444824219e-04 3.926157951354980469e-04 4.053711891174316406e-04 3.951489925384521484e-04
1.283422306653888789e+00 6.416440010070800781e-05 8.395314216613769531e-05 7.539987564086914062e-05 8.037686347961425781e-05 7.626414299011230469e-05 5.111098289489746094e-05 8.627772331237792969e-05 7.635354995727539062e-05 7.718801498413085938e-05 7.447600364685058594e-05
1.289875068639276812e+00 -4.387497901916503906e-04 -4.445612430572509766e-04 -4.492104053497314453e-04 -4.438161849975585938e-04 -4.406571388244628906e-04 -4.501938819885253906e-04 -4.533827304840087891e-04 -4.430711269378662109e-04 -4.485249519348144531e-04 -4.408359527587890625e-04
1.296327830624664612e+00 3.068149089813232422e-04 2.942085266113281250e-04 3.016591072082519531e-04 2.987980842590332031e-04 2.972781658172607422e-04 2.982914447784423828e-04 3.098845481872558594e-04 2.867579460144042969e-04 3.147423267364501953e-04 2.880692481994628906e-04
1.302780592610052635e+00 1.378655433654785156e-04 1.555681228637695312e-04 1.466572284698486328e-04 1.396536827087402344e-04 1.454353332519531250e-04 1.356005668640136719e-04 1.289248466491699219e-04 1.407563686370849609e-04 1.443624496459960938e-04 1.392960548400878906e-04
1.309233354595440435e+00 -4.283487796783447266e-04 -4.333555698394775391e-04 -4.304051399230957031e-04 -4.285573959350585938e-04 -4.226565361022949219e-04 -4.378557205200195312e-04 -4.415214061737060547e-04 -4.290640354156494141e-04 -4.246532917022705078e-04 -4.258155822753906250e-04
1.315686116580828458e+00 2.499520778656005859e-04 2.467632293701171875e-04 2.600848674774169922e-04 2.519488334655761719e-04 2.713203430175781250e-04 2.499222755432128906e-04 2.543628215789794922e-04 2.576410770416259766e-04 2.517700195312500000e-04 2.471208572387695312e-04
1.322138878566216258e+00 1.909434795379638672e-04 1.856088638305664062e-04 1.889169216156005859e-04 1.819431781768798828e-04 1.870095729827880859e-04 1.918971538543701172e-04 1.838505268096923828e-04 1.835227012634277344e-04 1.921653747558593750e-04 1.878142356872558594e-04
1.328591640551604280e+00 -3.011524677276611328e-04 -2.855658531188964844e-04 -2.889931201934814453e-04 -2.919137477874755859e-04 -2.950429916381835938e-04 -2.840161323547363281e-04 -2.845227718353271484e-04 -2.929568290710449219e-04 -2.873837947845458984e-04 -2.909600734710693359e-04
1.335044402536992081e+00 5.671381950378417969e-05 6.598234176635742188e-05 6.893277168273925781e-05 4.595518112182617188e-05 5.933642387390136719e-05 6.398558616638183594e-05 5.584955215454101562e-05 6.702542304992675781e-05 5.844235420227050781e-05 5.471706390380859375e-05
1.341497164522380103e+00 1.204609870910644531e-04 1.288056373596191406e-04 1.200139522552490234e-04 1.235902309417724609e-04 1.277029514312744141e-04 1.364052295684814453e-04 1.319646835327148438e-04 1.406669616699218750e-04 1.291036605834960938e-04 1.344084739685058594e-04
1.347949926507767904e+00 -5.149841308593750000e-05 -6.356835365295410156e-05 -6.368756294250488281e-05 -4.723668098449707031e-05 -5.018711090087890625e-05 -4.899501800537109375e-05 -6.157159805297851562e-05 -4.753470420837402344e-05 -7.432699203491210938e-05 -6.380677223205566406e-05
1.354402688493155926e+00 6.651878356933593750e-05 5.915760993957519531e-05 7.209181785583496094e-05 6.949901580810546875e-05 5.137920379638671875e-05 5.736947059631347656e-05 7.155537605285644531e-05 6.687641143798828125e-05 6.598234176635742188e-05 7.250905036926269531e-05
1.360855450478543727e+00 -5.447864532470703125e-05 -6.160140037536621094e-05 -3.698468208312988281e-05 -4.827976226806640625e-05 -5.191564559936523438e-05 -4.354119300842285156e-05 -5.334615707397460938e-05 -3.483891487121582031e-05 -5.298852920532226562e-05 -6.276369094848632812e-05
1.367308212463931749e+00 -1.570284366607666016e-04 -1.595616340637207031e-04 -1.876354217529296875e-04 -1.633167266845703125e-04 -1.630187034606933594e-04 -1.646280288696289062e-04 -1.557171344757080078e-04 -1.636743545532226562e-04 -1.623928546905517578e-04 -1.685619354248046875e-04
1.373760974449319550e+00 4.765391349792480469e-05 4.687905311584472656e-05 4.976987838745117188e-05 5.012750625610351562e-05 5.307793617248535156e-05 4.708766937255859375e-05 5.781650543212890625e-05 5.298852920532226562e-05 5.435943603515625000e-05 5.033612251281738281e-05
1.380213736434707350e+00 -1.092851161956787109e-04 -1.212954521179199219e-04 -1.226961612701416016e-04 -1.154541969299316406e-04 -1.207590103149414062e-04 -1.333653926849365234e-04 -1.159906387329101562e-04 -1.251101493835449219e-04 -1.210272312164306641e-04 -1.235604286193847656e-04
1.386666498420095373e+00 7.680058479309082031e-05 6.389617919921875000e-05 6.395578384399414062e-05 6.961822509765625000e-05 6.437301635742187500e-05 6.678700447082519531e-05 7.295608520507812500e-05 6.917119026184082031e-05 6.702542304992675781e-05 6.350874900817871094e-05
1.393119260405483173e+00 2.292394638061523438e-04 2.277791500091552734e-04 2.280771732330322266e-04 2.334415912628173828e-04 2.205669879913330078e-04 2.278685569763183594e-04 2.132058143615722656e-04 2.273619174957275391e-04 2.311170101165771484e-04 2.237856388092041016e-04
1.399572022390871195e+00 -3.097057342529296875e-04 -3.109872341156005859e-04 -3.197491168975830078e-04 -3.161132335662841797e-04 -3.175437450408935547e-04 -3.207623958587646484e-04 -3.252029418945312500e-04 -3.182291984558105469e-04 -3.200471401214599609e-04 -3.131031990051269531e-04
1.406024784376258996e+00 1.226067543029785156e-04 1.325905323028564453e-04 1.221001148223876953e-04 1.350641250610351562e-04 1.371204853057861328e-04 1.317262649536132812e-04 1.326203346252441406e-04 1.227557659149169922e-04 1.200139522552490234e-04 1.280009746551513672e-04
1.412477546361647018e+00 7.063150405883789062e-06 8.732080459594726562e-06 1.379847526550292969e-05 1.102685928344726562e-06 1.382827758789062500e-05 7.897615432739257812e-06 2.187490463256835938e-05 2.029538154602050781e-05 9.596347808837890625e-06 8.314847946166992188e-06
1.418930308347034819e+00 -1.376569271087646484e-04 -1.327991485595703125e-04 -1.380443572998046875e-04 -1.356303691864013672e-04 -1.233220100402832031e-04 -1.353323459625244141e-04 -1.340508460998535156e-04 -1.330971717834472656e-04 -1.312792301177978516e-04 -1.387298107147216797e-04
1.425383070332422841e+00 1.919865608215332031e-04 1.937150955200195312e-04 1.845359802246093750e-04 1.885294914245605469e-04 1.992881298065185547e-04 1.863241195678710938e-04 1.880526542663574219e-04 2.005398273468017578e-04 1.954734325408935547e-04 2.075135707855224609e-04
1.431835832317810642e+00 5.066394805908203125e-05 4.884600639343261719e-05 5.486607551574707031e-05 4.613399505615234375e-05 3.620982170104980469e-05 4.702806472778320312e-05 4.702806472778320312e-05 4.985928535461425781e-05 5.221366882324218750e-05 5.197525024414062500e-05
1.438288594303198664e+00 -3.114342689514160156e-04 -3.055632114410400391e-04 -3.187358379364013672e-04 -3.074109554290771484e-04 -3.092885017395019531e-04 -3.170967102050781250e-04 -3.146827220916748047e-04 -3.103613853454589844e-04 -3.081262111663818359e-04 -3.103911876678466797e-04
1.444741356288586465e+00 1.404285430908203125e-04 1.353025436401367188e-04 1.277029514312744141e-04 1.324415206909179688e-04 1.187622547149658203e-04 1.404583454132080078e-04 1.408755779266357422e-04 1.280307769775390625e-04 1.354515552520751953e-04 1.383423805236816406e-04
1.451194118273974487e+00 1.532435417175292969e-04 1.638233661651611328e-04 1.716613769531250000e-04 1.733303070068359375e-04 1.583993434906005859e-04 1.698434352874755859e-04 1.678466796875000000e-04 1.681149005889892578e-04 1.661181449890136719e-04 1.668334007263183594e-04
1.457646880259362288e+00 -6.914138793945312500e-05 -6.183981895446777344e-05 -6.201863288879394531e-05 -7.316470146179199219e-05 -7.584691047668457031e-05 -5.874037742614746094e-05 -6.744265556335449219e-05 -6.818771362304687500e-05 -7.054209709167480469e-05 -6.636977195739746094e-05
1.464099642244750310e+00 2.319812774658203125e-04 2.403557300567626953e-04 2.300739288330078125e-04 2.395212650299072266e-04 2.391934394836425781e-04 2.441704273223876953e-04 2.189576625823974609e-04 2.375841140747070312e-04 2.338886260986328125e-04 2.413690090179443359e-04
1.470552404230138110e+00 -8.895993232727050781e-05 -8.746981620788574219e-05 -8.463859558105468750e-05 -9.363889694213867188e-05 -8.457899093627929688e-05 -8.073449134826660156e-05 -8.928775787353515625e-05 -9.250640869140625000e-05 -8.019804954528808594e-05 -8.812546730041503906e-05
1.477005166215525911e+00 -6.520748138427734375e-05 -5.328655242919921875e-05 -6.136298179626464844e-05 -6.249547004699707031e-05 -7.048249244689941406e-05 -5.656480789184570312e-05 -6.502866744995117188e-05 -7.510185241699218750e-05 -4.914402961730957031e-05 -7.507205009460449219e-05
1.483457928200913933e+00 1.329481601715087891e-04 1.408159732818603516e-04 1.256465911865234375e-04 1.386702060699462891e-04 1.427829265594482422e-04 1.445412635803222656e-04 1.414716243743896484e-04 1.408159732818603516e-04 1.397430896759033203e-04 1.354813575744628906e-04
1.489910690186301734e+00 -1.068115234375000000e-04 -1.192092895507812500e-04 -1.102387905120849609e-04 -1.123845577239990234e-04 -1.141726970672607422e-04 -1.097917556762695312e-04 -1.111328601837158203e-04 -1.076161861419677734e-04 -1.163482666015625000e-04 -1.114010810852050781e-04
1.496363452171689756e+00 -6.407499313354492188e-06 -9.417533874511718750e-06 -2.038478851318359375e-05 -2.384185791015625000e-07 -1.126527786254882812e-05 -8.940696716308593750e-08 -7.629394531250000000e-06 -9.149312973022460938e-06 -9.745359420776367188e-06 -1.588463783264160156e-05
1.502816214157077557e+00 1.364946365356445312e-04 1.376867294311523438e-04 1.428723335266113281e-04 1.398921012878417969e-04 1.411437988281250000e-04 1.430213451385498047e-04 1.304745674133300781e-04 1.417100429534912109e-04 1.326501369476318359e-04 1.382529735565185547e-04
1.509268976142465579e+00 -2.053678035736083984e-04 -1.891255378723144531e-04 -2.010464668273925781e-04 -2.063810825347900391e-04 -1.940727233886718750e-04 -2.088248729705810547e-04 -2.057850360870361328e-04 -2.082884311676025391e-04 -2.134442329406738281e-04 -2.077221870422363281e-04
1.515721738127853380e+00 4.959106445312500000e-05 6.428360939025878906e-05 3.877282142639160156e-05 5.280971527099609375e-05 5.641579627990722656e-05 5.286931991577148438e-05 6.040930747985839844e-05 6.040930747985839844e-05 4.622340202331542969e-05 6.794929504394531250e-05
1.522174500113241402e+00 2.237558364868164062e-04 2.296268939971923828e-04 2.331137657165527344e-04 2.311468124389648438e-04 2.290904521942138672e-04 2.270936965942382812e-04 2.195835113525390625e-04 2.251863479614257812e-04 2.248287200927734375e-04 2.270638942718505859e-04
1.528627262098629203e+00 -2.574920654296875000e-04 -2.568662166595458984e-04 -2.553164958953857422e-04 -2.601742744445800781e-04 -2.499818801879882812e-04 -2.565383911132812500e-04 -2.476871013641357422e-04 -2.408623695373535156e-04 -2.565085887908935547e-04 -2.634525299072265625e-04
1.535080024084017225e+00 4.491209983825683594e-05 4.193186759948730469e-05 4.228949546813964844e-05 3.513693809509277344e-05 3.510713577270507812e-05 4.690885543823242188e-05 4.732608795166015625e-05 3.775954246520996094e-05 4.062056541442871094e-05 2.729892730712890625e-05
1.541532786069405025e+00 1.370906829833984375e-04 1.344680786132812500e-04 1.593232154846191406e-04 1.442730426788330078e-04 1.455247402191162109e-04 1.344978809356689453e-04 1.418888568878173828e-04 1.364350318908691406e-04 1.504421234130859375e-04 1.532435417175292969e-04
1.547985548054793048e+00 -2.291500568389892578e-04 -2.420246601104736328e-04 -2.399682998657226562e-04 -2.464056015014648438e-04 -2.448856830596923828e-04 -2.299547195434570312e-04 -2.298355102539062500e-04 -2.271533012390136719e-04 -2.381205558776855469e-04 -2.293884754180908203e-04
1.554438310040180848e+00 4.586577415466308594e-05 3.772974014282226562e-05 4.142522811889648438e-05 4.056096076965332031e-05 4.014372825622558594e-05 4.759430885314941406e-05 4.792213439941406250e-05 4.407763481140136719e-05 3.737211227416992188e-05 3.960728645324707031e-05
1.560891072025568649e+00 1.986026763916015625e-04 2.114474773406982422e-04 2.088546752929687500e-04 2.113282680511474609e-04 2.095997333526611328e-04 2.084672451019287109e-04 2.051293849945068359e-04 2.013742923736572266e-04 2.101361751556396484e-04 2.011060714721679688e-04
1.567343834010956671e+00 -2.700686454772949219e-04 -2.798140048980712891e-04 -2.548694610595703125e-04 -2.678334712982177734e-04 -2.557039260864257812e-04 -2.653002738952636719e-04 -2.623498439788818359e-04 -2.618134021759033203e-04 -2.503991127014160156e-04 -2.701878547668457031e-04
1.573796595996344472e+00 2.443790435791015625e-05 1.043081283569335938e-05 2.828240394592285156e-05 2.294778823852539062e-05 8.165836334228515625e-06 1.531839370727539062e-05 2.083182334899902344e-05 1.716613769531250000e-05 2.238154411315917969e-05 2.101063728332519531e-05
1.580249357981732494e+00 1.685917377471923828e-04 1.676380634307861328e-04 1.741945743560791016e-04 1.693069934844970703e-04 1.739859580993652344e-04 1.709163188934326172e-04 1.615583896636962891e-04 1.738965511322021484e-04 1.661777496337890625e-04 1.717209815979003906e-04
1.586702119967120295e+00 -2.157390117645263672e-04 -2.175271511077880859e-04 -2.160072326660156250e-04 -2.153217792510986328e-04 -2.158880233764648438e-04 -2.152919769287109375e-04 -2.101957798004150391e-04 -2.195537090301513672e-04 -2.215206623077392578e-04 -2.104938030242919922e-04
1.593154881952508317e+00 4.187226295471191406e-05 4.094839096069335938e-05 5.340576171875000000e-05 5.793571472167968750e-05 5.283951759338378906e-05 4.616379737854003906e-05 4.902482032775878906e-05 4.342198371887207031e-05 5.209445953369140625e-05 4.547834396362304688e-05
1.599607643937896118e+00 1.493990421295166016e-04 1.344382762908935547e-04 1.643598079681396484e-04 1.508295536041259766e-04 1.370012760162353516e-04 1.584589481353759766e-04 1.425743103027343750e-04 1.455247402191162109e-04 1.538991928100585938e-04 1.493990421295166016e-04
1.606060405923284140e+00 -1.656413078308105469e-04 -1.734793186187744141e-04 -1.576244831085205078e-04 -1.678764820098876953e-04 -1.621842384338378906e-04 -1.615285873413085938e-04 -1.709759235382080078e-04 -1.614093780517578125e-04 -1.656413078308105469e-04 -1.741647720336914062e-04
1.612513167908671941e+00 2.694129943847656250e-05 3.618001937866210938e-05 2.595782279968261719e-05 2.670288085937500000e-05 3.141164779663085938e-05 3.880262374877929688e-05 4.291534423828125000e-05 2.703070640563964844e-05 4.178285598754882812e-05 4.354119300842285156e-05
1.618965929894059963e+00 5.957484245300292969e-05 5.492568016052246094e-05 5.245208740234375000e-05 4.878640174865722656e-05 5.635619163513183594e-05 5.406141281127929688e-05 5.888938903808593750e-05 5.215406417846679688e-05 5.087256431579589844e-05 5.048513412475585938e-05
1.625418691879447763e+00 -1.143217086791992188e-04 -1.030266284942626953e-04 -1.178979873657226562e-04 -1.054406166076660156e-04 -9.891390800476074219e-05 -1.139342784881591797e-04 -1.256167888641357422e-04 -1.122951507568359375e-04 -1.040697097778320312e-04 -1.091957092285156250e-04
1.631871453864835786e+00 2.059340476989746094e-05 1.782178878784179688e-05 2.628564834594726562e-05 3.474950790405273438e-05 3.033876419067382812e-05 1.877546310424804688e-05 1.612305641174316406e-05 3.337860107421875000e-05 2.425909042358398438e-05 3.519654273986816406e-05
1.638324215850223586e+00 4.562735557556152344e-05 6.043910980224609375e-05 5.754828453063964844e-05 5.021691322326660156e-05 4.556775093078613281e-05 5.000829696655273438e-05 5.826354026794433594e-05 4.228949546813964844e-05 4.532933235168457031e-05 3.999471664428710938e-05
1.644776977835611609e+00 -8.350610733032226562e-05 -8.246302604675292969e-05 -8.523464202880859375e-05 -7.408857345581054688e-05 -8.457899093627929688e-05 -8.538365364074707031e-05 -7.459521293640136719e-05 -7.823109626770019531e-05 -6.788969039916992188e-05 -8.094310760498046875e-05
1.651229739820999409e+00 4.664063453674316406e-05 4.443526268005371094e-05 3.272294998168945312e-05 3.027915954589843750e-05 4.619359970092773438e-05 5.108118057250976562e-05 3.826618194580078125e-05 3.871321678161621094e-05 4.428625106811523438e-05 3.847479820251464844e-05
1.657682501806387210e+00 6.109476089477539062e-05 7.560849189758300781e-05 6.252527236938476562e-05 6.711483001708984375e-05 5.918741226196289062e-05 5.707144737243652344e-05 6.005167961120605469e-05 6.145238876342773438e-05 6.219744682312011719e-05 6.470084190368652344e-05
1.664135263791775232e+00 -4.243850708007812500e-05 -4.899501800537109375e-05 -5.236268043518066406e-05 -5.283951759338378906e-05 -6.747245788574218750e-05 -6.490945816040039062e-05 -4.494190216064453125e-05 -5.412101745605468750e-05 -5.656480789184570312e-05 -5.927681922912597656e-05
1.670588025777163033e+00 -2.247095108032226562e-05 -1.379847526550292969e-05 -8.046627044677734375e-07 -2.384185791015625000e-06 -9.596347808837890625e-06 -1.311302185058593750e-05 -1.031160354614257812e-05 -7.569789886474609375e-06 -1.609325408935546875e-06 -1.379847526550292969e-05
1.677040787762551055e+00 -3.194808959960937500e-05 -4.017353057861328125e-05 -3.588199615478515625e-05 -2.872943878173828125e-05 -3.719329833984375000e-05 -3.910064697265625000e-05 -3.230571746826171875e-05 -9.447336196899414062e-06 -3.647804260253906250e-05 -3.045797348022460938e-05
1.683493549747938856e+00 -3.939867019653320312e-05 -2.211332321166992188e-05 -3.302097320556640625e-05 -2.509355545043945312e-05 -3.069639205932617188e-05 -3.707408905029296875e-05 -3.483891487121582031e-05 -2.914667129516601562e-05 -3.537535667419433594e-05 -3.701448440551757812e-05
1.689946311733326878e+00 1.902580261230468750e-04 1.779794692993164062e-04 1.818239688873291016e-04 1.794397830963134766e-04 1.644194126129150391e-04 1.722276210784912109e-04 1.771152019500732422e-04 1.762509346008300781e-04 1.890957355499267578e-04 1.780986785888671875e-04
1.696399073718714678e+00 3.767013549804687500e-05 4.184246063232421875e-05 4.437565803527832031e-05 3.388524055480957031e-05 5.173683166503906250e-05 3.561377525329589844e-05 4.011392593383789062e-05 3.141164779663085938e-05 4.586577415466308594e-05 3.364682197570800781e-05
1.702851835704102701e+00 -1.500844955444335938e-04 -1.707077026367187500e-04 -1.626908779144287109e-04 -1.609921455383300781e-04 -1.596212387084960938e-04 -1.596510410308837891e-04 -1.644194126129150391e-04 -1.601278781890869141e-04 -1.578629016876220703e-04 -1.693367958068847656e-04
1.709304597689490501e+00 4.816055297851562500e-05 5.233287811279296875e-05 5.751848220825195312e-05 4.234910011291503906e-05 4.521012306213378906e-05 3.799796104431152344e-05 5.149841308593750000e-05 4.526972770690917969e-05 5.117058753967285156e-05 5.498528480529785156e-05
1.715757359674878524e+00 2.792477607727050781e-05 1.630187034606933594e-05 2.318620681762695312e-05 -2.980232238769531250e-07 1.654028892517089844e-05 1.823902130126953125e-05 5.036592483520507812e-06 -4.768371582031250000e-07 5.066394805908203125e-06 2.264976501464843750e-05
1.722210121660266324e+00 -8.097290992736816406e-05 -9.250640869140625000e-05 -7.641315460205078125e-05 -7.259845733642578125e-05 -7.510185241699218750e-05 -7.545948028564453125e-05 -7.390975952148437500e-05 -7.560849189758300781e-05 -9.498000144958496094e-05 -6.744265556335449219e-05
1.728662883645654347e+00 3.606081008911132812e-05 2.732872962951660156e-05 2.130866050720214844e-05 1.707673072814941406e-05 2.270936965942382812e-05 2.238154411315917969e-05 2.232193946838378906e-05 1.972913742065429688e-05 1.454353332519531250e-05 2.178549766540527344e-05
1.735115645631042147e+00 3.719329833984375000e-05 3.474950790405273438e-05 4.613399505615234375e-05 4.562735557556152344e-05 4.851818084716796875e-05 4.860758781433105469e-05 4.312396049499511719e-05 3.981590270996093750e-05 5.123019218444824219e-05 3.707408905029296875e-05
1.741568407616429948e+00 -3.767013549804687500e-05 -4.303455352783203125e-05 -4.273653030395507812e-05 -3.477931022644042969e-05 -5.513429641723632812e-05 -4.991888999938964844e-05 -5.516409873962402344e-05 -4.035234451293945312e-05 -5.185604095458984375e-05 -4.959106445312500000e-05
1.748021169601817970e+00 2.586841583251953125e-05 2.583861351013183594e-05 3.448128700256347656e-05 3.266334533691406250e-05 2.011656761169433594e-05 2.872943878173828125e-05 9.894371032714843750e-06 2.485513687133789062e-05 3.334879875183105469e-05 3.156065940856933594e-05
1.754473931587205771e+00 1.038014888763427734e-04 1.105666160583496094e-04 1.080930233001708984e-04 9.417533874511718750e-05 1.055300235748291016e-04 1.086294651031494141e-04 9.956955909729003906e-05 9.259581565856933594e-05 1.133680343627929688e-04 1.007914543151855469e-04
1.760926693572593793e+00 -2.434849739074707031e-05 -3.957748413085937500e-05 -2.720952033996582031e-05 -1.838803291320800781e-05 -1.978874206542968750e-05 -1.683831214904785156e-05 -2.259016036987304688e-05 -2.443790435791015625e-05 -3.466010093688964844e-05 -3.442168235778808594e-05
1.767379455557981593e+00 2.503395080566406250e-05 2.571940422058105469e-05 2.065300941467285156e-05 1.785159111022949219e-05 2.315640449523925781e-05 1.630187034606933594e-05 2.408027648925781250e-05 2.858042716979980469e-05 1.680850982666015625e-05 2.217292785644531250e-05
1.773832217543369616e+00 8.773803710937500000e-05 8.147954940795898438e-05 8.285045623779296875e-05 7.447600364685058594e-05 7.736682891845703125e-05 6.780028343200683594e-05 8.821487426757812500e-05 7.724761962890625000e-05 8.377432823181152344e-05 8.350610733032226562e-05
1.780284979528757416e+00 -3.287196159362792969e-05 -3.010034561157226562e-05 -4.798173904418945312e-05 -3.415346145629882812e-05 -3.543496131896972656e-05 -2.905726432800292969e-05 -3.409385681152343750e-05 -3.299117088317871094e-05 -3.728270530700683594e-05 -2.756714820861816406e-05
1.786737741514145439e+00 -9.533762931823730469e-05 -8.860230445861816406e-05 -9.283423423767089844e-05 -9.965896606445312500e-05 -9.679794311523437500e-05 -8.901953697204589844e-05 -9.262561798095703125e-05 -9.304285049438476562e-05 -9.876489639282226562e-05 -8.809566497802734375e-05
1.793190503499533239e+00 7.244944572448730469e-05 6.917119026184082031e-05 7.706880569458007812e-05 7.832050323486328125e-05 6.809830665588378906e-05 7.727742195129394531e-05 6.896257400512695312e-05 8.136034011840820312e-05 8.141994476318359375e-05 7.846951484680175781e-05
1.799643265484921262e+00 9.146332740783691406e-05 8.845329284667968750e-05 8.168816566467285156e-05 8.669495582580566406e-05 8.967518806457519531e-05 8.577108383178710938e-05 7.686018943786621094e-05 9.310245513916015625e-05 8.735060691833496094e-05 8.535385131835937500e-05
1.806096027470309062e+00 -4.345178604125976562e-05 -3.820657730102539062e-05 -3.939867019653320312e-05 -2.974271774291992188e-05 -3.328919410705566406e-05 -3.585219383239746094e-05 -3.063678741455078125e-05 -3.373622894287109375e-05 -3.427267074584960938e-05 -3.391504287719726562e-05
1.812548789455697085e+00 9.375810623168945312e-05 8.103251457214355469e-05 9.760260581970214844e-05 8.299946784973144531e-05 9.310245513916015625e-05 9.855628013610839844e-05 9.804964065551757812e-05 1.019537448883056641e-04 8.496642112731933594e-05 9.423494338989257812e-05
1.819001551441084885e+00 4.023313522338867188e-06 1.066923141479492188e-05 -3.039836883544921875e-06 2.318620681762695312e-05 1.743435859680175781e-05 1.442432403564453125e-05 9.387731552124023438e-06 4.768371582031250000e-07 9.655952453613281250e-06 9.447336196899414062e-06
1.825454313426472908e+00 -1.085698604583740234e-04 -1.122653484344482422e-04 -1.198053359985351562e-04 -1.156032085418701172e-04 -1.119971275329589844e-04 -1.124143600463867188e-04 -1.032650470733642578e-04 -1.097321510314941406e-04 -1.069903373718261719e-04 -1.153945922851562500e-04
1.831907075411860708e+00 6.735324859619140625e-05 6.362795829772949219e-05 6.318092346191406250e-05 6.675720214843750000e-05 5.677342414855957031e-05 6.544589996337890625e-05 6.929039955139160156e-05 6.714463233947753906e-05 7.078051567077636719e-05 6.756186485290527344e-05
1.838359837397248508e+00 2.780556678771972656e-05 3.036856651306152344e-05 3.468990325927734375e-05 3.382563591003417969e-05 2.494454383850097656e-05 2.983212471008300781e-05 3.650784492492675781e-05 3.501772880554199219e-05 3.552436828613281250e-05 1.803040504455566406e-05
1.844812599382636531e+00 -1.080036163330078125e-04 -1.002848148345947266e-04 -9.626150131225585938e-05 -9.340047836303710938e-05 -1.058280467987060547e-04 -9.867548942565917969e-05 -1.000761985778808594e-04 -1.080632209777832031e-04 -9.152293205261230469e-05 -1.031160354614257812e-04
1.851265361368024331e+00 8.851289749145507812e-05 7.209181785583496094e-05 8.088350296020507812e-05 8.451938629150390625e-05 8.940696716308593750e-05 8.979439735412597656e-05 7.990002632141113281e-05 8.466839790344238281e-05 8.395314216613769531e-05 8.517503738403320312e-05
1.857718123353412354e+00 5.120038986206054688e-05 5.060434341430664062e-05 4.392862319946289062e-05 4.649162292480468750e-05 4.798173904418945312e-05 4.348158836364746094e-05 4.735589027404785156e-05 2.950429916381835938e-05 5.027651786804199219e-05 3.981590270996093750e-05
1.864170885338800154e+00 -1.485943794250488281e-04 -1.214146614074707031e-04 -1.299381256103515625e-04 -1.474618911743164062e-04 -1.394450664520263672e-04 -1.388490200042724609e-04 -1.412928104400634766e-04 -1.498460769653320312e-04 -1.370608806610107422e-04 -1.416206359863281250e-04
1.870623647324188177e+00 5.796551704406738281e-05 5.888938903808593750e-05 5.376338958740234375e-05 5.176663398742675781e-05 6.523728370666503906e-05 6.061792373657226562e-05 5.844235420227050781e-05 6.723403930664062500e-05 5.713105201721191406e-05 4.515051841735839844e-05
1.877076409309575977e+00 1.109242439270019531e-04 1.119971275329589844e-04 1.076459884643554688e-04 1.025199890136718750e-04 1.089274883270263672e-04 1.102685928344726562e-04 1.006424427032470703e-04 1.067221164703369141e-04 1.138150691986083984e-04 1.111030578613281250e-04
1.883529171294964000e+00 -2.021789550781250000e-04 -2.084076404571533203e-04 -2.038180828094482422e-04 -2.103745937347412109e-04 -1.956224441528320312e-04 -2.060532569885253906e-04 -2.001523971557617188e-04 -2.104043960571289062e-04 -2.146065235137939453e-04 -2.051889896392822266e-04
1.889981933280351800e+00 4.705786705017089844e-05 4.178285598754882812e-05 3.767013549804687500e-05 4.529953002929687500e-05 3.668665885925292969e-05 3.564357757568359375e-05 3.021955490112304688e-05 2.601742744445800781e-05 4.234910011291503906e-05 3.278255462646484375e-05
1.896434695265739823e+00 1.872479915618896484e-04 1.889467239379882812e-04 1.917779445648193359e-04 1.837313175201416016e-04 1.969337463378906250e-04 1.893639564514160156e-04 1.931488513946533203e-04 1.909434795379638672e-04 1.856982707977294922e-04 1.853704452514648438e-04
1.902887457251127623e+00 -2.322793006896972656e-04 -2.163946628570556641e-04 -2.295672893524169922e-04 -2.201795578002929688e-04 -2.154111862182617188e-04 -2.166330814361572266e-04 -2.256929874420166016e-04 -2.106428146362304688e-04 -2.164542675018310547e-04 -2.239048480987548828e-04
1.909340219236515646e+00 6.785988807678222656e-05 5.680322647094726562e-05 4.586577415466308594e-05 5.936622619628906250e-05 5.355477333068847656e-05 5.817413330078125000e-05 3.486871719360351562e-05 4.786252975463867188e-05 4.908442497253417969e-05 6.210803985595703125e-05
1.915792981221903446e+00 2.333819866180419922e-04 2.410411834716796875e-04 2.583563327789306641e-04 2.526640892028808594e-04 2.437233924865722656e-04 2.447366714477539062e-04 2.467930316925048828e-04 2.501010894775390625e-04 2.587139606475830078e-04 2.555251121520996094e-04
1.922245743207291468e+00 -3.342926502227783203e-04 -3.366172313690185547e-04 -3.294348716735839844e-04 -3.280341625213623047e-04 -3.310143947601318359e-04 -3.405213356018066406e-04 -3.285109996795654297e-04 -3.376305103302001953e-04 -3.346204757690429688e-04 -3.391206264495849609e-04
1.928698505192679269e+00 1.522004604339599609e-04 1.389980316162109375e-04 1.565515995025634766e-04 1.556277275085449219e-04 1.378953456878662109e-04 1.589655876159667969e-04 1.417994499206542969e-04 1.551210880279541016e-04 1.396238803863525391e-04 1.422762870788574219e-04
1.935151267178067069e+00 2.798140048980712891e-04 2.768337726593017578e-04 2.678334712982177734e-04 2.976953983306884766e-04 2.676248550415039062e-04 2.770721912384033203e-04 2.820193767547607422e-04 2.878308296203613281e-04 2.832710742950439453e-04 2.872645854949951172e-04
1.941604029163455092e+00 -3.254115581512451172e-04 -3.279447555541992188e-04 -3.371238708496093750e-04 -3.283023834228515625e-04 -3.156363964080810547e-04 -3.231763839721679688e-04 -3.390014171600341797e-04 -3.293454647064208984e-04 -3.237128257751464844e-04 -3.224611282348632812e-04
1.948056791148842892e+00 1.366138458251953125e-04 1.478195190429687500e-04 1.388788223266601562e-04 1.440346240997314453e-04 1.447796821594238281e-04 1.438558101654052734e-04 1.506507396697998047e-04 1.426935195922851562e-04 1.386702060699462891e-04 1.426041126251220703e-04
1.954509553134230915e+00 1.533031463623046875e-04 1.559853553771972656e-04 1.519918441772460938e-04 1.544654369354248047e-04 1.515150070190429688e-04 1.508593559265136719e-04 1.464188098907470703e-04 1.774728298187255859e-04 1.611113548278808594e-04 1.658499240875244141e-04
1.960962315119618715e+00 -3.248155117034912109e-04 -3.114938735961914062e-04 -3.085136413574218750e-04 -3.073811531066894531e-04 -3.133118152618408203e-04 -3.099143505096435547e-04 -3.149211406707763672e-04 -3.149509429931640625e-04 -3.215670585632324219e-04 -3.060698509216308594e-04
1.967415077105006738e+00 2.425611019134521484e-04 2.245903015136718750e-04 2.250075340270996094e-04 2.308785915374755859e-04 2.264380455017089844e-04 2.240538597106933594e-04 2.311170101165771484e-04 2.271533012390136719e-04 2.153813838958740234e-04 2.199709415435791016e-04
1.973867839090394538e+00 9.492039680480957031e-05 9.948015213012695312e-05 1.006722450256347656e-04 1.059472560882568359e-04 1.066327095031738281e-04 1.129508018493652344e-04 1.167058944702148438e-04 1.077651977539062500e-04 1.000463962554931641e-04 1.187324523925781250e-04
1.980320601075782561e+00 -3.279745578765869141e-04 -3.185570240020751953e-04 -3.264546394348144531e-04 -3.202855587005615234e-04 -3.337562084197998047e-04 -3.246665000915527344e-04 -3.271698951721191406e-04 -3.347694873809814453e-04 -3.289580345153808594e-04 -3.422200679779052734e-04
1.986773363061170361e+00 2.265572547912597656e-04 2.209246158599853516e-04 2.143085002899169922e-04 2.206861972808837891e-04 2.269446849822998047e-04 2.282559871673583984e-04 2.245008945465087891e-04 2.166926860809326172e-04 2.134442329406738281e-04 2.227425575256347656e-04
1.993226125046558384e+00 4.407763481140136719e-05 5.063414573669433594e-05 5.534291267395019531e-05 5.006790161132812500e-05 5.653500556945800781e-05 5.552172660827636719e-05 5.149841308593750000e-05 6.532669067382812500e-05 6.344914436340332031e-05 5.596876144409179688e-05
1.999678887031946184e+00 -1.687705516815185547e-04 -1.808106899261474609e-04 -1.771748065948486328e-04 -1.724958419799804688e-04 -1.814067363739013672e-04 -1.568794250488281250e-04 -1.767575740814208984e-04 -1.740753650665283203e-04 -1.729726791381835938e-04 -1.622438430786132812e-04
2.006131649017333984e+00 3.554821014404296875e-04 3.458261489868164062e-04 3.385841846466064453e-04 3.398954868316650391e-04 3.293454647064208984e-04 3.232657909393310547e-04 3.311634063720703125e-04 3.330409526824951172e-04 3.296732902526855469e-04 3.475844860076904297e-04
