# Range[m] 0 1 2 3 4 5 6 7 8 9
1.800000071525573730e-01 -6.629794836044311523e-03 -6.641477346420288086e-03 -6.624132394790649414e-03 -6.591558456420898438e-03 -6.638705730438232422e-03 -6.584316492080688477e-03 -6.589680910110473633e-03 -6.574600934982299805e-03 -6.580293178558349609e-03 -6.574869155883789062e-03
1.864527691379452845e-01 2.485901117324829102e-03 2.451747655868530273e-03 2.443641424179077148e-03 2.364277839660644531e-03 2.505570650100708008e-03 2.388834953308105469e-03 2.435833215713500977e-03 2.395540475845336914e-03 2.398401498794555664e-03 2.361387014389038086e-03
1.929055311233331682e-01 3.888815641403198242e-03 3.889769315719604492e-03 3.918558359146118164e-03 3.944754600524902344e-03 3.895640373229980469e-03 3.961980342864990234e-03 3.938704729080200195e-03 3.939926624298095703e-03 3.925502300262451172e-03 3.954470157623291016e-03
1.993582931087210797e-01 -5.820512771606445312e-03 -5.784422159194946289e-03 -5.786627531051635742e-03 -5.774110555648803711e-03 -5.803138017654418945e-03 -5.803942680358886719e-03 -5.823671817779541016e-03 -5.776792764663696289e-03 -5.781203508377075195e-03 -5.773276090621948242e-03
2.058110550941089911e-01 3.395438194274902344e-03 3.380030393600463867e-03 3.380805253982543945e-03 3.333300352096557617e-03 3.387749195098876953e-03 3.355026245117187500e-03 3.346651792526245117e-03 3.351688385009765625e-03 3.360658884048461914e-03 3.326922655105590820e-03
2.122638170794968748e-01 1.150816679000854492e-03 1.169592142105102539e-03 1.173943281173706055e-03 1.195341348648071289e-03 1.148700714111328125e-03 1.211702823638916016e-03 1.220762729644775391e-03 1.214832067489624023e-03 1.186549663543701172e-03 1.227587461471557617e-03
2.187165790648847863e-01 -3.559559583663940430e-03 -3.542006015777587891e-03 -3.567993640899658203e-03 -3.557950258255004883e-03 -3.532171249389648438e-03 -3.545671701431274414e-03 -3.558874130249023438e-03 -3.561675548553466797e-03 -3.544390201568603516e-03 -3.555119037628173828e-03
2.251693410502726977e-01 3.417581319808959961e-03 3.416210412979125977e-03 3.411918878555297852e-03 3.398805856704711914e-03 3.410905599594116211e-03 3.406316041946411133e-03 3.403693437576293945e-03 3.392726182937622070e-03 3.392070531845092773e-03 3.390312194824218750e-03
2.316221030356606092e-01 -7.741749286651611328e-04 -7.639825344085693359e-04 -7.481873035430908203e-04 -7.617175579071044922e-04 -7.684230804443359375e-04 -7.515549659729003906e-04 -7.219016551971435547e-04 -7.363855838775634766e-04 -7.525086402893066406e-04 -7.309317588806152344e-04
2.380748650210485207e-01 -1.449167728424072266e-03 -1.447319984436035156e-03 -1.464664936065673828e-03 -1.473933458328247070e-03 -1.451879739761352539e-03 -1.469552516937255859e-03 -1.465648412704467773e-03 -1.482725143432617188e-03 -1.474499702453613281e-03 -1.468509435653686523e-03
2.445276270064364044e-01 1.232326030731201172e-03 1.231133937835693359e-03 1.211255788803100586e-03 1.242041587829589844e-03 1.223981380462646484e-03 1.246005296707153320e-03 1.217365264892578125e-03 1.233369112014770508e-03 1.236706972122192383e-03 1.235246658325195312e-03
2.509803889918242881e-01 1.292824745178222656e-04 1.396834850311279297e-04 1.274943351745605469e-04 1.315176486968994141e-04 1.447200775146484375e-04 1.224875450134277344e-04 1.468956470489501953e-04 1.515448093414306641e-04 1.384317874908447266e-04 1.382827758789062500e-04
2.574331509772121995e-01 -9.225010871887207031e-04 -9.203851222991943359e-04 -8.987784385681152344e-04 -9.364187717437744141e-04 -9.235441684722900391e-04 -9.171664714813232422e-04 -9.050369262695312500e-04 -9.191036224365234375e-04 -9.205937385559082031e-04 -9.196698665618896484e-04
2.638859129626001110e-01 3.525316715240478516e-04 3.558695316314697266e-04 3.322362899780273438e-04 3.527700901031494141e-04 3.468990325927734375e-04 3.428161144256591797e-04 3.262460231781005859e-04 3.368258476257324219e-04 3.464519977569580078e-04 3.360211849212646484e-04
2.703386749479880224e-01 6.769299507141113281e-04 6.737709045410156250e-04 6.965994834899902344e-04 6.745457649230957031e-04 6.794333457946777344e-04 6.853342056274414062e-04 6.907284259796142578e-04 7.134675979614257812e-04 6.986856460571289062e-04 7.028579711914062500e-04
2.767914369333759339e-01 -1.398354768753051758e-03 -1.393675804138183594e-03 -1.384824514389038086e-03 -1.418054103851318359e-03 -1.408040523529052734e-03 -1.409083604812622070e-03 -1.399129629135131836e-03 -1.399964094161987305e-03 -1.410424709320068359e-03 -1.395225524902343750e-03
2.832441989187638454e-01 6.914734840393066406e-04 7.042884826660156250e-04 6.915926933288574219e-04 7.058382034301757812e-04 7.081627845764160156e-04 7.012188434600830078e-04 6.904602050781250000e-04 6.879568099975585938e-04 6.889402866363525391e-04 6.924867630004882812e-04
2.896969609041517568e-01 6.715953350067138672e-04 6.899237632751464844e-04 6.824433803558349609e-04 6.984174251556396484e-04 6.703138351440429688e-04 6.966292858123779297e-04 6.831884384155273438e-04 6.976723670959472656e-04 7.120370864868164062e-04 7.029175758361816406e-04
2.961497228895396683e-01 -1.113831996917724609e-03 -1.142770051956176758e-03 -1.122623682022094727e-03 -1.156955957412719727e-03 -1.132160425186157227e-03 -1.133024692535400391e-03 -1.134991645812988281e-03 -1.125186681747436523e-03 -1.132100820541381836e-03 -1.134485006332397461e-03
3.026024848749275242e-01 6.839632987976074219e-04 6.908774375915527344e-04 6.828904151916503906e-04 6.843507289886474609e-04 6.832778453826904297e-04 6.871521472930908203e-04 6.763339042663574219e-04 6.821751594543457031e-04 6.881952285766601562e-04 6.647706031799316406e-04
3.090552468603154357e-01 2.796053886413574219e-04 2.865195274353027344e-04 2.922415733337402344e-04 3.076195716857910156e-04 2.945661544799804688e-04 3.009140491485595703e-04 2.837479114532470703e-04 2.965629100799560547e-04 3.026127815246582031e-04 3.071129322052001953e-04
3.155080088457033471e-01 -5.444586277008056641e-04 -5.502998828887939453e-04 -5.482137203216552734e-04 -5.631446838378906250e-04 -5.480647087097167969e-04 -5.568265914916992188e-04 -5.347728729248046875e-04 -5.555152893066406250e-04 -5.500018596649169922e-04 -5.496144294738769531e-04
3.219607708310912586e-01 2.550482749938964844e-04 2.572238445281982422e-04 2.663433551788330078e-04 2.485215663909912109e-04 2.602338790893554688e-04 2.558529376983642578e-04 2.521276473999023438e-04 2.506077289581298828e-04 2.572536468505859375e-04 2.472102642059326172e-04
3.284135328164791701e-01 8.010864257812500000e-05 8.067488670349121094e-05 8.559226989746093750e-05 1.031756401062011719e-04 8.019804954528808594e-05 8.469820022583007812e-05 8.562207221984863281e-05 8.207559585571289062e-05 8.040666580200195312e-05 8.168816566467285156e-05
3.348662948018670260e-01 9.244680404663085938e-05 9.310245513916015625e-05 8.594989776611328125e-05 1.000463962554931641e-04 9.652972221374511719e-05 8.335709571838378906e-05 9.602308273315429688e-05 1.026988029479980469e-04 1.058280467987060547e-04 9.992718696594238281e-05
3.413190567872549375e-01 -8.369684219360351562e-04 -8.348524570465087891e-04 -8.117556571960449219e-04 -8.417665958404541016e-04 -8.338987827301025391e-04 -8.412301540374755859e-04 -8.302032947540283203e-04 -8.281767368316650391e-04 -8.322596549987792969e-04 -8.283257484436035156e-04
3.477718187726428489e-01 6.548762321472167969e-04 6.555318832397460938e-04 6.512999534606933594e-04 6.435811519622802734e-04 6.552040576934814453e-04 6.359219551086425781e-04 6.460249423980712891e-04 6.328821182250976562e-04 6.476938724517822266e-04 6.392896175384521484e-04
3.542245807580307604e-01 1.152962446212768555e-03 1.144677400588989258e-03 1.153558492660522461e-03 1.194596290588378906e-03 1.139223575592041016e-03 1.178503036499023438e-03 1.160144805908203125e-03 1.166075468063354492e-03 1.162141561508178711e-03 1.172810792922973633e-03
3.606773427434186718e-01 -3.371000289916992188e-03 -3.377467393875122070e-03 -3.371119499206542969e-03 -3.386944532394409180e-03 -3.382176160812377930e-03 -3.380954265594482422e-03 -3.379106521606445312e-03 -3.371238708496093750e-03 -3.379344940185546875e-03 -3.387004137039184570e-03
3.671301047288065833e-01 2.994596958160400391e-03 3.008931875228881836e-03 3.002852201461791992e-03 2.968341112136840820e-03 3.015279769897460938e-03 2.971380949020385742e-03 2.965092658996582031e-03 2.945512533187866211e-03 2.979546785354614258e-03 2.964049577713012695e-03
3.735828667141944948e-01 -2.824664115905761719e-04 -2.759695053100585938e-04 -2.508759498596191406e-04 -2.254843711853027344e-04 -2.876818180084228516e-04 -2.284348011016845703e-04 -2.195239067077636719e-04 -2.129077911376953125e-04 -2.139210700988769531e-04 -2.001821994781494141e-04
3.800356286995824062e-01 -3.637611865997314453e-03 -3.630369901657104492e-03 -3.675341606140136719e-03 -3.706365823745727539e-03 -3.628939390182495117e-03 -3.700524568557739258e-03 -3.695875406265258789e-03 -3.695219755172729492e-03 -3.682017326354980469e-03 -3.722608089447021484e-03
3.864883906849703177e-01 7.783055305480957031e-03 7.788360118865966797e-03 7.779955863952636719e-03 7.771790027618408203e-03 7.762968540191650391e-03 7.792264223098754883e-03 7.798641920089721680e-03 7.754951715469360352e-03 7.761478424072265625e-03 7.777959108352661133e-03
3.929411526703582291e-01 -5.164533853530883789e-03 -5.146473646163940430e-03 -5.116462707519531250e-03 -5.051881074905395508e-03 -5.169987678527832031e-03 -5.062013864517211914e-03 -5.074709653854370117e-03 -5.058974027633666992e-03 -5.075603723526000977e-03 -5.044162273406982422e-03
3.993939146557460851e-01 -2.103447914123535156e-03 -2.139002084732055664e-03 -2.166092395782470703e-03 -2.247005701065063477e-03 -2.097338438034057617e-03 -2.243548631668090820e-03 -2.249598503112792969e-03 -2.268671989440917969e-03 -2.205431461334228516e-03 -2.273082733154296875e-03
4.058466766411339965e-01 1.048603653907775879e-02 1.048463582992553711e-02 1.050147414207458496e-02 1.053094863891601562e-02 1.048177480697631836e-02 1.052421331405639648e-02 1.055693626403808594e-02 1.056078076362609863e-02 1.050686836242675781e-02 1.055806875228881836e-02
4.122994386265219080e-01 -1.179662346839904785e-02 -1.183581352233886719e-02 -1.177826523780822754e-02 -1.175093650817871094e-02 -1.180782914161682129e-02 -1.173815131187438965e-02 -1.171508431434631348e-02 -1.174029707908630371e-02 -1.177626848220825195e-02 -1.172450184822082520e-02
4.187522006119098195e-01 5.940049886703491211e-03 5.945861339569091797e-03 5.843788385391235352e-03 5.821794271469116211e-03 5.944132804870605469e-03 5.801260471343994141e-03 5.805879831314086914e-03 5.776256322860717773e-03 5.848795175552368164e-03 5.730569362640380859e-03
4.252049625972976754e-01 7.402569055557250977e-03 7.400155067443847656e-03 7.459342479705810547e-03 7.519274950027465820e-03 7.412403821945190430e-03 7.517367601394653320e-03 7.527768611907958984e-03 7.557392120361328125e-03 7.482528686523437500e-03 7.560789585113525391e-03
4.316577245826856424e-01 -1.587128639221191406e-02 -1.585608720779418945e-02 -1.590251922607421875e-02 -1.592540740966796875e-02 -1.583668589591979980e-02 -1.588818430900573730e-02 -1.590177416801452637e-02 -1.590111851692199707e-02 -1.588007807731628418e-02 -1.589682698249816895e-02
4.381104865680734983e-01 1.423999667167663574e-02 1.428714394569396973e-02 1.421821117401123047e-02 1.417994499206542969e-02 1.424181461334228516e-02 1.416379213333129883e-02 1.415243744850158691e-02 1.416844129562377930e-02 1.420778036117553711e-02 1.414802670478820801e-02
4.445632485534614098e-01 -1.476347446441650391e-03 -1.479625701904296875e-03 -1.407861709594726562e-03 -1.344859600067138672e-03 -1.527041196823120117e-03 -1.295149326324462891e-03 -1.268714666366577148e-03 -1.253038644790649414e-03 -1.359403133392333984e-03 -1.260042190551757812e-03
4.510160105388493212e-01 -1.133999228477478027e-02 -1.135993003845214844e-02 -1.142564415931701660e-02 -1.147601008415222168e-02 -1.131290197372436523e-02 -1.141139864921569824e-02 -1.150968670845031738e-02 -1.150804758071899414e-02 -1.144489645957946777e-02 -1.150879263877868652e-02
4.574687725242372327e-01 1.609647274017333984e-02 1.609364151954650879e-02 1.609846949577331543e-02 1.617529988288879395e-02 1.610556244850158691e-02 1.613149046897888184e-02 1.611715555191040039e-02 1.616418361663818359e-02 1.611185073852539062e-02 1.612970232963562012e-02
4.639215345096251442e-01 -1.125687360763549805e-02 -1.126781105995178223e-02 -1.120007038116455078e-02 -1.111859083175659180e-02 -1.121854782104492188e-02 -1.115638017654418945e-02 -1.113751530647277832e-02 -1.108109951019287109e-02 -1.115709543228149414e-02 -1.108890771865844727e-02
4.703742964950130556e-01 -2.552360296249389648e-03 -2.583354711532592773e-03 -2.627581357955932617e-03 -2.775698900222778320e-03 -2.571135759353637695e-03 -2.747058868408203125e-03 -2.726197242736816406e-03 -2.793908119201660156e-03 -2.698779106140136719e-03 -2.792477607727050781e-03
4.768270584804009671e-01 1.231828331947326660e-02 1.232722401618957520e-02 1.235106587409973145e-02 1.241749525070190430e-02 1.227056980133056641e-02 1.241201162338256836e-02 1.238337159156799316e-02 1.240667700767517090e-02 1.239129900932312012e-02 1.245144009590148926e-02
4.832798204657888230e-01 -1.237040758132934570e-02 -1.238363981246948242e-02 -1.236221194267272949e-02 -1.234185695648193359e-02 -1.238247752189636230e-02 -1.235231757164001465e-02 -1.233166456222534180e-02 -1.234272122383117676e-02 -1.234701275825500488e-02 -1.232022047042846680e-02
4.897325824511767345e-01 2.441316843032836914e-03 2.459973096847534180e-03 2.380996942520141602e-03 2.323031425476074219e-03 2.450227737426757812e-03 2.339452505111694336e-03 2.319604158401489258e-03 2.284437417984008789e-03 2.355217933654785156e-03 2.279371023178100586e-03
4.961853444365646459e-01 5.837589502334594727e-03 5.845338106155395508e-03 5.883336067199707031e-03 5.951613187789916992e-03 5.836397409439086914e-03 5.932003259658813477e-03 5.923807621002197266e-03 5.968421697616577148e-03 5.917668342590332031e-03 6.003618240356445312e-03
5.026381064219525019e-01 -1.050841808319091797e-02 -1.051706075668334961e-02 -1.049175858497619629e-02 -1.052480936050415039e-02 -1.051053404808044434e-02 -1.052275300025939941e-02 -1.048851013183593750e-02 -1.050785183906555176e-02 -1.051560044288635254e-02 -1.049876213073730469e-02
5.090908684073405244e-01 5.973964929580688477e-03 5.962282419204711914e-03 5.918025970458984375e-03 5.895227193832397461e-03 5.988419055938720703e-03 5.908638238906860352e-03 5.916863679885864258e-03 5.864709615707397461e-03 5.876779556274414062e-03 5.849033594131469727e-03
5.155436303927283248e-01 1.908242702484130859e-03 1.922458410263061523e-03 1.938998699188232422e-03 1.994103193283081055e-03 1.892447471618652344e-03 1.976847648620605469e-03 2.006113529205322266e-03 2.008706331253051758e-03 1.969873905181884766e-03 2.051085233688354492e-03
5.219963923781163473e-01 -7.842093706130981445e-03 -7.854938507080078125e-03 -7.858753204345703125e-03 -7.881373167037963867e-03 -7.852613925933837891e-03 -7.882773876190185547e-03 -7.864534854888916016e-03 -7.879763841629028320e-03 -7.850944995880126953e-03 -7.881492376327514648e-03
5.284491543635041477e-01 7.098287343978881836e-03 7.101118564605712891e-03 7.121056318283081055e-03 7.077157497406005859e-03 7.113426923751831055e-03 7.087260484695434570e-03 7.060378789901733398e-03 7.038593292236328125e-03 7.078379392623901367e-03 7.054626941680908203e-03
5.349019163488920592e-01 -2.601414918899536133e-03 -2.629190683364868164e-03 -2.559036016464233398e-03 -2.541124820709228516e-03 -2.610266208648681641e-03 -2.545177936553955078e-03 -2.532869577407836914e-03 -2.512633800506591797e-03 -2.540469169616699219e-03 -2.501904964447021484e-03
5.413546783342799706e-01 -4.495143890380859375e-03 -4.502445459365844727e-03 -4.517078399658203125e-03 -4.551410675048828125e-03 -4.501551389694213867e-03 -4.554152488708496094e-03 -4.580050706863403320e-03 -4.574716091156005859e-03 -4.548013210296630859e-03 -4.573762416839599609e-03
5.478074403196678821e-01 6.492406129837036133e-03 6.498157978057861328e-03 6.493479013442993164e-03 6.490558385848999023e-03 6.508111953735351562e-03 6.479293107986450195e-03 6.482750177383422852e-03 6.479382514953613281e-03 6.488889455795288086e-03 6.496876478195190430e-03
5.542602023050557936e-01 -3.463774919509887695e-03 -3.463655710220336914e-03 -3.444343805313110352e-03 -3.404945135116577148e-03 -3.480970859527587891e-03 -3.431200981140136719e-03 -3.416717052459716797e-03 -3.401041030883789062e-03 -3.420472145080566406e-03 -3.393590450286865234e-03
5.607129642904437050e-01 -2.056866884231567383e-03 -2.024829387664794922e-03 -2.073913812637329102e-03 -2.089262008666992188e-03 -2.032577991485595703e-03 -2.087563276290893555e-03 -2.090603113174438477e-03 -2.103537321090698242e-03 -2.074509859085083008e-03 -2.111732959747314453e-03
5.671657262758316165e-01 5.062937736511230469e-03 5.092680454254150391e-03 5.070626735687255859e-03 5.096048116683959961e-03 5.070626735687255859e-03 5.062967538833618164e-03 5.074381828308105469e-03 5.086958408355712891e-03 5.067676305770874023e-03 5.070060491561889648e-03
5.736184882612194169e-01 -4.039496183395385742e-03 -4.024296998977661133e-03 -4.004538059234619141e-03 -3.997743129730224609e-03 -4.032343626022338867e-03 -3.993898630142211914e-03 -4.003822803497314453e-03 -3.994315862655639648e-03 -4.004359245300292969e-03 -3.985285758972167969e-03
5.800712502466074394e-01 2.482533454895019531e-04 2.318024635314941406e-04 2.254843711853027344e-04 1.946687698364257812e-04 2.500712871551513672e-04 1.995265483856201172e-04 2.094507217407226562e-04 1.918077468872070312e-04 2.254247665405273438e-04 1.815855503082275391e-04
5.865240122319952398e-01 2.907902002334594727e-03 2.882927656173706055e-03 2.901196479797363281e-03 2.936124801635742188e-03 2.888292074203491211e-03 2.932041883468627930e-03 2.935528755187988281e-03 2.919584512710571289e-03 2.905070781707763672e-03 2.926528453826904297e-03
5.929767742173832623e-01 -3.705829381942749023e-03 -3.701835870742797852e-03 -3.694325685501098633e-03 -3.696233034133911133e-03 -3.698408603668212891e-03 -3.707647323608398438e-03 -3.687173128128051758e-03 -3.698617219924926758e-03 -3.697127103805541992e-03 -3.701806068420410156e-03
5.994295362027710627e-01 1.182913780212402344e-03 1.192003488540649414e-03 1.173704862594604492e-03 1.161009073257446289e-03 1.199364662170410156e-03 1.147359609603881836e-03 1.156240701675415039e-03 1.142024993896484375e-03 1.169621944427490234e-03 1.152992248535156250e-03
6.058822981881590852e-01 1.408785581588745117e-03 1.410603523254394531e-03 1.414716243743896484e-03 1.437395811080932617e-03 1.417160034179687500e-03 1.430571079254150391e-03 1.435250043869018555e-03 1.442939043045043945e-03 1.423180103302001953e-03 1.444846391677856445e-03
6.123350601735468857e-01 -2.353161573410034180e-03 -2.338945865631103516e-03 -2.345323562622070312e-03 -2.365291118621826172e-03 -2.330332994461059570e-03 -2.356112003326416016e-03 -2.344816923141479492e-03 -2.332091331481933594e-03 -2.337604761123657227e-03 -2.350270748138427734e-03
6.187878221589347971e-01 1.468032598495483398e-03 1.461803913116455078e-03 1.467913389205932617e-03 1.463830471038818359e-03 1.463383436203002930e-03 1.455187797546386719e-03 1.453906297683715820e-03 1.456826925277709961e-03 1.457720994949340820e-03 1.451075077056884766e-03
6.252405841443227086e-01 4.231035709381103516e-04 4.337430000305175781e-04 4.310309886932373047e-04 4.371404647827148438e-04 4.211068153381347656e-04 4.474818706512451172e-04 4.379451274871826172e-04 4.596710205078125000e-04 4.357099533081054688e-04 4.556775093078613281e-04
6.316933461297106200e-01 -1.599609851837158203e-03 -1.601815223693847656e-03 -1.591861248016357422e-03 -1.609653234481811523e-03 -1.599699258804321289e-03 -1.610308885574340820e-03 -1.604437828063964844e-03 -1.621603965759277344e-03 -1.595109701156616211e-03 -1.614630222320556641e-03
6.381461081150985315e-01 1.632779836654663086e-03 1.633852720260620117e-03 1.631766557693481445e-03 1.621633768081665039e-03 1.639783382415771484e-03 1.610904932022094727e-03 1.620799303054809570e-03 1.615703105926513672e-03 1.616567373275756836e-03 1.618236303329467773e-03
6.445988701004864430e-01 -1.069903373718261719e-05 -2.121925354003906250e-05 5.960464477539062500e-08 6.586313247680664062e-06 -2.023577690124511719e-05 -5.751848220825195312e-06 -2.413988113403320312e-06 5.513429641723632812e-06 -1.040101051330566406e-05 4.768371582031250000e-07
6.510516320858743544e-01 -1.021027565002441406e-03 -1.010179519653320312e-03 -1.013964414596557617e-03 -1.033991575241088867e-03 -1.002371311187744141e-03 -1.026719808578491211e-03 -1.034677028656005859e-03 -1.028448343276977539e-03 -1.032263040542602539e-03 -1.034647226333618164e-03
6.575043940712622659e-01 1.276075839996337891e-03 1.278907060623168945e-03 1.302599906921386719e-03 1.288354396820068359e-03 1.296907663345336914e-03 1.287162303924560547e-03 1.283347606658935547e-03 1.285791397094726562e-03 1.269668340682983398e-03 1.278907060623168945e-03
6.639571560566501773e-01 -5.984902381896972656e-04 -5.985796451568603516e-04 -5.874335765838623047e-04 -5.865097045898437500e-04 -5.967915058135986328e-04 -5.964636802673339844e-04 -5.800426006317138672e-04 -5.742311477661132812e-04 -5.861818790435791016e-04 -5.769133567810058594e-04
6.704099180420379778e-01 -1.773834228515625000e-04 -1.918077468872070312e-04 -1.854300498962402344e-04 -1.865625381469726562e-04 -1.758635044097900391e-04 -1.808702945709228516e-04 -1.938343048095703125e-04 -1.915991306304931641e-04 -1.779198646545410156e-04 -2.036392688751220703e-04
6.768626800274260003e-01 1.024842262268066406e-03 1.003324985504150391e-03 1.027643680572509766e-03 1.030027866363525391e-03 1.020193099975585938e-03 1.034826040267944336e-03 1.032084226608276367e-03 1.032114028930664062e-03 1.026660203933715820e-03 1.024782657623291016e-03
6.833154420128139117e-01 -1.060068607330322266e-03 -1.049935817718505859e-03 -1.055717468261718750e-03 -1.047223806381225586e-03 -1.051753759384155273e-03 -1.042425632476806641e-03 -1.036435365676879883e-03 -1.021623611450195312e-03 -1.029819250106811523e-03 -1.037508249282836914e-03
6.897682039982017121e-01 3.479123115539550781e-04 3.500282764434814453e-04 3.432929515838623047e-04 3.464221954345703125e-04 3.553628921508789062e-04 3.492236137390136719e-04 3.474950790405273438e-04 3.482699394226074219e-04 3.515481948852539062e-04 3.488957881927490234e-04
6.962209659835896236e-01 3.680288791656494141e-04 3.797411918640136719e-04 3.761351108551025391e-04 3.721714019775390625e-04 3.597736358642578125e-04 3.740787506103515625e-04 3.738701343536376953e-04 3.621876239776611328e-04 3.840327262878417969e-04 3.758668899536132812e-04
7.026737279689775351e-01 -4.540681838989257812e-04 -4.520118236541748047e-04 -4.567503929138183594e-04 -4.488825798034667969e-04 -4.610121250152587891e-04 -4.564523696899414062e-04 -4.628002643585205078e-04 -4.649758338928222656e-04 -4.456937313079833984e-04 -4.676282405853271484e-04
7.091264899543654465e-01 4.280209541320800781e-04 4.287958145141601562e-04 4.331469535827636719e-04 4.293620586395263672e-04 4.297494888305664062e-04 4.321634769439697266e-04 4.251301288604736328e-04 4.303753376007080078e-04 4.238188266754150391e-04 4.161298274993896484e-04
7.155792519397533580e-01 -1.817941665649414062e-05 -3.415346145629882812e-05 -3.051757812500000000e-05 -1.376867294311523438e-05 -2.610683441162109375e-05 -3.156065940856933594e-05 -2.878904342651367188e-05 -2.086162567138671875e-05 -1.782178878784179688e-05 -1.761317253112792969e-05
7.220320139251412694e-01 -3.848969936370849609e-04 -3.761053085327148438e-04 -3.821253776550292969e-04 -3.751814365386962891e-04 -3.680884838104248047e-04 -3.756880760192871094e-04 -3.781914710998535156e-04 -3.789663314819335938e-04 -3.750920295715332031e-04 -3.763735294342041016e-04
7.284847759105291809e-01 2.863705158233642578e-04 2.879500389099121094e-04 2.875030040740966797e-04 2.855360507965087891e-04 2.917647361755371094e-04 2.867877483367919922e-04 2.943277359008789062e-04 2.747476100921630859e-04 2.832710742950439453e-04 2.971887588500976562e-04
7.349375378959170924e-01 2.364516258239746094e-04 2.242624759674072266e-04 2.366602420806884766e-04 2.375841140747070312e-04 2.390742301940917969e-04 2.407729625701904297e-04 2.380013465881347656e-04 2.284944057464599609e-04 2.346634864807128906e-04 2.213120460510253906e-04
7.413902998813050038e-01 -1.709461212158203125e-04 -1.724660396575927734e-04 -1.772642135620117188e-04 -1.645982265472412109e-04 -1.674890518188476562e-04 -1.778006553649902344e-04 -1.721382141113281250e-04 -1.769661903381347656e-04 -1.611113548278808594e-04 -1.820623874664306641e-04
7.478430618666929153e-01 -3.354251384735107422e-04 -3.210008144378662109e-04 -3.269612789154052734e-04 -3.305971622467041016e-04 -3.186762332916259766e-04 -3.346800804138183594e-04 -3.310739994049072266e-04 -3.296434879302978516e-04 -3.218352794647216797e-04 -3.351867198944091797e-04
7.542958238520808267e-01 8.329749107360839844e-05 9.614229202270507812e-05 8.925795555114746094e-05 7.942318916320800781e-05 8.127093315124511719e-05 8.696317672729492188e-05 8.302927017211914062e-05 9.003281593322753906e-05 8.779764175415039062e-05 9.694695472717285156e-05
7.607485858374687382e-01 -1.440346240997314453e-04 -1.493096351623535156e-04 -1.450181007385253906e-04 -1.563429832458496094e-04 -1.548230648040771484e-04 -1.590251922607421875e-04 -1.525282859802246094e-04 -1.521110534667968750e-04 -1.536011695861816406e-04 -1.479685306549072266e-04
7.672013478228566496e-01 3.970563411712646484e-04 4.004836082458496094e-04 3.772974014282226562e-04 4.027187824249267578e-04 3.988742828369140625e-04 3.844499588012695312e-04 3.937780857086181641e-04 3.916919231414794922e-04 4.025697708129882812e-04 3.894567489624023438e-04
7.736541098082445611e-01 3.031492233276367188e-04 2.959966659545898438e-04 2.856552600860595703e-04 2.974867820739746094e-04 3.011822700500488281e-04 3.044605255126953125e-04 2.936422824859619141e-04 2.939403057098388672e-04 3.112554550170898438e-04 2.978146076202392578e-04
7.801068717936323615e-01 -3.699958324432373047e-04 -3.697574138641357422e-04 -3.724098205566406250e-04 -3.879964351654052734e-04 -3.822147846221923828e-04 -3.842711448669433594e-04 -3.758072853088378906e-04 -3.731846809387207031e-04 -3.677308559417724609e-04 -3.712177276611328125e-04
7.865596337790202730e-01 4.426240921020507812e-04 4.502236843109130859e-04 4.480481147766113281e-04 4.394948482513427734e-04 4.428923130035400391e-04 4.451572895050048828e-04 4.570484161376953125e-04 4.626214504241943359e-04 4.576444625854492188e-04 4.637837409973144531e-04
7.930123957644081845e-01 2.972781658172607422e-04 2.843141555786132812e-04 2.931654453277587891e-04 3.086030483245849609e-04 2.987682819366455078e-04 2.994239330291748047e-04 2.915263175964355469e-04 3.023147583007812500e-04 2.969205379486083984e-04 3.066360950469970703e-04
7.994651577497960959e-01 -2.936124801635742188e-04 -3.037154674530029297e-04 -3.003478050231933594e-04 -2.971291542053222656e-04 -2.862811088562011719e-04 -2.883970737457275391e-04 -2.902746200561523438e-04 -3.031492233276367188e-04 -2.937018871307373047e-04 -2.979338169097900391e-04
8.059179197351840074e-01 -3.671348094940185547e-04 -3.571510314941406250e-04 -3.515779972076416016e-04 -3.607869148254394531e-04 -3.662109375000000000e-04 -3.654062747955322266e-04 -3.651380538940429688e-04 -3.509819507598876953e-04 -3.542602062225341797e-04 -3.577470779418945312e-04
8.123706817205719188e-01 -2.541244029998779297e-04 -2.477169036865234375e-04 -2.551674842834472656e-04 -2.549588680267333984e-04 -2.627074718475341797e-04 -2.488791942596435547e-04 -2.382397651672363281e-04 -2.467334270477294922e-04 -2.312064170837402344e-04 -2.190172672271728516e-04
8.188234437059598303e-01 2.998411655426025391e-04 2.970099449157714844e-04 2.976059913635253906e-04 2.966821193695068359e-04 3.009140491485595703e-04 3.054141998291015625e-04 3.000199794769287109e-04 2.903342247009277344e-04 2.876818180084228516e-04 2.972483634948730469e-04
8.252762056913477418e-01 -2.668201923370361328e-04 -2.732872962951660156e-04 -2.666115760803222656e-04 -2.727210521697998047e-04 -2.616345882415771484e-04 -2.675652503967285156e-04 -2.714395523071289062e-04 -2.690553665161132812e-04 -2.588033676147460938e-04 -2.675652503967285156e-04
8.317289676767356532e-01 -3.064870834350585938e-04 -2.862513065338134766e-04 -2.946853637695312500e-04 -2.868473529815673828e-04 -2.976655960083007812e-04 -3.044307231903076172e-04 -3.040730953216552734e-04 -3.005862236022949219e-04 -2.901852130889892578e-04 -2.965927124023437500e-04
8.381817296621235647e-01 3.423988819122314453e-04 3.484487533569335938e-04 3.358125686645507812e-04 3.507137298583984375e-04 3.407597541809082031e-04 3.455579280853271484e-04 3.323853015899658203e-04 3.480613231658935547e-04 3.452003002166748047e-04 3.296732902526855469e-04
8.446344916475114761e-01 1.465678215026855469e-04 1.527369022369384766e-04 1.467764377593994141e-04 1.516342163085937500e-04 1.454055309295654297e-04 1.507401466369628906e-04 1.473426818847656250e-04 1.352727413177490234e-04 1.425147056579589844e-04 1.505315303802490234e-04
8.510872536328993876e-01 -6.055831909179687500e-05 -6.413459777832031250e-05 -6.106495857238769531e-05 -6.681680679321289062e-05 -6.127357482910156250e-05 -4.279613494873046875e-05 -5.760788917541503906e-05 -6.261467933654785156e-05 -6.505846977233886719e-05 -5.981326103210449219e-05
8.575400156182872990e-01 -1.685917377471923828e-04 -1.712739467620849609e-04 -1.705288887023925781e-04 -1.749396324157714844e-04 -1.690685749053955078e-04 -1.734197139739990234e-04 -1.679062843322753906e-04 -1.700818538665771484e-04 -1.773536205291748047e-04 -1.815557479858398438e-04
8.639927776036752105e-01 4.723668098449707031e-05 5.516409873962402344e-05 5.716085433959960938e-05 4.211068153381347656e-05 4.145503044128417969e-05 5.534291267395019531e-05 5.120038986206054688e-05 4.374980926513671875e-05 5.349516868591308594e-05 4.085898399353027344e-05
8.704455395890630109e-01 -3.649294376373291016e-04 -3.607273101806640625e-04 -3.634095191955566406e-04 -3.551542758941650391e-04 -3.599524497985839844e-04 -3.699660301208496094e-04 -3.629028797149658203e-04 -3.517270088195800781e-04 -3.600716590881347656e-04 -3.568828105926513672e-04
8.768983015744509224e-01 6.508827209472656250e-05 6.636977195739746094e-05 6.505846977233886719e-05 6.225705146789550781e-05 6.964802742004394531e-05 5.516409873962402344e-05 6.186962127685546875e-05 6.395578384399414062e-05 5.337595939636230469e-05 5.933642387390136719e-05
8.833510635598388339e-01 3.973543643951416016e-04 3.984868526458740234e-04 4.023015499114990234e-04 3.957450389862060547e-04 4.003643989562988281e-04 3.996193408966064453e-04 4.027485847473144531e-04 3.916323184967041016e-04 3.995895385742187500e-04 4.053115844726562500e-04
8.898038255452267453e-01 -3.914535045623779297e-04 -3.965198993682861328e-04 -4.031956195831298828e-04 -3.978610038757324219e-04 -3.919899463653564453e-04 -3.946721553802490234e-04 -3.962218761444091797e-04 -3.859400749206542969e-04 -4.050433635711669922e-04 -3.906786441802978516e-04
8.962565875306146568e-01 1.373887062072753906e-04 1.307725906372070312e-04 1.271367073059082031e-04 1.361370086669921875e-04 1.317262649536132812e-04 1.255869865417480469e-04 1.258254051208496094e-04 1.236200332641601562e-04 1.321732997894287109e-04 1.376271247863769531e-04
9.027093495160025682e-01 1.052618026733398438e-04 1.088976860046386719e-04 1.265108585357666016e-04 1.142621040344238281e-04 1.124739646911621094e-04 1.152753829956054688e-04 1.222193241119384766e-04 1.119673252105712891e-04 1.145601272583007812e-04 1.210272312164306641e-04
9.091621115013904797e-01 -3.053843975067138672e-04 -3.090798854827880859e-04 -3.104805946350097656e-04 -3.202259540557861328e-04 -3.035962581634521484e-04 -3.102719783782958984e-04 -3.191530704498291016e-04 -3.122687339782714844e-04 -3.086924552917480469e-04 -3.144145011901855469e-04
9.156148734867783912e-01 5.447268486022949219e-04 5.320310592651367188e-04 5.461275577545166016e-04 5.559921264648437500e-04 5.472600460052490234e-04 5.400180816650390625e-04 5.376636981964111328e-04 5.471110343933105469e-04 5.345940589904785156e-04 5.469024181365966797e-04
9.220676354721663026e-01 -3.823041915893554688e-04 -3.937780857086181641e-04 -3.780126571655273438e-04 -3.931820392608642578e-04 -3.761649131774902344e-04 -3.802776336669921875e-04 -3.749132156372070312e-04 -3.684461116790771484e-04 -3.810822963714599609e-04 -3.676712512969970703e-04
9.285203974575542141e-01 -1.937150955200195312e-04 -2.103447914123535156e-04 -2.008676528930664062e-04 -2.172291278839111328e-04 -2.014935016632080078e-04 -1.932084560394287109e-04 -2.048611640930175781e-04 -2.152919769287109375e-04 -2.146959304809570312e-04 -2.154409885406494141e-04
9.349731594429421255e-01 4.784166812896728516e-04 4.979670047760009766e-04 4.878640174865722656e-04 4.968345165252685547e-04 5.052387714385986328e-04 5.114376544952392578e-04 4.972517490386962891e-04 4.868805408477783203e-04 5.005896091461181641e-04 4.968345165252685547e-04
9.414259214283300370e-01 -4.368126392364501953e-04 -4.448592662811279297e-04 -4.326105117797851562e-04 -4.386901855468750000e-04 -4.422366619110107422e-04 -4.515647888183593750e-04 -4.355013370513916016e-04 -4.435479640960693359e-04 -4.442632198333740234e-04 -4.382133483886718750e-04
9.478786834137179484e-01 1.807510852813720703e-04 1.872777938842773438e-04 1.896321773529052734e-04 1.805126667022705078e-04 1.935362815856933594e-04 1.857876777648925781e-04 1.846849918365478516e-04 1.803934574127197266e-04 1.817643642425537109e-04 1.897513866424560547e-04
9.543314453991058599e-01 2.226233482360839844e-04 2.437531948089599609e-04 2.406537532806396484e-04 2.315342426300048828e-04 2.264082431793212891e-04 2.340674400329589844e-04 2.312958240509033203e-04 2.364814281463623047e-04 2.344548702239990234e-04 2.242922782897949219e-04
9.607842073844936603e-01 -5.690753459930419922e-04 -5.713701248168945312e-04 -5.776882171630859375e-04 -5.724132061004638672e-04 -5.561709403991699219e-04 -5.568265914916992188e-04 -5.649030208587646484e-04 -5.783736705780029297e-04 -5.610883235931396484e-04 -5.659461021423339844e-04
9.672369693698815718e-01 3.011226654052734375e-04 3.078579902648925781e-04 2.960562705993652344e-04 2.928376197814941406e-04 3.061592578887939453e-04 2.982020378112792969e-04 3.053545951843261719e-04 3.075301647186279297e-04 2.892613410949707031e-04 2.946555614471435547e-04
9.736897313552694833e-01 1.151859760284423828e-04 1.065135002136230469e-04 1.074373722076416016e-04 1.063644886016845703e-04 1.123845577239990234e-04 1.115202903747558594e-04 1.143515110015869141e-04 1.105964183807373047e-04 1.169145107269287109e-04 1.148879528045654297e-04
9.801424933406573947e-01 -3.494024276733398438e-04 -3.448128700256347656e-04 -3.565549850463867188e-04 -3.475844860076904297e-04 -3.445148468017578125e-04 -3.499090671539306641e-04 -3.480911254882812500e-04 -3.514885902404785156e-04 -3.550946712493896484e-04 -3.570318222045898438e-04
9.865952553260453062e-01 2.987980842590332031e-04 2.951025962829589844e-04 3.119707107543945312e-04 2.970099449157714844e-04 2.998411655426025391e-04 2.911686897277832031e-04 2.939105033874511719e-04 3.017485141754150391e-04 3.015697002410888672e-04 2.944767475128173828e-04
9.930480173114332176e-01 -1.786053180694580078e-04 -1.632869243621826172e-04 -1.643002033233642578e-04 -1.726448535919189453e-04 -1.718103885650634766e-04 -1.817643642425537109e-04 -1.645386219024658203e-04 -1.628100872039794922e-04 -1.713037490844726562e-04 -1.624524593353271484e-04
9.995007792968211291e-01 -6.884336471557617188e-05 -6.532669067382812500e-05 -7.501244544982910156e-05 -6.896257400512695312e-05 -7.760524749755859375e-05 -7.361173629760742188e-05 -8.845329284667968750e-05 -9.086728096008300781e-05 -8.162856101989746094e-05 -8.192658424377441406e-05
1.005953541282209152e+00 3.081560134887695312e-04 3.010928630828857422e-04 2.978742122650146484e-04 3.075599670410156250e-04 3.106594085693359375e-04 3.137886524200439453e-04 3.036856651306152344e-04 3.039836883544921875e-04 3.064572811126708984e-04 3.130137920379638672e-04
1.012406303267596952e+00 -1.563429832458496094e-04 -1.664459705352783203e-04 -1.577138900756835938e-04 -1.460611820220947266e-04 -1.507997512817382812e-04 -1.571178436279296875e-04 -1.535713672637939453e-04 -1.550614833831787109e-04 -1.455843448638916016e-04 -1.572966575622558594e-04
1.018859065252984752e+00 -4.410743713378906250e-06 -9.715557098388671875e-06 7.420778274536132812e-06 -4.887580871582031250e-06 4.976987838745117188e-06 -5.215406417846679688e-06 1.192092895507812500e-07 3.874301910400390625e-06 -4.917383193969726562e-06 -1.716613769531250000e-05
1.025311827238372775e+00 8.428096771240234375e-05 1.025497913360595703e-04 9.819865226745605469e-05 8.589029312133789062e-05 9.283423423767089844e-05 9.444355964660644531e-05 8.618831634521484375e-05 9.781122207641601562e-05 9.658932685852050781e-05 9.658932685852050781e-05
1.031764589223760797e+00 -9.173154830932617188e-05 -9.086728096008300781e-05 -9.560585021972656250e-05 -9.500980377197265625e-05 -1.003444194793701172e-04 -9.533762931823730469e-05 -1.067519187927246094e-04 -9.891390800476074219e-05 -9.360909461975097656e-05 -1.012384891510009766e-04
1.038217351209148598e+00 1.229345798492431641e-04 1.216530799865722656e-04 1.181662082672119141e-04 1.236498355865478516e-04 1.323223114013671875e-04 1.208186149597167969e-04 1.094043254852294922e-04 1.284778118133544922e-04 1.316368579864501953e-04 1.167953014373779297e-04
1.044670113194536398e+00 1.125931739807128906e-04 1.204907894134521484e-04 1.263320446014404297e-04 1.068115234375000000e-04 1.131296157836914062e-04 1.080930233001708984e-04 1.061558723449707031e-04 1.139640808105468750e-04 1.136660575866699219e-04 1.109838485717773438e-04
1.051122875179924421e+00 -1.603066921234130859e-04 -1.597702503204345703e-04 -1.718103885650634766e-04 -1.714825630187988281e-04 -1.724362373352050781e-04 -1.657009124755859375e-04 -1.685023307800292969e-04 -1.721978187561035156e-04 -1.674890518188476562e-04 -1.800954341888427734e-04
1.057575637165312221e+00 2.622604370117187500e-05 1.913309097290039062e-05 1.493096351623535156e-05 2.488493919372558594e-05 2.130866050720214844e-05 2.133846282958984375e-05 2.026557922363281250e-05 2.190470695495605469e-05 3.179907798767089844e-05 2.932548522949218750e-05
1.064028399150700022e+00 1.461207866668701172e-04 1.407563686370849609e-04 1.517832279205322266e-04 1.460313796997070312e-04 1.570880413055419922e-04 1.425743103027343750e-04 1.312196254730224609e-04 1.362860202789306641e-04 1.419186592102050781e-04 1.385211944580078125e-04
1.070481161136088044e+00 -1.226663589477539062e-04 -1.246929168701171875e-04 -1.235008239746093750e-04 -1.339316368103027344e-04 -1.327097415924072266e-04 -1.149177551269531250e-04 -1.146495342254638672e-04 -1.115500926971435547e-04 -1.243352890014648438e-04 -1.271069049835205078e-04
1.076933923121476067e+00 1.984834671020507812e-05 9.953975677490234375e-06 1.952052116394042969e-05 1.132488250732421875e-05 2.920627593994140625e-06 2.861022949218750000e-06 1.814961433410644531e-05 1.779198646545410156e-05 1.862645149230957031e-05 1.883506774902343750e-05
1.083386685106863867e+00 6.991624832153320312e-05 7.176399230957031250e-05 7.525086402893066406e-05 7.316470146179199219e-05 8.061528205871582031e-05 7.876753807067871094e-05 7.671117782592773438e-05 7.078051567077636719e-05 7.978081703186035156e-05 7.176399230957031250e-05
1.089839447092251667e+00 4.863739013671875000e-05 5.412101745605468750e-05 3.939867019653320312e-05 4.407763481140136719e-05 5.531311035156250000e-05 5.024671554565429688e-05 5.918741226196289062e-05 4.905462265014648438e-05 6.124377250671386719e-05 6.139278411865234375e-05
1.096292209077639690e+00 -6.252527236938476562e-05 -5.975365638732910156e-05 -6.112456321716308594e-05 -7.238984107971191406e-05 -6.285309791564941406e-05 -5.793571472167968750e-05 -6.231665611267089844e-05 -6.920099258422851562e-05 -6.616115570068359375e-05 -5.912780761718750000e-05
1.102744971063027712e+00 -7.879734039306640625e-05 -7.620453834533691406e-05 -8.091330528259277344e-05 -7.855892181396484375e-05 -7.531046867370605469e-05 -6.914138793945312500e-05 -7.212162017822265625e-05 -5.802512168884277344e-05 -7.215142250061035156e-05 -8.064508438110351562e-05
1.109197733048415513e+00 -2.371370792388916016e-04 -2.294480800628662109e-04 -2.346336841583251953e-04 -2.372860908508300781e-04 -2.359151840209960938e-04 -2.275705337524414062e-04 -2.370476722717285156e-04 -2.421736717224121094e-04 -2.301931381225585938e-04 -2.343356609344482422e-04
1.115650495033803313e+00 7.063150405883789062e-06 1.180171966552734375e-05 2.324581146240234375e-06 -9.477138519287109375e-06 3.099441528320312500e-06 4.500150680541992188e-06 -1.013278961181640625e-06 -2.533197402954101562e-06 4.857778549194335938e-06 -1.996755599975585938e-06
1.122103257019191336e+00 -8.538365364074707031e-05 -8.222460746765136719e-05 -8.171796798706054688e-05 -9.644031524658203125e-05 -8.136034011840820312e-05 -8.067488670349121094e-05 -8.553266525268554688e-05 -7.638335227966308594e-05 -5.906820297241210938e-05 -7.078051567077636719e-05
1.128556019004579358e+00 -9.018182754516601562e-05 -8.052587509155273438e-05 -7.683038711547851562e-05 -1.041293144226074219e-04 -9.253621101379394531e-05 -8.469820022583007812e-05 -8.574128150939941406e-05 -9.751319885253906250e-05 -8.392333984375000000e-05 -8.803606033325195312e-05
1.135008780989967159e+00 1.500248908996582031e-04 1.596808433532714844e-04 1.612901687622070312e-04 1.548826694488525391e-04 1.685917377471923828e-04 1.620054244995117188e-04 1.587271690368652344e-04 1.668930053710937500e-04 1.577138900756835938e-04 1.648366451263427734e-04
1.141461542975354959e+00 -1.013278961181640625e-04 -1.008808612823486328e-04 -1.079440116882324219e-04 -1.051127910614013672e-04 -9.045004844665527344e-05 -1.023411750793457031e-04 -1.026988029479980469e-04 -9.769201278686523438e-05 -1.020431518554687500e-04 -1.028478145599365234e-04
1.147914304960742982e+00 1.381337642669677734e-04 1.303255558013916016e-04 1.302659511566162109e-04 1.277327537536621094e-04 1.327991485595703125e-04 1.302361488342285156e-04 1.312196254730224609e-04 1.211464405059814453e-04 1.284182071685791016e-04 1.396536827087402344e-04
1.154367066946130782e+00 9.933114051818847656e-05 1.168847084045410156e-04 1.115202903747558594e-04 1.077651977539062500e-04 1.170039176940917969e-04 1.091361045837402344e-04 1.186132431030273438e-04 1.084208488464355469e-04 1.125633716583251953e-04 1.229047775268554688e-04
1.160819828931518582e+00 -2.294480800628662109e-04 -2.122223377227783203e-04 -2.165436744689941406e-04 -2.340078353881835938e-04 -2.307593822479248047e-04 -2.346038818359375000e-04 -2.380013465881347656e-04 -2.255439758300781250e-04 -2.385377883911132812e-04 -2.239346504211425781e-04
1.167272590916906605e+00 2.104640007019042969e-04 2.124309539794921875e-04 1.951754093170166016e-04 2.055764198303222656e-04 2.060830593109130859e-04 2.026557922363281250e-04 2.049207687377929688e-04 2.147257328033447266e-04 2.011954784393310547e-04 2.070665359497070312e-04
1.173725352902294627e+00 -1.437664031982421875e-04 -1.335144042968750000e-04 -1.304745674133300781e-04 -1.460313796997070312e-04 -1.327395439147949219e-04 -1.407265663146972656e-04 -1.316368579864501953e-04 -1.339614391326904297e-04 -1.399219036102294922e-04 -1.325011253356933594e-04
1.180178114887682428e+00 -1.145601272583007812e-04 -1.284182071685791016e-04 -1.365840435028076172e-04 -1.325607299804687500e-04 -1.357495784759521484e-04 -1.283288002014160156e-04 -1.173019409179687500e-04 -1.339316368103027344e-04 -1.320838928222656250e-04 -1.292824745178222656e-04
1.186630876873070450e+00 3.803670406341552734e-04 3.938972949981689453e-04 3.753006458282470703e-04 3.874301910400390625e-04 3.810226917266845703e-04 3.744065761566162109e-04 3.783106803894042969e-04 3.797709941864013672e-04 3.763437271118164062e-04 3.831982612609863281e-04
1.193083638858458251e+00 -2.557337284088134766e-04 -2.629160881042480469e-04 -2.563297748565673828e-04 -2.592802047729492188e-04 -2.533793449401855469e-04 -2.450942993164062500e-04 -2.582669258117675781e-04 -2.471208572387695312e-04 -2.501904964447021484e-04 -2.620518207550048828e-04
1.199536400843846051e+00 9.027123451232910156e-05 8.413195610046386719e-05 8.901953697204589844e-05 1.017749309539794922e-04 9.572505950927734375e-05 8.249282836914062500e-05 7.954239845275878906e-05 7.799267768859863281e-05 9.033083915710449219e-05 7.903575897216796875e-05
1.205989162829234074e+00 1.321732997894287109e-04 1.354515552520751953e-04 1.290440559387207031e-04 1.430213451385498047e-04 1.410245895385742188e-04 1.351237297058105469e-04 1.434385776519775391e-04 1.327097415924072266e-04 1.483261585235595703e-04 1.390576362609863281e-04
1.212441924814621874e+00 -3.253519535064697266e-04 -3.193318843841552734e-04 -3.311932086944580078e-04 -3.398060798645019531e-04 -3.146231174468994141e-04 -3.343820571899414062e-04 -3.256797790527343750e-04 -3.326535224914550781e-04 -3.244578838348388672e-04 -3.313124179840087891e-04
1.218894686800009897e+00 3.071427345275878906e-04 2.987384796142578125e-04 3.015398979187011719e-04 3.086030483245849609e-04 2.959370613098144531e-04 2.962350845336914062e-04 2.819597721099853516e-04 2.933442592620849609e-04 3.027915954589843750e-04 2.939105033874511719e-04
1.225347448785397697e+00 -8.741021156311035156e-05 -8.401274681091308594e-05 -7.638335227966308594e-05 -8.156895637512207031e-05 -7.131695747375488281e-05 -8.243322372436523438e-05 -7.870793342590332031e-05 -7.519125938415527344e-05 -7.680058479309082031e-05 -7.382035255432128906e-05
1.231800210770785720e+00 -1.319646835327148438e-04 -1.459717750549316406e-04 -1.365542411804199219e-04 -1.403987407684326172e-04 -1.376867294311523438e-04 -1.314580440521240234e-04 -1.375377178192138672e-04 -1.458525657653808594e-04 -1.381337642669677734e-04 -1.287460327148437500e-04
1.238252972756173520e+00 2.497732639312744141e-04 2.545118331909179688e-04 2.490878105163574219e-04 2.485811710357666016e-04 2.497732639312744141e-04 2.540647983551025391e-04 2.449452877044677734e-04 2.549290657043457031e-04 2.499818801879882812e-04 2.500116825103759766e-04
1.244705734741561542e+00 -1.941919326782226562e-04 -1.786649227142333984e-04 -1.987814903259277344e-04 -1.849830150604248047e-04 -1.942813396453857422e-04 -1.981258392333984375e-04 -1.971721649169921875e-04 -2.002716064453125000e-04 -1.845955848693847656e-04 -1.961886882781982422e-04
1.251158496726949343e+00 -1.072883605957031250e-06 8.314847946166992188e-06 -2.086162567138671875e-06 -2.264976501464843750e-06 5.245208740234375000e-06 4.112720489501953125e-06 1.206994056701660156e-05 -2.354383468627929688e-06 1.105666160583496094e-05 5.364418029785156250e-07
1.257611258712337365e+00 1.193284988403320312e-04 1.282095909118652344e-04 1.274645328521728516e-04 1.260638236999511719e-04 1.184046268463134766e-04 1.383125782012939453e-04 1.349747180938720703e-04 1.235008239746093750e-04 1.218318939208984375e-04 1.264810562133789062e-04
1.264064020697725166e+00 -1.326799392700195312e-04 -1.330971717834472656e-04 -1.287162303924560547e-04 -1.337230205535888672e-04 -1.399517059326171875e-04 -1.292228698730468750e-04 -1.211166381835937500e-04 -1.263916492462158203e-04 -1.291930675506591797e-04 -1.280009746551513672e-04
1.270516782683113188e+00 6.884336471557617188e-06 -5.364418029785156250e-06 -6.258487701416015625e-06 2.741813659667968750e-06 3.010034561157226562e-06 -2.890825271606445312e-06 8.046627044677734375e-06 3.725290298461914062e-06 2.771615982055664062e-06 5.155801773071289062e-06
1.276969544668500989e+00 4.422664642333984375e-05 6.023049354553222656e-05 5.733966827392578125e-05 6.213784217834472656e-05 4.839897155761718750e-05 5.736947059631347656e-05 5.105137825012207031e-05 6.133317947387695312e-05 6.884336471557617188e-05 5.686283111572265625e-05
1.283422306653888789e+00 -1.621246337890625000e-05 -4.091858863830566406e-05 -3.150105476379394531e-05 -1.993775367736816406e-05 -2.616643905639648438e-05 -3.734230995178222656e-05 -2.443790435791015625e-05 -3.242492675781250000e-05 -2.914667129516601562e-05 -3.227591514587402344e-05
1.289875068639276812e+00 4.875659942626953125e-05 3.501772880554199219e-05 2.500414848327636719e-05 3.361701965332031250e-05 3.546476364135742188e-05 3.230571746826171875e-05 3.913044929504394531e-05 3.525614738464355469e-05 3.907084465026855469e-05 3.004074096679687500e-05
1.296327830624664612e+00 5.325675010681152344e-05 5.784630775451660156e-05 4.538893699645996094e-05 5.581974983215332031e-05 5.704164505004882812e-05 4.917383193969726562e-05 4.845857620239257812e-05 3.504753112792968750e-05 4.619359970092773438e-05 4.917383193969726562e-05
1.302780592610052635e+00 -3.501772880554199219e-05 -4.220008850097656250e-05 -4.628300666809082031e-05 -4.443526268005371094e-05 -2.658367156982421875e-05 -3.439188003540039062e-05 -2.869963645935058594e-05 -2.899765968322753906e-05 -2.646446228027343750e-05 -5.021691322326660156e-05
1.309233354595440435e+00 -4.887580871582031250e-05 -4.523992538452148438e-05 -5.054473876953125000e-05 -4.762411117553710938e-05 -4.771351814270019531e-05 -3.838539123535156250e-05 -5.406141281127929688e-05 -3.978610038757324219e-05 -5.421042442321777344e-05 -4.103779792785644531e-05
1.315686116580828458e+00 9.289383888244628906e-05 9.971857070922851562e-05 1.051723957061767578e-04 9.131431579589843750e-05 9.307265281677246094e-05 9.348988533020019531e-05 9.021162986755371094e-05 1.011192798614501953e-04 9.748339653015136719e-05 9.000301361083984375e-05
1.322138878566216258e+00 -2.431869506835937500e-05 -2.172589302062988281e-05 -1.642107963562011719e-05 -1.063942909240722656e-05 -2.309679985046386719e-05 -1.683831214904785156e-05 -1.892447471618652344e-05 -1.257658004760742188e-05 -2.291798591613769531e-05 -2.685189247131347656e-05
1.328591640551604280e+00 -2.011656761169433594e-05 -2.622604370117187500e-05 -7.390975952148437500e-06 -2.971291542053222656e-05 -1.659989356994628906e-05 -2.309679985046386719e-05 -1.695752143859863281e-05 -2.080202102661132812e-05 -2.798438072204589844e-05 -2.357363700866699219e-05
1.335044402536992081e+00 2.834200859069824219e-05 2.843141555786132812e-05 2.852082252502441406e-05 2.771615982055664062e-05 2.413988113403320312e-05 3.635883331298828125e-05 2.020597457885742188e-05 2.706050872802734375e-05 2.858042716979980469e-05 2.807378768920898438e-05
1.341497164522380103e+00 -4.065036773681640625e-05 -2.995133399963378906e-05 -2.816319465637207031e-05 -3.698468208312988281e-05 -2.110004425048828125e-05 -3.612041473388671875e-05 -3.188848495483398438e-05 -2.932548522949218750e-05 -4.369020462036132812e-05 -4.485249519348144531e-05
1.347949926507767904e+00 6.675720214843750000e-06 -8.255243301391601562e-06 -3.576278686523437500e-06 4.142522811889648438e-06 -4.559755325317382812e-06 5.155801773071289062e-06 5.096197128295898438e-06 -1.239776611328125000e-05 4.172325134277343750e-06 -8.165836334228515625e-06
1.354402688493155926e+00 8.380413055419921875e-05 9.736418724060058594e-05 8.821487426757812500e-05 8.130073547363281250e-05 8.606910705566406250e-05 7.376074790954589844e-05 8.994340896606445312e-05 7.578730583190917969e-05 7.855892181396484375e-05 9.360909461975097656e-05
1.360855450478543727e+00 -9.620189666748046875e-05 -9.596347808837890625e-05 -9.045004844665527344e-05 -9.208917617797851562e-05 -1.020729541778564453e-04 -8.711218833923339844e-05 -8.845329284667968750e-05 -1.062154769897460938e-04 -1.018047332763671875e-04 -1.036822795867919922e-04
1.367308212463931749e+00 -8.782744407653808594e-05 -8.842349052429199219e-05 -9.375810623168945312e-05 -9.691715240478515625e-05 -9.858608245849609375e-05 -1.061260700225830078e-04 -9.012222290039062500e-05 -8.600950241088867188e-05 -8.869171142578125000e-05 -9.661912918090820312e-05
1.373760974449319550e+00 1.356899738311767578e-04 1.401007175445556641e-04 1.408457756042480469e-04 1.333653926849365234e-04 1.329183578491210938e-04 1.306831836700439453e-04 1.343190670013427734e-04 1.292526721954345703e-04 1.339316368103027344e-04 1.381635665893554688e-04
1.380213736434707350e+00 -8.589029312133789062e-05 -7.206201553344726562e-05 -9.390711784362792969e-05 -6.785988807678222656e-05 -7.969141006469726562e-05 -7.680058479309082031e-05 -8.159875869750976562e-05 -7.730722427368164062e-05 -1.040399074554443359e-04 -7.382035255432128906e-05
1.386666498420095373e+00 3.299117088317871094e-05 3.793835639953613281e-05 4.324316978454589844e-05 4.172325134277343750e-05 3.933906555175781250e-05 4.217028617858886719e-05 4.175305366516113281e-05 2.846121788024902344e-05 4.208087921142578125e-05 4.303455352783203125e-05
1.393119260405483173e+00 1.752972602844238281e-04 1.788437366485595703e-04 1.750886440277099609e-04 1.724064350128173828e-04 1.626312732696533203e-04 1.723170280456542969e-04 1.718699932098388672e-04 1.692771911621093750e-04 1.887679100036621094e-04 1.701712608337402344e-04
1.399572022390871195e+00 -1.697838306427001953e-04 -1.642704010009765625e-04 -1.744925975799560547e-04 -1.756548881530761719e-04 -1.800060272216796875e-04 -1.702606678009033203e-04 -1.674592494964599609e-04 -1.670420169830322266e-04 -1.681745052337646484e-04 -1.674890518188476562e-04
1.406024784376258996e+00 1.462996006011962891e-04 1.348257064819335938e-04 1.374483108520507812e-04 1.350045204162597656e-04 1.375675201416015625e-04 1.313388347625732422e-04 1.254379749298095703e-04 1.404881477355957031e-04 1.320242881774902344e-04 1.327395439147949219e-04
1.412477546361647018e+00 2.691149711608886719e-05 2.813339233398437500e-05 2.908706665039062500e-05 2.691149711608886719e-05 2.178549766540527344e-05 3.704428672790527344e-05 3.352761268615722656e-05 3.689527511596679688e-05 2.905726432800292969e-05 3.388524055480957031e-05
1.418930308347034819e+00 -6.389617919921875000e-05 -7.486343383789062500e-05 -7.346272468566894531e-05 -7.581710815429687500e-05 -7.852911949157714844e-05 -6.511807441711425781e-05 -7.891654968261718750e-05 -6.699562072753906250e-05 -7.835030555725097656e-05 -7.113814353942871094e-05
1.425383070332422841e+00 1.245439052581787109e-04 1.340806484222412109e-04 1.308321952819824219e-04 1.319944858551025391e-04 1.223981380462646484e-04 1.181960105895996094e-04 1.166462898254394531e-04 1.280307769775390625e-04 1.226067543029785156e-04 1.324415206909179688e-04
1.431835832317810642e+00 2.625584602355957031e-05 2.497434616088867188e-05 1.701712608337402344e-05 1.928210258483886719e-05 2.127885818481445312e-05 2.610683441162109375e-05 1.022219657897949219e-05 2.959370613098144531e-05 2.342462539672851562e-05 3.093481063842773438e-05
1.438288594303198664e+00 -1.549422740936279297e-04 -1.530647277832031250e-04 -1.671612262725830078e-04 -1.624524593353271484e-04 -1.677572727203369141e-04 -1.628696918487548828e-04 -1.552700996398925781e-04 -1.549422740936279297e-04 -1.591145992279052734e-04 -1.560747623443603516e-04
1.444741356288586465e+00 6.335973739624023438e-05 5.516409873962402344e-05 7.304549217224121094e-05 5.909800529479980469e-05 6.690621376037597656e-05 6.338953971862792969e-05 6.359815597534179688e-05 5.692243576049804688e-05 7.396936416625976562e-05 6.225705146789550781e-05
1.451194118273974487e+00 4.932284355163574219e-05 3.769993782043457031e-05 3.018975257873535156e-05 4.005432128906250000e-05 4.398822784423828125e-05 3.471970558166503906e-05 3.743171691894531250e-05 3.254413604736328125e-05 3.966689109802246094e-05 4.515051841735839844e-05
1.457646880259362288e+00 -5.081295967102050781e-05 -4.670023918151855469e-05 -4.744529724121093750e-05 -5.874037742614746094e-05 -4.947185516357421875e-05 -5.170702934265136719e-05 -4.920363426208496094e-05 -4.264712333679199219e-05 -5.131959915161132812e-05 -4.306435585021972656e-05
1.464099642244750310e+00 9.498000144958496094e-05 1.000165939331054688e-04 9.754300117492675781e-05 9.396672248840332031e-05 9.024143218994140625e-05 9.766221046447753906e-05 1.014471054077148438e-04 9.644031524658203125e-05 8.505582809448242188e-05 1.186430454254150391e-04
1.470552404230138110e+00 -5.573034286499023438e-05 -5.245208740234375000e-05 -4.941225051879882812e-05 -4.893541336059570312e-05 -5.477666854858398438e-05 -5.272030830383300781e-05 -4.518032073974609375e-05 -4.503130912780761719e-05 -3.930926322937011719e-05 -5.042552947998046875e-05
1.477005166215525911e+00 -4.610419273376464844e-05 -3.850460052490234375e-05 -4.953145980834960938e-05 -3.647804260253906250e-05 -4.512071609497070312e-05 -5.856156349182128906e-05 -3.781914710998535156e-05 -4.544854164123535156e-05 -5.277991294860839844e-05 -4.971027374267578125e-05
1.483457928200913933e+00 8.788704872131347656e-05 8.040666580200195312e-05 8.115172386169433594e-05 8.928775787353515625e-05 8.535385131835937500e-05 9.110569953918457031e-05 9.140372276306152344e-05 8.711218833923339844e-05 8.478760719299316406e-05 9.334087371826171875e-05
1.489910690186301734e+00 -3.668665885925292969e-05 -2.184510231018066406e-05 -3.927946090698242188e-05 -4.270672798156738281e-05 -3.275275230407714844e-05 -2.747774124145507812e-05 -3.159046173095703125e-05 -3.898143768310546875e-05 -3.942847251892089844e-05 -3.433227539062500000e-05
1.496363452171689756e+00 2.980232238769531250e-07 -8.940696716308593750e-06 7.331371307373046875e-06 -4.887580871582031250e-06 -4.380941390991210938e-06 4.023313522338867188e-06 1.192092895507812500e-06 -2.592802047729492188e-06 9.626150131225585938e-06 2.920627593994140625e-06
1.502816214157077557e+00 6.029009819030761719e-05 6.523728370666503906e-05 5.096197128295898438e-05 5.424022674560546875e-05 5.188584327697753906e-05 5.787611007690429688e-05 5.409121513366699219e-05 4.780292510986328125e-05 6.464123725891113281e-05 6.067752838134765625e-05
1.509268976142465579e+00 -6.005167961120605469e-05 -6.112456321716308594e-05 -7.224082946777343750e-05 -6.359815597534179688e-05 -6.127357482910156250e-05 -7.018446922302246094e-05 -6.583333015441894531e-05 -6.625056266784667969e-05 -7.879734039306640625e-05 -7.766485214233398438e-05
1.515721738127853380e+00 1.966953277587890625e-05 1.373887062072753906e-05 2.717971801757812500e-05 1.958012580871582031e-05 2.890825271606445312e-05 1.066923141479492188e-05 2.381205558776855469e-05 2.089142799377441406e-05 2.866983413696289062e-05 2.664327621459960938e-05
1.522174500113241402e+00 5.689263343811035156e-05 4.947185516357421875e-05 6.654858589172363281e-05 5.027651786804199219e-05 4.288554191589355469e-05 5.599856376647949219e-05 4.562735557556152344e-05 6.026029586791992188e-05 5.128979682922363281e-05 4.240870475769042969e-05
1.528627262098629203e+00 -5.179643630981445312e-05 -4.479289054870605469e-05 -3.841519355773925781e-05 -3.418326377868652344e-05 -3.543496131896972656e-05 -3.194808959960937500e-05 -3.468990325927734375e-05 -4.795193672180175781e-05 -4.875659942626953125e-05 -4.282593727111816406e-05
1.535080024084017225e+00 3.510713577270507812e-05 3.334879875183105469e-05 2.324581146240234375e-05 2.509355545043945312e-05 1.451373100280761719e-05 1.919269561767578125e-05 3.710389137268066406e-05 1.686811447143554688e-05 3.206729888916015625e-05 1.096725463867187500e-05
1.541532786069405025e+00 -1.141428947448730469e-05 -8.940696716308593750e-08 -4.291534423828125000e-06 -5.006790161132812500e-06 -1.659989356994628906e-05 -7.450580596923828125e-06 -1.451373100280761719e-05 -2.124905586242675781e-05 -1.725554466247558594e-05 -1.811981201171875000e-05
1.547985548054793048e+00 -2.980232238769531250e-07 -1.636147499084472656e-05 -1.430511474609375000e-05 -1.251697540283203125e-05 -1.367926597595214844e-05 -1.963973045349121094e-05 -1.242756843566894531e-05 -7.420778274536132812e-06 -1.063942909240722656e-05 -2.416968345642089844e-05
1.554438310040180848e+00 2.467632293701171875e-05 2.634525299072265625e-05 1.949071884155273438e-05 3.236532211303710938e-05 2.384185791015625000e-05 2.530217170715332031e-05 2.923607826232910156e-05 3.361701965332031250e-05 2.327561378479003906e-05 4.461407661437988281e-05
1.560891072025568649e+00 4.738569259643554688e-06 -5.632638931274414062e-06 -6.318092346191406250e-06 -7.927417755126953125e-06 2.980232238769531250e-06 6.496906280517578125e-06 2.831220626831054688e-06 -6.467103958129882812e-06 -8.940696716308593750e-07 -5.394220352172851562e-06
1.567343834010956671e+00 -2.610683441162109375e-05 -2.080202102661132812e-05 -2.521276473999023438e-05 -2.521276473999023438e-05 -2.437829971313476562e-05 -2.688169479370117188e-05 -2.130866050720214844e-05 -2.101063728332519531e-05 -3.272294998168945312e-05 -1.698732376098632812e-05
1.573796595996344472e+00 1.227855682373046875e-05 2.363324165344238281e-05 2.324581146240234375e-05 1.657009124755859375e-05 2.267956733703613281e-05 1.999735832214355469e-05 1.370906829833984375e-05 2.428889274597167969e-05 2.005696296691894531e-05 2.276897430419921875e-05
1.580249357981732494e+00 -3.233551979064941406e-05 -2.598762512207031250e-05 -3.558397293090820312e-05 -3.445148468017578125e-05 -3.367662429809570312e-05 -3.001093864440917969e-05 -3.436207771301269531e-05 -3.123283386230468750e-05 -2.759695053100585938e-05 -3.555417060852050781e-05
1.586702119967120295e+00 -6.631016731262207031e-05 -5.322694778442382812e-05 -6.926059722900390625e-05 -5.537271499633789062e-05 -5.558133125305175781e-05 -5.269050598144531250e-05 -5.757808685302734375e-05 -5.713105201721191406e-05 -6.666779518127441406e-05 -4.866719245910644531e-05
1.593154881952508317e+00 8.586049079895019531e-05 9.769201278686523438e-05 8.934736251831054688e-05 9.995698928833007812e-05 8.741021156311035156e-05 1.053810119628906250e-04 9.089708328247070312e-05 9.444355964660644531e-05 9.372830390930175781e-05 9.727478027343750000e-05
1.599607643937896118e+00 -4.971027374267578125e-05 -4.681944847106933594e-05 -4.661083221435546875e-05 -5.036592483520507812e-05 -4.404783248901367188e-05 -4.374980926513671875e-05 -4.771351814270019531e-05 -5.009770393371582031e-05 -5.215406417846679688e-05 -4.848837852478027344e-05
1.606060405923284140e+00 -5.456805229187011719e-05 -4.151463508605957031e-05 -4.798173904418945312e-05 -4.950165748596191406e-05 -4.377961158752441406e-05 -5.814433097839355469e-05 -4.103779792785644531e-05 -4.366040229797363281e-05 -4.535913467407226562e-05 -4.851818084716796875e-05
1.612513167908671941e+00 1.412928104400634766e-04 1.172721385955810547e-04 1.319646835327148438e-04 1.231133937835693359e-04 1.304447650909423828e-04 1.314878463745117188e-04 1.346766948699951172e-04 1.277327537536621094e-04 1.271367073059082031e-04 1.336634159088134766e-04
1.618965929894059963e+00 -1.368224620819091797e-04 -1.371800899505615234e-04 -1.350343227386474609e-04 -1.318156719207763672e-04 -1.496076583862304688e-04 -1.278817653656005859e-04 -1.319050788879394531e-04 -1.238584518432617188e-04 -1.407861709594726562e-04 -1.364648342132568359e-04
1.625418691879447763e+00 4.181265830993652344e-05 5.120038986206054688e-05 5.057454109191894531e-05 5.701184272766113281e-05 4.142522811889648438e-05 5.179643630981445312e-05 3.558397293090820312e-05 4.765391349792480469e-05 5.027651786804199219e-05 5.644559860229492188e-05
1.631871453864835786e+00 9.813904762268066406e-05 9.223818778991699219e-05 1.021325588226318359e-04 1.004040241241455078e-04 9.623169898986816406e-05 1.058280467987060547e-04 9.927153587341308594e-05 9.721517562866210938e-05 1.002550125122070312e-04 9.685754776000976562e-05
1.638324215850223586e+00 -1.796782016754150391e-04 -1.729726791381835938e-04 -1.748502254486083984e-04 -1.768767833709716797e-04 -1.757442951202392578e-04 -1.784563064575195312e-04 -1.719892024993896484e-04 -1.727938652038574219e-04 -1.707375049591064453e-04 -1.899003982543945312e-04
1.644776977835611609e+00 1.426041126251220703e-04 1.400113105773925781e-04 1.460611820220947266e-04 1.377463340759277344e-04 1.410841941833496094e-04 1.412332057952880859e-04 1.392364501953125000e-04 1.428127288818359375e-04 1.346766948699951172e-04 1.396536827087402344e-04
1.651229739820999409e+00 6.467103958129882812e-05 6.636977195739746094e-05 6.678700447082519531e-05 5.847215652465820312e-05 7.587671279907226562e-05 7.146596908569335938e-05 6.923079490661621094e-05 6.675720214843750000e-05 7.119774818420410156e-05 7.718801498413085938e-05
1.657682501806387210e+00 -1.653432846069335938e-04 -1.775920391082763672e-04 -1.690387725830078125e-04 -1.694858074188232422e-04 -1.706480979919433594e-04 -1.693665981292724609e-04 -1.642704010009765625e-04 -1.696348190307617188e-04 -1.796782016754150391e-04 -1.655519008636474609e-04
1.664135263791775232e+00 2.526044845581054688e-04 2.449750900268554688e-04 2.406835556030273438e-04 2.475380897521972656e-04 2.473890781402587891e-04 2.464056015014648438e-04 2.462565898895263672e-04 2.586245536804199219e-04 2.332031726837158203e-04 2.449750900268554688e-04
1.670588025777163033e+00 -1.169443130493164062e-04 -1.146793365478515625e-04 -1.262724399566650391e-04 -1.342594623565673828e-04 -1.363158226013183594e-04 -1.251697540283203125e-04 -1.323223114013671875e-04 -1.281201839447021484e-04 -1.288354396820068359e-04 -1.403391361236572266e-04
1.677040787762551055e+00 -1.666545867919921875e-04 -1.544058322906494141e-04 -1.660585403442382812e-04 -1.630783081054687500e-04 -1.597702503204345703e-04 -1.629889011383056641e-04 -1.472234725952148438e-04 -1.586377620697021484e-04 -1.674890518188476562e-04 -1.597702503204345703e-04
1.683493549747938856e+00 2.645254135131835938e-04 2.688467502593994141e-04 2.712309360504150391e-04 2.713501453399658203e-04 2.760291099548339844e-04 2.726912498474121094e-04 2.719461917877197266e-04 2.718567848205566406e-04 2.737343311309814453e-04 2.674460411071777344e-04
1.689946311733326878e+00 -1.248717308044433594e-04 -1.262426376342773438e-04 -1.202821731567382812e-04 -1.230239868164062500e-04 -1.251697540283203125e-04 -1.227259635925292969e-04 -1.145899295806884766e-04 -1.155734062194824219e-04 -1.305043697357177734e-04 -1.242458820343017578e-04
1.696399073718714678e+00 1.178085803985595703e-04 1.051425933837890625e-04 1.223385334014892578e-04 1.320838928222656250e-04 1.195967197418212891e-04 1.179277896881103516e-04 1.209378242492675781e-04 1.168251037597656250e-04 1.274943351745605469e-04 1.084208488464355469e-04
1.702851835704102701e+00 8.240342140197753906e-05 8.493661880493164062e-05 8.437037467956542969e-05 9.810924530029296875e-05 9.307265281677246094e-05 9.185075759887695312e-05 8.141994476318359375e-05 8.577108383178710938e-05 8.937716484069824219e-05 8.809566497802734375e-05
1.709304597689490501e+00 -2.618730068206787109e-04 -2.634525299072265625e-04 -2.636313438415527344e-04 -2.565383911132812500e-04 -2.755224704742431641e-04 -2.643465995788574219e-04 -2.596974372863769531e-04 -2.561807632446289062e-04 -2.652406692504882812e-04 -2.527534961700439453e-04
1.715757359674878524e+00 2.080202102661132812e-04 2.103447914123535156e-04 1.851022243499755859e-04 1.946687698364257812e-04 2.024769783020019531e-04 1.941323280334472656e-04 2.078115940093994141e-04 2.095997333526611328e-04 1.969635486602783203e-04 2.088546752929687500e-04
1.722210121660266324e+00 2.771615982055664062e-05 1.701712608337402344e-05 1.168251037597656250e-05 2.065300941467285156e-05 2.110004425048828125e-05 1.946091651916503906e-05 1.490116119384765625e-05 2.068281173706054688e-05 1.972913742065429688e-05 1.552700996398925781e-05
1.728662883645654347e+00 -2.259910106658935547e-04 -2.168118953704833984e-04 -2.182126045227050781e-04 -2.068877220153808594e-04 -2.103447914123535156e-04 -2.176165580749511719e-04 -2.262294292449951172e-04 -2.191662788391113281e-04 -2.152621746063232422e-04 -2.084374427795410156e-04
1.735115645631042147e+00 2.776980400085449219e-04 2.698898315429687500e-04 2.671182155609130859e-04 2.734363079071044922e-04 2.709329128265380859e-04 2.791881561279296875e-04 2.697706222534179688e-04 2.688765525817871094e-04 2.752244472503662109e-04 2.584159374237060547e-04
1.741568407616429948e+00 -9.414553642272949219e-05 -1.059770584106445312e-04 -1.097321510314941406e-04 -1.147687435150146484e-04 -1.170933246612548828e-04 -1.143813133239746094e-04 -1.177787780761718750e-04 -1.009404659271240234e-04 -1.089274883270263672e-04 -1.180469989776611328e-04
1.748021169601817970e+00 -6.276369094848632812e-05 -6.252527236938476562e-05 -5.924701690673828125e-05 -6.657838821411132812e-05 -7.015466690063476562e-05 -6.619095802307128906e-05 -5.698204040527343750e-05 -6.252527236938476562e-05 -5.283951759338378906e-05 -5.504488945007324219e-05
1.754473931587205771e+00 2.815425395965576172e-04 2.930760383605957031e-04 2.873837947845458984e-04 2.858936786651611328e-04 2.915263175964355469e-04 2.916753292083740234e-04 2.839267253875732422e-04 2.764165401458740234e-04 2.892613410949707031e-04 2.826154232025146484e-04
1.760926693572593793e+00 -1.558661460876464844e-04 -1.612901687622070312e-04 -1.681447029113769531e-04 -1.606345176696777344e-04 -1.613199710845947266e-04 -1.596510410308837891e-04 -1.714527606964111328e-04 -1.667439937591552734e-04 -1.627206802368164062e-04 -1.592934131622314453e-04
1.767379455557981593e+00 8.693337440490722656e-05 1.101195812225341797e-04 1.042187213897705078e-04 9.298324584960937500e-05 9.530782699584960938e-05 8.791685104370117188e-05 9.128451347351074219e-05 9.247660636901855469e-05 8.627772331237792969e-05 9.071826934814453125e-05
1.773832217543369616e+00 1.235902309417724609e-04 1.324415206909179688e-04 1.239776611328125000e-04 1.312196254730224609e-04 1.402795314788818359e-04 1.296699047088623047e-04 1.381337642669677734e-04 1.354217529296875000e-04 1.274645328521728516e-04 1.181662082672119141e-04
1.780284979528757416e+00 -2.126693725585937500e-04 -2.130866050720214844e-04 -1.972913742065429688e-04 -2.105534076690673828e-04 -2.012252807617187500e-04 -2.158880233764648438e-04 -2.041161060333251953e-04 -2.128779888153076172e-04 -2.076029777526855469e-04 -2.096295356750488281e-04
1.786737741514145439e+00 2.443790435791015625e-05 4.231929779052734375e-05 2.744793891906738281e-05 2.321600914001464844e-05 2.562999725341796875e-05 2.962350845336914062e-05 3.507733345031738281e-05 2.008676528930664062e-05 3.123283386230468750e-05 2.947449684143066406e-05
1.793190503499533239e+00 5.587935447692871094e-05 4.714727401733398438e-05 4.979968070983886719e-05 4.589557647705078125e-05 4.455447196960449219e-05 4.512071609497070312e-05 5.716085433959960938e-05 6.362795829772949219e-05 4.953145980834960938e-05 5.170702934265136719e-05
1.799643265484921262e+00 -5.885958671569824219e-05 -5.748867988586425781e-05 -3.540515899658203125e-05 -3.910064697265625000e-05 -3.182888031005859375e-05 -3.677606582641601562e-05 -4.860758781433105469e-05 -4.428625106811523438e-05 -4.565715789794921875e-05 -5.936622619628906250e-05
1.806096027470309062e+00 1.571774482727050781e-04 1.515746116638183594e-04 1.595914363861083984e-04 1.607537269592285156e-04 1.610815525054931641e-04 1.496076583862304688e-04 1.560449600219726562e-04 1.615285873413085938e-04 1.514256000518798828e-04 1.497566699981689453e-04
1.812548789455697085e+00 -1.519918441772460938e-05 -2.169609069824218750e-05 -2.217292785644531250e-05 -2.035498619079589844e-05 -1.680850982666015625e-05 -2.390146255493164062e-05 -2.157688140869140625e-05 -1.180171966552734375e-05 -1.701712608337402344e-05 -1.332163810729980469e-05
1.819001551441084885e+00 -7.238984107971191406e-05 -6.774067878723144531e-05 -7.358193397521972656e-05 -7.569789886474609375e-05 -5.611777305603027344e-05 -6.535649299621582031e-05 -6.639957427978515625e-05 -6.294250488281250000e-05 -7.566809654235839844e-05 -8.016824722290039062e-05
1.825454313426472908e+00 8.523464202880859375e-05 9.039044380187988281e-05 7.718801498413085938e-05 7.399916648864746094e-05 8.016824722290039062e-05 8.741021156311035156e-05 8.544325828552246094e-05 9.027123451232910156e-05 8.860230445861816406e-05 8.100271224975585938e-05
1.831907075411860708e+00 -1.113712787628173828e-04 -9.223818778991699219e-05 -9.125471115112304688e-05 -8.761882781982421875e-05 -7.557868957519531250e-05 -8.308887481689453125e-05 -9.617209434509277344e-05 -9.971857070922851562e-05 -8.803606033325195312e-05 -9.572505950927734375e-05
1.838359837397248508e+00 -2.264976501464843750e-05 -1.811981201171875000e-05 -1.311302185058593750e-05 -2.336502075195312500e-05 -1.460313796997070312e-05 -8.344650268554687500e-06 -8.285045623779296875e-06 -1.278519630432128906e-05 -1.764297485351562500e-05 -8.642673492431640625e-07
1.844812599382636531e+00 8.007884025573730469e-05 7.992982864379882812e-05 8.556246757507324219e-05 7.480382919311523438e-05 7.739663124084472656e-05 7.575750350952148438e-05 8.285045623779296875e-05 7.459521293640136719e-05 8.293986320495605469e-05 8.907914161682128906e-05
1.851265361368024331e+00 -7.817149162292480469e-05 -8.103251457214355469e-05 -6.610155105590820312e-05 -7.143616676330566406e-05 -7.256865501403808594e-05 -6.350874900817871094e-05 -7.393956184387207031e-05 -7.480382919311523438e-05 -7.170438766479492188e-05 -6.338953971862792969e-05
1.857718123353412354e+00 5.781650543212890625e-06 1.132488250732421875e-05 5.215406417846679688e-06 3.099441528320312500e-06 2.831220626831054688e-06 2.264976501464843750e-06 1.090764999389648438e-05 1.573562622070312500e-05 -2.890825271606445312e-06 7.122755050659179688e-06
1.864170885338800154e+00 3.632903099060058594e-05 4.172325134277343750e-05 2.256035804748535156e-05 3.823637962341308594e-05 4.565715789794921875e-05 2.387166023254394531e-05 3.781914710998535156e-05 3.033876419067382812e-05 3.045797348022460938e-05 3.752112388610839844e-05
1.870623647324188177e+00 -2.267956733703613281e-05 -3.507733345031738281e-05 -2.181529998779296875e-05 -2.947449684143066406e-05 -2.396106719970703125e-05 -3.996491432189941406e-05 -1.230835914611816406e-05 -3.373622894287109375e-05 -3.379583358764648438e-05 -3.418326377868652344e-05
1.877076409309575977e+00 -2.199411392211914062e-05 -1.505017280578613281e-05 -2.515316009521484375e-05 -1.510977745056152344e-05 -8.195638656616210938e-06 -1.230835914611816406e-05 -6.079673767089843750e-06 -7.480382919311523438e-06 -1.221895217895507812e-05 -8.851289749145507812e-06
1.883529171294964000e+00 9.894371032714843750e-06 2.586841583251953125e-05 1.105666160583496094e-05 6.914138793945312500e-06 6.526708602905273438e-06 -3.546476364135742188e-06 7.927417755126953125e-06 6.794929504394531250e-06 1.674890518188476562e-05 -9.834766387939453125e-07
1.889981933280351800e+00 -1.683831214904785156e-05 -1.952052116394042969e-05 -2.259016036987304688e-05 -2.869963645935058594e-05 -2.455711364746093750e-05 -1.698732376098632812e-05 -3.147125244140625000e-05 -3.135204315185546875e-05 -2.220273017883300781e-05 -2.917647361755371094e-05
1.896434695265739823e+00 -2.497434616088867188e-05 -1.552700996398925781e-05 -2.166628837585449219e-05 -2.256035804748535156e-05 -2.199411392211914062e-05 -2.437829971313476562e-05 -1.272559165954589844e-05 -2.804398536682128906e-05 -1.251697540283203125e-05 -5.125999450683593750e-06
1.902887457251127623e+00 5.447864532470703125e-05 4.452466964721679688e-05 4.529953002929687500e-05 3.856420516967773438e-05 4.231929779052734375e-05 3.743171691894531250e-05 4.443526268005371094e-05 5.415081977844238281e-05 4.059076309204101562e-05 4.640221595764160156e-05
1.909340219236515646e+00 -2.488493919372558594e-05 -1.722574234008789062e-05 -8.314847946166992188e-06 -1.767277717590332031e-05 -1.570582389831542969e-05 -1.209974288940429688e-05 7.241964340209960938e-06 5.960464477539062500e-08 -7.420778274536132812e-06 -8.493661880493164062e-06
1.915792981221903446e+00 -2.622604370117187500e-06 -8.493661880493164062e-06 -1.260638236999511719e-05 -1.502037048339843750e-05 -1.728534698486328125e-05 -1.904368400573730469e-05 -2.175569534301757812e-06 -1.409649848937988281e-05 -1.123547554016113281e-05 -2.035498619079589844e-05
1.922245743207291468e+00 2.214312553405761719e-05 3.555417060852050781e-05 3.612041473388671875e-05 1.841783523559570312e-05 3.290176391601562500e-05 2.467632293701171875e-05 3.287196159362792969e-05 3.108382225036621094e-05 3.725290298461914062e-05 3.078579902648925781e-05
1.928698505192679269e+00 -1.490116119384765625e-05 -1.114606857299804688e-05 -1.916289329528808594e-05 -9.059906005859375000e-06 -1.609325408935546875e-05 -1.341104507446289062e-05 -7.212162017822265625e-06 -4.708766937255859375e-06 -1.510977745056152344e-05 -6.526708602905273438e-06
1.935151267178067069e+00 3.531575202941894531e-05 3.620982170104980469e-05 3.990530967712402344e-05 4.702806472778320312e-05 3.361701965332031250e-05 3.924965858459472656e-05 4.714727401733398438e-05 4.091858863830566406e-05 3.895163536071777344e-05 3.802776336669921875e-05
1.941604029163455092e+00 3.013014793395996094e-05 2.956390380859375000e-05 3.170967102050781250e-05 2.175569534301757812e-05 3.799796104431152344e-05 3.564357757568359375e-05 2.992153167724609375e-05 2.777576446533203125e-05 3.063678741455078125e-05 2.512335777282714844e-05
1.948056791148842892e+00 -4.827976226806640625e-06 -5.185604095458984375e-06 7.063150405883789062e-06 -3.099441528320312500e-06 -1.165270805358886719e-05 -2.294778823852539062e-06 2.145767211914062500e-06 -8.225440979003906250e-06 -8.463859558105468750e-06 -2.145767211914062500e-06
1.954509553134230915e+00 -5.033612251281738281e-05 -4.085898399353027344e-05 -4.717707633972167969e-05 -5.075335502624511719e-05 -5.057454109191894531e-05 -3.877282142639160156e-05 -3.388524055480957031e-05 -4.914402961730957031e-05 -4.890561103820800781e-05 -5.027651786804199219e-05
1.960962315119618715e+00 7.784366607666015625e-05 8.118152618408203125e-05 7.095932960510253906e-05 7.790327072143554688e-05 7.885694503784179688e-05 7.298588752746582031e-05 7.620453834533691406e-05 6.699562072753906250e-05 6.487965583801269531e-05 7.835030555725097656e-05
1.967415077105006738e+00 -3.606081008911132812e-05 -3.787875175476074219e-05 -3.540515899658203125e-05 -3.066658973693847656e-05 -3.343820571899414062e-05 -2.199411392211914062e-05 -2.369284629821777344e-05 -2.184510231018066406e-05 -1.943111419677734375e-05 -2.804398536682128906e-05
1.973867839090394538e+00 -8.523464202880859375e-06 3.039836883544921875e-06 -1.108646392822265625e-05 -4.619359970092773438e-06 -9.000301361083984375e-06 -2.026557922363281250e-05 -1.436471939086914062e-05 -1.731514930725097656e-05 -1.201033592224121094e-05 -6.467103958129882812e-06
1.980320601075782561e+00 7.212162017822265625e-05 4.997849464416503906e-05 6.800889968872070312e-05 6.517767906188964844e-05 6.493926048278808594e-05 4.923343658447265625e-05 7.271766662597656250e-05 6.571412086486816406e-05 6.493926048278808594e-05 6.785988807678222656e-05
1.986773363061170361e+00 -1.361966133117675781e-04 -1.213848590850830078e-04 -1.268386840820312500e-04 -1.272857189178466797e-04 -1.235008239746093750e-04 -1.142024993896484375e-04 -1.277625560760498047e-04 -1.238882541656494141e-04 -1.264214515686035156e-04 -1.226067543029785156e-04
1.993226125046558384e+00 6.666779518127441406e-05 6.824731826782226562e-05 7.450580596923828125e-05 5.868077278137207031e-05 6.794929504394531250e-05 6.836652755737304688e-05 5.471706390380859375e-05 5.528330802917480469e-05 5.900859832763671875e-05 5.626678466796875000e-05
1.999678887031946184e+00 1.195967197418212891e-04 1.251399517059326172e-04 1.239478588104248047e-04 1.302659511566162109e-04 1.314580440521240234e-04 1.310408115386962891e-04 1.364350318908691406e-04 1.267492771148681641e-04 1.372992992401123047e-04 1.337528228759765625e-04
2.006131649017333984e+00 -6.774067878723144531e-05 -7.069110870361328125e-05 -9.208917617797851562e-05 -8.261203765869140625e-05 -1.029074192047119141e-04 -7.626414299011230469e-05 -9.489059448242187500e-05 -7.683038711547851562e-05 -7.900595664978027344e-05 -8.860230445861816406e-05
