# Range[m] 0 1 2 3 4 5 6 7 8 9
1.800000071525573730e-01 -6.673842668533325195e-03 -6.690025329589843750e-03 -6.624042987823486328e-03 -6.638795137405395508e-03 -6.609469652175903320e-03 -6.623744964599609375e-03 -6.619125604629516602e-03 -6.614983081817626953e-03 -6.589919328689575195e-03 -6.603300571441650391e-03
1.864527691379452845e-01 2.526849508285522461e-03 2.584725618362426758e-03 2.410769462585449219e-03 2.455770969390869141e-03 2.414762973785400391e-03 2.454459667205810547e-03 2.425342798233032227e-03 2.446800470352172852e-03 2.445966005325317383e-03 2.463698387145996094e-03
1.929055311233331682e-01 3.879994153976440430e-03 3.839790821075439453e-03 3.942221403121948242e-03 3.894627094268798828e-03 3.932684659957885742e-03 3.908336162567138672e-03 3.911614418029785156e-03 3.921866416931152344e-03 3.893435001373291016e-03 3.902852535247802734e-03
1.993582931087210797e-01 -5.836814641952514648e-03 -5.824059247970581055e-03 -5.814552307128906250e-03 -5.805850028991699219e-03 -5.773097276687622070e-03 -5.814790725708007812e-03 -5.795717239379882812e-03 -5.790054798126220703e-03 -5.783915519714355469e-03 -5.813956260681152344e-03
2.058110550941089911e-01 3.410488367080688477e-03 3.437280654907226562e-03 3.328323364257812500e-03 3.374934196472167969e-03 3.353506326675415039e-03 3.373980522155761719e-03 3.341525793075561523e-03 3.355592489242553711e-03 3.355413675308227539e-03 3.356426954269409180e-03
2.122638170794968748e-01 1.183837652206420898e-03 1.128137111663818359e-03 1.248300075531005859e-03 1.181632280349731445e-03 1.214534044265747070e-03 1.191228628158569336e-03 1.213192939758300781e-03 1.171082258224487305e-03 1.193881034851074219e-03 1.210153102874755859e-03
2.187165790648847863e-01 -3.549665212631225586e-03 -3.565818071365356445e-03 -3.574013710021972656e-03 -3.547519445419311523e-03 -3.550976514816284180e-03 -3.571122884750366211e-03 -3.547906875610351562e-03 -3.526479005813598633e-03 -3.550946712493896484e-03 -3.549605607986450195e-03
2.251693410502726977e-01 3.413498401641845703e-03 3.408461809158325195e-03 3.401219844818115234e-03 3.390848636627197266e-03 3.385603427886962891e-03 3.409981727600097656e-03 3.382980823516845703e-03 3.397017717361450195e-03 3.412008285522460938e-03 3.398388624191284180e-03
2.316221030356606092e-01 -7.531046867370605469e-04 -7.755756378173828125e-04 -7.168352603912353516e-04 -7.615387439727783203e-04 -7.455050945281982422e-04 -7.495284080505371094e-04 -7.379651069641113281e-04 -7.565617561340332031e-04 -7.432401180267333984e-04 -7.378756999969482422e-04
2.380748650210485207e-01 -1.438587903976440430e-03 -1.436918973922729492e-03 -1.459270715713500977e-03 -1.469910144805908203e-03 -1.464009284973144531e-03 -1.461774110794067383e-03 -1.451909542083740234e-03 -1.465260982513427734e-03 -1.463055610656738281e-03 -1.476049423217773438e-03
2.445276270064364044e-01 1.204609870910644531e-03 1.204758882522583008e-03 1.215279102325439453e-03 1.233488321304321289e-03 1.225382089614868164e-03 1.210987567901611328e-03 1.228541135787963867e-03 1.230120658874511719e-03 1.235097646713256836e-03 1.233696937561035156e-03
2.509803889918242881e-01 1.418590545654296875e-04 1.467168331146240234e-04 1.395344734191894531e-04 1.521408557891845703e-04 1.336634159088134766e-04 1.469552516937255859e-04 1.372098922729492188e-04 1.363158226013183594e-04 1.500844955444335938e-04 1.426041126251220703e-04
2.574331509772121995e-01 -9.087622165679931641e-04 -9.112954139709472656e-04 -9.194314479827880859e-04 -9.076297283172607422e-04 -9.140074253082275391e-04 -9.229779243469238281e-04 -9.115636348724365234e-04 -9.106397628784179688e-04 -9.241402149200439453e-04 -9.151995182037353516e-04
2.638859129626001110e-01 3.392994403839111328e-04 3.330707550048828125e-04 3.348588943481445312e-04 3.461837768554687500e-04 3.423392772674560547e-04 3.375709056854248047e-04 3.469586372375488281e-04 3.556609153747558594e-04 3.364384174346923828e-04 3.262758255004882812e-04
2.703386749479880224e-01 6.733536720275878906e-04 6.752908229827880859e-04 6.863772869110107422e-04 6.834566593170166016e-04 6.697773933410644531e-04 6.864666938781738281e-04 6.828308105468750000e-04 6.849765777587890625e-04 6.909370422363281250e-04 6.962120532989501953e-04
2.767914369333759339e-01 -1.382589340209960938e-03 -1.377731561660766602e-03 -1.394480466842651367e-03 -1.414149999618530273e-03 -1.383364200592041016e-03 -1.405417919158935547e-03 -1.406013965606689453e-03 -1.401007175445556641e-03 -1.406610012054443359e-03 -1.397758722305297852e-03
2.832441989187638454e-01 7.025599479675292969e-04 6.892085075378417969e-04 6.788671016693115234e-04 7.046461105346679688e-04 7.044970989227294922e-04 6.999671459197998047e-04 7.127821445465087891e-04 6.932616233825683594e-04 6.882548332214355469e-04 7.002353668212890625e-04
2.896969609041517568e-01 6.710886955261230469e-04 6.599128246307373047e-04 6.909668445587158203e-04 6.804466247558593750e-04 6.861388683319091797e-04 6.774961948394775391e-04 6.820261478424072266e-04 6.716251373291015625e-04 6.918907165527343750e-04 6.888508796691894531e-04
2.961497228895396683e-01 -1.095414161682128906e-03 -1.102417707443237305e-03 -1.117616891860961914e-03 -1.125007867813110352e-03 -1.122444868087768555e-03 -1.123189926147460938e-03 -1.114100217819213867e-03 -1.129835844039916992e-03 -1.119077205657958984e-03 -1.118957996368408203e-03
3.026024848749275242e-01 6.920397281646728516e-04 6.850063800811767578e-04 6.696879863739013672e-04 6.850361824035644531e-04 6.849467754364013672e-04 6.745159626007080078e-04 6.825327873229980469e-04 6.903707981109619141e-04 6.737112998962402344e-04 6.805062294006347656e-04
3.090552468603154357e-01 2.812445163726806641e-04 2.608001232147216797e-04 2.871453762054443359e-04 2.891719341278076172e-04 2.907514572143554688e-04 2.818405628204345703e-04 2.864599227905273438e-04 2.827942371368408203e-04 2.925992012023925781e-04 2.810657024383544922e-04
3.155080088457033471e-01 -5.463659763336181641e-04 -5.388557910919189453e-04 -5.472302436828613281e-04 -5.566179752349853516e-04 -5.567073822021484375e-04 -5.422830581665039062e-04 -5.550086498260498047e-04 -5.573034286499023438e-04 -5.317330360412597656e-04 -5.363821983337402344e-04
3.219607708310912586e-01 2.667009830474853516e-04 2.700090408325195312e-04 2.650916576385498047e-04 2.522170543670654297e-04 2.571642398834228516e-04 2.453625202178955078e-04 2.620518207550048828e-04 2.560019493103027344e-04 2.416372299194335938e-04 2.560913562774658203e-04
3.284135328164791701e-01 7.325410842895507812e-05 7.250905036926269531e-05 7.423758506774902344e-05 7.566809654235839844e-05 8.454918861389160156e-05 6.473064422607421875e-05 8.061528205871582031e-05 8.034706115722656250e-05 8.466839790344238281e-05 7.751584053039550781e-05
3.348662948018670260e-01 7.799267768859863281e-05 9.685754776000976562e-05 1.023411750793457031e-04 9.033083915710449219e-05 9.682774543762207031e-05 9.927153587341308594e-05 9.128451347351074219e-05 9.891390800476074219e-05 9.703636169433593750e-05 1.021027565002441406e-04
3.413190567872549375e-01 -8.269846439361572266e-04 -8.289813995361328125e-04 -8.271634578704833984e-04 -8.380413055419921875e-04 -8.190870285034179688e-04 -8.189082145690917969e-04 -8.201897144317626953e-04 -8.365213871002197266e-04 -8.347332477569580078e-04 -8.339881896972656250e-04
3.477718187726428489e-01 6.481409072875976562e-04 6.685554981231689453e-04 6.400644779205322266e-04 6.495714187622070312e-04 6.320178508758544922e-04 6.441771984100341797e-04 6.482303142547607422e-04 6.503164768218994141e-04 6.493330001831054688e-04 6.537139415740966797e-04
3.542245807580307604e-01 1.131296157836914062e-03 1.129120588302612305e-03 1.163095235824584961e-03 1.165241003036499023e-03 1.150846481323242188e-03 1.169502735137939453e-03 1.145452260971069336e-03 1.148879528045654297e-03 1.144379377365112305e-03 1.156538724899291992e-03
3.606773427434186718e-01 -3.366619348526000977e-03 -3.359854221343994141e-03 -3.379106521606445312e-03 -3.396868705749511719e-03 -3.376901149749755859e-03 -3.377050161361694336e-03 -3.394931554794311523e-03 -3.391802310943603516e-03 -3.378838300704956055e-03 -3.379583358764648438e-03
3.671301047288065833e-01 3.003478050231933594e-03 3.046303987503051758e-03 2.956986427307128906e-03 2.990990877151489258e-03 2.986848354339599609e-03 2.990961074829101562e-03 2.978175878524780273e-03 2.993464469909667969e-03 2.977401018142700195e-03 2.995371818542480469e-03
3.735828667141944948e-01 -2.998411655426025391e-04 -3.467202186584472656e-04 -2.062618732452392578e-04 -2.614855766296386719e-04 -2.576410770416259766e-04 -2.620816230773925781e-04 -2.408623695373535156e-04 -2.723336219787597656e-04 -2.495944499969482422e-04 -2.584159374237060547e-04
3.800356286995824062e-01 -3.631502389907836914e-03 -3.566533327102661133e-03 -3.701239824295043945e-03 -3.667473793029785156e-03 -3.691852092742919922e-03 -3.637999296188354492e-03 -3.684997558593750000e-03 -3.650784492492675781e-03 -3.654509782791137695e-03 -3.666430711746215820e-03
3.864883906849703177e-01 7.789492607116699219e-03 7.806599140167236328e-03 7.776111364364624023e-03 7.787048816680908203e-03 7.763564586639404297e-03 7.785022258758544922e-03 7.774025201797485352e-03 7.789701223373413086e-03 7.786870002746582031e-03 7.770389318466186523e-03
3.929411526703582291e-01 -5.158096551895141602e-03 -5.249053239822387695e-03 -5.057632923126220703e-03 -5.157679319381713867e-03 -5.059927701950073242e-03 -5.096524953842163086e-03 -5.110502243041992188e-03 -5.158185958862304688e-03 -5.130320787429809570e-03 -5.130708217620849609e-03
3.993939146557460851e-01 -2.116769552230834961e-03 -2.034306526184082031e-03 -2.235352993011474609e-03 -2.133697271347045898e-03 -2.217531204223632812e-03 -2.186834812164306641e-03 -2.184897661209106445e-03 -2.154260873794555664e-03 -2.151936292648315430e-03 -2.187579870223999023e-03
4.058466766411339965e-01 1.048013567924499512e-02 1.043334603309631348e-02 1.054146885871887207e-02 1.050394773483276367e-02 1.053312420845031738e-02 1.051616668701171875e-02 1.050287485122680664e-02 1.049524545669555664e-02 1.049908995628356934e-02 1.050826907157897949e-02
4.122994386265219080e-01 -1.182952523231506348e-02 -1.188176870346069336e-02 -1.173996925354003906e-02 -1.184365153312683105e-02 -1.177078485488891602e-02 -1.179328560829162598e-02 -1.177057623863220215e-02 -1.179519295692443848e-02 -1.180708408355712891e-02 -1.177635788917541504e-02
4.187522006119098195e-01 5.955576896667480469e-03 6.049543619155883789e-03 5.779117345809936523e-03 5.920439958572387695e-03 5.825757980346679688e-03 5.854129791259765625e-03 5.880385637283325195e-03 5.918771028518676758e-03 5.893617868423461914e-03 5.868822336196899414e-03
4.252049625972976754e-01 7.386714220046997070e-03 7.276833057403564453e-03 7.540792226791381836e-03 7.382273674011230469e-03 7.481575012207031250e-03 7.439166307449340820e-03 7.415503263473510742e-03 7.392793893814086914e-03 7.413893938064575195e-03 7.436782121658325195e-03
4.316577245826856424e-01 -1.584973931312561035e-02 -1.583063602447509766e-02 -1.589155197143554688e-02 -1.586100459098815918e-02 -1.584917306900024414e-02 -1.589363813400268555e-02 -1.587077975273132324e-02 -1.584124565124511719e-02 -1.587969064712524414e-02 -1.586297154426574707e-02
4.381104865680734983e-01 1.423320174217224121e-02 1.430714130401611328e-02 1.412767171859741211e-02 1.421603560447692871e-02 1.419818401336669922e-02 1.420384645462036133e-02 1.417991518974304199e-02 1.422852277755737305e-02 1.421684026718139648e-02 1.421263813972473145e-02
4.445632485534614098e-01 -1.458108425140380859e-03 -1.629978418350219727e-03 -1.203835010528564453e-03 -1.409769058227539062e-03 -1.333177089691162109e-03 -1.404553651809692383e-03 -1.357376575469970703e-03 -1.459866762161254883e-03 -1.363754272460937500e-03 -1.412659883499145508e-03
4.510160105388493212e-01 -1.132577657699584961e-02 -1.121082901954650879e-02 -1.151686906814575195e-02 -1.139193773269653320e-02 -1.137393712997436523e-02 -1.136678457260131836e-02 -1.138481497764587402e-02 -1.139596104621887207e-02 -1.141002774238586426e-02 -1.141020655632019043e-02
4.574687725242372327e-01 1.605629920959472656e-02 1.602864265441894531e-02 1.612833142280578613e-02 1.610496640205383301e-02 1.611247658729553223e-02 1.607975363731384277e-02 1.609843969345092773e-02 1.608940958976745605e-02 1.609256863594055176e-02 1.611602306365966797e-02
4.639215345096251442e-01 -1.124551892280578613e-02 -1.134923100471496582e-02 -1.109576225280761719e-02 -1.121714711189270020e-02 -1.115876436233520508e-02 -1.121562719345092773e-02 -1.118364930152893066e-02 -1.126933097839355469e-02 -1.121905446052551270e-02 -1.120007038116455078e-02
4.703742964950130556e-01 -2.499282360076904297e-03 -2.381563186645507812e-03 -2.714604139328002930e-03 -2.572417259216308594e-03 -2.674967050552368164e-03 -2.620398998260498047e-03 -2.609223127365112305e-03 -2.588778734207153320e-03 -2.616316080093383789e-03 -2.636820077896118164e-03
4.768270584804009671e-01 1.227161288261413574e-02 1.219567656517028809e-02 1.240357756614685059e-02 1.232326030731201172e-02 1.238250732421875000e-02 1.232647895812988281e-02 1.234859228134155273e-02 1.232230663299560547e-02 1.232209801673889160e-02 1.235446333885192871e-02
4.832798204657888230e-01 -1.238277554512023926e-02 -1.241910457611083984e-02 -1.232302188873291016e-02 -1.236781477928161621e-02 -1.235467195510864258e-02 -1.234519481658935547e-02 -1.235550642013549805e-02 -1.237276196479797363e-02 -1.235637068748474121e-02 -1.235911250114440918e-02
4.897325824511767345e-01 2.513527870178222656e-03 2.627998590469360352e-03 2.343744039535522461e-03 2.493828535079956055e-03 2.369552850723266602e-03 2.386778593063354492e-03 2.358704805374145508e-03 2.409845590591430664e-03 2.406120300292968750e-03 2.397656440734863281e-03
4.961853444365646459e-01 5.806177854537963867e-03 5.723655223846435547e-03 5.941331386566162109e-03 5.862891674041748047e-03 5.913406610488891602e-03 5.872279405593872070e-03 5.876749753952026367e-03 5.880296230316162109e-03 5.869925022125244141e-03 5.871742963790893555e-03
5.026381064219525019e-01 -1.048746705055236816e-02 -1.050546765327453613e-02 -1.049223542213439941e-02 -1.049131155014038086e-02 -1.049843430519104004e-02 -1.048371195793151855e-02 -1.049268245697021484e-02 -1.051747798919677734e-02 -1.049494743347167969e-02 -1.050227880477905273e-02
5.090908684073405244e-01 5.993962287902832031e-03 6.029158830642700195e-03 5.892097949981689453e-03 5.947470664978027344e-03 5.899876356124877930e-03 5.930602550506591797e-03 5.918592214584350586e-03 5.951255559921264648e-03 5.901128053665161133e-03 5.948066711425781250e-03
5.155436303927283248e-01 1.911789178848266602e-03 1.841247081756591797e-03 2.038478851318359375e-03 1.953989267349243164e-03 1.967608928680419922e-03 1.965999603271484375e-03 1.988947391510009766e-03 1.951158046722412109e-03 1.951754093170166016e-03 1.951843500137329102e-03
5.219963923781163473e-01 -7.842779159545898438e-03 -7.820367813110351562e-03 -7.902175188064575195e-03 -7.860928773880004883e-03 -7.882088422775268555e-03 -7.848143577575683594e-03 -7.871568202972412109e-03 -7.852345705032348633e-03 -7.852345705032348633e-03 -7.848590612411499023e-03
5.284491543635041477e-01 7.091760635375976562e-03 7.137894630432128906e-03 7.040351629257202148e-03 7.094770669937133789e-03 7.071793079376220703e-03 7.103145122528076172e-03 7.085531949996948242e-03 7.076680660247802734e-03 7.091343402862548828e-03 7.088482379913330078e-03
5.349019163488920592e-01 -2.602785825729370117e-03 -2.656698226928710938e-03 -2.513259649276733398e-03 -2.572685480117797852e-03 -2.551674842834472656e-03 -2.571940422058105469e-03 -2.561241388320922852e-03 -2.575904130935668945e-03 -2.555429935455322266e-03 -2.542138099670410156e-03
5.413546783342799706e-01 -4.490405321121215820e-03 -4.450947046279907227e-03 -4.566460847854614258e-03 -4.516810178756713867e-03 -4.538923501968383789e-03 -4.533469676971435547e-03 -4.530429840087890625e-03 -4.499971866607666016e-03 -4.508435726165771484e-03 -4.512816667556762695e-03
5.478074403196678821e-01 6.495028734207153320e-03 6.500780582427978516e-03 6.466329097747802734e-03 6.504237651824951172e-03 6.469339132308959961e-03 6.466984748840332031e-03 6.484508514404296875e-03 6.497323513031005859e-03 6.474912166595458984e-03 6.498396396636962891e-03
5.542602023050557936e-01 -3.465592861175537109e-03 -3.513872623443603516e-03 -3.417074680328369141e-03 -3.465235233306884766e-03 -3.442078828811645508e-03 -3.447502851486206055e-03 -3.447264432907104492e-03 -3.467351198196411133e-03 -3.447622060775756836e-03 -3.444194793701171875e-03
5.607129642904437050e-01 -2.016663551330566406e-03 -1.974970102310180664e-03 -2.091079950332641602e-03 -2.056092023849487305e-03 -2.079308032989501953e-03 -2.066045999526977539e-03 -2.060592174530029297e-03 -2.056270837783813477e-03 -2.049028873443603516e-03 -2.072423696517944336e-03
5.671657262758316165e-01 5.058616399765014648e-03 5.032867193222045898e-03 5.055904388427734375e-03 5.060315132141113281e-03 5.067318677902221680e-03 5.082845687866210938e-03 5.076050758361816406e-03 5.048811435699462891e-03 5.053907632827758789e-03 5.055665969848632812e-03
5.736184882612194169e-01 -4.022806882858276367e-03 -4.036575555801391602e-03 -3.983587026596069336e-03 -4.011690616607666016e-03 -3.992468118667602539e-03 -4.004627466201782227e-03 -3.999739885330200195e-03 -4.037022590637207031e-03 -3.995835781097412109e-03 -4.012614488601684570e-03
5.800712502466074394e-01 2.576410770416259766e-04 2.869665622711181641e-04 1.997947692871093750e-04 2.350211143493652344e-04 2.149343490600585938e-04 2.343654632568359375e-04 2.279579639434814453e-04 2.378821372985839844e-04 2.319514751434326172e-04 2.282261848449707031e-04
5.865240122319952398e-01 2.885758876800537109e-03 2.863556146621704102e-03 2.947211265563964844e-03 2.931207418441772461e-03 2.902269363403320312e-03 2.922415733337402344e-03 2.913504838943481445e-03 2.904146909713745117e-03 2.901345491409301758e-03 2.914220094680786133e-03
5.929767742173832623e-01 -3.692835569381713867e-03 -3.681719303131103516e-03 -3.691911697387695312e-03 -3.711998462677001953e-03 -3.698647022247314453e-03 -3.691226243972778320e-03 -3.699213266372680664e-03 -3.701329231262207031e-03 -3.677040338516235352e-03 -3.689289093017578125e-03
5.994295362027710627e-01 1.180291175842285156e-03 1.212656497955322266e-03 1.136988401412963867e-03 1.163065433502197266e-03 1.168638467788696289e-03 1.180440187454223633e-03 1.164555549621582031e-03 1.177489757537841797e-03 1.161932945251464844e-03 1.170247793197631836e-03
6.058822981881590852e-01 1.403570175170898438e-03 1.380503177642822266e-03 1.426666975021362305e-03 1.418918371200561523e-03 1.417398452758789062e-03 1.409232616424560547e-03 1.417040824890136719e-03 1.403421163558959961e-03 1.412272453308105469e-03 1.423686742782592773e-03
6.123350601735468857e-01 -2.330183982849121094e-03 -2.321183681488037109e-03 -2.348184585571289062e-03 -2.334833145141601562e-03 -2.332746982574462891e-03 -2.332687377929687500e-03 -2.331167459487915039e-03 -2.328723669052124023e-03 -2.341002225875854492e-03 -2.335071563720703125e-03
6.187878221589347971e-01 1.466631889343261719e-03 1.473635435104370117e-03 1.439183950424194336e-03 1.465559005737304688e-03 1.456528902053833008e-03 1.461416482925415039e-03 1.463979482650756836e-03 1.460194587707519531e-03 1.467704772949218750e-03 1.455008983612060547e-03
6.252405841443227086e-01 4.149377346038818359e-04 3.947019577026367188e-04 4.376471042633056641e-04 4.435479640960693359e-04 4.250109195709228516e-04 4.305541515350341797e-04 4.296302795410156250e-04 4.295408725738525391e-04 4.256665706634521484e-04 4.352033138275146484e-04
6.316933461297106200e-01 -1.595437526702880859e-03 -1.591026782989501953e-03 -1.601755619049072266e-03 -1.590311527252197266e-03 -1.606792211532592773e-03 -1.595884561538696289e-03 -1.593917608261108398e-03 -1.589894294738769531e-03 -1.596778631210327148e-03 -1.613050699234008789e-03
6.381461081150985315e-01 1.625806093215942383e-03 1.647949218750000000e-03 1.603186130523681641e-03 1.632630825042724609e-03 1.621276140213012695e-03 1.623868942260742188e-03 1.631468534469604492e-03 1.621276140213012695e-03 1.625955104827880859e-03 1.631438732147216797e-03
6.445988701004864430e-01 -1.761317253112792969e-05 -4.896521568298339844e-05 6.258487701416015625e-06 -1.746416091918945312e-05 8.046627044677734375e-07 -1.311302185058593750e-06 3.099441528320312500e-06 -8.821487426757812500e-06 -6.049871444702148438e-06 -1.293420791625976562e-05
6.510516320858743544e-01 -1.014590263366699219e-03 -1.003712415695190430e-03 -1.029044389724731445e-03 -1.026898622512817383e-03 -1.025825738906860352e-03 -1.014888286590576172e-03 -1.024037599563598633e-03 -1.020044088363647461e-03 -1.025736331939697266e-03 -1.007139682769775391e-03
6.575043940712622659e-01 1.284867525100708008e-03 1.278012990951538086e-03 1.275360584259033203e-03 1.286357641220092773e-03 1.268237829208374023e-03 1.279383897781372070e-03 1.270711421966552734e-03 1.278400421142578125e-03 1.282960176467895508e-03 1.283884048461914062e-03
6.639571560566501773e-01 -5.957484245300292969e-04 -6.039738655090332031e-04 -5.737841129302978516e-04 -5.892813205718994141e-04 -5.868971347808837891e-04 -5.822479724884033203e-04 -5.900561809539794922e-04 -5.875825881958007812e-04 -5.931556224822998047e-04 -5.874037742614746094e-04
6.704099180420379778e-01 -1.815259456634521484e-04 -1.652538776397705078e-04 -2.027451992034912109e-04 -1.877248287200927734e-04 -1.791417598724365234e-04 -1.977384090423583984e-04 -1.837015151977539062e-04 -1.913607120513916016e-04 -1.839995384216308594e-04 -1.896917819976806641e-04
6.768626800274260003e-01 1.013666391372680664e-03 1.002579927444458008e-03 1.019716262817382812e-03 1.016229391098022461e-03 1.018762588500976562e-03 1.011759042739868164e-03 1.004159450531005859e-03 1.020163297653198242e-03 1.009374856948852539e-03 1.016318798065185547e-03
6.833154420128139117e-01 -1.045852899551391602e-03 -1.040875911712646484e-03 -1.027613878250122070e-03 -1.043558120727539062e-03 -1.045763492584228516e-03 -1.048296689987182617e-03 -1.039415597915649414e-03 -1.036256551742553711e-03 -1.043826341629028320e-03 -1.039981842041015625e-03
6.897682039982017121e-01 3.617107868194580078e-04 3.645122051239013672e-04 3.465712070465087891e-04 3.500580787658691406e-04 3.501474857330322266e-04 3.627836704254150391e-04 3.545284271240234375e-04 3.513991832733154297e-04 3.430545330047607422e-04 3.488957881927490234e-04
6.962209659835896236e-01 3.600120544433593750e-04 3.642141819000244141e-04 3.714561462402343750e-04 3.769099712371826172e-04 3.690421581268310547e-04 3.822147846221923828e-04 3.684163093566894531e-04 3.729462623596191406e-04 3.679692745208740234e-04 3.605186939239501953e-04
7.026737279689775351e-01 -4.507303237915039062e-04 -4.400908946990966797e-04 -4.535615444183349609e-04 -4.588365554809570312e-04 -4.578530788421630859e-04 -4.478394985198974609e-04 -4.466772079467773438e-04 -4.727542400360107422e-04 -4.555284976959228516e-04 -4.547536373138427734e-04
7.091264899543654465e-01 4.310607910156250000e-04 4.262924194335937500e-04 4.304945468902587891e-04 4.186630249023437500e-04 4.306137561798095703e-04 4.243254661560058594e-04 4.264414310455322266e-04 4.215538501739501953e-04 4.242360591888427734e-04 4.261434078216552734e-04
7.155792519397533580e-01 -2.253055572509765625e-05 -3.558397293090820312e-05 -2.682209014892578125e-05 -3.644824028015136719e-05 -2.378225326538085938e-05 -2.706050872802734375e-05 -2.452731132507324219e-05 -2.336502075195312500e-05 -2.649426460266113281e-05 -2.664327621459960938e-05
7.220320139251412694e-01 -3.829002380371093750e-04 -3.740787506103515625e-04 -3.753304481506347656e-04 -3.630518913269042969e-04 -3.701746463775634766e-04 -3.870427608489990234e-04 -3.847479820251464844e-04 -3.785192966461181641e-04 -3.696084022521972656e-04 -3.779828548431396484e-04
7.284847759105291809e-01 2.774596214294433594e-04 2.822279930114746094e-04 2.985894680023193359e-04 2.752542495727539062e-04 2.904832363128662109e-04 2.882778644561767578e-04 2.897381782531738281e-04 2.776086330413818359e-04 2.900362014770507812e-04 2.876520156860351562e-04
7.349375378959170924e-01 2.249777317047119141e-04 2.353787422180175781e-04 2.324581146240234375e-04 2.268552780151367188e-04 2.209246158599853516e-04 2.221465110778808594e-04 2.297759056091308594e-04 2.337992191314697266e-04 2.259016036987304688e-04 2.373158931732177734e-04
7.413902998813050038e-01 -1.673400402069091797e-04 -1.719594001770019531e-04 -1.679956912994384766e-04 -1.769065856933593750e-04 -1.664459705352783203e-04 -1.771748065948486328e-04 -1.659393310546875000e-04 -1.729130744934082031e-04 -1.781880855560302734e-04 -1.625120639801025391e-04
7.478430618666929153e-01 -3.267228603363037109e-04 -3.354251384735107422e-04 -3.373324871063232422e-04 -3.361999988555908203e-04 -3.322660923004150391e-04 -3.333091735839843750e-04 -3.396868705749511719e-04 -3.229379653930664062e-04 -3.302395343780517578e-04 -3.314614295959472656e-04
7.542958238520808267e-01 9.843707084655761719e-05 8.195638656616210938e-05 1.099407672882080078e-04 8.201599121093750000e-05 9.045004844665527344e-05 8.177757263183593750e-05 9.122490882873535156e-05 9.971857070922851562e-05 9.056925773620605469e-05 9.572505950927734375e-05
7.607485858374687382e-01 -1.560449600219726562e-04 -1.534223556518554688e-04 -1.533925533294677734e-04 -1.600384712219238281e-04 -1.483261585235595703e-04 -1.440644264221191406e-04 -1.506209373474121094e-04 -1.547038555145263672e-04 -1.451969146728515625e-04 -1.481771469116210938e-04
7.672013478228566496e-01 3.782212734222412109e-04 3.955364227294921875e-04 3.958344459533691406e-04 3.878474235534667969e-04 3.874301910400390625e-04 3.874599933624267578e-04 3.865063190460205078e-04 3.865957260131835938e-04 3.978610038757324219e-04 3.842711448669433594e-04
7.736541098082445611e-01 3.122091293334960938e-04 3.004670143127441406e-04 3.066956996917724609e-04 3.094673156738281250e-04 2.977848052978515625e-04 3.142654895782470703e-04 3.108978271484375000e-04 2.942383289337158203e-04 2.968311309814453125e-04 3.010332584381103516e-04
7.801068717936323615e-01 -3.584921360015869141e-04 -3.712773323059082031e-04 -3.635287284851074219e-04 -3.657639026641845703e-04 -3.659725189208984375e-04 -3.554224967956542969e-04 -3.704130649566650391e-04 -3.743469715118408203e-04 -3.612339496612548828e-04 -3.727376461029052734e-04
7.865596337790202730e-01 4.693269729614257812e-04 4.580914974212646484e-04 4.655420780181884766e-04 4.566311836242675781e-04 4.604458808898925781e-04 4.478394985198974609e-04 4.494190216064453125e-04 4.621744155883789062e-04 4.541575908660888672e-04 4.594922065734863281e-04
7.930123957644081845e-01 2.921223640441894531e-04 3.032684326171875000e-04 2.950131893157958984e-04 3.011226654052734375e-04 2.982318401336669922e-04 2.932548522949218750e-04 3.016591072082519531e-04 2.945363521575927734e-04 3.073215484619140625e-04 3.078281879425048828e-04
7.994651577497960959e-01 -2.959966659545898438e-04 -2.908408641815185547e-04 -2.920627593994140625e-04 -2.990067005157470703e-04 -2.991259098052978516e-04 -2.955496311187744141e-04 -3.052055835723876953e-04 -3.099441528320312500e-04 -3.102719783782958984e-04 -2.950727939605712891e-04
8.059179197351840074e-01 -3.543794155120849609e-04 -3.629624843597412109e-04 -3.533661365509033203e-04 -3.662705421447753906e-04 -3.724992275238037109e-04 -3.733038902282714844e-04 -3.627538681030273438e-04 -3.540515899658203125e-04 -3.693401813507080078e-04 -3.642141819000244141e-04
8.123706817205719188e-01 -2.064704895019531250e-04 -2.273619174957275391e-04 -2.415180206298828125e-04 -2.391636371612548828e-04 -2.221465110778808594e-04 -2.064704895019531250e-04 -2.210736274719238281e-04 -2.183616161346435547e-04 -2.155005931854248047e-04 -2.202689647674560547e-04
8.188234437059598303e-01 2.934038639068603516e-04 2.918839454650878906e-04 3.008842468261718750e-04 2.926588058471679688e-04 2.876818180084228516e-04 2.947151660919189453e-04 2.860426902770996094e-04 3.066360950469970703e-04 2.987086772918701172e-04 2.986192703247070312e-04
8.252762056913477418e-01 -2.788603305816650391e-04 -2.690255641937255859e-04 -2.663433551788330078e-04 -2.678334712982177734e-04 -2.667307853698730469e-04 -2.803802490234375000e-04 -2.680122852325439453e-04 -2.731978893280029297e-04 -2.775490283966064453e-04 -2.667009830474853516e-04
8.317289676767356532e-01 -2.988278865814208984e-04 -2.795457839965820312e-04 -2.923607826232910156e-04 -2.934336662292480469e-04 -3.057718276977539062e-04 -2.936124801635742188e-04 -2.915561199188232422e-04 -2.896189689636230469e-04 -2.863705158233642578e-04 -2.914369106292724609e-04
8.381817296621235647e-01 3.387033939361572266e-04 3.348588943481445312e-04 3.352463245391845703e-04 3.436505794525146484e-04 3.471374511718750000e-04 3.343820571899414062e-04 3.445446491241455078e-04 3.376007080078125000e-04 3.367960453033447266e-04 3.516077995300292969e-04
8.446344916475114761e-01 1.357197761535644531e-04 1.493692398071289062e-04 1.513659954071044922e-04 1.454353332519531250e-04 1.495480537414550781e-04 1.490414142608642578e-04 1.383125782012939453e-04 1.471936702728271484e-04 1.594722270965576172e-04 1.347959041595458984e-04
8.510872536328993876e-01 -6.571412086486816406e-05 -6.476044654846191406e-05 -6.431341171264648438e-05 -6.291270256042480469e-05 -6.580352783203125000e-05 -5.894899368286132812e-05 -6.362795829772949219e-05 -6.312131881713867188e-05 -7.200241088867187500e-05 -5.662441253662109375e-05
8.575400156182872990e-01 -1.760125160217285156e-04 -1.661479473114013672e-04 -1.628398895263671875e-04 -1.653134822845458984e-04 -1.903474330902099609e-04 -1.681149005889892578e-04 -1.839399337768554688e-04 -1.764595508575439453e-04 -1.782178878784179688e-04 -1.722574234008789062e-04
8.639927776036752105e-01 5.564093589782714844e-05 5.635619163513183594e-05 3.942847251892089844e-05 4.827976226806640625e-05 4.303455352783203125e-05 6.434321403503417969e-05 4.261732101440429688e-05 5.403161048889160156e-05 5.540251731872558594e-05 4.768371582031250000e-05
8.704455395890630109e-01 -3.499388694763183594e-04 -3.743171691894531250e-04 -3.628134727478027344e-04 -3.705322742462158203e-04 -3.474056720733642578e-04 -3.501474857330322266e-04 -3.564357757568359375e-04 -3.584325313568115234e-04 -3.610253334045410156e-04 -3.556907176971435547e-04
8.768983015744509224e-01 7.879734039306640625e-05 7.247924804687500000e-05 5.307793617248535156e-05 7.137656211853027344e-05 5.769729614257812500e-05 6.544589996337890625e-05 8.115172386169433594e-05 6.121397018432617188e-05 6.207823753356933594e-05 6.598234176635742188e-05
8.833510635598388339e-01 4.000365734100341797e-04 4.015862941741943359e-04 4.141926765441894531e-04 3.935098648071289062e-04 3.989338874816894531e-04 4.059076309204101562e-04 3.997087478637695312e-04 3.988146781921386719e-04 3.901720046997070312e-04 4.012882709503173828e-04
8.898038255452267453e-01 -4.089772701263427734e-04 -4.047155380249023438e-04 -3.979802131652832031e-04 -3.922283649444580078e-04 -4.076361656188964844e-04 -3.961026668548583984e-04 -3.980398178100585938e-04 -4.024207592010498047e-04 -3.931224346160888672e-04 -4.025399684906005859e-04
8.962565875306146568e-01 1.309216022491455078e-04 1.378059387207031250e-04 1.301169395446777344e-04 1.378059387207031250e-04 1.278817653656005859e-04 1.331865787506103516e-04 1.323521137237548828e-04 1.440346240997314453e-04 1.287758350372314453e-04 1.393258571624755859e-04
9.027093495160025682e-01 1.094043254852294922e-04 1.071989536285400391e-04 1.235008239746093750e-04 1.134276390075683594e-04 1.198649406433105469e-04 1.116096973419189453e-04 1.192092895507812500e-04 1.083016395568847656e-04 1.033246517181396484e-04 1.075267791748046875e-04
9.091621115013904797e-01 -3.112256526947021484e-04 -3.012418746948242188e-04 -3.120303153991699219e-04 -3.146529197692871094e-04 -3.127455711364746094e-04 -3.197193145751953125e-04 -3.050565719604492188e-04 -3.067255020141601562e-04 -3.067851066589355469e-04 -3.089308738708496094e-04
9.156148734867783912e-01 5.408525466918945312e-04 5.344748497009277344e-04 5.386173725128173828e-04 5.412399768829345703e-04 5.519390106201171875e-04 5.371570587158203125e-04 5.385279655456542969e-04 5.369484424591064453e-04 5.435645580291748047e-04 5.398988723754882812e-04
9.220676354721663026e-01 -3.879666328430175781e-04 -3.872215747833251953e-04 -3.770887851715087891e-04 -3.940165042877197266e-04 -3.705024719238281250e-04 -3.880858421325683594e-04 -3.935396671295166016e-04 -3.825128078460693359e-04 -3.780424594879150391e-04 -3.753006458282470703e-04
9.285203974575542141e-01 -2.011358737945556641e-04 -1.958906650543212891e-04 -2.075135707855224609e-04 -2.048909664154052734e-04 -2.058744430541992188e-04 -2.107322216033935547e-04 -2.004504203796386719e-04 -1.964271068572998047e-04 -2.126395702362060547e-04 -2.077519893646240234e-04
9.349731594429421255e-01 4.972815513610839844e-04 4.927217960357666016e-04 5.010664463043212891e-04 4.882812500000000000e-04 4.953145980834960938e-04 4.991292953491210938e-04 4.989206790924072266e-04 4.989504814147949219e-04 4.892349243164062500e-04 4.897117614746093750e-04
9.414259214283300370e-01 -4.323124885559082031e-04 -4.472136497497558594e-04 -4.337430000305175781e-04 -4.446506500244140625e-04 -4.368424415588378906e-04 -4.513859748840332031e-04 -4.347562789916992188e-04 -4.552602767944335938e-04 -4.342198371887207031e-04 -4.382729530334472656e-04
9.478786834137179484e-01 1.887679100036621094e-04 2.092123031616210938e-04 1.830160617828369141e-04 1.916587352752685547e-04 1.899003982543945312e-04 1.845359802246093750e-04 1.872181892395019531e-04 1.918971538543701172e-04 1.838207244873046875e-04 1.867413520812988281e-04
9.543314453991058599e-01 2.200305461883544922e-04 2.163648605346679688e-04 2.290308475494384766e-04 2.234578132629394531e-04 2.260506153106689453e-04 2.437233924865722656e-04 2.513229846954345703e-04 2.211928367614746094e-04 2.352297306060791016e-04 2.357065677642822266e-04
9.607842073844936603e-01 -5.786120891571044922e-04 -5.639195442199707031e-04 -5.630850791931152344e-04 -5.666017532348632812e-04 -5.706548690795898438e-04 -5.616545677185058594e-04 -5.683600902557373047e-04 -5.669593811035156250e-04 -5.656182765960693359e-04 -5.653500556945800781e-04
9.672369693698815718e-01 3.103315830230712891e-04 3.111362457275390625e-04 3.009438514709472656e-04 3.030002117156982422e-04 2.999007701873779297e-04 3.005564212799072266e-04 2.989470958709716797e-04 3.099441528320312500e-04 2.981424331665039062e-04 3.004074096679687500e-04
9.736897313552694833e-01 1.177489757537841797e-04 9.605288505554199219e-05 1.138150691986083984e-04 9.906291961669921875e-05 1.150071620941162109e-04 1.180469989776611328e-04 1.202523708343505859e-04 1.059472560882568359e-04 1.110732555389404297e-04 1.116991043090820312e-04
9.801424933406573947e-01 -3.451406955718994141e-04 -3.371536731719970703e-04 -3.429353237152099609e-04 -3.597140312194824219e-04 -3.454983234405517578e-04 -3.462135791778564453e-04 -3.443360328674316406e-04 -3.468990325927734375e-04 -3.443658351898193359e-04 -3.490149974822998047e-04
9.865952553260453062e-01 2.911090850830078125e-04 2.929568290710449219e-04 2.997219562530517578e-04 2.898275852203369141e-04 2.974271774291992188e-04 3.002285957336425781e-04 2.945363521575927734e-04 3.004968166351318359e-04 2.856552600860595703e-04 3.039538860321044922e-04
9.930480173114332176e-01 -1.648664474487304688e-04 -1.797676086425781250e-04 -1.555979251861572266e-04 -1.763105392456054688e-04 -1.698434352874755859e-04 -1.695752143859863281e-04 -1.724660396575927734e-04 -1.645982265472412109e-04 -1.706480979919433594e-04 -1.687705516815185547e-04
9.995007792968211291e-01 -7.092952728271484375e-05 -7.933378219604492188e-05 -8.031725883483886719e-05 -7.754564285278320312e-05 -8.091330528259277344e-05 -6.312131881713867188e-05 -8.341670036315917969e-05 -6.553530693054199219e-05 -7.513165473937988281e-05 -8.317828178405761719e-05
1.005953541282209152e+00 3.041923046112060547e-04 3.066062927246093750e-04 3.058612346649169922e-04 3.076791763305664062e-04 2.918541431427001953e-04 3.131628036499023438e-04 3.082156181335449219e-04 3.031194210052490234e-04 3.137290477752685547e-04 3.026425838470458984e-04
1.012406303267596952e+00 -1.395344734191894531e-04 -1.452565193176269531e-04 -1.540184020996093750e-04 -1.590549945831298828e-04 -1.480877399444580078e-04 -1.538395881652832031e-04 -1.514256000518798828e-04 -1.495182514190673828e-04 -1.585781574249267578e-04 -1.547038555145263672e-04
1.018859065252984752e+00 -4.798173904418945312e-06 -2.264976501464843750e-06 -1.010298728942871094e-05 -9.089708328247070312e-06 -2.086162567138671875e-07 -6.943941116333007812e-06 -2.831220626831054688e-06 7.748603820800781250e-07 -3.993511199951171875e-06 1.996755599975585938e-06
1.025311827238372775e+00 8.499622344970703125e-05 9.462237358093261719e-05 9.641051292419433594e-05 9.605288505554199219e-05 1.067519187927246094e-04 9.742379188537597656e-05 9.682774543762207031e-05 8.246302604675292969e-05 9.384751319885253906e-05 9.420514106750488281e-05
1.031764589223760797e+00 -9.572505950927734375e-05 -9.343028068542480469e-05 -1.085102558135986328e-04 -9.956955909729003906e-05 -8.738040924072265625e-05 -1.021623611450195312e-04 -9.170174598693847656e-05 -8.794665336608886719e-05 -9.867548942565917969e-05 -9.694695472717285156e-05
1.038217351209148598e+00 1.298785209655761719e-04 1.196265220642089844e-04 1.171231269836425781e-04 1.257956027984619141e-04 1.241862773895263672e-04 1.370906829833984375e-04 1.221299171447753906e-04 1.121759414672851562e-04 1.167654991149902344e-04 1.221597194671630859e-04
1.044670113194536398e+00 1.060068607330322266e-04 1.195967197418212891e-04 1.235306262969970703e-04 1.208484172821044922e-04 1.118183135986328125e-04 1.159012317657470703e-04 1.137852668762207031e-04 1.123845577239990234e-04 1.159608364105224609e-04 1.057088375091552734e-04
1.051122875179924421e+00 -1.538395881652832031e-04 -1.713931560516357422e-04 -1.648068428039550781e-04 -1.711547374725341797e-04 -1.609325408935546875e-04 -1.664459705352783203e-04 -1.678466796875000000e-04 -1.614987850189208984e-04 -1.663267612457275391e-04 -1.635849475860595703e-04
1.057575637165312221e+00 2.869963645935058594e-05 2.095103263854980469e-05 1.883506774902343750e-05 2.536177635192871094e-05 1.943111419677734375e-05 3.042817115783691406e-05 2.792477607727050781e-05 2.074241638183593750e-05 2.342462539672851562e-05 1.630187034606933594e-05
1.064028399150700022e+00 1.483857631683349609e-04 1.462697982788085938e-04 1.470148563385009766e-04 1.388788223266601562e-04 1.429319381713867188e-04 1.457929611206054688e-04 1.576244831085205078e-04 1.427233219146728516e-04 1.359283924102783203e-04 1.316070556640625000e-04
1.070481161136088044e+00 -1.216232776641845703e-04 -1.257658004760742188e-04 -1.283884048461914062e-04 -1.174807548522949219e-04 -1.285076141357421875e-04 -1.322031021118164062e-04 -1.409947872161865234e-04 -1.256465911865234375e-04 -1.152455806732177734e-04 -1.339614391326904297e-04
1.076933923121476067e+00 1.084804534912109375e-05 2.112984657287597656e-05 1.591444015502929688e-05 1.454353332519531250e-05 1.040101051330566406e-05 3.194808959960937500e-05 1.335144042968750000e-05 2.440810203552246094e-05 1.320242881774902344e-05 7.629394531250000000e-06
1.083386685106863867e+00 7.620453834533691406e-05 7.626414299011230469e-05 7.158517837524414062e-05 7.781386375427246094e-05 7.897615432739257812e-05 7.867813110351562500e-05 8.183717727661132812e-05 9.018182754516601562e-05 6.690621376037597656e-05 7.590651512145996094e-05
1.089839447092251667e+00 4.100799560546875000e-05 3.892183303833007812e-05 5.346536636352539062e-05 3.877282142639160156e-05 6.240606307983398438e-05 4.851818084716796875e-05 4.827976226806640625e-05 4.795193672180175781e-05 4.544854164123535156e-05 4.032254219055175781e-05
1.096292209077639690e+00 -5.963444709777832031e-05 -6.395578384399414062e-05 -5.540251731872558594e-05 -6.619095802307128906e-05 -7.650256156921386719e-05 -6.327033042907714844e-05 -5.987286567687988281e-05 -4.935264587402343750e-05 -4.872679710388183594e-05 -5.355477333068847656e-05
1.102744971063027712e+00 -6.920099258422851562e-05 -9.039044380187988281e-05 -8.085370063781738281e-05 -6.949901580810546875e-05 -7.712841033935546875e-05 -6.595253944396972656e-05 -7.528066635131835938e-05 -8.460879325866699219e-05 -7.933378219604492188e-05 -8.818507194519042969e-05
1.109197733048415513e+00 -2.289414405822753906e-04 -2.394914627075195312e-04 -2.259016036987304688e-04 -2.285242080688476562e-04 -2.258419990539550781e-04 -2.366006374359130859e-04 -2.371668815612792969e-04 -2.227723598480224609e-04 -2.251267433166503906e-04 -2.442300319671630859e-04
1.115650495033803313e+00 1.737475395202636719e-05 2.115964889526367188e-06 -9.685754776000976562e-06 5.960464477539062500e-08 -9.834766387939453125e-06 5.096197128295898438e-06 6.556510925292968750e-07 9.298324584960937500e-06 -6.943941116333007812e-06 2.384185791015625000e-07
1.122103257019191336e+00 -7.203221321105957031e-05 -8.448958396911621094e-05 -8.687376976013183594e-05 -6.666779518127441406e-05 -7.441639900207519531e-05 -7.936358451843261719e-05 -7.385015487670898438e-05 -8.705258369445800781e-05 -7.796287536621093750e-05 -7.510185241699218750e-05
1.128556019004579358e+00 -8.279085159301757812e-05 -8.139014244079589844e-05 -8.907914161682128906e-05 -9.086728096008300781e-05 -8.988380432128906250e-05 -8.293986320495605469e-05 -8.386373519897460938e-05 -9.152293205261230469e-05 -8.642673492431640625e-05 -9.566545486450195312e-05
1.135008780989967159e+00 1.645982265472412109e-04 1.555681228637695312e-04 1.691579818725585938e-04 1.627206802368164062e-04 1.734495162963867188e-04 1.692473888397216797e-04 1.731216907501220703e-04 1.636445522308349609e-04 1.688301563262939453e-04 1.598298549652099609e-04
1.141461542975354959e+00 -9.548664093017578125e-05 -1.068413257598876953e-04 -1.008510589599609375e-04 -1.114606857299804688e-04 -9.918212890625000000e-05 -1.114308834075927734e-04 -1.008808612823486328e-04 -9.825825691223144531e-05 -1.043379306793212891e-04 -9.483098983764648438e-05
1.147914304960742982e+00 1.398324966430664062e-04 1.388192176818847656e-04 1.364946365356445312e-04 1.405179500579833984e-04 1.243650913238525391e-04 1.303553581237792969e-04 1.407861709594726562e-04 1.293420791625976562e-04 1.307725906372070312e-04 1.288950443267822266e-04
1.154367066946130782e+00 1.029670238494873047e-04 8.910894393920898438e-05 1.061260700225830078e-04 1.025497913360595703e-04 1.082122325897216797e-04 1.110434532165527344e-04 1.157820224761962891e-04 1.064538955688476562e-04 1.105964183807373047e-04 1.057982444763183594e-04
1.160819828931518582e+00 -2.144575119018554688e-04 -2.325177192687988281e-04 -2.292692661285400391e-04 -2.357065677642822266e-04 -2.149045467376708984e-04 -2.178251743316650391e-04 -2.125203609466552734e-04 -2.294182777404785156e-04 -2.256631851196289062e-04 -2.172887325286865234e-04
1.167272590916906605e+00 2.170801162719726562e-04 2.122819423675537109e-04 2.010166645050048828e-04 2.086162567138671875e-04 2.098381519317626953e-04 2.078711986541748047e-04 2.100169658660888672e-04 1.995563507080078125e-04 2.068281173706054688e-04 2.046823501586914062e-04
1.173725352902294627e+00 -1.383423805236816406e-04 -1.358389854431152344e-04 -1.333951950073242188e-04 -1.417100429534912109e-04 -1.510083675384521484e-04 -1.424551010131835938e-04 -1.431107521057128906e-04 -1.420080661773681641e-04 -1.455843448638916016e-04 -1.303553581237792969e-04
1.180178114887682428e+00 -1.309812068939208984e-04 -1.220405101776123047e-04 -1.267790794372558594e-04 -1.257359981536865234e-04 -1.278817653656005859e-04 -1.268088817596435547e-04 -1.335144042968750000e-04 -1.369714736938476562e-04 -1.197755336761474609e-04 -1.388192176818847656e-04
1.186630876873070450e+00 3.860890865325927734e-04 3.705918788909912109e-04 3.840923309326171875e-04 3.777146339416503906e-04 3.795623779296875000e-04 3.772377967834472656e-04 3.799796104431152344e-04 3.711879253387451172e-04 3.776848316192626953e-04 3.698468208312988281e-04
1.193083638858458251e+00 -2.557635307312011719e-04 -2.546310424804687500e-04 -2.636313438415527344e-04 -2.559423446655273438e-04 -2.618432044982910156e-04 -2.545416355133056641e-04 -2.400279045104980469e-04 -2.457797527313232422e-04 -2.557635307312011719e-04 -2.698004245758056641e-04
1.199536400843846051e+00 9.208917617797851562e-05 1.018345355987548828e-04 8.314847946166992188e-05 9.250640869140625000e-05 8.565187454223632812e-05 8.067488670349121094e-05 9.280443191528320312e-05 8.657574653625488281e-05 7.867813110351562500e-05 8.764863014221191406e-05
1.205989162829234074e+00 1.309812068939208984e-04 1.312196254730224609e-04 1.415610313415527344e-04 1.457929611206054688e-04 1.340806484222412109e-04 1.370906829833984375e-04 1.411139965057373047e-04 1.309514045715332031e-04 1.315474510192871094e-04 1.330971717834472656e-04
1.212441924814621874e+00 -3.296136856079101562e-04 -3.256499767303466797e-04 -3.309249877929687500e-04 -3.339350223541259766e-04 -3.229081630706787109e-04 -3.399550914764404297e-04 -3.380179405212402344e-04 -3.300905227661132812e-04 -3.232061862945556641e-04 -3.369450569152832031e-04
1.218894686800009897e+00 3.093779087066650391e-04 2.936124801635742188e-04 2.956688404083251953e-04 2.968311309814453125e-04 2.932250499725341797e-04 2.907812595367431641e-04 2.889037132263183594e-04 2.937018871307373047e-04 2.983510494232177734e-04 2.904236316680908203e-04
1.225347448785397697e+00 -8.627772331237792969e-05 -9.271502494812011719e-05 -7.396936416625976562e-05 -7.274746894836425781e-05 -7.879734039306640625e-05 -8.195638656616210938e-05 -7.644295692443847656e-05 -8.687376976013183594e-05 -7.462501525878906250e-05 -8.070468902587890625e-05
1.231800210770785720e+00 -1.328289508819580078e-04 -1.324117183685302734e-04 -1.336336135864257812e-04 -1.403987407684326172e-04 -1.358985900878906250e-04 -1.321732997894287109e-04 -1.390576362609863281e-04 -1.229643821716308594e-04 -1.364052295684814453e-04 -1.355111598968505859e-04
1.238252972756173520e+00 2.421736717224121094e-04 2.469718456268310547e-04 2.447962760925292969e-04 2.542138099670410156e-04 2.596676349639892578e-04 2.575218677520751953e-04 2.585649490356445312e-04 2.472996711730957031e-04 2.378523349761962891e-04 2.465248107910156250e-04
1.244705734741561542e+00 -1.727044582366943359e-04 -1.884698867797851562e-04 -1.878440380096435547e-04 -1.841783523559570312e-04 -1.961290836334228516e-04 -1.752972602844238281e-04 -1.847743988037109375e-04 -1.947581768035888672e-04 -1.845955848693847656e-04 -1.846551895141601562e-04
1.251158496726949343e+00 1.201033592224121094e-05 1.615285873413085938e-05 6.914138793945312500e-06 1.886487007141113281e-05 1.946091651916503906e-05 1.141428947448730469e-05 1.153349876403808594e-05 1.212954521179199219e-05 1.725554466247558594e-05 1.642107963562011719e-05
1.257611258712337365e+00 1.415312290191650391e-04 1.327395439147949219e-04 1.305937767028808594e-04 1.311600208282470703e-04 1.311898231506347656e-04 1.236498355865478516e-04 1.293122768402099609e-04 1.274645328521728516e-04 1.387596130371093750e-04 1.359581947326660156e-04
1.264064020697725166e+00 -1.331269741058349609e-04 -1.262724399566650391e-04 -1.285076141357421875e-04 -1.238584518432617188e-04 -1.340508460998535156e-04 -1.299381256103515625e-04 -1.277923583984375000e-04 -1.301467418670654297e-04 -1.361966133117675781e-04 -1.333057880401611328e-04
1.270516782683113188e+00 1.966953277587890625e-06 -1.460313796997070312e-06 -6.496906280517578125e-06 -1.490116119384765625e-06 2.533197402954101562e-06 5.722045898437500000e-06 2.950429916381835938e-06 6.020069122314453125e-06 3.635883331298828125e-06 -6.198883056640625000e-06
1.276969544668500989e+00 4.798173904418945312e-05 5.698204040527343750e-05 5.075335502624511719e-05 5.948543548583984375e-05 5.912780761718750000e-05 5.108118057250976562e-05 5.847215652465820312e-05 5.501508712768554688e-05 5.277991294860839844e-05 5.757808685302734375e-05
1.283422306653888789e+00 -1.990795135498046875e-05 -3.537535667419433594e-05 -2.482533454895019531e-05 -2.580881118774414062e-05 -2.849102020263671875e-05 -2.452731132507324219e-05 -3.474950790405273438e-05 -3.156065940856933594e-05 -2.890825271606445312e-05 -3.901124000549316406e-05
1.289875068639276812e+00 3.984570503234863281e-05 2.655386924743652344e-05 4.023313522338867188e-05 4.228949546813964844e-05 3.859400749206542969e-05 2.786517143249511719e-05 4.258751869201660156e-05 4.073977470397949219e-05 4.553794860839843750e-05 3.084540367126464844e-05
1.296327830624664612e+00 6.097555160522460938e-05 4.580616950988769531e-05 5.757808685302734375e-05 6.046891212463378906e-05 5.194544792175292969e-05 4.550814628601074219e-05 5.689263343811035156e-05 5.608797073364257812e-05 5.716085433959960938e-05 5.057454109191894531e-05
1.302780592610052635e+00 -3.331899642944335938e-05 -3.021955490112304688e-05 -2.971291542053222656e-05 -4.377961158752441406e-05 -3.713369369506835938e-05 -3.835558891296386719e-05 -3.001093864440917969e-05 -2.360343933105468750e-05 -3.799796104431152344e-05 -3.817677497863769531e-05
1.309233354595440435e+00 -6.237626075744628906e-05 -4.437565803527832031e-05 -5.024671554565429688e-05 -4.729628562927246094e-05 -2.923607826232910156e-05 -5.811452865600585938e-05 -5.146861076354980469e-05 -5.629658699035644531e-05 -5.704164505004882812e-05 -4.956126213073730469e-05
1.315686116580828458e+00 1.054704189300537109e-04 9.360909461975097656e-05 8.821487426757812500e-05 9.369850158691406250e-05 8.895993232727050781e-05 8.890032768249511719e-05 9.921193122863769531e-05 8.955597877502441406e-05 9.185075759887695312e-05 8.761882781982421875e-05
1.322138878566216258e+00 -2.747774124145507812e-05 -2.571940422058105469e-05 -1.734495162963867188e-05 -1.615285873413085938e-05 -1.868605613708496094e-05 -1.427531242370605469e-05 -1.928210258483886719e-05 -2.062320709228515625e-05 -2.437829971313476562e-05 -2.497434616088867188e-05
1.328591640551604280e+00 -1.221895217895507812e-05 -2.479553222656250000e-05 -2.646446228027343750e-05 -1.183152198791503906e-05 -2.339482307434082031e-05 -2.801418304443359375e-05 -2.658367156982421875e-05 -1.993775367736816406e-05 -2.229213714599609375e-05 -2.431869506835937500e-05
1.335044402536992081e+00 2.527236938476562500e-05 2.670288085937500000e-05 2.282857894897460938e-05 2.184510231018066406e-05 4.535913467407226562e-05 3.704428672790527344e-05 3.054738044738769531e-05 3.409385681152343750e-05 2.291798591613769531e-05 2.980232238769531250e-05
1.341497164522380103e+00 -2.649426460266113281e-05 -3.314018249511718750e-05 -3.856420516967773438e-05 -3.552436828613281250e-05 -2.238154411315917969e-05 -3.331899642944335938e-05 -3.573298454284667969e-05 -3.206729888916015625e-05 -3.689527511596679688e-05 -2.798438072204589844e-05
1.347949926507767904e+00 -5.960464477539062500e-07 -7.152557373046875000e-07 7.092952728271484375e-06 -5.155801773071289062e-06 3.397464752197265625e-06 1.192092895507812500e-06 9.477138519287109375e-06 1.779198646545410156e-05 2.682209014892578125e-06 -8.225440979003906250e-06
1.354402688493155926e+00 8.252263069152832031e-05 8.285045623779296875e-05 8.499622344970703125e-05 8.699297904968261719e-05 8.150935173034667969e-05 9.447336196899414062e-05 8.979439735412597656e-05 8.559226989746093750e-05 7.906556129455566406e-05 8.928775787353515625e-05
1.360855450478543727e+00 -9.372830390930175781e-05 -1.031756401062011719e-04 -9.042024612426757812e-05 -1.037418842315673828e-04 -8.851289749145507812e-05 -1.012980937957763672e-04 -9.751319885253906250e-05 -9.486079216003417969e-05 -1.015961170196533203e-04 -1.015961170196533203e-04
1.367308212463931749e+00 -8.746981620788574219e-05 -8.586049079895019531e-05 -9.176135063171386719e-05 -8.848309516906738281e-05 -9.474158287048339844e-05 -9.432435035705566406e-05 -9.205937385559082031e-05 -9.652972221374511719e-05 -9.056925773620605469e-05 -9.101629257202148438e-05
1.373760974449319550e+00 1.380145549774169922e-04 1.395940780639648438e-04 1.388192176818847656e-04 1.211762428283691406e-04 1.290142536163330078e-04 1.260340213775634766e-04 1.378059387207031250e-04 1.305639743804931641e-04 1.374185085296630859e-04 1.354217529296875000e-04
1.380213736434707350e+00 -5.757808685302734375e-05 -7.802248001098632812e-05 -8.535385131835937500e-05 -8.320808410644531250e-05 -8.240342140197753906e-05 -7.104873657226562500e-05 -8.258223533630371094e-05 -7.164478302001953125e-05 -7.629394531250000000e-05 -6.699562072753906250e-05
1.386666498420095373e+00 4.670023918151855469e-05 4.434585571289062500e-05 4.041194915771484375e-05 5.114078521728515625e-05 4.187226295471191406e-05 5.230307579040527344e-05 3.358721733093261719e-05 4.580616950988769531e-05 4.461407661437988281e-05 5.364418029785156250e-05
1.393119260405483173e+00 1.732409000396728516e-04 1.697838306427001953e-04 1.810789108276367188e-04 1.825094223022460938e-04 1.703202724456787109e-04 1.644790172576904297e-04 1.702308654785156250e-04 1.523494720458984375e-04 1.702904701232910156e-04 1.756548881530761719e-04
1.399572022390871195e+00 -1.732110977172851562e-04 -1.629590988159179688e-04 -1.493692398071289062e-04 -1.632869243621826172e-04 -1.758933067321777344e-04 -1.685321331024169922e-04 -1.648962497711181641e-04 -1.700520515441894531e-04 -1.554191112518310547e-04 -1.538991928100585938e-04
1.406024784376258996e+00 1.351535320281982422e-04 1.386404037475585938e-04 1.334547996520996094e-04 1.419186592102050781e-04 1.280903816223144531e-04 1.392066478729248047e-04 1.306235790252685547e-04 1.274645328521728516e-04 1.237094402313232422e-04 1.365542411804199219e-04
1.412477546361647018e+00 2.902746200561523438e-05 1.788139343261718750e-05 2.548098564147949219e-05 2.774596214294433594e-05 2.220273017883300781e-05 2.700090408325195312e-05 2.682209014892578125e-05 2.560019493103027344e-05 2.929568290710449219e-05 3.314018249511718750e-05
1.418930308347034819e+00 -6.410479545593261719e-05 -6.616115570068359375e-05 -6.127357482910156250e-05 -6.982684135437011719e-05 -6.371736526489257812e-05 -6.905198097229003906e-05 -6.580352783203125000e-05 -7.361173629760742188e-05 -7.319450378417968750e-05 -6.699562072753906250e-05
1.425383070332422841e+00 1.339912414550781250e-04 1.324415206909179688e-04 1.287758350372314453e-04 1.300275325775146484e-04 1.116096973419189453e-04 1.160204410552978516e-04 1.224279403686523438e-04 1.127421855926513672e-04 1.199841499328613281e-04 1.223385334014892578e-04
1.431835832317810642e+00 2.792477607727050781e-05 1.919269561767578125e-05 1.630187034606933594e-05 1.659989356994628906e-05 3.153085708618164062e-05 1.630187034606933594e-05 1.910328865051269531e-05 2.485513687133789062e-05 2.419948577880859375e-05 2.947449684143066406e-05
1.438288594303198664e+00 -1.520514488220214844e-04 -1.717507839202880859e-04 -1.541078090667724609e-04 -1.542866230010986328e-04 -1.593530178070068359e-04 -1.579225063323974609e-04 -1.545548439025878906e-04 -1.656115055084228516e-04 -1.635551452636718750e-04 -1.609623432159423828e-04
1.444741356288586465e+00 6.610155105590820312e-05 5.990266799926757812e-05 7.644295692443847656e-05 6.863474845886230469e-05 6.273388862609863281e-05 6.300210952758789062e-05 6.663799285888671875e-05 6.929039955139160156e-05 5.331635475158691406e-05 5.951523780822753906e-05
1.451194118273974487e+00 3.907084465026855469e-05 3.769993782043457031e-05 2.926588058471679688e-05 4.079937934875488281e-05 3.716349601745605469e-05 3.653764724731445312e-05 4.196166992187500000e-05 3.480911254882812500e-05 4.786252975463867188e-05 4.470348358154296875e-05
1.457646880259362288e+00 -5.462765693664550781e-05 -4.202127456665039062e-05 -4.607439041137695312e-05 -5.596876144409179688e-05 -5.453824996948242188e-05 -4.738569259643554688e-05 -4.154443740844726562e-05 -5.525350570678710938e-05 -3.990530967712402344e-05 -4.923343658447265625e-05
1.464099642244750310e+00 9.334087371826171875e-05 7.697939872741699219e-05 9.620189666748046875e-05 8.183717727661132812e-05 9.283423423767089844e-05 9.223818778991699219e-05 9.298324584960937500e-05 8.702278137207031250e-05 8.612871170043945312e-05 9.712576866149902344e-05
1.470552404230138110e+00 -5.200505256652832031e-05 -5.713105201721191406e-05 -3.978610038757324219e-05 -5.418062210083007812e-05 -5.051493644714355469e-05 -6.070733070373535156e-05 -4.592537879943847656e-05 -5.120038986206054688e-05 -4.830956459045410156e-05 -5.033612251281738281e-05
1.477005166215525911e+00 -4.425644874572753906e-05 -4.047155380249023438e-05 -4.678964614868164062e-05 -5.242228507995605469e-05 -5.319714546203613281e-05 -4.974007606506347656e-05 -3.632903099060058594e-05 -4.315376281738281250e-05 -3.907084465026855469e-05 -4.833936691284179688e-05
1.483457928200913933e+00 9.095668792724609375e-05 7.542967796325683594e-05 7.641315460205078125e-05 8.124113082885742188e-05 8.183717727661132812e-05 9.137392044067382812e-05 9.644031524658203125e-05 8.660554885864257812e-05 8.922815322875976562e-05 9.617209434509277344e-05
1.489910690186301734e+00 -3.087520599365234375e-05 -2.545118331909179688e-05 -3.105401992797851562e-05 -1.218914985656738281e-05 -2.923607826232910156e-05 -2.843141555786132812e-05 -4.264712333679199219e-05 -1.922249794006347656e-05 -3.147125244140625000e-05 -3.424286842346191406e-05
1.496363452171689756e+00 -2.473592758178710938e-06 5.245208740234375000e-06 -2.023577690124511719e-05 -8.910894393920898438e-06 2.354383468627929688e-06 -1.120567321777343750e-05 -3.993511199951171875e-06 -5.930662155151367188e-06 -9.804964065551757812e-06 -1.353025436401367188e-05
1.502816214157077557e+00 4.985928535461425781e-05 6.842613220214843750e-05 6.076693534851074219e-05 5.814433097839355469e-05 5.951523780822753906e-05 6.610155105590820312e-05 6.148219108581542969e-05 6.240606307983398438e-05 4.976987838745117188e-05 5.555152893066406250e-05
1.509268976142465579e+00 -6.845593452453613281e-05 -6.780028343200683594e-05 -7.539987564086914062e-05 -7.045269012451171875e-05 -7.027387619018554688e-05 -6.613135337829589844e-05 -6.914138793945312500e-05 -7.262825965881347656e-05 -5.838274955749511719e-05 -6.318092346191406250e-05
1.515721738127853380e+00 1.141428947448730469e-05 3.349781036376953125e-05 2.160668373107910156e-05 1.800060272216796875e-05 9.953975677490234375e-06 1.445412635803222656e-05 2.157688140869140625e-05 2.548098564147949219e-05 1.889467239379882812e-05 1.329183578491210938e-05
1.522174500113241402e+00 5.254149436950683594e-05 5.033612251281738281e-05 4.571676254272460938e-05 5.915760993957519531e-05 5.704164505004882812e-05 5.519390106201171875e-05 5.492568016052246094e-05 5.680322647094726562e-05 6.493926048278808594e-05 4.783272743225097656e-05
1.528627262098629203e+00 -3.281235694885253906e-05 -4.753470420837402344e-05 -3.609061241149902344e-05 -4.011392593383789062e-05 -4.458427429199218750e-05 -4.264712333679199219e-05 -3.921985626220703125e-05 -4.613399505615234375e-05 -3.555417060852050781e-05 -4.976987838745117188e-05
1.535080024084017225e+00 2.256035804748535156e-05 1.940131187438964844e-05 2.440810203552246094e-05 2.518296241760253906e-05 2.405047416687011719e-05 3.305077552795410156e-05 2.840161323547363281e-05 1.296401023864746094e-05 2.223253250122070312e-05 3.081560134887695312e-05
1.541532786069405025e+00 -6.318092346191406250e-06 -6.318092346191406250e-06 -3.993511199951171875e-06 -1.674890518188476562e-05 -4.380941390991210938e-06 -3.576278686523437500e-07 -6.347894668579101562e-06 -2.440810203552246094e-05 -9.506940841674804688e-06 -1.034140586853027344e-05
1.547985548054793048e+00 -1.195073127746582031e-05 -1.373887062072753906e-05 -1.412630081176757812e-05 -1.716613769531250000e-05 -1.037120819091796875e-05 -1.013278961181640625e-06 -2.285838127136230469e-05 -1.955032348632812500e-05 -1.549720764160156250e-05 -1.266598701477050781e-05
1.554438310040180848e+00 1.078844070434570312e-05 3.054738044738769531e-05 3.734230995178222656e-05 3.343820571899414062e-05 2.664327621459960938e-05 2.917647361755371094e-05 3.141164779663085938e-05 3.403425216674804688e-05 2.151727676391601562e-05 4.050135612487792969e-05
1.560891072025568649e+00 3.874301910400390625e-06 -1.847743988037109375e-06 9.834766387939453125e-07 8.344650268554687500e-06 -8.732080459594726562e-06 1.356005668640136719e-05 -4.351139068603515625e-06 6.496906280517578125e-06 1.037120819091796875e-05 -1.907348632812500000e-06
1.567343834010956671e+00 -1.806020736694335938e-05 -2.145767211914062500e-05 -1.877546310424804688e-05 -2.357363700866699219e-05 -2.944469451904296875e-05 -2.753734588623046875e-05 -2.133846282958984375e-05 -2.431869506835937500e-05 -2.616643905639648438e-05 -2.533197402954101562e-05
1.573796595996344472e+00 3.471970558166503906e-05 1.779198646545410156e-05 2.777576446533203125e-05 2.229213714599609375e-05 2.416968345642089844e-05 2.524256706237792969e-05 1.809000968933105469e-05 1.305341720581054688e-05 1.549720764160156250e-05 1.573562622070312500e-05
1.580249357981732494e+00 -2.953410148620605469e-05 -3.442168235778808594e-05 -2.786517143249511719e-05 -3.239512443542480469e-05 -2.226233482360839844e-05 -2.765655517578125000e-05 -3.412365913391113281e-05 -2.485513687133789062e-05 -2.288818359375000000e-05 -3.230571746826171875e-05
1.586702119967120295e+00 -5.692243576049804688e-05 -6.368756294250488281e-05 -5.820393562316894531e-05 -5.280971527099609375e-05 -5.578994750976562500e-05 -5.656480789184570312e-05 -6.258487701416015625e-05 -5.108118057250976562e-05 -6.201863288879394531e-05 -5.596876144409179688e-05
1.593154881952508317e+00 8.398294448852539062e-05 9.322166442871093750e-05 9.602308273315429688e-05 9.015202522277832031e-05 9.474158287048339844e-05 8.904933929443359375e-05 1.000463962554931641e-04 9.885430335998535156e-05 9.530782699584960938e-05 8.919835090637207031e-05
1.599607643937896118e+00 -4.875659942626953125e-05 -5.319714546203613281e-05 -6.905198097229003906e-05 -5.221366882324218750e-05 -5.531311035156250000e-05 -6.142258644104003906e-05 -5.516409873962402344e-05 -5.334615707397460938e-05 -5.185604095458984375e-05 -3.629922866821289062e-05
1.606060405923284140e+00 -4.869699478149414062e-05 -5.343556404113769531e-05 -4.348158836364746094e-05 -4.830956459045410156e-05 -4.872679710388183594e-05 -3.671646118164062500e-05 -4.917383193969726562e-05 -4.249811172485351562e-05 -5.266070365905761719e-05 -4.157423973083496094e-05
1.612513167908671941e+00 1.136362552642822266e-04 1.220405101776123047e-04 1.327097415924072266e-04 1.180171966552734375e-04 1.258850097656250000e-04 1.267194747924804688e-04 1.254975795745849609e-04 1.153945922851562500e-04 1.301467418670654297e-04 1.322925090789794922e-04
1.618965929894059963e+00 -1.386702060699462891e-04 -1.304149627685546875e-04 -1.271367073059082031e-04 -1.420974731445312500e-04 -1.285672187805175781e-04 -1.270473003387451172e-04 -1.191496849060058594e-04 -1.250207424163818359e-04 -1.309514045715332031e-04 -1.269876956939697266e-04
1.625418691879447763e+00 6.324052810668945312e-05 5.540251731872558594e-05 4.935264587402343750e-05 5.015730857849121094e-05 4.619359970092773438e-05 5.650520324707031250e-05 4.240870475769042969e-05 4.389882087707519531e-05 4.351139068603515625e-05 5.498528480529785156e-05
1.631871453864835786e+00 1.007914543151855469e-04 9.328126907348632812e-05 9.286403656005859375e-05 9.867548942565917969e-05 9.965896606445312500e-05 9.506940841674804688e-05 9.846687316894531250e-05 8.693337440490722656e-05 1.027584075927734375e-04 9.429454803466796875e-05
1.638324215850223586e+00 -1.715719699859619141e-04 -1.833438873291015625e-04 -1.800358295440673828e-04 -1.727342605590820312e-04 -1.810491085052490234e-04 -1.805126667022705078e-04 -1.783967018127441406e-04 -1.799762248992919922e-04 -1.803934574127197266e-04 -1.828074455261230469e-04
1.644776977835611609e+00 1.466572284698486328e-04 1.497864723205566406e-04 1.414120197296142578e-04 1.453161239624023438e-04 1.466572284698486328e-04 1.591145992279052734e-04 1.405775547027587891e-04 1.504719257354736328e-04 1.447796821594238281e-04 1.508891582489013672e-04
1.651229739820999409e+00 6.529688835144042969e-05 7.492303848266601562e-05 7.051229476928710938e-05 6.619095802307128906e-05 6.434321403503417969e-05 6.395578384399414062e-05 6.991624832153320312e-05 5.847215652465820312e-05 8.240342140197753906e-05 6.869435310363769531e-05
1.657682501806387210e+00 -1.699328422546386719e-04 -1.750290393829345703e-04 -1.741051673889160156e-04 -1.763999462127685547e-04 -1.654028892517089844e-04 -1.575052738189697266e-04 -1.731216907501220703e-04 -1.642704010009765625e-04 -1.576244831085205078e-04 -1.737773418426513672e-04
1.664135263791775232e+00 2.469718456268310547e-04 2.501010894775390625e-04 2.427101135253906250e-04 2.495050430297851562e-04 2.444088459014892578e-04 2.333223819732666016e-04 2.445280551910400391e-04 2.411603927612304688e-04 2.561807632446289062e-04 2.438724040985107422e-04
1.670588025777163033e+00 -1.240968704223632812e-04 -1.318752765655517578e-04 -1.311600208282470703e-04 -1.311004161834716797e-04 -1.334249973297119141e-04 -1.341402530670166016e-04 -1.231431961059570312e-04 -1.266598701477050781e-04 -1.221895217895507812e-04 -1.147687435150146484e-04
1.677040787762551055e+00 -1.499354839324951172e-04 -1.606047153472900391e-04 -1.606345176696777344e-04 -1.670420169830322266e-04 -1.581013202667236328e-04 -1.553297042846679688e-04 -1.638233661651611328e-04 -1.503527164459228516e-04 -1.706779003143310547e-04 -1.682639122009277344e-04
1.683493549747938856e+00 2.690255641937255859e-04 2.611875534057617188e-04 2.774596214294433594e-04 2.619922161102294922e-04 2.640783786773681641e-04 2.744197845458984375e-04 2.761781215667724609e-04 2.709329128265380859e-04 2.607405185699462891e-04 2.682507038116455078e-04
1.689946311733326878e+00 -1.168549060821533203e-04 -1.171529293060302734e-04 -1.294016838073730469e-04 -1.220405101776123047e-04 -1.240074634552001953e-04 -1.168847084045410156e-04 -1.285374164581298828e-04 -1.203715801239013672e-04 -1.258254051208496094e-04 -1.158118247985839844e-04
1.696399073718714678e+00 1.175105571746826172e-04 1.331865787506103516e-04 1.180768013000488281e-04 1.276135444641113281e-04 1.282393932342529297e-04 1.158714294433593750e-04 1.156330108642578125e-04 1.153945922851562500e-04 1.244544982910156250e-04 1.232028007507324219e-04
1.702851835704102701e+00 8.603930473327636719e-05 8.168816566467285156e-05 8.690357208251953125e-05 8.386373519897460938e-05 8.606910705566406250e-05 9.208917617797851562e-05 8.490681648254394531e-05 8.988380432128906250e-05 7.745623588562011719e-05 9.298324584960937500e-05
1.709304597689490501e+00 -2.558827400207519531e-04 -2.518296241760253906e-04 -2.586245536804199219e-04 -2.578198909759521484e-04 -2.565085887908935547e-04 -2.582669258117675781e-04 -2.581477165222167969e-04 -2.554655075073242188e-04 -2.627074718475341797e-04 -2.620816230773925781e-04
1.715757359674878524e+00 2.006292343139648438e-04 2.135038375854492188e-04 2.043247222900390625e-04 2.084672451019287109e-04 2.068281173706054688e-04 2.051591873168945312e-04 2.042353153228759766e-04 2.070367336273193359e-04 2.104640007019042969e-04 2.210438251495361328e-04
1.722210121660266324e+00 1.797080039978027344e-05 6.794929504394531250e-06 1.668930053710937500e-05 2.542138099670410156e-05 1.996755599975585938e-05 2.214312553405761719e-05 2.303719520568847656e-05 1.013278961181640625e-05 1.698732376098632812e-05 1.645088195800781250e-05
1.728662883645654347e+00 -2.226531505584716797e-04 -2.165436744689941406e-04 -2.184808254241943359e-04 -2.143085002899169922e-04 -2.107620239257812500e-04 -2.117753028869628906e-04 -2.101957798004150391e-04 -2.107024192810058594e-04 -2.126693725585937500e-04 -2.044439315795898438e-04
1.735115645631042147e+00 2.767145633697509766e-04 2.836287021636962891e-04 2.750456333160400391e-04 2.670288085937500000e-04 2.644956111907958984e-04 2.638399600982666016e-04 2.659559249877929688e-04 2.804994583129882812e-04 2.716481685638427734e-04 2.659261226654052734e-04
1.741568407616429948e+00 -1.118779182434082031e-04 -1.137554645538330078e-04 -1.076757907867431641e-04 -1.093745231628417969e-04 -1.176297664642333984e-04 -1.035034656524658203e-04 -1.118183135986328125e-04 -1.088082790374755859e-04 -1.083314418792724609e-04 -1.055002212524414062e-04
1.748021169601817970e+00 -6.136298179626464844e-05 -5.272030830383300781e-05 -6.011128425598144531e-05 -6.505846977233886719e-05 -5.918741226196289062e-05 -5.629658699035644531e-05 -6.377696990966796875e-05 -5.400180816650390625e-05 -6.577372550964355469e-05 -4.518032073974609375e-05
1.754473931587205771e+00 2.769529819488525391e-04 2.913773059844970703e-04 2.753138542175292969e-04 2.798438072204589844e-04 2.884566783905029297e-04 2.815425395965576172e-04 2.839863300323486328e-04 2.857744693756103516e-04 2.950727939605712891e-04 2.906322479248046875e-04
1.760926693572593793e+00 -1.677572727203369141e-04 -1.537799835205078125e-04 -1.532435417175292969e-04 -1.668035984039306641e-04 -1.586675643920898438e-04 -1.532435417175292969e-04 -1.658797264099121094e-04 -1.593530178070068359e-04 -1.505613327026367188e-04 -1.738667488098144531e-04
1.767379455557981593e+00 9.557604789733886719e-05 8.183717727661132812e-05 8.448958396911621094e-05 9.596347808837890625e-05 9.581446647644042969e-05 8.982419967651367188e-05 9.247660636901855469e-05 9.617209434509277344e-05 9.322166442871093750e-05 9.202957153320312500e-05
1.773832217543369616e+00 1.390874385833740234e-04 1.327395439147949219e-04 1.410543918609619141e-04 1.413524150848388672e-04 1.408755779266357422e-04 1.256763935089111328e-04 1.320242881774902344e-04 1.414120197296142578e-04 1.294016838073730469e-04 1.286268234252929688e-04
1.780284979528757416e+00 -2.107322216033935547e-04 -2.044439315795898438e-04 -2.094209194183349609e-04 -2.181529998779296875e-04 -1.976191997528076172e-04 -2.074837684631347656e-04 -2.063512802124023438e-04 -2.070963382720947266e-04 -2.034306526184082031e-04 -2.123713493347167969e-04
1.786737741514145439e+00 2.169609069824218750e-05 2.324581146240234375e-05 2.172589302062988281e-05 1.278519630432128906e-05 1.636147499084472656e-05 3.677606582641601562e-05 2.473592758178710938e-05 3.296136856079101562e-05 2.959370613098144531e-05 3.847479820251464844e-05
1.793190503499533239e+00 5.152821540832519531e-05 5.471706390380859375e-05 6.300210952758789062e-05 7.593631744384765625e-05 5.668401718139648438e-05 4.577636718750000000e-05 5.668401718139648438e-05 5.671381950378417969e-05 4.845857620239257812e-05 4.333257675170898438e-05
1.799643265484921262e+00 -5.611777305603027344e-05 -5.111098289489746094e-05 -5.471706390380859375e-05 -5.421042442321777344e-05 -4.443526268005371094e-05 -4.577636718750000000e-05 -3.948807716369628906e-05 -5.954504013061523438e-05 -4.687905311584472656e-05 -4.857778549194335938e-05
1.806096027470309062e+00 1.588165760040283203e-04 1.473128795623779297e-04 1.525282859802246094e-04 1.555979251861572266e-04 1.498460769653320312e-04 1.673698425292968750e-04 1.622140407562255859e-04 1.620650291442871094e-04 1.550018787384033203e-04 1.531541347503662109e-04
1.812548789455697085e+00 -2.133846282958984375e-05 -2.187490463256835938e-05 -1.421570777893066406e-05 -2.381205558776855469e-05 -8.434057235717773438e-06 -3.150105476379394531e-05 -6.288290023803710938e-06 -8.463859558105468750e-06 -1.403689384460449219e-05 -1.806020736694335938e-05
1.819001551441084885e+00 -6.878376007080078125e-05 -8.100271224975585938e-05 -9.092688560485839844e-05 -6.303191184997558594e-05 -8.144974708557128906e-05 -7.447600364685058594e-05 -6.601214408874511719e-05 -7.370114326477050781e-05 -6.976723670959472656e-05 -7.408857345581054688e-05
1.825454313426472908e+00 8.535385131835937500e-05 1.007914543151855469e-04 8.696317672729492188e-05 8.937716484069824219e-05 7.945299148559570312e-05 6.976723670959472656e-05 8.502602577209472656e-05 7.215142250061035156e-05 8.681416511535644531e-05 8.651614189147949219e-05
1.831907075411860708e+00 -8.159875869750976562e-05 -8.130073547363281250e-05 -8.180737495422363281e-05 -8.028745651245117188e-05 -9.289383888244628906e-05 -8.395314216613769531e-05 -8.368492126464843750e-05 -8.121132850646972656e-05 -9.387731552124023438e-05 -9.211897850036621094e-05
1.838359837397248508e+00 -9.536743164062500000e-06 -3.060698509216308594e-05 -1.791119575500488281e-05 -2.306699752807617188e-05 -1.963973045349121094e-05 -1.445412635803222656e-05 -1.215934753417968750e-05 -1.147389411926269531e-05 -1.305341720581054688e-05 -1.168251037597656250e-05
1.844812599382636531e+00 7.662177085876464844e-05 8.758902549743652344e-05 9.393692016601562500e-05 7.599592208862304688e-05 7.101893424987792969e-05 6.935000419616699219e-05 7.742643356323242188e-05 7.244944572448730469e-05 8.401274681091308594e-05 7.855892181396484375e-05
1.851265361368024331e+00 -7.346272468566894531e-05 -7.846951484680175781e-05 -6.270408630371093750e-05 -6.642937660217285156e-05 -7.763504981994628906e-05 -7.951259613037109375e-05 -8.189678192138671875e-05 -6.726384162902832031e-05 -6.806850433349609375e-05 -7.569789886474609375e-05
1.857718123353412354e+00 -4.053115844726562500e-06 -6.914138793945312500e-06 -7.659196853637695312e-06 -2.980232238769531250e-07 1.728534698486328125e-06 -2.086162567138671875e-06 -1.937150955200195312e-06 5.483627319335937500e-06 -7.152557373046875000e-07 9.387731552124023438e-06
1.864170885338800154e+00 4.273653030395507812e-05 4.574656486511230469e-05 4.190206527709960938e-05 4.774332046508789062e-05 4.902482032775878906e-05 3.659725189208984375e-05 4.854798316955566406e-05 3.996491432189941406e-05 4.580616950988769531e-05 3.650784492492675781e-05
1.870623647324188177e+00 -1.689791679382324219e-05 -3.394484519958496094e-05 -2.631545066833496094e-05 -2.580881118774414062e-05 -2.509355545043945312e-05 -3.048777580261230469e-05 -1.272559165954589844e-05 -1.466274261474609375e-05 -2.917647361755371094e-05 -3.379583358764648438e-05
1.877076409309575977e+00 -1.379847526550292969e-05 -1.788139343261718750e-05 -1.332163810729980469e-05 -4.082918167114257812e-06 -6.616115570068359375e-06 -1.379847526550292969e-05 -2.133846282958984375e-05 -1.230835914611816406e-05 -1.272559165954589844e-05 -3.367662429809570312e-06
1.883529171294964000e+00 3.224611282348632812e-05 1.156330108642578125e-05 1.889467239379882812e-05 7.957220077514648438e-06 1.457333564758300781e-05 5.692243576049804688e-06 8.434057235717773438e-06 1.445412635803222656e-05 8.881092071533203125e-06 1.421570777893066406e-05
1.889981933280351800e+00 -2.488493919372558594e-05 -3.480911254882812500e-05 -3.013014793395996094e-05 -2.634525299072265625e-05 -2.682209014892578125e-05 -2.387166023254394531e-05 -2.446770668029785156e-05 -2.732872962951660156e-05 -2.056360244750976562e-05 -2.801418304443359375e-05
1.896434695265739823e+00 -2.145767211914062500e-05 -1.543760299682617188e-05 -2.631545066833496094e-05 -2.107024192810058594e-05 -1.707673072814941406e-05 -1.433491706848144531e-05 -1.007318496704101562e-05 -3.027915954589843750e-05 -8.553266525268554688e-06 -1.895427703857421875e-05
1.902887457251127623e+00 4.565715789794921875e-05 4.351139068603515625e-05 4.240870475769042969e-05 3.659725189208984375e-05 4.872679710388183594e-05 4.962086677551269531e-05 5.453824996948242188e-05 3.245472908020019531e-05 5.117058753967285156e-05 4.607439041137695312e-05
1.909340219236515646e+00 -1.180171966552734375e-05 -1.141428947448730469e-05 -1.043081283569335938e-05 -9.894371032714843750e-06 -1.212954521179199219e-05 -1.430511474609375000e-05 -3.248453140258789062e-06 -2.503395080566406250e-06 -7.480382919311523438e-06 -2.890825271606445312e-06
1.915792981221903446e+00 -2.044439315795898438e-05 -1.710653305053710938e-05 -1.564621925354003906e-05 -1.680850982666015625e-05 -8.612871170043945312e-06 -1.224875450134277344e-05 -2.214312553405761719e-05 -2.473592758178710938e-06 -1.823902130126953125e-05 -9.059906005859375000e-06
1.922245743207291468e+00 2.366304397583007812e-05 1.844763755798339844e-05 3.054738044738769531e-05 3.525614738464355469e-05 3.466010093688964844e-05 3.194808959960937500e-05 1.913309097290039062e-05 2.408027648925781250e-05 2.619624137878417969e-05 2.652406692504882812e-05
1.928698505192679269e+00 -1.421570777893066406e-05 -5.155801773071289062e-06 -8.851289749145507812e-06 -5.990266799926757812e-06 -2.622604370117187500e-06 -1.257658004760742188e-05 -3.308057785034179688e-06 -1.308321952819824219e-05 -1.409649848937988281e-05 -1.376867294311523438e-05
1.935151267178067069e+00 2.950429916381835938e-05 2.837181091308593750e-05 3.540515899658203125e-05 2.709031105041503906e-05 3.439188003540039062e-05 2.422928810119628906e-05 3.507733345031738281e-05 3.436207771301269531e-05 3.832578659057617188e-05 4.175305366516113281e-05
1.941604029163455092e+00 3.528594970703125000e-05 2.765655517578125000e-05 3.197789192199707031e-05 2.905726432800292969e-05 2.256035804748535156e-05 3.090500831604003906e-05 3.057718276977539062e-05 3.060698509216308594e-05 3.558397293090820312e-05 2.637505531311035156e-05
1.948056791148842892e+00 -1.373887062072753906e-05 -1.126527786254882812e-05 -8.583068847656250000e-06 -1.472234725952148438e-05 -3.933906555175781250e-06 3.904104232788085938e-06 -1.490116119384765625e-07 -1.850724220275878906e-05 3.814697265625000000e-06 -1.019239425659179688e-05
1.954509553134230915e+00 -4.342198371887207031e-05 -5.424022674560546875e-05 -5.751848220825195312e-05 -4.515051841735839844e-05 -5.087256431579589844e-05 -4.258751869201660156e-05 -4.646182060241699219e-05 -4.172325134277343750e-05 -3.919005393981933594e-05 -4.601478576660156250e-05
1.960962315119618715e+00 8.720159530639648438e-05 6.720423698425292969e-05 7.832050323486328125e-05 9.489059448242187500e-05 8.502602577209472656e-05 7.861852645874023438e-05 7.495284080505371094e-05 7.429718971252441406e-05 7.042288780212402344e-05 7.915496826171875000e-05
1.967415077105006738e+00 -4.103779792785644531e-05 -3.752112388610839844e-05 -3.662705421447753906e-05 -3.826618194580078125e-05 -2.411007881164550781e-05 -3.764033317565917969e-05 -1.913309097290039062e-05 -2.753734588623046875e-05 -2.661347389221191406e-05 -2.458691596984863281e-05
1.973867839090394538e+00 -1.594424247741699219e-05 -2.443790435791015625e-06 -1.639127731323242188e-05 5.662441253662109375e-06 -2.950429916381835938e-06 -8.970499038696289062e-06 -7.063150405883789062e-06 -1.585483551025390625e-05 -7.808208465576171875e-06 -1.132488250732421875e-05
1.980320601075782561e+00 7.233023643493652344e-05 6.195902824401855469e-05 6.932020187377929688e-05 7.265806198120117188e-05 7.215142250061035156e-05 6.589293479919433594e-05 6.428360939025878906e-05 7.149577140808105469e-05 7.355213165283203125e-05 5.060434341430664062e-05
1.986773363061170361e+00 -1.252293586730957031e-04 -1.249909400939941406e-04 -1.156032085418701172e-04 -1.240372657775878906e-04 -1.280903816223144531e-04 -1.193881034851074219e-04 -1.337826251983642578e-04 -1.163482666015625000e-04 -1.160502433776855469e-04 -1.270771026611328125e-04
1.993226125046558384e+00 6.434321403503417969e-05 7.051229476928710938e-05 6.026029586791992188e-05 6.484985351562500000e-05 6.878376007080078125e-05 6.005167961120605469e-05 7.602572441101074219e-05 6.192922592163085938e-05 6.169080734252929688e-05 5.647540092468261719e-05
1.999678887031946184e+00 1.094043254852294922e-04 1.232326030731201172e-04 1.263320446014404297e-04 1.158118247985839844e-04 1.194477081298828125e-04 1.320242881774902344e-04 1.174807548522949219e-04 1.321732997894287109e-04 1.350641250610351562e-04 1.322925090789794922e-04
2.006131649017333984e+00 -7.757544517517089844e-05 -6.496906280517578125e-05 -8.526444435119628906e-05 -7.876753807067871094e-05 -9.065866470336914062e-05 -7.414817810058593750e-05 -9.089708328247070312e-05 -7.402896881103515625e-05 -8.273124694824218750e-05 -7.808208465576171875e-05
