#Range[m] 0 1 2 3 4 5 6 7 8 9
1.800000071525573730e-01 -4.769173264503479004e-02 -4.751083254814147949e-02 -4.758241772651672363e-02 -4.760026931762695312e-02 -4.760593175888061523e-02 -4.759749770164489746e-02 -4.756280779838562012e-02 -4.777771234512329102e-02 -4.761388897895812988e-02 -4.764741659164428711e-02
1.864527691379452845e-01 3.438040614128112793e-02 3.450345993041992188e-02 3.447338938713073730e-02 3.423103690147399902e-02 3.452357649803161621e-02 3.443077206611633301e-02 3.434759378433227539e-02 3.420588374137878418e-02 3.446358442306518555e-02 3.428977727890014648e-02
1.929055311233331682e-01 1.166209578514099121e-02 1.140341162681579590e-02 1.150742173194885254e-02 1.160332560539245605e-02 1.142781972885131836e-02 1.141932606697082520e-02 1.152357459068298340e-02 1.181104779243469238e-02 1.142922043800354004e-02 1.164552569389343262e-02
1.993582931087210797e-01 -2.329507470130920410e-02 -2.325457334518432617e-02 -2.332967519760131836e-02 -2.331262826919555664e-02 -2.329489588737487793e-02 -2.325433492660522461e-02 -2.327418327331542969e-02 -2.332782745361328125e-02 -2.326625585556030273e-02 -2.327033877372741699e-02
2.058110550941089911e-01 2.788305282592773438e-03 2.797096967697143555e-03 2.820819616317749023e-03 2.701371908187866211e-03 2.872824668884277344e-03 2.810537815093994141e-03 2.783089876174926758e-03 2.689957618713378906e-03 2.822935581207275391e-03 2.726107835769653320e-03
2.122638170794968748e-01 7.092565298080444336e-03 7.099151611328125000e-03 7.052898406982421875e-03 7.137775421142578125e-03 7.017672061920166016e-03 7.124632596969604492e-03 7.081061601638793945e-03 7.094115018844604492e-03 7.018208503723144531e-03 7.053971290588378906e-03
2.187165790648847863e-01 7.263153791427612305e-03 7.278561592102050781e-03 7.281690835952758789e-03 7.321834564208984375e-03 7.294088602066040039e-03 7.236272096633911133e-03 7.301211357116699219e-03 7.342010736465454102e-03 7.325768470764160156e-03 7.329940795898437500e-03
2.251693410502726977e-01 -1.450908184051513672e-02 -1.458656787872314453e-02 -1.454961299896240234e-02 -1.458454132080078125e-02 -1.453706622123718262e-02 -1.456260681152343750e-02 -1.457267999649047852e-02 -1.444590091705322266e-02 -1.453310251235961914e-02 -1.447457075119018555e-02
2.316221030356606092e-01 -7.179260253906250000e-03 -7.027924060821533203e-03 -7.131338119506835938e-03 -7.086127996444702148e-03 -7.131427526473999023e-03 -7.055550813674926758e-03 -7.117599248886108398e-03 -7.295817136764526367e-03 -7.166802883148193359e-03 -7.257848978042602539e-03
2.380748650210485207e-01 2.502965927124023438e-02 2.503043413162231445e-02 2.505451440811157227e-02 2.503299713134765625e-02 2.501416206359863281e-02 2.505838871002197266e-02 2.504733204841613770e-02 2.500230073928833008e-02 2.503347396850585938e-02 2.502471208572387695e-02
2.445276270064364044e-01 -7.998168468475341797e-03 -8.143097162246704102e-03 -8.177608251571655273e-03 -8.062392473220825195e-03 -8.118599653244018555e-03 -8.250862360000610352e-03 -8.100509643554687500e-03 -7.869958877563476562e-03 -8.135229349136352539e-03 -7.981389760971069336e-03
2.509803889918242881e-01 -2.621802687644958496e-02 -2.610424160957336426e-02 -2.620327472686767578e-02 -2.621060609817504883e-02 -2.619826793670654297e-02 -2.616006135940551758e-02 -2.623251080513000488e-02 -2.632480859756469727e-02 -2.623641490936279297e-02 -2.629244327545166016e-02
2.574331509772121995e-01 2.626124024391174316e-02 2.644842863082885742e-02 2.641946077346801758e-02 2.633047103881835938e-02 2.643692493438720703e-02 2.636370062828063965e-02 2.640005946159362793e-02 2.619075775146484375e-02 2.635693550109863281e-02 2.627131342887878418e-02
2.638859129626001110e-01 7.920920848846435547e-03 7.653623819351196289e-03 7.819056510925292969e-03 7.911324501037597656e-03 7.769823074340820312e-03 7.747679948806762695e-03 7.846534252166748047e-03 8.093327283859252930e-03 7.784008979797363281e-03 7.975697517395019531e-03
2.703386749479880224e-01 -3.708830475807189941e-02 -3.707200288772583008e-02 -3.709435462951660156e-02 -3.706434369087219238e-02 -3.708857297897338867e-02 -3.706762194633483887e-02 -3.709250688552856445e-02 -3.713795542716979980e-02 -3.710788488388061523e-02 -3.708291053771972656e-02
2.767914369333759339e-01 1.646375656127929688e-02 1.673904061317443848e-02 1.666787266731262207e-02 1.654753088951110840e-02 1.665949821472167969e-02 1.668271422386169434e-02 1.664450764656066895e-02 1.632881164550781250e-02 1.655438542366027832e-02 1.634675264358520508e-02
2.832441989187638454e-01 2.238982915878295898e-02 2.213579416275024414e-02 2.225962281227111816e-02 2.233275771141052246e-02 2.222293615341186523e-02 2.223190665245056152e-02 2.226087450981140137e-02 2.256074547767639160e-02 2.230158448219299316e-02 2.250009775161743164e-02
2.896969609041517568e-01 -3.168949484825134277e-02 -3.179109096527099609e-02 -3.175723552703857422e-02 -3.172004222869873047e-02 -3.178781270980834961e-02 -3.182414174079895020e-02 -3.173339366912841797e-02 -3.166848421096801758e-02 -3.177243471145629883e-02 -3.169339895248413086e-02
2.961497228895396683e-01 -6.639957427978515625e-05 1.952350139617919922e-04 8.106231689453125000e-05 -2.831220626831054688e-06 1.291334629058837891e-04 1.841485500335693359e-04 4.997849464416503906e-05 -2.593696117401123047e-04 2.896785736083984375e-05 -2.111792564392089844e-04
3.026024848749275242e-01 2.687263488769531250e-02 2.675595879554748535e-02 2.683201432228088379e-02 2.689629793167114258e-02 2.680900692939758301e-02 2.683681249618530273e-02 2.685397863388061523e-02 2.701750397682189941e-02 2.688902616500854492e-02 2.693253755569458008e-02
3.090552468603154357e-01 -1.962211728096008301e-02 -1.976048946380615234e-02 -1.967334747314453125e-02 -1.960122585296630859e-02 -1.967939734458923340e-02 -1.968169212341308594e-02 -1.964920759201049805e-02 -1.948943734169006348e-02 -1.962664723396301270e-02 -1.952198147773742676e-02
3.155080088457033471e-01 -1.449239253997802734e-02 -1.434975862503051758e-02 -1.443707942962646484e-02 -1.444983482360839844e-02 -1.435035467147827148e-02 -1.435053348541259766e-02 -1.440688967704772949e-02 -1.456809043884277344e-02 -1.442542672157287598e-02 -1.457825303077697754e-02
3.219607708310912586e-01 2.467817068099975586e-02 2.470722794532775879e-02 2.469390630722045898e-02 2.469161152839660645e-02 2.469384670257568359e-02 2.469897270202636719e-02 2.468824386596679688e-02 2.466788887977600098e-02 2.469810843467712402e-02 2.466377615928649902e-02
3.284135328164791701e-01 -2.646327018737792969e-03 -2.799451351165771484e-03 -2.720057964324951172e-03 -2.638965845108032227e-03 -2.767622470855712891e-03 -2.756297588348388672e-03 -2.713978290557861328e-03 -2.547770738601684570e-03 -2.715170383453369141e-03 -2.595782279968261719e-03
3.348662948018670260e-01 -1.954379677772521973e-02 -1.949426531791687012e-02 -1.953035593032836914e-02 -1.953312754631042480e-02 -1.955029368400573730e-02 -1.951619982719421387e-02 -1.951321959495544434e-02 -1.957431435585021973e-02 -1.950058341026306152e-02 -1.951718330383300781e-02
3.413190567872549375e-01 1.174491643905639648e-02 1.185101270675659180e-02 1.179751753807067871e-02 1.174700260162353516e-02 1.181334257125854492e-02 1.178738474845886230e-02 1.178678870201110840e-02 1.169624924659729004e-02 1.179766654968261719e-02 1.169320940971374512e-02
3.477718187726428489e-01 1.125308871269226074e-02 1.114046573638916016e-02 1.117998361587524414e-02 1.119396090507507324e-02 1.115491986274719238e-02 1.111987233161926270e-02 1.120567321777343750e-02 1.129269599914550781e-02 1.116436719894409180e-02 1.126003265380859375e-02
3.542245807580307604e-01 -1.437234878540039062e-02 -1.443648338317871094e-02 -1.444143056869506836e-02 -1.440331339836120605e-02 -1.444882154464721680e-02 -1.442280411720275879e-02 -1.440948247909545898e-02 -1.436358690261840820e-02 -1.438620686531066895e-02 -1.433974504470825195e-02
3.606773427434186718e-01 -2.954125404357910156e-03 -2.851992845535278320e-03 -2.928465604782104492e-03 -2.957671880722045898e-03 -2.874284982681274414e-03 -2.852112054824829102e-03 -2.923041582107543945e-03 -3.083169460296630859e-03 -2.927839756011962891e-03 -3.031194210052490234e-03
3.671301047288065833e-01 1.522368192672729492e-02 1.522409915924072266e-02 1.521888375282287598e-02 1.523131132125854492e-02 1.520127058029174805e-02 1.523205637931823730e-02 1.521760225296020508e-02 1.524603366851806641e-02 1.523745059967041016e-02 1.522007584571838379e-02
3.735828667141944948e-01 -4.269629716873168945e-03 -4.377752542495727539e-03 -4.338622093200683594e-03 -4.293739795684814453e-03 -4.344999790191650391e-03 -4.382282495498657227e-03 -4.317879676818847656e-03 -4.185169935226440430e-03 -4.302114248275756836e-03 -4.198223352432250977e-03
3.800356286995824062e-01 -1.189690828323364258e-02 -1.182022690773010254e-02 -1.186415553092956543e-02 -1.189553737640380859e-02 -1.185104250907897949e-02 -1.187685132026672363e-02 -1.186332106590270996e-02 -1.195222139358520508e-02 -1.189652085304260254e-02 -1.191225647926330566e-02
3.864883906849703177e-01 1.184827089309692383e-02 1.191288232803344727e-02 1.185715198516845703e-02 1.184555888175964355e-02 1.187178492546081543e-02 1.188358664512634277e-02 1.184511184692382812e-02 1.178315281867980957e-02 1.184719800949096680e-02 1.180249452590942383e-02
3.929411526703582291e-01 7.167726755142211914e-03 7.110506296157836914e-03 7.154583930969238281e-03 7.171601057052612305e-03 7.139354944229125977e-03 7.118374109268188477e-03 7.117301225662231445e-03 7.252216339111328125e-03 7.163405418395996094e-03 7.234275341033935547e-03
3.993939146557460851e-01 -1.589497923851013184e-02 -1.589959859848022461e-02 -1.591387391090393066e-02 -1.588913798332214355e-02 -1.588252186775207520e-02 -1.590660214424133301e-02 -1.590293645858764648e-02 -1.587846875190734863e-02 -1.590958237648010254e-02 -1.588413119316101074e-02
4.058466766411339965e-01 2.709180116653442383e-03 2.842187881469726562e-03 2.766638994216918945e-03 2.722471952438354492e-03 2.814888954162597656e-03 2.816975116729736328e-03 2.763211727142333984e-03 2.645343542098999023e-03 2.755373716354370117e-03 2.667129039764404297e-03
4.122994386265219080e-01 1.431649923324584961e-02 1.427853107452392578e-02 1.428332924842834473e-02 1.431927084922790527e-02 1.431161165237426758e-02 1.429921388626098633e-02 1.429548859596252441e-02 1.435235142707824707e-02 1.429492235183715820e-02 1.431211829185485840e-02
4.187522006119098195e-01 -1.102069020271301270e-02 -1.109725236892700195e-02 -1.104509830474853516e-02 -1.101619005203247070e-02 -1.108211278915405273e-02 -1.104977726936340332e-02 -1.105225086212158203e-02 -1.096650958061218262e-02 -1.104679703712463379e-02 -1.097550988197326660e-02
4.252049625972976754e-01 -7.389485836029052734e-03 -7.292747497558593750e-03 -7.352471351623535156e-03 -7.355451583862304688e-03 -7.317781448364257812e-03 -7.278352975845336914e-03 -7.339835166931152344e-03 -7.461190223693847656e-03 -7.340103387832641602e-03 -7.418960332870483398e-03
4.316577245826856424e-01 1.442086696624755859e-02 1.444154977798461914e-02 1.447084546089172363e-02 1.443141698837280273e-02 1.446136832237243652e-02 1.444092392921447754e-02 1.443317532539367676e-02 1.442784070968627930e-02 1.441869139671325684e-02 1.439753174781799316e-02
4.381104865680734983e-01 -2.504408359527587891e-03 -2.581685781478881836e-03 -2.534806728363037109e-03 -2.508550882339477539e-03 -2.568125724792480469e-03 -2.590239048004150391e-03 -2.542078495025634766e-03 -2.387195825576782227e-03 -2.533376216888427734e-03 -2.436876296997070312e-03
4.445632485534614098e-01 -1.233023405075073242e-02 -1.227611303329467773e-02 -1.227521896362304688e-02 -1.230803132057189941e-02 -1.226395368576049805e-02 -1.229807734489440918e-02 -1.229539513587951660e-02 -1.235997676849365234e-02 -1.229926943778991699e-02 -1.231586933135986328e-02
4.510160105388493212e-01 9.490251541137695312e-03 9.556055068969726562e-03 9.530395269393920898e-03 9.508132934570312500e-03 9.534150362014770508e-03 9.551763534545898438e-03 9.541004896163940430e-03 9.436130523681640625e-03 9.534299373626708984e-03 9.447187185287475586e-03
4.574687725242372327e-01 4.132300615310668945e-03 4.050076007843017578e-03 4.093378782272338867e-03 4.116386175155639648e-03 4.068344831466674805e-03 4.098057746887207031e-03 4.086822271347045898e-03 4.181265830993652344e-03 4.111409187316894531e-03 4.180818796157836914e-03
4.639215345096251442e-01 -1.184025406837463379e-02 -1.184427738189697266e-02 -1.183867454528808594e-02 -1.181721687316894531e-02 -1.183345913887023926e-02 -1.182660460472106934e-02 -1.183086633682250977e-02 -1.183319091796875000e-02 -1.181051135063171387e-02 -1.182478666305541992e-02
4.703742964950130556e-01 9.759366512298583984e-04 1.033395528793334961e-03 1.000285148620605469e-03 9.671747684478759766e-04 1.001745462417602539e-03 1.017093658447265625e-03 1.001268625259399414e-03 9.200274944305419922e-04 9.795129299163818359e-04 9.311139583587646484e-04
4.768270584804009671e-01 1.033377647399902344e-02 1.031967997550964355e-02 1.031199097633361816e-02 1.033374667167663574e-02 1.029956340789794922e-02 1.030793786048889160e-02 1.031067967414855957e-02 1.035404205322265625e-02 1.029631495475769043e-02 1.032978296279907227e-02
4.832798204657888230e-01 -7.071852684020996094e-03 -7.139295339584350586e-03 -7.118910551071166992e-03 -7.075667381286621094e-03 -7.134824991226196289e-03 -7.131278514862060547e-03 -7.111877202987670898e-03 -7.037192583084106445e-03 -7.106065750122070312e-03 -7.050663232803344727e-03
4.897325824511767345e-01 -6.553649902343750000e-03 -6.510049104690551758e-03 -6.542503833770751953e-03 -6.574451923370361328e-03 -6.532013416290283203e-03 -6.542235612869262695e-03 -6.538003683090209961e-03 -6.598025560379028320e-03 -6.529301404953002930e-03 -6.575107574462890625e-03
4.961853444365646459e-01 9.743839502334594727e-03 9.755611419677734375e-03 9.750217199325561523e-03 9.748488664627075195e-03 9.766817092895507812e-03 9.744077920913696289e-03 9.751588106155395508e-03 9.729385375976562500e-03 9.749859571456909180e-03 9.723424911499023438e-03
5.026381064219525019e-01 5.870461463928222656e-04 4.903376102447509766e-04 5.184710025787353516e-04 5.328655242919921875e-04 5.187094211578369141e-04 5.042254924774169922e-04 5.328357219696044922e-04 6.144642829895019531e-04 5.312561988830566406e-04 5.740821361541748047e-04
5.090908684073405244e-01 -9.270220994949340820e-03 -9.266704320907592773e-03 -9.301573038101196289e-03 -9.289115667343139648e-03 -9.286940097808837891e-03 -9.281009435653686523e-03 -9.260743856430053711e-03 -9.294629096984863281e-03 -9.283363819122314453e-03 -9.278088808059692383e-03
5.155436303927283248e-01 5.415529012680053711e-03 5.456864833831787109e-03 5.450367927551269531e-03 5.408793687820434570e-03 5.441635847091674805e-03 5.454331636428833008e-03 5.424648523330688477e-03 5.346506834030151367e-03 5.422115325927734375e-03 5.373984575271606445e-03
5.219963923781163473e-01 5.974084138870239258e-03 5.908817052841186523e-03 5.936920642852783203e-03 5.965769290924072266e-03 5.926728248596191406e-03 5.919039249420166016e-03 5.961120128631591797e-03 6.024092435836791992e-03 5.951225757598876953e-03 5.981057882308959961e-03
5.284491543635041477e-01 -8.785665035247802734e-03 -8.830159902572631836e-03 -8.821636438369750977e-03 -8.821010589599609375e-03 -8.813828229904174805e-03 -8.818179368972778320e-03 -8.819133043289184570e-03 -8.772581815719604492e-03 -8.806318044662475586e-03 -8.776456117630004883e-03
5.349019163488920592e-01 1.104861497879028320e-03 1.149356365203857422e-03 1.143276691436767578e-03 1.103311777114868164e-03 1.134604215621948242e-03 1.141250133514404297e-03 1.136749982833862305e-03 1.041084527969360352e-03 1.119643449783325195e-03 1.067698001861572266e-03
5.413546783342799706e-01 7.913768291473388672e-03 7.902890443801879883e-03 7.911711931228637695e-03 7.906615734100341797e-03 7.927954196929931641e-03 7.905185222625732422e-03 7.907211780548095703e-03 7.945179939270019531e-03 7.914036512374877930e-03 7.940441370010375977e-03
5.478074403196678821e-01 -4.392892122268676758e-03 -4.446834325790405273e-03 -4.428923130035400391e-03 -4.406780004501342773e-03 -4.406690597534179688e-03 -4.426777362823486328e-03 -4.405915737152099609e-03 -4.350960254669189453e-03 -4.391521215438842773e-03 -4.379302263259887695e-03
5.542602023050557936e-01 -4.600852727890014648e-03 -4.592865705490112305e-03 -4.563301801681518555e-03 -4.616469144821166992e-03 -4.583746194839477539e-03 -4.571259021759033203e-03 -4.593163728713989258e-03 -4.653096199035644531e-03 -4.591792821884155273e-03 -4.611194133758544922e-03
5.607129642904437050e-01 7.163465023040771484e-03 7.178366184234619141e-03 7.169574499130249023e-03 7.156193256378173828e-03 7.183611392974853516e-03 7.168084383010864258e-03 7.192224264144897461e-03 7.144361734390258789e-03 7.157832384109497070e-03 7.138222455978393555e-03
5.671657262758316165e-01 1.026451587677001953e-03 9.836256504058837891e-04 9.804964065551757812e-04 1.016974449157714844e-03 9.970068931579589844e-04 9.843707084655761719e-04 9.891986846923828125e-04 1.064509153366088867e-03 1.011699438095092773e-03 1.038402318954467773e-03
5.736184882612194169e-01 -6.622701883316040039e-03 -6.608396768569946289e-03 -6.626874208450317383e-03 -6.628513336181640625e-03 -6.620168685913085938e-03 -6.605714559555053711e-03 -6.619304418563842773e-03 -6.634980440139770508e-03 -6.613671779632568359e-03 -6.628394126892089844e-03
5.800712502466074394e-01 3.254055976867675781e-03 3.276258707046508789e-03 3.290414810180664062e-03 3.256767988204956055e-03 3.267049789428710938e-03 3.273278474807739258e-03 3.281265497207641602e-03 3.208041191101074219e-03 3.257662057876586914e-03 3.235369920730590820e-03
5.865240122319952398e-01 4.445195198059082031e-03 4.410326480865478516e-03 4.447638988494873047e-03 4.451215267181396484e-03 4.428774118423461914e-03 4.416912794113159180e-03 4.451453685760498047e-03 4.475355148315429688e-03 4.458129405975341797e-03 4.480510950088500977e-03
5.929767742173832623e-01 -6.181567907333374023e-03 -6.196796894073486328e-03 -6.189256906509399414e-03 -6.183505058288574219e-03 -6.202369928359985352e-03 -6.195038557052612305e-03 -6.193011999130249023e-03 -6.164342164993286133e-03 -6.174057722091674805e-03 -6.175696849822998047e-03
5.994295362027710627e-01 -6.642043590545654297e-04 -6.279945373535156250e-04 -6.363689899444580078e-04 -6.580352783203125000e-04 -6.219744682312011719e-04 -6.124377250671386719e-04 -6.460547447204589844e-04 -6.944835186004638672e-04 -6.349682807922363281e-04 -6.693899631500244141e-04
6.058822981881590852e-01 6.241112947463989258e-03 6.230175495147705078e-03 6.251841783523559570e-03 6.261706352233886719e-03 6.233096122741699219e-03 6.218403577804565430e-03 6.250917911529541016e-03 6.250679492950439453e-03 6.241261959075927734e-03 6.229251623153686523e-03
6.123350601735468857e-01 -4.001855850219726562e-03 -4.029929637908935547e-03 -4.007697105407714844e-03 -3.992944955825805664e-03 -4.009097814559936523e-03 -4.013836383819580078e-03 -4.007607698440551758e-03 -3.946214914321899414e-03 -4.003971815109252930e-03 -3.969103097915649414e-03
6.187878221589347971e-01 -3.317505121231079102e-03 -3.302067518234252930e-03 -3.320008516311645508e-03 -3.311127424240112305e-03 -3.324955701828002930e-03 -3.306031227111816406e-03 -3.329247236251831055e-03 -3.353297710418701172e-03 -3.328084945678710938e-03 -3.359735012054443359e-03
6.252405841443227086e-01 4.986524581909179688e-03 4.997104406356811523e-03 4.989594221115112305e-03 4.983127117156982422e-03 4.985153675079345703e-03 4.989832639694213867e-03 4.979819059371948242e-03 4.971444606781005859e-03 5.009233951568603516e-03 4.969000816345214844e-03
6.316933461297106200e-01 2.628564834594726562e-05 6.407499313354492188e-06 -2.282857894897460938e-05 3.755092620849609375e-05 1.120567321777343750e-05 -3.874301910400390625e-06 2.032518386840820312e-05 6.034970283508300781e-05 2.413988113403320312e-05 4.449486732482910156e-05
6.381461081150985315e-01 -4.704296588897705078e-03 -4.682481288909912109e-03 -4.680216312408447266e-03 -4.681557416915893555e-03 -4.693955183029174805e-03 -4.672765731811523438e-03 -4.695057868957519531e-03 -4.704236984252929688e-03 -4.676669836044311523e-03 -4.693835973739624023e-03
6.445988701004864430e-01 2.275556325912475586e-03 2.287983894348144531e-03 2.291470766067504883e-03 2.279639244079589844e-03 2.285331487655639648e-03 2.274751663208007812e-03 2.270668745040893555e-03 2.248585224151611328e-03 2.260863780975341797e-03 2.263307571411132812e-03
6.510516320858743544e-01 2.107381820678710938e-03 2.083033323287963867e-03 2.103269100189208984e-03 2.101212739944458008e-03 2.088725566864013672e-03 2.082705497741699219e-03 2.100795507431030273e-03 2.125680446624755859e-03 2.083420753479003906e-03 2.120494842529296875e-03
6.575043940712622659e-01 -3.436893224716186523e-03 -3.429621458053588867e-03 -3.444105386734008789e-03 -3.421366214752197266e-03 -3.434360027313232422e-03 -3.433704376220703125e-03 -3.438264131546020508e-03 -3.430306911468505859e-03 -3.426343202590942383e-03 -3.428846597671508789e-03
6.639571560566501773e-01 2.330541610717773438e-05 3.975629806518554688e-05 2.077221870422363281e-05 1.516938209533691406e-05 2.169609069824218750e-05 4.875659942626953125e-05 2.557039260864257812e-05 -1.391768455505371094e-05 1.931190490722656250e-05 -1.609325408935546875e-06
6.704099180420379778e-01 2.702206373214721680e-03 2.707511186599731445e-03 2.702414989471435547e-03 2.706170082092285156e-03 2.695918083190917969e-03 2.696126699447631836e-03 2.711743116378784180e-03 2.720713615417480469e-03 2.709090709686279297e-03 2.700656652450561523e-03
6.768626800274260003e-01 -1.243621110916137695e-03 -1.240670680999755859e-03 -1.254260540008544922e-03 -1.261770725250244141e-03 -1.250743865966796875e-03 -1.258075237274169922e-03 -1.255303621292114258e-03 -1.233577728271484375e-03 -1.249253749847412109e-03 -1.235038042068481445e-03
6.833154420128139117e-01 -1.395255327224731445e-03 -1.381963491439819336e-03 -1.391440629959106445e-03 -1.399368047714233398e-03 -1.385211944580078125e-03 -1.375257968902587891e-03 -1.384526491165161133e-03 -1.400709152221679688e-03 -1.386344432830810547e-03 -1.408070325851440430e-03
6.897682039982017121e-01 1.378357410430908203e-03 1.396000385284423828e-03 1.389771699905395508e-03 1.400381326675415039e-03 1.384824514389038086e-03 1.392990350723266602e-03 1.374900341033935547e-03 1.377165317535400391e-03 1.395642757415771484e-03 1.377701759338378906e-03
6.962209659835896236e-01 4.742741584777832031e-04 4.561841487884521484e-04 4.835426807403564453e-04 4.761219024658203125e-04 4.784762859344482422e-04 4.599094390869140625e-04 4.692077636718750000e-04 4.854500293731689453e-04 4.737675189971923828e-04 4.816949367523193359e-04
7.026737279689775351e-01 -6.432831287384033203e-04 -6.497800350189208984e-04 -6.498396396636962891e-04 -6.458461284637451172e-04 -6.417334079742431641e-04 -6.458759307861328125e-04 -6.383359432220458984e-04 -6.470680236816406250e-04 -6.528496742248535156e-04 -6.566941738128662109e-04
7.091264899543654465e-01 -1.068592071533203125e-03 -1.063942909240722656e-03 -1.069933176040649414e-03 -1.081049442291259766e-03 -1.082956790924072266e-03 -1.087933778762817383e-03 -1.076638698577880859e-03 -1.065820455551147461e-03 -1.068264245986938477e-03 -1.071184873580932617e-03
7.155792519397533580e-01 1.104980707168579102e-03 1.120954751968383789e-03 1.112967729568481445e-03 1.096218824386596680e-03 1.128375530242919922e-03 1.120895147323608398e-03 1.114100217819213867e-03 1.109391450881958008e-03 1.121759414672851562e-03 1.111328601837158203e-03
7.220320139251412694e-01 1.901447772979736328e-03 1.890867948532104492e-03 1.877516508102416992e-03 1.907289028167724609e-03 1.890808343887329102e-03 1.887559890747070312e-03 1.893818378448486328e-03 1.916706562042236328e-03 1.902073621749877930e-03 1.904100179672241211e-03
7.284847759105291809e-01 -3.358006477355957031e-03 -3.338575363159179688e-03 -3.353983163833618164e-03 -3.368437290191650391e-03 -3.340780735015869141e-03 -3.360033035278320312e-03 -3.345549106597900391e-03 -3.351360559463500977e-03 -3.351539373397827148e-03 -3.347277641296386719e-03
7.349375378959170924e-01 4.827976226806640625e-05 7.072091102600097656e-05 7.662177085876464844e-05 6.225705146789550781e-05 6.872415542602539062e-05 8.025765419006347656e-05 6.675720214843750000e-05 4.592537879943847656e-05 8.437037467956542969e-05 5.313754081726074219e-05
7.413902998813050038e-01 4.649937152862548828e-03 4.634320735931396484e-03 4.645645618438720703e-03 4.651427268981933594e-03 4.624247550964355469e-03 4.626661539077758789e-03 4.655331373214721680e-03 4.660040140151977539e-03 4.644066095352172852e-03 4.664152860641479492e-03
7.478430618666929153e-01 -4.853278398513793945e-03 -4.890918731689453125e-03 -4.873692989349365234e-03 -4.876971244812011719e-03 -4.864305257797241211e-03 -4.894435405731201172e-03 -4.870265722274780273e-03 -4.837930202484130859e-03 -4.856884479522705078e-03 -4.844397306442260742e-03
7.542958238520808267e-01 -2.081811428070068359e-03 -2.032607793807983398e-03 -2.075225114822387695e-03 -2.064615488052368164e-03 -2.044439315795898438e-03 -2.013325691223144531e-03 -2.066284418106079102e-03 -2.116233110427856445e-03 -2.052694559097290039e-03 -2.080678939819335938e-03
7.607485858374687382e-01 7.546603679656982422e-03 7.540762424468994141e-03 7.555484771728515625e-03 7.558465003967285156e-03 7.540255784988403320e-03 7.537603378295898438e-03 7.566541433334350586e-03 7.552295923233032227e-03 7.560491561889648438e-03 7.543861865997314453e-03
7.672013478228566496e-01 -5.523651838302612305e-03 -5.561679601669311523e-03 -5.544275045394897461e-03 -5.541384220123291016e-03 -5.534350872039794922e-03 -5.570054054260253906e-03 -5.544781684875488281e-03 -5.470305681228637695e-03 -5.542576313018798828e-03 -5.533754825592041016e-03
7.736541098082445611e-01 -3.554105758666992188e-03 -3.518521785736083984e-03 -3.551095724105834961e-03 -3.523677587509155273e-03 -3.548473119735717773e-03 -3.524541854858398438e-03 -3.556787967681884766e-03 -3.597646951675415039e-03 -3.568857908248901367e-03 -3.608405590057373047e-03
7.801068717936323615e-01 8.363753557205200195e-03 8.376955986022949219e-03 8.380532264709472656e-03 8.369266986846923828e-03 8.352756500244140625e-03 8.351355791091918945e-03 8.348673582077026367e-03 8.361369371414184570e-03 8.386611938476562500e-03 8.366882801055908203e-03
7.865596337790202730e-01 -3.080904483795166016e-03 -3.146111965179443359e-03 -3.162741661071777344e-03 -3.104478120803833008e-03 -3.125131130218505859e-03 -3.166258335113525391e-03 -3.130197525024414062e-03 -3.066599369049072266e-03 -3.153800964355468750e-03 -3.114432096481323242e-03
7.930123957644081845e-01 -5.421131849288940430e-03 -5.359381437301635742e-03 -5.382061004638671875e-03 -5.398988723754882812e-03 -5.386084318161010742e-03 -5.357295274734497070e-03 -5.397707223892211914e-03 -5.442917346954345703e-03 -5.395084619522094727e-03 -5.427867174148559570e-03
7.994651577497960959e-01 7.691323757171630859e-03 7.706463336944580078e-03 7.722586393356323242e-03 7.690608501434326172e-03 7.698237895965576172e-03 7.678151130676269531e-03 7.697254419326782227e-03 7.650822401046752930e-03 7.694333791732788086e-03 7.704824209213256836e-03
8.059179197351840074e-01 -1.968473196029663086e-03 -2.001523971557617188e-03 -1.986801624298095703e-03 -1.974940299987792969e-03 -1.992315053939819336e-03 -1.990020275115966797e-03 -1.967191696166992188e-03 -1.913160085678100586e-03 -1.995503902435302734e-03 -1.940429210662841797e-03
8.123706817205719188e-01 -6.259471178054809570e-03 -6.179064512252807617e-03 -6.232678890228271484e-03 -6.204038858413696289e-03 -6.211757659912109375e-03 -6.175011396408081055e-03 -6.219625473022460938e-03 -6.266653537750244141e-03 -6.222993135452270508e-03 -6.249368190765380859e-03
8.188234437059598303e-01 6.319880485534667969e-03 6.318688392639160156e-03 6.347388029098510742e-03 6.327450275421142578e-03 6.355583667755126953e-03 6.316989660263061523e-03 6.331622600555419922e-03 6.287842988967895508e-03 6.341099739074707031e-03 6.308674812316894531e-03
8.252762056913477418e-01 -4.661381244659423828e-04 -4.999041557312011719e-04 -4.871189594268798828e-04 -4.708170890808105469e-04 -4.925727844238281250e-04 -4.881918430328369141e-04 -4.865229129791259766e-04 -4.107058048248291016e-04 -4.737973213195800781e-04 -4.281401634216308594e-04
8.317289676767356532e-01 -5.179464817047119141e-03 -5.148291587829589844e-03 -5.166471004486083984e-03 -5.166560411453247070e-03 -5.154162645339965820e-03 -5.163818597793579102e-03 -5.175560712814331055e-03 -5.209743976593017578e-03 -5.173563957214355469e-03 -5.184233188629150391e-03
8.381817296621235647e-01 4.036784172058105469e-03 4.047155380249023438e-03 4.058361053466796875e-03 4.031598567962646484e-03 4.057765007019042969e-03 4.034250974655151367e-03 4.052042961120605469e-03 3.993004560470581055e-03 4.026949405670166016e-03 4.007428884506225586e-03
8.446344916475114761e-01 2.765953540802001953e-04 2.410411834716796875e-04 2.612471580505371094e-04 2.679526805877685547e-04 2.298951148986816406e-04 2.641677856445312500e-04 2.366602420806884766e-04 2.934336662292480469e-04 2.504289150238037109e-04 2.767443656921386719e-04
8.510872536328993876e-01 -2.837300300598144531e-03 -2.847552299499511719e-03 -2.853035926818847656e-03 -2.840697765350341797e-03 -2.873301506042480469e-03 -2.837419509887695312e-03 -2.848446369171142578e-03 -2.851665019989013672e-03 -2.871125936508178711e-03 -2.862393856048583984e-03
8.575400156182872990e-01 1.087605953216552734e-03 1.095473766326904297e-03 1.088857650756835938e-03 1.075804233551025391e-03 1.099705696105957031e-03 1.086026430130004883e-03 1.085162162780761719e-03 1.069545745849609375e-03 1.088023185729980469e-03 1.083552837371826172e-03
8.639927776036752105e-01 7.860362529754638672e-04 7.827281951904296875e-04 7.705986499786376953e-04 7.785856723785400391e-04 7.685422897338867188e-04 7.739365100860595703e-04 7.723569869995117188e-04 7.791519165039062500e-04 7.631778717041015625e-04 7.629692554473876953e-04
8.704455395890630109e-01 -1.061767339706420898e-03 -1.052945852279663086e-03 -1.062959432601928711e-03 -1.041501760482788086e-03 -1.061379909515380859e-03 -1.057028770446777344e-03 -1.049876213073730469e-03 -1.047074794769287109e-03 -1.051604747772216797e-03 -1.047819852828979492e-03
8.768983015744509224e-01 -1.776218414306640625e-04 -1.831054687500000000e-04 -1.718103885650634766e-04 -1.861155033111572266e-04 -1.645386219024658203e-04 -1.807808876037597656e-04 -1.773834228515625000e-04 -1.796483993530273438e-04 -1.835525035858154297e-04 -1.752674579620361328e-04
8.833510635598388339e-01 4.881918430328369141e-04 4.997551441192626953e-04 4.923045635223388672e-04 5.010962486267089844e-04 4.905760288238525391e-04 4.898011684417724609e-04 5.018711090087890625e-04 4.871785640716552734e-04 5.014538764953613281e-04 4.892647266387939453e-04
8.898038255452267453e-01 5.995631217956542969e-04 5.835294723510742188e-04 5.979239940643310547e-04 5.918741226196289062e-04 5.858838558197021484e-04 5.810558795928955078e-04 6.078183650970458984e-04 5.972981452941894531e-04 5.890727043151855469e-04 5.979537963867187500e-04
8.962565875306146568e-01 -7.900297641754150391e-04 -8.060038089752197266e-04 -8.073151111602783203e-04 -8.064210414886474609e-04 -8.051097393035888672e-04 -7.837712764739990234e-04 -8.081495761871337891e-04 -7.940828800201416016e-04 -8.033514022827148438e-04 -7.866919040679931641e-04
9.027093495160025682e-01 -6.263256072998046875e-04 -6.306767463684082031e-04 -6.296634674072265625e-04 -6.299018859863281250e-04 -6.395876407623291016e-04 -6.159245967864990234e-04 -6.364881992340087891e-04 -6.490647792816162109e-04 -6.307959556579589844e-04 -6.550550460815429688e-04
9.091621115013904797e-01 1.683026552200317383e-03 1.711636781692504883e-03 1.697927713394165039e-03 1.687765121459960938e-03 1.693964004516601562e-03 1.695930957794189453e-03 1.703381538391113281e-03 1.699119806289672852e-03 1.696884632110595703e-03 1.677483320236206055e-03
9.156148734867783912e-01 -6.733834743499755859e-04 -6.917119026184082031e-04 -7.004141807556152344e-04 -6.941854953765869141e-04 -6.942152976989746094e-04 -6.806850433349609375e-04 -6.887614727020263672e-04 -6.654560565948486328e-04 -6.749927997589111328e-04 -6.635785102844238281e-04
9.220676354721663026e-01 -1.174300909042358398e-03 -1.159220933914184570e-03 -1.169651746749877930e-03 -1.164853572845458984e-03 -1.150578260421752930e-03 -1.176446676254272461e-03 -1.151651144027709961e-03 -1.178860664367675781e-03 -1.156866550445556641e-03 -1.179665327072143555e-03
9.285203974575542141e-01 1.639187335968017578e-03 1.655161380767822266e-03 1.650780439376831055e-03 1.651376485824584961e-03 1.667976379394531250e-03 1.645505428314208984e-03 1.650214195251464844e-03 1.643121242523193359e-03 1.654922962188720703e-03 1.648008823394775391e-03
9.349731594429421255e-01 -1.621246337890625000e-05 -1.832842826843261719e-05 -2.452731132507324219e-05 -1.937150955200195312e-05 -1.835823059082031250e-05 -2.124905586242675781e-05 -2.053380012512207031e-05 -7.718801498413085938e-06 -1.493096351623535156e-05 -2.309679985046386719e-05
9.414259214283300370e-01 -1.442313194274902344e-03 -1.411348581314086914e-03 -1.421511173248291016e-03 -1.423984766006469727e-03 -1.429855823516845703e-03 -1.428216695785522461e-03 -1.432359218597412109e-03 -1.445084810256958008e-03 -1.427203416824340820e-03 -1.425892114639282227e-03
9.478786834137179484e-01 1.279115676879882812e-03 1.295268535614013672e-03 1.280993223190307617e-03 1.261889934539794922e-03 1.293361186981201172e-03 1.281797885894775391e-03 1.279562711715698242e-03 1.266896724700927734e-03 1.272082328796386719e-03 1.278102397918701172e-03
9.543314453991058599e-01 5.123019218444824219e-04 4.867911338806152344e-04 4.819333553314208984e-04 4.994571208953857422e-04 4.996061325073242188e-04 4.877448081970214844e-04 4.958510398864746094e-04 5.039870738983154297e-04 5.011856555938720703e-04 4.981160163879394531e-04
9.607842073844936603e-01 -1.284271478652954102e-03 -1.268476247787475586e-03 -1.294434070587158203e-03 -1.279652118682861328e-03 -1.273006200790405273e-03 -1.277476549148559570e-03 -1.273959875106811523e-03 -1.281052827835083008e-03 -1.283764839172363281e-03 -1.283347606658935547e-03
9.672369693698815718e-01 3.163218498229980469e-04 3.218948841094970703e-04 3.272593021392822266e-04 3.154277801513671875e-04 3.228187561035156250e-04 3.176629543304443359e-04 3.212094306945800781e-04 3.090798854827880859e-04 3.171265125274658203e-04 3.105401992797851562e-04
9.736897313552694833e-01 8.003413677215576172e-04 7.934570312500000000e-04 8.029341697692871094e-04 7.925033569335937500e-04 8.038282394409179688e-04 7.874369621276855469e-04 7.996261119842529297e-04 8.029639720916748047e-04 8.023679256439208984e-04 8.074045181274414062e-04
9.801424933406573947e-01 -6.013810634613037109e-04 -6.091296672821044922e-04 -6.027817726135253906e-04 -6.006956100463867188e-04 -6.088018417358398438e-04 -5.963742733001708984e-04 -6.040930747985839844e-04 -5.894303321838378906e-04 -5.926787853240966797e-04 -5.951821804046630859e-04
9.865952553260453062e-01 -3.351867198944091797e-04 -3.384649753570556641e-04 -3.246366977691650391e-04 -3.253221511840820312e-04 -3.093481063842773438e-04 -3.298819065093994141e-04 -3.308355808258056641e-04 -3.391802310943603516e-04 -3.372430801391601562e-04 -3.410279750823974609e-04
9.930480173114332176e-01 6.173849105834960938e-04 6.297826766967773438e-04 6.346106529235839844e-04 6.426572799682617188e-04 6.378889083862304688e-04 6.297826766967773438e-04 6.277263164520263672e-04 6.187856197357177734e-04 6.321668624877929688e-04 6.151497364044189453e-04
9.995007792968211291e-01 -1.282989978790283203e-04 -1.184940338134765625e-04 -1.081824302673339844e-04 -1.280605792999267578e-04 -1.332163810729980469e-04 -1.185834407806396484e-04 -1.182258129119873047e-04 -1.146793365478515625e-04 -1.127421855926513672e-04 -1.179575920104980469e-04
1.005953541282209152e+00 -4.941523075103759766e-04 -4.969537258148193359e-04 -4.946589469909667969e-04 -5.001723766326904297e-04 -4.878938198089599609e-04 -5.040764808654785156e-04 -5.018711090087890625e-04 -5.132555961608886719e-04 -4.892349243164062500e-04 -4.993379116058349609e-04
1.012406303267596952e+00 2.872347831726074219e-04 2.966225147247314453e-04 3.025531768798828125e-04 3.020465373992919922e-04 2.972483634948730469e-04 2.912282943725585938e-04 2.968609333038330078e-04 2.891421318054199219e-04 2.910792827606201172e-04 3.062486648559570312e-04
1.018859065252984752e+00 3.886222839355468750e-04 3.840625286102294922e-04 3.923475742340087891e-04 3.984570503234863281e-04 3.887712955474853516e-04 3.878474235534667969e-04 3.923177719116210938e-04 3.981590270996093750e-04 3.901720046997070312e-04 3.945827484130859375e-04
1.025311827238372775e+00 -5.218982696533203125e-04 -5.239546298980712891e-04 -5.229413509368896484e-04 -5.040466785430908203e-04 -5.175769329071044922e-04 -5.152523517608642578e-04 -5.137026309967041016e-04 -5.162954330444335938e-04 -5.155205726623535156e-04 -5.088150501251220703e-04
1.031764589223760797e+00 -1.662075519561767578e-04 -1.650750637054443359e-04 -1.626610755920410156e-04 -1.612305641174316406e-04 -1.645088195800781250e-04 -1.652240753173828125e-04 -1.658499240875244141e-04 -1.739561557769775391e-04 -1.578032970428466797e-04 -1.693367958068847656e-04
1.038217351209148598e+00 5.595386028289794922e-04 5.594491958618164062e-04 5.601942539215087891e-04 5.528032779693603516e-04 5.583763122558593750e-04 5.601346492767333984e-04 5.436539649963378906e-04 5.576908588409423828e-04 5.467534065246582031e-04 5.584061145782470703e-04
1.044670113194536398e+00 6.130337715148925781e-05 8.124113082885742188e-05 6.639957427978515625e-05 7.972121238708496094e-05 6.309151649475097656e-05 6.094574928283691406e-05 8.282065391540527344e-05 7.876753807067871094e-05 6.321072578430175781e-05 6.675720214843750000e-05
1.051122875179924421e+00 -3.730952739715576172e-04 -3.762841224670410156e-04 -3.684461116790771484e-04 -3.772377967834472656e-04 -3.785490989685058594e-04 -3.790557384490966797e-04 -3.726184368133544922e-04 -3.897845745086669922e-04 -3.776252269744873047e-04 -3.757476806640625000e-04
1.057575637165312221e+00 -5.117058753967285156e-05 -2.706050872802734375e-05 -4.675984382629394531e-05 -4.348158836364746094e-05 -3.960728645324707031e-05 -4.690885543823242188e-05 -3.650784492492675781e-05 -4.562735557556152344e-05 -4.771351814270019531e-05 -5.218386650085449219e-05
1.064028399150700022e+00 1.248717308044433594e-04 1.187324523925781250e-04 1.221597194671630859e-04 1.204311847686767578e-04 1.170933246612548828e-04 1.213550567626953125e-04 1.166760921478271484e-04 1.122951507568359375e-04 1.224577426910400391e-04 1.193881034851074219e-04
1.070481161136088044e+00 -3.508329391479492188e-04 -3.401637077331542969e-04 -3.424286842346191406e-04 -3.457367420196533203e-04 -3.413856029510498047e-04 -3.344714641571044922e-04 -3.491938114166259766e-04 -3.254115581512451172e-04 -3.387331962585449219e-04 -3.590285778045654297e-04
1.076933923121476067e+00 1.355707645416259766e-04 1.542270183563232422e-04 1.483261585235595703e-04 1.408755779266357422e-04 1.560747623443603516e-04 1.523196697235107422e-04 1.385211944580078125e-04 1.383721828460693359e-04 1.582205295562744141e-04 1.429915428161621094e-04
1.083386685106863867e+00 1.686215400695800781e-04 1.348853111267089844e-04 1.429617404937744141e-04 1.424849033355712891e-04 1.581013202667236328e-04 1.549422740936279297e-04 1.378357410430908203e-04 1.456439495086669922e-04 1.401603221893310547e-04 1.438558101654052734e-04
1.089839447092251667e+00 -4.341006278991699219e-04 -4.344582557678222656e-04 -4.329085350036621094e-04 -4.467964172363281250e-04 -4.499554634094238281e-04 -4.416108131408691406e-04 -4.283189773559570312e-04 -4.289448261260986328e-04 -4.381835460662841797e-04 -4.341304302215576172e-04
1.096292209077639690e+00 -1.164376735687255859e-04 -1.187026500701904297e-04 -1.153945922851562500e-04 -1.121759414672851562e-04 -1.084506511688232422e-04 -1.129508018493652344e-04 -1.183152198791503906e-04 -1.173019409179687500e-04 -1.149773597717285156e-04 -1.169741153717041016e-04
1.102744971063027712e+00 1.868605613708496094e-05 1.269578933715820312e-05 2.318620681762695312e-05 9.238719940185546875e-06 1.606345176696777344e-05 2.938508987426757812e-05 2.530217170715332031e-05 2.491474151611328125e-05 8.672475814819335938e-06 1.892447471618652344e-05
1.109197733048415513e+00 -1.335144042968750000e-05 3.665685653686523438e-06 -5.364418029785156250e-06 -8.016824722290039062e-06 -1.937150955200195312e-06 -1.138448715209960938e-05 -5.513429641723632812e-06 -1.794099807739257812e-05 -2.196431159973144531e-05 -5.990266799926757812e-06
1.115650495033803313e+00 -6.662309169769287109e-04 -6.789267063140869141e-04 -6.786584854125976562e-04 -6.746649742126464844e-04 -6.683766841888427734e-04 -6.787776947021484375e-04 -6.792247295379638672e-04 -6.743073463439941406e-04 -6.733834743499755859e-04 -6.817877292633056641e-04
1.122103257019191336e+00 4.249811172485351562e-05 5.659461021423339844e-05 6.324052810668945312e-05 3.463029861450195312e-05 3.907084465026855469e-05 3.615021705627441406e-05 1.445412635803222656e-05 1.472234725952148438e-05 4.172325134277343750e-07 -3.755092620849609375e-06
1.128556019004579358e+00 3.768503665924072266e-04 3.665089607238769531e-04 3.911554813385009766e-04 3.693997859954833984e-04 3.837049007415771484e-04 3.627538681030273438e-04 3.852248191833496094e-04 3.762841224670410156e-04 3.727972507476806641e-04 3.957748413085937500e-04
1.135008780989967159e+00 -5.128979682922363281e-04 -5.028247833251953125e-04 -5.253255367279052734e-04 -5.085170269012451172e-04 -5.077123641967773438e-04 -5.108118057250976562e-04 -5.244910717010498047e-04 -5.118548870086669922e-04 -5.216598510742187500e-04 -5.215406417846679688e-04
1.141461542975354959e+00 -2.357661724090576172e-04 -2.290606498718261719e-04 -2.397298812866210938e-04 -2.278387546539306641e-04 -2.296566963195800781e-04 -2.326071262359619141e-04 -2.353787422180175781e-04 -2.407729625701904297e-04 -2.382099628448486328e-04 -2.413392066955566406e-04
1.147914304960742982e+00 5.761086940765380859e-04 5.753636360168457031e-04 5.877912044525146484e-04 5.750060081481933594e-04 5.868673324584960938e-04 5.783438682556152344e-04 5.885660648345947266e-04 5.746483802795410156e-04 5.860626697540283203e-04 5.755424499511718750e-04
1.154367066946130782e+00 -1.358985900878906250e-04 -1.432895660400390625e-04 -1.469850540161132812e-04 -1.310408115386962891e-04 -1.426339149475097656e-04 -1.410543918609619141e-04 -1.431405544281005859e-04 -1.257359981536865234e-04 -1.466870307922363281e-04 -1.353621482849121094e-04
1.160819828931518582e+00 -3.874897956848144531e-04 -3.756880760192871094e-04 -3.767311573028564453e-04 -3.700852394104003906e-04 -3.862380981445312500e-04 -3.663599491119384766e-04 -3.718733787536621094e-04 -3.747642040252685547e-04 -3.709197044372558594e-04 -3.743767738342285156e-04
1.167272590916906605e+00 4.231035709381103516e-04 4.104971885681152344e-04 4.050433635711669922e-04 4.171431064605712891e-04 4.267394542694091797e-04 4.247725009918212891e-04 4.189908504486083984e-04 4.152655601501464844e-04 4.143416881561279297e-04 4.294514656066894531e-04
1.173725352902294627e+00 4.830956459045410156e-05 5.233287811279296875e-05 4.255771636962890625e-05 4.759430885314941406e-05 4.473328590393066406e-05 5.242228507995605469e-05 5.543231964111328125e-05 4.610419273376464844e-05 5.298852920532226562e-05 4.565715789794921875e-05
1.180178114887682428e+00 -4.069805145263671875e-04 -4.070401191711425781e-04 -4.182159900665283203e-04 -4.143416881561279297e-04 -4.091560840606689453e-04 -4.184544086456298828e-04 -4.202425479888916016e-04 -4.084408283233642578e-04 -4.113614559173583984e-04 -4.134774208068847656e-04
1.186630876873070450e+00 2.397298812866210938e-04 2.534985542297363281e-04 2.425909042358398438e-04 2.520680427551269531e-04 2.424120903015136719e-04 2.513229846954345703e-04 2.480149269104003906e-04 2.536773681640625000e-04 2.574026584625244141e-04 2.503097057342529297e-04
1.193083638858458251e+00 3.636479377746582031e-04 3.548264503479003906e-04 3.606677055358886719e-04 3.634393215179443359e-04 3.665387630462646484e-04 3.577768802642822266e-04 3.533959388732910156e-04 3.570914268493652344e-04 3.597736358642578125e-04 3.656744956970214844e-04
1.199536400843846051e+00 -1.914501190185546875e-04 -2.061426639556884766e-04 -1.965761184692382812e-04 -1.991391181945800781e-04 -1.928806304931640625e-04 -2.048909664154052734e-04 -1.979172229766845703e-04 -2.021491527557373047e-04 -1.919567584991455078e-04 -1.967847347259521484e-04
1.205989162829234074e+00 -1.761019229888916016e-04 -1.716017723083496094e-04 -1.728236675262451172e-04 -1.805722713470458984e-04 -1.763403415679931641e-04 -1.630485057830810547e-04 -1.763999462127685547e-04 -1.876652240753173828e-04 -1.812279224395751953e-04 -1.781582832336425781e-04
1.212441924814621874e+00 3.133118152618408203e-04 3.145039081573486328e-04 3.134906291961669922e-04 3.123879432678222656e-04 3.139376640319824219e-04 3.232061862945556641e-04 3.156363964080810547e-04 3.173649311065673828e-04 3.095269203186035156e-04 3.091692924499511719e-04
1.218894686800009897e+00 1.412332057952880859e-04 1.409947872161865234e-04 1.398622989654541016e-04 1.445710659027099609e-04 1.449882984161376953e-04 1.401603221893310547e-04 1.495182514190673828e-04 1.352727413177490234e-04 1.419186592102050781e-04 1.404583454132080078e-04
1.225347448785397697e+00 -3.218948841094970703e-04 -3.382265567779541016e-04 -3.353655338287353516e-04 -3.287792205810546875e-04 -3.358423709869384766e-04 -3.293454647064208984e-04 -3.227591514587402344e-04 -3.290176391601562500e-04 -3.274977207183837891e-04 -3.340542316436767578e-04
1.231800210770785720e+00 2.341270446777343750e-04 2.332925796508789062e-04 2.260208129882812500e-04 2.338588237762451172e-04 2.277493476867675781e-04 2.295970916748046875e-04 2.120733261108398438e-04 2.264976501464843750e-04 2.226233482360839844e-04 2.186596393585205078e-04
1.238252972756173520e+00 2.095103263854980469e-04 1.985132694244384766e-04 1.913607120513916016e-04 2.043843269348144531e-04 2.119541168212890625e-04 2.091228961944580078e-04 1.935064792633056641e-04 2.002120018005371094e-04 2.094209194183349609e-04 2.110004425048828125e-04
1.244705734741561542e+00 -3.550052642822265625e-04 -3.380775451660156250e-04 -3.578662872314453125e-04 -3.355741500854492188e-04 -3.459751605987548828e-04 -3.422200679779052734e-04 -3.439784049987792969e-04 -3.428161144256591797e-04 -3.527402877807617188e-04 -3.561377525329589844e-04
1.251158496726949343e+00 -1.788139343261718750e-06 8.970499038696289062e-06 9.238719940185546875e-06 3.218650817871093750e-06 4.649162292480468750e-06 1.305341720581054688e-05 1.731514930725097656e-05 1.165270805358886719e-05 1.433491706848144531e-05 -4.708766937255859375e-06
1.257611258712337365e+00 3.273189067840576172e-04 3.324449062347412109e-04 3.366172313690185547e-04 3.227591514587402344e-04 3.295540809631347656e-04 3.297030925750732422e-04 3.271996974945068359e-04 3.310441970825195312e-04 3.210604190826416016e-04 3.333687782287597656e-04
1.264064020697725166e+00 -2.172589302062988281e-04 -2.168715000152587891e-04 -2.188980579376220703e-04 -2.243816852569580078e-04 -2.334713935852050781e-04 -2.169311046600341797e-04 -2.193152904510498047e-04 -2.144575119018554688e-04 -2.337694168090820312e-04 -2.165436744689941406e-04
1.270516782683113188e+00 -2.562701702117919922e-04 -2.505779266357421875e-04 -2.625286579132080078e-04 -2.656579017639160156e-04 -2.624094486236572266e-04 -2.670884132385253906e-04 -2.579987049102783203e-04 -2.579987049102783203e-04 -2.652704715728759766e-04 -2.603530883789062500e-04
1.276969544668500989e+00 2.948641777038574219e-04 3.064572811126708984e-04 3.074705600738525391e-04 3.014802932739257812e-04 3.055632114410400391e-04 3.014504909515380859e-04 2.988576889038085938e-04 2.960264682769775391e-04 2.976357936859130859e-04 3.079771995544433594e-04
1.283422306653888789e+00 4.836916923522949219e-05 4.339218139648437500e-05 4.619359970092773438e-05 4.112720489501953125e-05 4.133582115173339844e-05 4.515051841735839844e-05 4.315376281738281250e-05 5.528330802917480469e-05 5.233287811279296875e-05 5.733966827392578125e-05
1.289875068639276812e+00 -3.296732902526855469e-04 -3.241598606109619141e-04 -3.212392330169677734e-04 -3.347396850585937500e-04 -3.262460231781005859e-04 -3.275275230407714844e-04 -3.319084644317626953e-04 -3.222823143005371094e-04 -3.348290920257568359e-04 -3.334581851959228516e-04
1.296327830624664612e+00 2.302527427673339844e-04 2.211630344390869141e-04 2.233982086181640625e-04 2.299249172210693359e-04 2.232491970062255859e-04 2.281963825225830078e-04 2.308189868927001953e-04 2.213716506958007812e-04 2.268254756927490234e-04 2.333223819732666016e-04
1.302780592610052635e+00 1.581609249114990234e-04 1.701116561889648438e-04 1.665055751800537109e-04 1.665651798248291016e-04 1.719892024993896484e-04 1.594126224517822266e-04 1.631677150726318359e-04 1.745820045471191406e-04 1.654922962188720703e-04 1.768767833709716797e-04
1.309233354595440435e+00 -4.531145095825195312e-04 -4.597902297973632812e-04 -4.521608352661132812e-04 -4.413723945617675781e-04 -4.379153251647949219e-04 -4.457533359527587891e-04 -4.408657550811767578e-04 -4.414021968841552734e-04 -4.391670227050781250e-04 -4.427731037139892578e-04
1.315686116580828458e+00 2.012550830841064453e-04 2.009570598602294922e-04 1.922547817230224609e-04 1.967251300811767578e-04 1.951754093170166016e-04 1.891851425170898438e-04 1.988112926483154297e-04 1.956820487976074219e-04 1.954734325408935547e-04 1.971423625946044922e-04
1.322138878566216258e+00 3.162026405334472656e-04 2.934336662292480469e-04 2.925097942352294922e-04 3.011822700500488281e-04 2.934932708740234375e-04 3.007650375366210938e-04 3.114640712738037109e-04 3.061294555664062500e-04 3.018677234649658203e-04 3.124475479125976562e-04
1.328591640551604280e+00 -3.988444805145263672e-04 -3.937184810638427734e-04 -3.867745399475097656e-04 -3.818571567535400391e-04 -3.940761089324951172e-04 -3.953874111175537109e-04 -3.844499588012695312e-04 -3.836750984191894531e-04 -3.752410411834716797e-04 -3.740787506103515625e-04
1.335044402536992081e+00 -2.703070640563964844e-05 -3.072619438171386719e-05 -2.798438072204589844e-05 -3.451108932495117188e-05 -2.312660217285156250e-05 -3.314018249511718750e-05 -2.655386924743652344e-05 -2.753734588623046875e-05 -2.765655517578125000e-05 -3.987550735473632812e-05
1.341497164522380103e+00 3.849565982818603516e-04 3.838241100311279297e-04 3.971159458160400391e-04 3.827512264251708984e-04 3.831982612609863281e-04 3.796219825744628906e-04 3.904104232788085938e-04 3.828704357147216797e-04 3.874599933624267578e-04 3.919899463653564453e-04
1.347949926507767904e+00 -2.808272838592529297e-04 -2.791285514831542969e-04 -2.743303775787353516e-04 -2.839565277099609375e-04 -2.795457839965820312e-04 -2.815723419189453125e-04 -2.754330635070800781e-04 -2.694129943847656250e-04 -2.778470516204833984e-04 -2.809166908264160156e-04
1.354402688493155926e+00 -9.107589721679687500e-05 -9.167194366455078125e-05 -8.180737495422363281e-05 -7.975101470947265625e-05 -7.918477058410644531e-05 -6.151199340820312500e-05 -7.238984107971191406e-05 -8.451938629150390625e-05 -8.791685104370117188e-05 -7.855892181396484375e-05
1.360855450478543727e+00 2.614259719848632812e-04 2.517700195312500000e-04 2.756714820861816406e-04 2.601444721221923828e-04 2.565085887908935547e-04 2.628862857818603516e-04 2.591907978057861328e-04 2.648830413818359375e-04 2.572834491729736328e-04 2.626180648803710938e-04
1.367308212463931749e+00 -3.333687782287597656e-04 -3.243088722229003906e-04 -3.319382667541503906e-04 -3.312826156616210938e-04 -3.287196159362792969e-04 -3.281831741333007812e-04 -3.341734409332275391e-04 -3.271996974945068359e-04 -3.333389759063720703e-04 -3.347098827362060547e-04
1.373760974449319550e+00 -1.220405101776123047e-04 -1.250803470611572266e-04 -1.178681850433349609e-04 -1.243352890014648438e-04 -1.182556152343750000e-04 -1.163184642791748047e-04 -1.150369644165039062e-04 -1.160800457000732422e-04 -1.167953014373779297e-04 -1.092255115509033203e-04
1.380213736434707350e+00 2.485811710357666016e-04 2.256631851196289062e-04 2.285242080688476562e-04 2.338886260986328125e-04 2.282261848449707031e-04 2.234876155853271484e-04 2.295076847076416016e-04 2.319514751434326172e-04 2.257823944091796875e-04 2.390146255493164062e-04
1.386666498420095373e+00 -1.663863658905029297e-04 -1.605153083801269531e-04 -1.710057258605957031e-04 -1.519024372100830078e-04 -1.578330993652343750e-04 -1.611113548278808594e-04 -1.565515995025634766e-04 -1.651942729949951172e-04 -1.586675643920898438e-04 -1.607239246368408203e-04
1.393119260405483173e+00 3.796815872192382812e-05 5.093216896057128906e-05 5.167722702026367188e-05 4.369020462036132812e-05 4.053115844726562500e-05 3.808736801147460938e-05 5.459785461425781250e-05 4.047155380249023438e-05 5.474686622619628906e-05 4.556775093078613281e-05
1.399572022390871195e+00 1.550614833831787109e-04 1.657605171203613281e-04 1.656413078308105469e-04 1.620352268218994141e-04 1.646280288696289062e-04 1.623928546905517578e-04 1.581609249114990234e-04 1.544952392578125000e-04 1.667439937591552734e-04 1.653432846069335938e-04
1.406024784376258996e+00 1.677870750427246094e-05 3.030896186828613281e-05 3.817677497863769531e-05 3.731250762939453125e-05 3.015995025634765625e-05 2.953410148620605469e-05 3.832578659057617188e-05 3.999471664428710938e-05 3.182888031005859375e-05 3.516674041748046875e-05
1.412477546361647018e+00 -2.440214157104492188e-04 -2.542138099670410156e-04 -2.492070198059082031e-04 -2.422034740447998047e-04 -2.444982528686523438e-04 -2.475082874298095703e-04 -2.399086952209472656e-04 -2.372860908508300781e-04 -2.475380897521972656e-04 -2.384781837463378906e-04
1.418930308347034819e+00 7.241964340209960938e-05 6.550550460815429688e-05 8.094310760498046875e-05 7.358193397521972656e-05 6.896257400512695312e-05 7.581710815429687500e-05 6.797909736633300781e-05 5.796551704406738281e-05 6.407499313354492188e-05 7.265806198120117188e-05
1.425383070332422841e+00 1.941621303558349609e-04 1.881420612335205078e-04 2.043545246124267578e-04 1.793205738067626953e-04 1.839697360992431641e-04 1.790523529052734375e-04 1.808106899261474609e-04 1.807212829589843750e-04 1.793801784515380859e-04 1.892745494842529297e-04
1.431835832317810642e+00 -1.049339771270751953e-04 -9.942054748535156250e-05 -9.948015213012695312e-05 -1.150667667388916016e-04 -1.161992549896240234e-04 -1.130998134613037109e-04 -1.103281974792480469e-04 -1.214742660522460938e-04 -1.271069049835205078e-04 -1.269876956939697266e-04
1.438288594303198664e+00 -6.097555160522460938e-05 -4.777312278747558594e-05 -5.412101745605468750e-05 -6.723403930664062500e-05 -5.853176116943359375e-05 -4.205107688903808594e-05 -4.839897155761718750e-05 -4.711747169494628906e-05 -4.604458808898925781e-05 -5.957484245300292969e-05
1.444741356288586465e+00 9.495019912719726562e-05 1.068711280822753906e-04 1.175105571746826172e-04 1.081824302673339844e-04 1.108050346374511719e-04 1.112222671508789062e-04 1.073181629180908203e-04 1.050829887390136719e-04 1.071393489837646484e-04 1.103878021240234375e-04
1.451194118273974487e+00 -4.494190216064453125e-05 -5.114078521728515625e-05 -6.276369094848632812e-05 -5.066394805908203125e-05 -3.492832183837890625e-05 -5.263090133666992188e-05 -4.288554191589355469e-05 -4.822015762329101562e-05 -4.127621650695800781e-05 -5.653500556945800781e-05
1.457646880259362288e+00 3.561377525329589844e-05 3.489851951599121094e-05 4.500150680541992188e-05 3.865361213684082031e-05 4.169344902038574219e-05 4.467368125915527344e-05 3.993511199951171875e-05 3.930926322937011719e-05 4.723668098449707031e-05 4.440546035766601562e-05
1.464099642244750310e+00 1.142621040344238281e-04 1.149177551269531250e-04 1.075863838195800781e-04 1.133680343627929688e-04 1.030564308166503906e-04 1.102685928344726562e-04 1.059174537658691406e-04 1.120567321777343750e-04 1.127421855926513672e-04 1.044869422912597656e-04
1.470552404230138110e+00 -8.025765419006347656e-05 -6.812810897827148438e-05 -7.209181785583496094e-05 -5.602836608886718750e-05 -7.405877113342285156e-05 -6.544589996337890625e-05 -6.511807441711425781e-05 -5.495548248291015625e-05 -6.672739982604980469e-05 -7.107853889465332031e-05
1.477005166215525911e+00 -1.278519630432128906e-05 -1.493096351623535156e-05 3.248453140258789062e-06 -5.125999450683593750e-06 1.364946365356445312e-05 -7.808208465576171875e-06 -7.450580596923828125e-06 1.132488250732421875e-06 -4.202127456665039062e-06 -5.185604095458984375e-06
1.483457928200913933e+00 -2.294778823852539062e-05 -1.439452171325683594e-05 -2.935528755187988281e-05 -2.470612525939941406e-05 -2.643465995788574219e-05 -3.778934478759765625e-05 -3.224611282348632812e-05 -2.908706665039062500e-05 -2.148747444152832031e-05 -3.042817115783691406e-05
1.489910690186301734e+00 2.634525299072265625e-05 3.156065940856933594e-05 3.036856651306152344e-05 4.011392593383789062e-05 3.641843795776367188e-05 3.817677497863769531e-05 3.364682197570800781e-05 2.849102020263671875e-05 3.987550735473632812e-05 3.397464752197265625e-05
1.496363452171689756e+00 4.860758781433105469e-05 5.379319190979003906e-05 5.987286567687988281e-05 5.561113357543945312e-05 6.279349327087402344e-05 5.012750625610351562e-05 5.125999450683593750e-05 6.288290023803710938e-05 5.176663398742675781e-05 6.517767906188964844e-05
1.502816214157077557e+00 -9.399652481079101562e-05 -9.566545486450195312e-05 -9.310245513916015625e-05 -9.357929229736328125e-05 -8.782744407653808594e-05 -9.834766387939453125e-05 -1.026391983032226562e-04 -9.328126907348632812e-05 -9.733438491821289062e-05 -9.506940841674804688e-05
1.509268976142465579e+00 -9.834766387939453125e-06 -7.063150405883789062e-06 -3.725290298461914062e-06 7.450580596923828125e-07 2.205371856689453125e-06 -2.712011337280273438e-06 7.003545761108398438e-06 -1.281499862670898438e-06 3.039836883544921875e-06 -8.136034011840820312e-06
1.515721738127853380e+00 1.052320003509521484e-04 9.560585021972656250e-05 1.045763492584228516e-04 1.137256622314453125e-04 1.138150691986083984e-04 1.044869422912597656e-04 1.104176044464111328e-04 1.197755336761474609e-04 1.148581504821777344e-04 1.182258129119873047e-04
1.522174500113241402e+00 -1.527070999145507812e-04 -1.643598079681396484e-04 -1.433193683624267578e-04 -1.525282859802246094e-04 -1.494288444519042969e-04 -1.518726348876953125e-04 -1.443326473236083984e-04 -1.441240310668945312e-04 -1.478195190429687500e-04 -1.361072063446044922e-04
1.528627262098629203e+00 2.929568290710449219e-05 1.960992813110351562e-05 2.837181091308593750e-05 2.571940422058105469e-05 2.723932266235351562e-05 1.600384712219238281e-05 1.743435859680175781e-05 3.060698509216308594e-05 3.388524055480957031e-05 2.661347389221191406e-05
1.535080024084017225e+00 1.584291458129882812e-04 1.428127288818359375e-04 1.354813575744628906e-04 1.383721828460693359e-04 1.447498798370361328e-04 1.519024372100830078e-04 1.502335071563720703e-04 1.354515552520751953e-04 1.350641250610351562e-04 1.446604728698730469e-04
1.541532786069405025e+00 -2.128183841705322266e-04 -2.324879169464111328e-04 -2.157092094421386719e-04 -2.195239067077636719e-04 -2.137124538421630859e-04 -2.179145812988281250e-04 -2.264678478240966797e-04 -2.207159996032714844e-04 -2.227723598480224609e-04 -2.210736274719238281e-04
1.547985548054793048e+00 6.258487701416015625e-06 -7.122755050659179688e-06 5.483627319335937500e-06 7.003545761108398438e-06 5.036592483520507812e-06 -3.069639205932617188e-06 8.732080459594726562e-06 1.400709152221679688e-06 1.102685928344726562e-06 -8.940696716308593750e-07
1.554438310040180848e+00 1.995563507080078125e-04 2.086162567138671875e-04 1.992285251617431641e-04 1.946985721588134766e-04 2.047419548034667969e-04 2.011358737945556641e-04 2.034902572631835938e-04 2.021789550781250000e-04 2.075433731079101562e-04 2.124011516571044922e-04
1.560891072025568649e+00 -1.170039176940917969e-04 -1.193284988403320312e-04 -1.186728477478027344e-04 -1.096129417419433594e-04 -1.196563243865966797e-04 -1.117289066314697266e-04 -1.128911972045898438e-04 -1.198053359985351562e-04 -1.061856746673583984e-04 -1.075267791748046875e-04
1.567343834010956671e+00 -1.261234283447265625e-04 -1.397728919982910156e-04 -1.360476016998291016e-04 -1.334846019744873047e-04 -1.486539840698242188e-04 -1.306831836700439453e-04 -1.254975795745849609e-04 -1.318752765655517578e-04 -1.447200775146484375e-04 -1.289546489715576172e-04
1.573796595996344472e+00 2.245008945465087891e-04 2.152323722839355469e-04 2.253353595733642578e-04 2.240836620330810547e-04 2.205073833465576172e-04 2.301931381225585938e-04 2.235472202301025391e-04 2.270638942718505859e-04 2.240240573883056641e-04 2.144575119018554688e-04
1.580249357981732494e+00 -6.538629531860351562e-05 -7.149577140808105469e-05 -6.440281867980957031e-05 -6.297230720520019531e-05 -7.092952728271484375e-05 -6.020069122314453125e-05 -5.349516868591308594e-05 -6.195902824401855469e-05 -5.927681922912597656e-05 -5.251169204711914062e-05
1.586702119967120295e+00 -2.340078353881835938e-04 -2.292990684509277344e-04 -2.330541610717773438e-04 -2.355575561523437500e-04 -2.369880676269531250e-04 -2.289712429046630859e-04 -2.246797084808349609e-04 -2.349913120269775391e-04 -2.241432666778564453e-04 -2.334415912628173828e-04
1.593154881952508317e+00 2.705752849578857422e-04 2.669095993041992188e-04 2.542734146118164062e-04 2.610981464385986328e-04 2.617537975311279297e-04 2.554059028625488281e-04 2.607405185699462891e-04 2.641677856445312500e-04 2.657175064086914062e-04 2.634525299072265625e-04
1.599607643937896118e+00 3.269314765930175781e-05 3.367662429809570312e-05 3.382563591003417969e-05 2.005696296691894531e-05 3.451108932495117188e-05 3.534555435180664062e-05 2.285838127136230469e-05 2.589821815490722656e-05 3.525614738464355469e-05 2.914667129516601562e-05
1.606060405923284140e+00 -2.911984920501708984e-04 -2.829432487487792969e-04 -2.821087837219238281e-04 -2.774596214294433594e-04 -2.821087837219238281e-04 -2.762675285339355469e-04 -2.832710742950439453e-04 -2.917051315307617188e-04 -2.775192260742187500e-04 -2.753138542175292969e-04
1.612513167908671941e+00 2.121627330780029297e-04 2.167522907257080078e-04 2.153813838958740234e-04 2.231895923614501953e-04 2.248883247375488281e-04 2.217888832092285156e-04 2.185106277465820312e-04 2.174675464630126953e-04 2.261698246002197266e-04 2.180635929107666016e-04
1.618965929894059963e+00 1.540780067443847656e-05 1.156330108642578125e-05 2.089142799377441406e-05 1.981854438781738281e-05 1.916289329528808594e-05 1.549720764160156250e-05 7.867813110351562500e-06 2.479553222656250000e-05 1.782178878784179688e-05 2.059340476989746094e-05
1.625418691879447763e+00 -2.679228782653808594e-04 -2.680718898773193359e-04 -2.744495868682861328e-04 -2.690851688385009766e-04 -2.661943435668945312e-04 -2.644658088684082031e-04 -2.577304840087890625e-04 -2.596378326416015625e-04 -2.670288085937500000e-04 -2.745389938354492188e-04
1.631871453864835786e+00 1.329779624938964844e-04 1.306235790252685547e-04 1.243948936462402344e-04 1.336336135864257812e-04 1.285076141357421875e-04 1.277923583984375000e-04 1.185536384582519531e-04 1.333951950073242188e-04 1.298487186431884766e-04 1.218318939208984375e-04
1.638324215850223586e+00 1.527667045593261719e-04 1.397430896759033203e-04 1.444220542907714844e-04 1.460909843444824219e-04 1.524984836578369141e-04 1.511275768280029297e-04 1.524090766906738281e-04 1.551210880279541016e-04 1.441538333892822266e-04 1.359879970550537109e-04
1.644776977835611609e+00 -2.354979515075683594e-04 -2.433657646179199219e-04 -2.437233924865722656e-04 -2.456009387969970703e-04 -2.422332763671875000e-04 -2.461373805999755859e-04 -2.292990684509277344e-04 -2.386868000030517578e-04 -2.406835556030273438e-04 -2.424418926239013672e-04
1.651229739820999409e+00 4.798173904418945312e-05 5.650520324707031250e-05 4.205107688903808594e-05 4.321336746215820312e-05 5.388259887695312500e-05 3.498792648315429688e-05 4.762411117553710938e-05 3.951787948608398438e-05 4.500150680541992188e-05 4.023313522338867188e-05
1.657682501806387210e+00 2.155601978302001953e-04 2.131164073944091797e-04 2.169907093048095703e-04 2.117753028869628906e-04 2.055466175079345703e-04 2.096295356750488281e-04 2.126395702362060547e-04 2.093613147735595703e-04 2.028048038482666016e-04 2.200603485107421875e-04
1.664135263791775232e+00 -1.533925533294677734e-04 -1.521110534667968750e-04 -1.550316810607910156e-04 -1.576244831085205078e-04 -1.616477966308593750e-04 -1.477897167205810547e-04 -1.513361930847167969e-04 -1.415014266967773438e-04 -1.506507396697998047e-04 -1.657605171203613281e-04
1.670588025777163033e+00 -7.781386375427246094e-05 -7.802248001098632812e-05 -7.629394531250000000e-05 -7.763504981994628906e-05 -7.107853889465332031e-05 -7.492303848266601562e-05 -8.639693260192871094e-05 -8.249282836914062500e-05 -7.066130638122558594e-05 -9.956955909729003906e-05
1.677040787762551055e+00 1.333653926849365234e-04 1.327693462371826172e-04 1.319348812103271484e-04 1.294612884521484375e-04 1.285970211029052734e-04 1.259744167327880859e-04 1.161992549896240234e-04 1.255571842193603516e-04 1.321136951446533203e-04 1.221001148223876953e-04
1.683493549747938856e+00 -6.446242332458496094e-05 -8.201599121093750000e-05 -5.930662155151367188e-05 -5.859136581420898438e-05 -8.472800254821777344e-05 -7.006525993347167969e-05 -6.935000419616699219e-05 -6.449222564697265625e-05 -6.183981895446777344e-05 -6.991624832153320312e-05
1.689946311733326878e+00 -5.584955215454101562e-05 -6.151199340820312500e-05 -5.403161048889160156e-05 -5.975365638732910156e-05 -6.163120269775390625e-05 -5.748867988586425781e-05 -5.826354026794433594e-05 -4.929304122924804688e-05 -5.477666854858398438e-05 -6.586313247680664062e-05
1.696399073718714678e+00 2.124309539794921875e-04 2.060532569885253906e-04 2.112090587615966797e-04 2.149343490600585938e-04 2.023875713348388672e-04 2.104043960571289062e-04 2.139210700988769531e-04 2.124905586242675781e-04 2.187192440032958984e-04 2.110004425048828125e-04
1.702851835704102701e+00 -8.744001388549804688e-05 -9.921193122863769531e-05 -9.435415267944335938e-05 -9.909272193908691406e-05 -8.809566497802734375e-05 -9.199976921081542969e-05 -8.147954940795898438e-05 -9.232759475708007812e-05 -8.708238601684570312e-05 -8.642673492431640625e-05
1.709304597689490501e+00 -1.322925090789794922e-04 -1.253187656402587891e-04 -1.271963119506835938e-04 -1.195371150970458984e-04 -1.220107078552246094e-04 -1.195967197418212891e-04 -1.250505447387695312e-04 -1.307129859924316406e-04 -1.191496849060058594e-04 -1.261830329895019531e-04
1.715757359674878524e+00 1.675486564636230469e-04 1.607835292816162109e-04 1.637637615203857422e-04 1.476109027862548828e-04 1.733601093292236328e-04 1.633167266845703125e-04 1.655519008636474609e-04 1.614093780517578125e-04 1.651942729949951172e-04 1.728534698486328125e-04
1.722210121660266324e+00 7.748603820800781250e-07 7.003545761108398438e-06 1.019239425659179688e-05 1.180171966552734375e-05 4.172325134277343750e-06 9.536743164062500000e-07 1.123547554016113281e-05 1.060962677001953125e-05 2.026557922363281250e-06 -1.698732376098632812e-06
1.728662883645654347e+00 -1.024603843688964844e-04 -9.834766387939453125e-05 -9.524822235107421875e-05 -8.845329284667968750e-05 -9.229779243469238281e-05 -9.602308273315429688e-05 -8.720159530639648438e-05 -9.325146675109863281e-05 -9.009242057800292969e-05 -9.655952453613281250e-05
1.735115645631042147e+00 7.608532905578613281e-05 6.857514381408691406e-05 7.298588752746582031e-05 5.465745925903320312e-05 7.173418998718261719e-05 6.726384162902832031e-05 7.846951484680175781e-05 7.271766662597656250e-05 8.237361907958984375e-05 6.446242332458496094e-05
1.741568407616429948e+00 6.943941116333007812e-05 7.227063179016113281e-05 6.589293479919433594e-05 8.767843246459960938e-05 7.623434066772460938e-05 6.818771362304687500e-05 7.745623588562011719e-05 7.283687591552734375e-05 7.420778274536132812e-05 6.610155105590820312e-05
1.748021169601817970e+00 -7.268786430358886719e-05 -8.696317672729492188e-05 -7.712841033935546875e-05 -7.078051567077636719e-05 -7.545948028564453125e-05 -7.471442222595214844e-05 -7.605552673339843750e-05 -7.373094558715820312e-05 -8.669495582580566406e-05 -7.334351539611816406e-05
1.754473931587205771e+00 5.692243576049804688e-05 5.483627319335937500e-05 5.403161048889160156e-05 6.222724914550781250e-05 6.595253944396972656e-05 7.995963096618652344e-05 7.894635200500488281e-05 5.301833152770996094e-05 6.541609764099121094e-05 7.370114326477050781e-05
1.760926693572593793e+00 4.884600639343261719e-05 5.811452865600585938e-05 6.738305091857910156e-05 6.541609764099121094e-05 6.580352783203125000e-05 6.729364395141601562e-05 7.569789886474609375e-05 6.374716758728027344e-05 6.693601608276367188e-05 6.169080734252929688e-05
1.767379455557981593e+00 -9.536743164062500000e-07 -1.141428947448730469e-05 -2.980232238769531250e-06 -8.642673492431640625e-06 -9.000301361083984375e-06 -1.794099807739257812e-05 -7.450580596923828125e-07 -1.376867294311523438e-05 -9.298324584960937500e-06 -1.138448715209960938e-05
1.773832217543369616e+00 1.132488250732421875e-06 8.106231689453125000e-06 1.055002212524414062e-05 -1.153349876403808594e-05 5.513429641723632812e-06 -4.976987838745117188e-06 1.698732376098632812e-06 -9.685754776000976562e-06 1.123547554016113281e-05 -6.467103958129882812e-06
1.780284979528757416e+00 3.328919410705566406e-05 2.333521842956542969e-05 1.510977745056152344e-05 1.433491706848144531e-05 1.823902130126953125e-05 3.746151924133300781e-05 2.479553222656250000e-05 2.491474151611328125e-05 2.250075340270996094e-05 2.989172935485839844e-05
1.786737741514145439e+00 -3.805756568908691406e-05 -4.234910011291503906e-05 -3.597140312194824219e-05 -4.085898399353027344e-05 -5.212426185607910156e-05 -3.466010093688964844e-05 -3.585219383239746094e-05 -3.987550735473632812e-05 -4.130601882934570312e-05 -4.395842552185058594e-05
1.793190503499533239e+00 -6.309151649475097656e-05 -5.453824996948242188e-05 -4.121661186218261719e-05 -5.871057510375976562e-05 -4.270672798156738281e-05 -5.418062210083007812e-05 -4.708766937255859375e-05 -5.397200584411621094e-05 -5.817413330078125000e-05 -4.836916923522949219e-05
1.799643265484921262e+00 1.145303249359130859e-04 1.137554645538330078e-04 1.246333122253417969e-04 1.245737075805664062e-04 1.212358474731445312e-04 1.279413700103759766e-04 1.152455806732177734e-04 1.260340213775634766e-04 1.118779182434082031e-04 1.139044761657714844e-04
1.806096027470309062e+00 1.116991043090820312e-04 9.700655937194824219e-05 9.784102439880371094e-05 1.089572906494140625e-04 1.012980937957763672e-04 9.825825691223144531e-05 1.017153263092041016e-04 9.357929229736328125e-05 1.060366630554199219e-04 1.091957092285156250e-04
1.812548789455697085e+00 -3.606081008911132812e-05 -3.111362457275390625e-05 -3.561377525329589844e-05 -4.017353057861328125e-05 -4.306435585021972656e-05 -3.719329833984375000e-05 -4.747509956359863281e-05 -3.549456596374511719e-05 -5.188584327697753906e-05 -4.789233207702636719e-05
1.819001551441084885e+00 -2.026557922363281250e-06 -3.546476364135742188e-06 -1.847743988037109375e-06 -9.655952453613281250e-06 -2.473592758178710938e-06 3.337860107421875000e-06 -1.120567321777343750e-05 1.698732376098632812e-06 -2.413988113403320312e-06 -9.655952453613281250e-06
1.825454313426472908e+00 5.117058753967285156e-05 4.523992538452148438e-05 5.245208740234375000e-05 4.756450653076171875e-05 5.131959915161132812e-05 5.245208740234375000e-05 4.646182060241699219e-05 5.492568016052246094e-05 5.158782005310058594e-05 5.641579627990722656e-05
1.831907075411860708e+00 -4.473328590393066406e-05 -4.082918167114257812e-05 -4.547834396362304688e-05 -4.544854164123535156e-05 -5.033612251281738281e-05 -4.398822784423828125e-05 -4.693865776062011719e-05 -3.495812416076660156e-05 -4.100799560546875000e-05 -4.899501800537109375e-05
1.838359837397248508e+00 -3.898143768310546875e-05 -4.759430885314941406e-05 -5.459785461425781250e-05 -3.957748413085937500e-05 -4.109740257263183594e-05 -4.473328590393066406e-05 -5.260109901428222656e-05 -4.953145980834960938e-05 -3.349781036376953125e-05 -4.288554191589355469e-05
1.844812599382636531e+00 8.586049079895019531e-05 7.864832878112792969e-05 7.212162017822265625e-05 5.874037742614746094e-05 7.167458534240722656e-05 7.724761962890625000e-05 7.271766662597656250e-05 7.224082946777343750e-05 7.787346839904785156e-05 7.858872413635253906e-05
1.851265361368024331e+00 -1.642107963562011719e-05 -2.118945121765136719e-05 -2.136826515197753906e-05 -1.257658004760742188e-05 -1.388788223266601562e-05 -2.399086952209472656e-05 -1.621246337890625000e-05 -2.446770668029785156e-05 -1.183152198791503906e-05 -2.259016036987304688e-05
1.857718123353412354e+00 -9.661912918090820312e-05 -8.744001388549804688e-05 -7.876753807067871094e-05 -9.080767631530761719e-05 -7.608532905578613281e-05 -8.061528205871582031e-05 -9.426474571228027344e-05 -8.818507194519042969e-05 -7.903575897216796875e-05 -8.866190910339355469e-05
1.864170885338800154e+00 5.730986595153808594e-05 6.583333015441894531e-05 5.221366882324218750e-05 5.254149436950683594e-05 5.769729614257812500e-05 5.409121513366699219e-05 5.081295967102050781e-05 5.757808685302734375e-05 5.853176116943359375e-05 6.756186485290527344e-05
1.870623647324188177e+00 5.215406417846679688e-05 6.058812141418457031e-05 5.233287811279296875e-05 6.768107414245605469e-05 5.757808685302734375e-05 5.093216896057128906e-05 6.538629531860351562e-05 6.160140037536621094e-05 6.183981895446777344e-05 7.554888725280761719e-05
1.877076409309575977e+00 -1.304149627685546875e-04 -1.233220100402832031e-04 -1.223087310791015625e-04 -1.319050788879394531e-04 -1.232028007507324219e-04 -1.155734062194824219e-04 -1.098215579986572266e-04 -1.168549060821533203e-04 -1.158118247985839844e-04 -1.134276390075683594e-04
1.883529171294964000e+00 -2.864003181457519531e-05 -1.010298728942871094e-05 -1.621246337890625000e-05 -1.546740531921386719e-05 -9.179115295410156250e-06 -2.828240394592285156e-05 -2.011656761169433594e-05 -1.394748687744140625e-05 -1.838803291320800781e-05 -1.496076583862304688e-05
1.889981933280351800e+00 8.136034011840820312e-05 8.597970008850097656e-05 8.380413055419921875e-05 9.408593177795410156e-05 9.289383888244628906e-05 8.857250213623046875e-05 8.428096771240234375e-05 8.696317672729492188e-05 9.405612945556640625e-05 8.961558341979980469e-05
1.896434695265739823e+00 -1.230835914611816406e-04 -1.162886619567871094e-04 -1.267492771148681641e-04 -1.053214073181152344e-04 -1.201629638671875000e-04 -1.128911972045898438e-04 -1.224875450134277344e-04 -1.248419284820556641e-04 -1.042187213897705078e-04 -1.044869422912597656e-04
1.902887457251127623e+00 -2.259016036987304688e-05 -1.060962677001953125e-05 -3.218650817871093750e-06 -2.378225326538085938e-05 -2.327561378479003906e-05 -1.221895217895507812e-05 -1.007318496704101562e-05 -2.807378768920898438e-05 -1.564621925354003906e-05 -2.396106719970703125e-05
1.909340219236515646e+00 1.558363437652587891e-04 1.589655876159667969e-04 1.570880413055419922e-04 1.424849033355712891e-04 1.547932624816894531e-04 1.615583896636962891e-04 1.532137393951416016e-04 1.501142978668212891e-04 1.513063907623291016e-04 1.495182514190673828e-04
1.915792981221903446e+00 -8.773803710937500000e-05 -1.019835472106933594e-04 -9.623169898986816406e-05 -9.065866470336914062e-05 -8.574128150939941406e-05 -9.146332740783691406e-05 -9.167194366455078125e-05 -8.475780487060546875e-05 -7.525086402893066406e-05 -9.179115295410156250e-05
1.922245743207291468e+00 -8.437037467956542969e-05 -9.000301361083984375e-05 -8.675456047058105469e-05 -8.699297904968261719e-05 -8.562207221984863281e-05 -8.681416511535644531e-05 -9.134411811828613281e-05 -7.680058479309082031e-05 -9.375810623168945312e-05 -8.180737495422363281e-05
1.928698505192679269e+00 1.806318759918212891e-04 1.833438873291015625e-04 1.823306083679199219e-04 1.789629459381103516e-04 1.824796199798583984e-04 1.841783523559570312e-04 1.858770847320556641e-04 1.887381076812744141e-04 1.931488513946533203e-04 1.870989799499511719e-04
1.935151267178067069e+00 -3.829598426818847656e-05 -4.875659942626953125e-05 -4.541873931884765625e-05 -5.939602851867675781e-05 -5.307793617248535156e-05 -5.471706390380859375e-05 -5.134940147399902344e-05 -4.294514656066894531e-05 -3.936886787414550781e-05 -4.231929779052734375e-05
1.941604029163455092e+00 -9.882450103759765625e-05 -7.227063179016113281e-05 -8.553266525268554688e-05 -9.196996688842773438e-05 -8.463859558105468750e-05 -7.563829421997070312e-05 -7.963180541992187500e-05 -7.832050323486328125e-05 -9.092688560485839844e-05 -8.639693260192871094e-05
1.948056791148842892e+00 1.851320266723632812e-04 1.736283302307128906e-04 1.891553401947021484e-04 1.749694347381591797e-04 1.889169216156005859e-04 1.758337020874023438e-04 1.818835735321044922e-04 1.826882362365722656e-04 1.716911792755126953e-04 1.679956912994384766e-04
1.954509553134230915e+00 -1.357197761535644531e-04 -1.290738582611083984e-04 -1.210272312164306641e-04 -1.259744167327880859e-04 -1.195967197418212891e-04 -1.285672187805175781e-04 -1.270473003387451172e-04 -1.218616962432861328e-04 -1.241862773895263672e-04 -1.280903816223144531e-04
1.960962315119618715e+00 -4.348158836364746094e-05 -3.966689109802246094e-05 -3.573298454284667969e-05 -3.743171691894531250e-05 -4.133582115173339844e-05 -3.954768180847167969e-05 -3.984570503234863281e-05 -3.924965858459472656e-05 -3.403425216674804688e-05 -5.006790161132812500e-05
1.967415077105006738e+00 1.517534255981445312e-04 1.625120639801025391e-04 1.758635044097900391e-04 1.717209815979003906e-04 1.595914363861083984e-04 1.657605171203613281e-04 1.691877841949462891e-04 1.710653305053710938e-04 1.688003540039062500e-04 1.648962497711181641e-04
1.973867839090394538e+00 -1.052021980285644531e-04 -1.114308834075927734e-04 -9.891390800476074219e-05 -9.936094284057617188e-05 -7.718801498413085938e-05 -1.071691513061523438e-04 -9.670853614807128906e-05 -9.080767631530761719e-05 -9.194016456604003906e-05 -9.542703628540039062e-05
1.980320601075782561e+00 -5.945563316345214844e-05 -6.195902824401855469e-05 -6.347894668579101562e-05 -6.315112113952636719e-05 -5.951523780822753906e-05 -5.710124969482421875e-05 -5.832314491271972656e-05 -5.355477333068847656e-05 -4.959106445312500000e-05 -5.969405174255371094e-05
1.986773363061170361e+00 1.255869865417480469e-04 1.119971275329589844e-04 1.254677772521972656e-04 1.138150691986083984e-04 1.225471496582031250e-04 1.218020915985107422e-04 1.175105571746826172e-04 1.131594181060791016e-04 1.145303249359130859e-04 1.181364059448242188e-04
1.993226125046558384e+00 -1.082420349121093750e-04 -1.126527786254882812e-04 -1.040399074554443359e-04 -1.123547554016113281e-04 -1.184046268463134766e-04 -1.124441623687744141e-04 -1.069307327270507812e-04 -1.100003719329833984e-04 -1.090764999389648438e-04 -1.118481159210205078e-04
1.999678887031946184e+00 6.061792373657226562e-05 5.915760993957519531e-05 7.379055023193359375e-05 6.166100502014160156e-05 4.902482032775878906e-05 4.726648330688476562e-05 6.413459777832031250e-05 5.310773849487304688e-05 5.570054054260253906e-05 6.645917892456054688e-05
2.006131649017333984e+00 1.873970031738281250e-04 1.744925975799560547e-04 1.900494098663330078e-04 1.831054687500000000e-04 1.831650733947753906e-04 1.669824123382568359e-04 1.654624938964843750e-04 1.713037490844726562e-04 1.659989356994628906e-04 1.737177371978759766e-04
