#Range[m] 0 1 2 3 4 5 6 7 8 9
1.800000071525573730e-01 -4.725959897041320801e-02 -4.715606570243835449e-02 -4.732155799865722656e-02 -4.732370376586914062e-02 -4.731228947639465332e-02 -4.735487699508666992e-02 -4.749107360839843750e-02 -4.728817939758300781e-02 -4.768338799476623535e-02 -4.744642972946166992e-02
1.864527691379452845e-01 3.487733006477355957e-02 3.487733006477355957e-02 3.475815057754516602e-02 3.463706374168395996e-02 3.465187549591064453e-02 3.471636772155761719e-02 3.454524278640747070e-02 3.476315736770629883e-02 3.443548083305358887e-02 3.459048271179199219e-02
1.929055311233331682e-01 1.104128360748291016e-02 1.098749041557312012e-02 1.112177968025207520e-02 1.126804947853088379e-02 1.126986742019653320e-02 1.122412085533142090e-02 1.134464144706726074e-02 1.114565134048461914e-02 1.168164610862731934e-02 1.138359308242797852e-02
1.993582931087210797e-01 -2.345475554466247559e-02 -2.344179153442382812e-02 -2.348726987838745117e-02 -2.351301908493041992e-02 -2.353411912918090820e-02 -2.347278594970703125e-02 -2.349871397018432617e-02 -2.347072958946228027e-02 -2.355813980102539062e-02 -2.346315979957580566e-02
2.058110550941089911e-01 3.143727779388427734e-03 3.154844045639038086e-03 3.123790025711059570e-03 3.083616495132446289e-03 3.067135810852050781e-03 3.110766410827636719e-03 3.018856048583984375e-03 3.128290176391601562e-03 2.931267023086547852e-03 3.023654222488403320e-03
2.122638170794968748e-01 7.209628820419311523e-03 7.212877273559570312e-03 7.186084985733032227e-03 7.271051406860351562e-03 7.255166769027709961e-03 7.138460874557495117e-03 7.172137498855590820e-03 7.180929183959960938e-03 7.232993841171264648e-03 7.180154323577880859e-03
2.187165790648847863e-01 6.989687681198120117e-03 7.012039422988891602e-03 7.018625736236572266e-03 6.995737552642822266e-03 6.983399391174316406e-03 7.058620452880859375e-03 7.091760635375976562e-03 7.012754678726196289e-03 7.072746753692626953e-03 7.069468498229980469e-03
2.251693410502726977e-01 -1.485437154769897461e-02 -1.487806439399719238e-02 -1.483199000358581543e-02 -1.481735706329345703e-02 -1.477289199829101562e-02 -1.475915312767028809e-02 -1.473823189735412598e-02 -1.477572321891784668e-02 -1.466470956802368164e-02 -1.471093297004699707e-02
2.316221030356606092e-01 -6.399035453796386719e-03 -6.404519081115722656e-03 -6.475716829299926758e-03 -6.504327058792114258e-03 -6.598442792892456055e-03 -6.547003984451293945e-03 -6.699204444885253906e-03 -6.569892168045043945e-03 -6.785035133361816406e-03 -6.692439317703247070e-03
2.380748650210485207e-01 2.515509724617004395e-02 2.515986561775207520e-02 2.512693405151367188e-02 2.511334419250488281e-02 2.516096830368041992e-02 2.513167262077331543e-02 2.513104677200317383e-02 2.512252330780029297e-02 2.509662508964538574e-02 2.513396739959716797e-02
2.445276270064364044e-01 -9.226858615875244141e-03 -9.280771017074584961e-03 -9.112626314163208008e-03 -9.063303470611572266e-03 -9.009689092636108398e-03 -9.041368961334228516e-03 -8.949220180511474609e-03 -9.091675281524658203e-03 -8.618772029876708984e-03 -8.749306201934814453e-03
2.509803889918242881e-01 -2.552554011344909668e-02 -2.551209926605224609e-02 -2.560937404632568359e-02 -2.561342716217041016e-02 -2.567827701568603516e-02 -2.568870782852172852e-02 -2.574524283409118652e-02 -2.559947967529296875e-02 -2.589750289916992188e-02 -2.576902508735656738e-02
2.574331509772121995e-01 2.719897031784057617e-02 2.722686529159545898e-02 2.709090709686279297e-02 2.705734968185424805e-02 2.703464031219482422e-02 2.704265713691711426e-02 2.686709165573120117e-02 2.706673741340637207e-02 2.675071358680725098e-02 2.691927552223205566e-02
2.638859129626001110e-01 6.445556879043579102e-03 6.416827440261840820e-03 6.589978933334350586e-03 6.649076938629150391e-03 6.673574447631835938e-03 6.732404232025146484e-03 6.885737180709838867e-03 6.568670272827148438e-03 7.112771272659301758e-03 6.862699985504150391e-03
2.703386749479880224e-01 -3.682407736778259277e-02 -3.681328892707824707e-02 -3.684148192405700684e-02 -3.683277964591979980e-02 -3.683736920356750488e-02 -3.689217567443847656e-02 -3.690674901008605957e-02 -3.683310747146606445e-02 -3.690153360366821289e-02 -3.687477111816406250e-02
2.767914369333759339e-01 1.791408658027648926e-02 1.798781752586364746e-02 1.779913902282714844e-02 1.775544881820678711e-02 1.766371726989746094e-02 1.766389608383178711e-02 1.749256253242492676e-02 1.774528622627258301e-02 1.725646853446960449e-02 1.747450232505798340e-02
2.832441989187638454e-01 2.069902420043945312e-02 2.070966362953186035e-02 2.083632349967956543e-02 2.086022496223449707e-02 2.098456025123596191e-02 2.098384499549865723e-02 2.107608318328857422e-02 2.085494995117187500e-02 2.129757404327392578e-02 2.107641100883483887e-02
2.896969609041517568e-01 -3.187689185142517090e-02 -3.189000487327575684e-02 -3.180867433547973633e-02 -3.176850080490112305e-02 -3.179684281349182129e-02 -3.176921606063842773e-02 -3.173419833183288574e-02 -3.176820278167724609e-02 -3.164830803871154785e-02 -3.169152140617370605e-02
2.961497228895396683e-01 1.707464456558227539e-03 1.704216003417968750e-03 1.601547002792358398e-03 1.508772373199462891e-03 1.442849636077880859e-03 1.459032297134399414e-03 1.344501972198486328e-03 1.556694507598876953e-03 1.040458679199218750e-03 1.370131969451904297e-03
3.026024848749275242e-01 2.488592267036437988e-02 2.486932277679443359e-02 2.494364976882934570e-02 2.499303221702575684e-02 2.503833174705505371e-02 2.506121993064880371e-02 2.510347962379455566e-02 2.498307824134826660e-02 2.523806691169738770e-02 2.510082721710205078e-02
3.090552468603154357e-01 -1.934954524040222168e-02 -1.939451694488525391e-02 -1.924693584442138672e-02 -1.921546459197998047e-02 -1.917588710784912109e-02 -1.925915479660034180e-02 -1.912623643875122070e-02 -1.922258734703063965e-02 -1.902103424072265625e-02 -1.910588145256042480e-02
3.155080088457033471e-01 -1.295951008796691895e-02 -1.294913887977600098e-02 -1.306164264678955078e-02 -1.314595341682434082e-02 -1.314976811408996582e-02 -1.319828629493713379e-02 -1.325291395187377930e-02 -1.310089230537414551e-02 -1.343441009521484375e-02 -1.323044300079345703e-02
3.219607708310912586e-01 2.245914936065673828e-02 2.247717976570129395e-02 2.247726917266845703e-02 2.247467637062072754e-02 2.247664332389831543e-02 2.248013019561767578e-02 2.246689796447753906e-02 2.245831489562988281e-02 2.245134115219116211e-02 2.244284749031066895e-02
3.284135328164791701e-01 -1.595646142959594727e-03 -1.605778932571411133e-03 -1.534461975097656250e-03 -1.513659954071044922e-03 -1.473248004913330078e-03 -1.452088356018066406e-03 -1.376330852508544922e-03 -1.494705677032470703e-03 -1.257568597793579102e-03 -1.401215791702270508e-03
3.348662948018670260e-01 -1.788014173507690430e-02 -1.787927746772766113e-02 -1.786044239997863770e-02 -1.787680387496948242e-02 -1.788550615310668945e-02 -1.791521906852722168e-02 -1.790025830268859863e-02 -1.788529753684997559e-02 -1.792278885841369629e-02 -1.791274547576904297e-02
3.413190567872549375e-01 8.672177791595458984e-03 8.687496185302734375e-03 8.628964424133300781e-03 8.624047040939331055e-03 8.600682020187377930e-03 8.567571640014648438e-03 8.502453565597534180e-03 8.629739284515380859e-03 8.410692214965820312e-03 8.521974086761474609e-03
3.477718187726428489e-01 1.263487339019775391e-02 1.264145970344543457e-02 1.266568899154663086e-02 1.267206668853759766e-02 1.269891858100891113e-02 1.271522045135498047e-02 1.274222135543823242e-02 1.268118619918823242e-02 1.282572746276855469e-02 1.275277137756347656e-02
3.542245807580307604e-01 -1.182094216346740723e-02 -1.187297701835632324e-02 -1.178106665611267090e-02 -1.179176568984985352e-02 -1.172992587089538574e-02 -1.172187924385070801e-02 -1.170113682746887207e-02 -1.175194978713989258e-02 -1.161900162696838379e-02 -1.167416572570800781e-02
3.606773427434186718e-01 -7.228583097457885742e-03 -7.217466831207275391e-03 -7.308632135391235352e-03 -7.304489612579345703e-03 -7.374882698059082031e-03 -7.368832826614379883e-03 -7.409870624542236328e-03 -7.291227579116821289e-03 -7.555603981018066406e-03 -7.410526275634765625e-03
3.671301047288065833e-01 1.554796099662780762e-02 1.551353931427001953e-02 1.552999019622802734e-02 1.548430323600769043e-02 1.550289988517761230e-02 1.552397012710571289e-02 1.549234986305236816e-02 1.548421382904052734e-02 1.542463898658752441e-02 1.545912027359008789e-02
3.735828667141944948e-01 1.373499631881713867e-03 1.400917768478393555e-03 1.447200775146484375e-03 1.502186059951782227e-03 1.539468765258789062e-03 1.516044139862060547e-03 1.586794853210449219e-03 1.453787088394165039e-03 1.728683710098266602e-03 1.583963632583618164e-03
3.800356286995824062e-01 -1.857632398605346680e-02 -1.858377456665039062e-02 -1.860815286636352539e-02 -1.862823963165283203e-02 -1.865792274475097656e-02 -1.865029335021972656e-02 -1.862156391143798828e-02 -1.860997080802917480e-02 -1.869234442710876465e-02 -1.864650845527648926e-02
3.864883906849703177e-01 9.882122278213500977e-03 9.876251220703125000e-03 9.796321392059326172e-03 9.745657444000244141e-03 9.677618741989135742e-03 9.768426418304443359e-03 9.597122669219970703e-03 9.737461805343627930e-03 9.513944387435913086e-03 9.599894285202026367e-03
3.929411526703582291e-01 1.808759570121765137e-02 1.807758212089538574e-02 1.814359426498413086e-02 1.820605993270874023e-02 1.822677254676818848e-02 1.823207736015319824e-02 1.829007267951965332e-02 1.817926764488220215e-02 1.841399073600769043e-02 1.825070381164550781e-02
3.993939146557460851e-01 -2.412882447242736816e-02 -2.418178319931030273e-02 -2.410426735877990723e-02 -2.409511804580688477e-02 -2.406919002532958984e-02 -2.405077219009399414e-02 -2.401530742645263672e-02 -2.406322956085205078e-02 -2.388292551040649414e-02 -2.388823032379150391e-02
4.058466766411339965e-01 -2.961635589599609375e-03 -2.943962812423706055e-03 -3.072798252105712891e-03 -3.129512071609497070e-03 -3.168851137161254883e-03 -3.235876560211181641e-03 -3.342121839523315430e-03 -3.119945526123046875e-03 -3.544479608535766602e-03 -3.344595432281494141e-03
4.122994386265219080e-01 3.055295348167419434e-02 3.055566549301147461e-02 3.055635094642639160e-02 3.061753511428833008e-02 3.059822320938110352e-02 3.053480386734008789e-02 3.060784935951232910e-02 3.057229518890380859e-02 3.063315153121948242e-02 3.055986762046813965e-02
4.187522006119098195e-01 -2.040511369705200195e-02 -2.040272951126098633e-02 -2.030041813850402832e-02 -2.029022574424743652e-02 -2.026036381721496582e-02 -2.015021443367004395e-02 -2.007606625556945801e-02 -2.024200558662414551e-02 -1.994210481643676758e-02 -2.006170153617858887e-02
4.252049625972976754e-01 -1.785328984260559082e-02 -1.786100864410400391e-02 -1.790267229080200195e-02 -1.795065402984619141e-02 -1.801025867462158203e-02 -1.808622479438781738e-02 -1.820987462997436523e-02 -1.798486709594726562e-02 -1.842629909515380859e-02 -1.826778054237365723e-02
4.316577245826856424e-01 3.415906429290771484e-02 3.417840600013732910e-02 3.411152958869934082e-02 3.412297368049621582e-02 3.414615988731384277e-02 3.407424688339233398e-02 3.404909372329711914e-02 3.405714035034179688e-02 3.402692079544067383e-02 3.406450152397155762e-02
4.381104865680734983e-01 -1.122525334358215332e-02 -1.121330261230468750e-02 -1.104873418807983398e-02 -1.107427477836608887e-02 -1.095503568649291992e-02 -1.083743572235107422e-02 -1.076221466064453125e-02 -1.097539067268371582e-02 -1.048472523689270020e-02 -1.073321700096130371e-02
4.445632485534614098e-01 -2.630132436752319336e-02 -2.632370591163635254e-02 -2.647522091865539551e-02 -2.647793292999267578e-02 -2.656453847885131836e-02 -2.660953998565673828e-02 -2.665156126022338867e-02 -2.655568718910217285e-02 -2.684593200683593750e-02 -2.676916122436523438e-02
4.510160105388493212e-01 3.144106268882751465e-02 3.147929906845092773e-02 3.138637542724609375e-02 3.133308887481689453e-02 3.134888410568237305e-02 3.131970763206481934e-02 3.132632374763488770e-02 3.135922551155090332e-02 3.119364380836486816e-02 3.133800625801086426e-02
4.574687725242372327e-01 -7.068812847137451172e-03 -7.162511348724365234e-03 -6.954699754714965820e-03 -6.912440061569213867e-03 -6.860733032226562500e-03 -6.744891405105590820e-03 -6.708621978759765625e-03 -6.843060255050659180e-03 -6.467580795288085938e-03 -6.671875715255737305e-03
4.639215345096251442e-01 -2.605104446411132812e-02 -2.605754137039184570e-02 -2.610316872596740723e-02 -2.612313628196716309e-02 -2.621760964393615723e-02 -2.620238065719604492e-02 -2.628755569458007812e-02 -2.618965506553649902e-02 -2.637004852294921875e-02 -2.627131342887878418e-02
4.703742964950130556e-01 2.167046070098876953e-02 2.168974280357360840e-02 2.157145738601684570e-02 2.151110768318176270e-02 2.155607938766479492e-02 2.152165770530700684e-02 2.146115899085998535e-02 2.154088020324707031e-02 2.132639288902282715e-02 2.150878310203552246e-02
4.768270584804009671e-01 3.907263278961181641e-03 3.824681043624877930e-03 4.020869731903076172e-03 4.073470830917358398e-03 4.094570875167846680e-03 4.065036773681640625e-03 4.122406244277954102e-03 4.039525985717773438e-03 4.427820444107055664e-03 4.302471876144409180e-03
4.832798204657888230e-01 -2.077981829643249512e-02 -2.076038718223571777e-02 -2.082693576812744141e-02 -2.078780531883239746e-02 -2.080848813056945801e-02 -2.083534002304077148e-02 -2.084544301033020020e-02 -2.079913020133972168e-02 -2.092418074607849121e-02 -2.086958289146423340e-02
4.897325824511767345e-01 1.053607463836669922e-02 1.057884097099304199e-02 1.049026846885681152e-02 1.043146848678588867e-02 1.043438911437988281e-02 1.047098636627197266e-02 1.038739085197448730e-02 1.047959923744201660e-02 1.026672124862670898e-02 1.042518019676208496e-02
4.961853444365646459e-01 5.189180374145507812e-03 5.156457424163818359e-03 5.244433879852294922e-03 5.284518003463745117e-03 5.297750234603881836e-03 5.281955003738403320e-03 5.334168672561645508e-03 5.250543355941772461e-03 5.456745624542236328e-03 5.342483520507812500e-03
5.026381064219525019e-01 -1.060628890991210938e-02 -1.061034202575683594e-02 -1.064416766166687012e-02 -1.060822606086730957e-02 -1.060765981674194336e-02 -1.063540577888488770e-02 -1.061123609542846680e-02 -1.061162352561950684e-02 -1.065954566001892090e-02 -1.063987612724304199e-02
5.090908684073405244e-01 2.831220626831054688e-03 2.816826105117797852e-03 2.812653779983520508e-03 2.796351909637451172e-03 2.757459878921508789e-03 2.785265445709228516e-03 2.769380807876586914e-03 2.789705991744995117e-03 2.688556909561157227e-03 2.731293439865112305e-03
5.155436303927283248e-01 3.280818462371826172e-03 3.266066312789916992e-03 3.289401531219482422e-03 3.310084342956542969e-03 3.324478864669799805e-03 3.295511007308959961e-03 3.309786319732666016e-03 3.291308879852294922e-03 3.360986709594726562e-03 3.332257270812988281e-03
5.219963923781163473e-01 -1.633465290069580078e-03 -1.632452011108398438e-03 -1.636952161788940430e-03 -1.619964838027954102e-03 -1.636564731597900391e-03 -1.640826463699340820e-03 -1.619488000869750977e-03 -1.628309488296508789e-03 -1.628011465072631836e-03 -1.623809337615966797e-03
5.284491543635041477e-01 -1.395881175994873047e-03 -1.401692628860473633e-03 -1.399964094161987305e-03 -1.425445079803466797e-03 -1.397162675857543945e-03 -1.383244991302490234e-03 -1.391559839248657227e-03 -1.380115747451782227e-03 -1.399517059326171875e-03 -1.379340887069702148e-03
5.349019163488920592e-01 -5.527734756469726562e-04 -5.664527416229248047e-04 -5.689859390258789062e-04 -5.494356155395507812e-04 -5.557239055633544922e-04 -6.147027015686035156e-04 -5.897283554077148438e-04 -5.768537521362304688e-04 -5.967020988464355469e-04 -5.970597267150878906e-04
5.413546783342799706e-01 3.558009862899780273e-03 3.553092479705810547e-03 3.554850816726684570e-03 3.548502922058105469e-03 3.516763448715209961e-03 3.537535667419433594e-03 3.539413213729858398e-03 3.528416156768798828e-03 3.535747528076171875e-03 3.521770238876342773e-03
5.478074403196678821e-01 -7.348954677581787109e-04 -7.334947586059570312e-04 -7.038712501525878906e-04 -6.968677043914794922e-04 -7.028877735137939453e-04 -6.655454635620117188e-04 -6.660819053649902344e-04 -6.655752658843994141e-04 -6.238818168640136719e-04 -6.638467311859130859e-04
5.542602023050557936e-01 -5.117416381835937500e-03 -5.122542381286621094e-03 -5.135625600814819336e-03 -5.133986473083496094e-03 -5.152374505996704102e-03 -5.172222852706909180e-03 -5.164563655853271484e-03 -5.145400762557983398e-03 -5.209624767303466797e-03 -5.195170640945434570e-03
5.607129642904437050e-01 5.722433328628540039e-03 5.730926990509033203e-03 5.728662014007568359e-03 5.684375762939453125e-03 5.689412355422973633e-03 5.689799785614013672e-03 5.677163600921630859e-03 5.686819553375244141e-03 5.626231431961059570e-03 5.716323852539062500e-03
5.671657262758316165e-01 2.198368310928344727e-03 2.197116613388061523e-03 2.202749252319335938e-03 2.235561609268188477e-03 2.253830432891845703e-03 2.263844013214111328e-03 2.306640148162841797e-03 2.255499362945556641e-03 2.360045909881591797e-03 2.308487892150878906e-03
5.736184882612194169e-01 -7.674515247344970703e-03 -7.684409618377685547e-03 -7.701754570007324219e-03 -7.697880268096923828e-03 -7.709532976150512695e-03 -7.718831300735473633e-03 -7.721841335296630859e-03 -7.689088582992553711e-03 -7.732748985290527344e-03 -7.732182741165161133e-03
5.800712502466074394e-01 4.420787096023559570e-03 4.442900419235229492e-03 4.440516233444213867e-03 4.380941390991210938e-03 4.387468099594116211e-03 4.406750202178955078e-03 4.357248544692993164e-03 4.407942295074462891e-03 4.295676946640014648e-03 4.356116056442260742e-03
5.865240122319952398e-01 4.177600145339965820e-03 4.177093505859375000e-03 4.207074642181396484e-03 4.248380661010742188e-03 4.251062870025634766e-03 4.221737384796142578e-03 4.295259714126586914e-03 4.204154014587402344e-03 4.345864057540893555e-03 4.268705844879150391e-03
5.929767742173832623e-01 -7.820010185241699219e-03 -7.812440395355224609e-03 -7.812708616256713867e-03 -7.812529802322387695e-03 -7.816970348358154297e-03 -7.808804512023925781e-03 -7.803946733474731445e-03 -7.795453071594238281e-03 -7.801502943038940430e-03 -7.804214954376220703e-03
5.994295362027710627e-01 1.876592636108398438e-03 1.873522996902465820e-03 1.848608255386352539e-03 1.796454191207885742e-03 1.775801181793212891e-03 1.792043447494506836e-03 1.792639493942260742e-03 1.804441213607788086e-03 1.697003841400146484e-03 1.756012439727783203e-03
6.058822981881590852e-01 5.694478750228881836e-03 5.694955587387084961e-03 5.716264247894287109e-03 5.744427442550659180e-03 5.732297897338867188e-03 5.736887454986572266e-03 5.748689174652099609e-03 5.709260702133178711e-03 5.772352218627929688e-03 5.757600069046020508e-03
6.123350601735468857e-01 -6.042659282684326172e-03 -6.062120199203491211e-03 -6.039470434188842773e-03 -6.028413772583007812e-03 -6.042242050170898438e-03 -6.017237901687622070e-03 -6.024301052093505859e-03 -6.040900945663452148e-03 -5.990326404571533203e-03 -6.014019250869750977e-03
6.187878221589347971e-01 -8.659362792968750000e-04 -8.731186389923095703e-04 -8.914470672607421875e-04 -9.034872055053710938e-04 -9.336173534393310547e-04 -9.076297283172607422e-04 -9.496510028839111328e-04 -9.005665779113769531e-04 -9.942352771759033203e-04 -9.488165378570556641e-04
6.252405841443227086e-01 5.304872989654541016e-03 5.303949117660522461e-03 5.310207605361938477e-03 5.334645509719848633e-03 5.323320627212524414e-03 5.317598581314086914e-03 5.295485258102416992e-03 5.320608615875244141e-03 5.345612764358520508e-03 5.311787128448486328e-03
6.316933461297106200e-01 -2.342313528060913086e-03 -2.352088689804077148e-03 -2.308905124664306641e-03 -2.309769392013549805e-03 -2.290993928909301758e-03 -2.300411462783813477e-03 -2.289026975631713867e-03 -2.296149730682373047e-03 -2.237349748611450195e-03 -2.257257699966430664e-03
6.381461081150985315e-01 -3.055840730667114258e-03 -3.054141998291015625e-03 -3.072082996368408203e-03 -3.076493740081787109e-03 -3.094732761383056641e-03 -3.093272447586059570e-03 -3.091126680374145508e-03 -3.080844879150390625e-03 -3.132283687591552734e-03 -3.123521804809570312e-03
6.445988701004864430e-01 3.243058919906616211e-03 3.263264894485473633e-03 3.242790699005126953e-03 3.240644931793212891e-03 3.234654664993286133e-03 3.233999013900756836e-03 3.220617771148681641e-03 3.247022628784179688e-03 3.200203180313110352e-03 3.222644329071044922e-03
6.510516320858743544e-01 6.039440631866455078e-04 6.003677845001220703e-04 6.274282932281494141e-04 6.243288516998291016e-04 6.346702575683593750e-04 6.443560123443603516e-04 6.579756736755371094e-04 6.239414215087890625e-04 6.764531135559082031e-04 6.562769412994384766e-04
6.575043940712622659e-01 -3.176242113113403320e-03 -3.177851438522338867e-03 -3.193348646163940430e-03 -3.188848495483398438e-03 -3.186166286468505859e-03 -3.179371356964111328e-03 -3.170132637023925781e-03 -3.178775310516357422e-03 -3.205567598342895508e-03 -3.174126148223876953e-03
6.639571560566501773e-01 7.489621639251708984e-04 7.385015487670898438e-04 7.387995719909667969e-04 7.407665252685546875e-04 7.226467132568359375e-04 7.179379463195800781e-04 7.142722606658935547e-04 7.158219814300537109e-04 6.873011589050292969e-04 7.046461105346679688e-04
6.704099180420379778e-01 2.657115459442138672e-03 2.651393413543701172e-03 2.671241760253906250e-03 2.677798271179199219e-03 2.687454223632812500e-03 2.675890922546386719e-03 2.681881189346313477e-03 2.665162086486816406e-03 2.679020166397094727e-03 2.686858177185058594e-03
6.768626800274260003e-01 -1.736104488372802734e-03 -1.738160848617553711e-03 -1.724034547805786133e-03 -1.708745956420898438e-03 -1.709103584289550781e-03 -1.706421375274658203e-03 -1.700967550277709961e-03 -1.711219549179077148e-03 -1.681596040725708008e-03 -1.702040433883666992e-03
6.833154420128139117e-01 -1.968532800674438477e-03 -1.985996961593627930e-03 -1.970946788787841797e-03 -1.986473798751831055e-03 -1.992315053939819336e-03 -1.998871564865112305e-03 -2.007573843002319336e-03 -1.971870660781860352e-03 -2.015650272369384766e-03 -2.004176378250122070e-03
6.897682039982017121e-01 3.130912780761718750e-03 3.136247396469116211e-03 3.128081560134887695e-03 3.122776746749877930e-03 3.133893013000488281e-03 3.121376037597656250e-03 3.114134073257446289e-03 3.128021955490112305e-03 3.109723329544067383e-03 3.117471933364868164e-03
6.962209659835896236e-01 3.755092620849609375e-06 1.132488250732421875e-06 2.908706665039062500e-05 1.662969589233398438e-05 4.690885543823242188e-05 2.431869506835937500e-05 5.453824996948242188e-05 2.577900886535644531e-05 6.759166717529296875e-05 4.184246063232421875e-05
7.026737279689775351e-01 -3.175944089889526367e-03 -3.178715705871582031e-03 -3.170371055603027344e-03 -3.193885087966918945e-03 -3.192245960235595703e-03 -3.176391124725341797e-03 -3.181010484695434570e-03 -3.195255994796752930e-03 -3.204226493835449219e-03 -3.197580575942993164e-03
7.091264899543654465e-01 2.028673887252807617e-03 2.042025327682495117e-03 2.014458179473876953e-03 2.002120018005371094e-03 1.997858285903930664e-03 2.009421586990356445e-03 1.997470855712890625e-03 2.001672983169555664e-03 1.977056264877319336e-03 1.962423324584960938e-03
7.155792519397533580e-01 2.006083726882934570e-03 2.018749713897705078e-03 2.020508050918579102e-03 2.032101154327392578e-03 2.019464969635009766e-03 2.025008201599121094e-03 2.036154270172119141e-03 2.026170492172241211e-03 2.061486244201660156e-03 2.061396837234497070e-03
7.220320139251412694e-01 -3.283739089965820312e-03 -3.301739692687988281e-03 -3.282755613327026367e-03 -3.282964229583740234e-03 -3.271847963333129883e-03 -3.275424242019653320e-03 -3.272324800491333008e-03 -3.287494182586669922e-03 -3.263264894485473633e-03 -3.287404775619506836e-03
7.284847759105291809e-01 6.030797958374023438e-04 6.010234355926513672e-04 5.846917629241943359e-04 5.682110786437988281e-04 5.646646022796630859e-04 5.716681480407714844e-04 5.570054054260253906e-04 5.877017974853515625e-04 5.289614200592041016e-04 5.581974983215332031e-04
7.349375378959170924e-01 2.867817878723144531e-03 2.879649400711059570e-03 2.898961305618286133e-03 2.884030342102050781e-03 2.883344888687133789e-03 2.903223037719726562e-03 2.899825572967529297e-03 2.903342247009277344e-03 2.910465002059936523e-03 2.902895212173461914e-03
7.413902998813050038e-01 -2.349078655242919922e-03 -2.357333898544311523e-03 -2.335727214813232422e-03 -2.336621284484863281e-03 -2.331346273422241211e-03 -2.315342426300048828e-03 -2.311229705810546875e-03 -2.330183982849121094e-03 -2.298921346664428711e-03 -2.335071563720703125e-03
7.478430618666929153e-01 -9.486675262451171875e-04 -9.450912475585937500e-04 -9.631216526031494141e-04 -9.603202342987060547e-04 -9.755492210388183594e-04 -9.790658950805664062e-04 -9.829103946685791016e-04 -9.669959545135498047e-04 -9.971261024475097656e-04 -9.913444519042968750e-04
7.542958238520808267e-01 2.610832452774047852e-03 2.624511718750000000e-03 2.624303102493286133e-03 2.601385116577148438e-03 2.612501382827758789e-03 2.605468034744262695e-03 2.611070871353149414e-03 2.607077360153198242e-03 2.625346183776855469e-03 2.623349428176879883e-03
7.607485858374687382e-01 -1.083284616470336914e-03 -1.092284917831420898e-03 -1.069873571395874023e-03 -1.066237688064575195e-03 -1.060783863067626953e-03 -1.074641942977905273e-03 -1.052647829055786133e-03 -1.068562269210815430e-03 -1.048952341079711914e-03 -1.064717769622802734e-03
7.672013478228566496e-01 -1.228570938110351562e-03 -1.210898160934448242e-03 -1.217335462570190430e-03 -1.217871904373168945e-03 -1.234471797943115234e-03 -1.229792833328247070e-03 -1.229137182235717773e-03 -1.220315694808959961e-03 -1.238822937011718750e-03 -1.228570938110351562e-03
7.736541098082445611e-01 1.814872026443481445e-03 1.823067665100097656e-03 1.815676689147949219e-03 1.812726259231567383e-03 1.794874668121337891e-03 1.822054386138916016e-03 1.805514097213745117e-03 1.818805932998657227e-03 1.823127269744873047e-03 1.814603805541992188e-03
7.801068717936323615e-01 2.412497997283935547e-04 2.337396144866943359e-04 2.532303333282470703e-04 2.529621124267578125e-04 2.580881118774414062e-04 2.425014972686767578e-04 2.485513687133789062e-04 2.449750900268554688e-04 2.629458904266357422e-04 2.495944499969482422e-04
7.865596337790202730e-01 -9.929835796356201172e-04 -9.891390800476074219e-04 -1.007139682769775391e-03 -9.993612766265869141e-04 -9.948611259460449219e-04 -9.995102882385253906e-04 -9.933710098266601562e-04 -9.757876396179199219e-04 -9.928047657012939453e-04 -9.923279285430908203e-04
7.930123957644081845e-01 5.806982517242431641e-04 5.847513675689697266e-04 5.765259265899658203e-04 5.785226821899414062e-04 5.765855312347412109e-04 5.704164505004882812e-04 5.605220794677734375e-04 5.701482295989990234e-04 5.697607994079589844e-04 5.738735198974609375e-04
7.994651577497960959e-01 6.698966026306152344e-04 6.678998470306396484e-04 6.707012653350830078e-04 6.625652313232421875e-04 6.637871265411376953e-04 6.661415100097656250e-04 6.745159626007080078e-04 6.767809391021728516e-04 6.702244281768798828e-04 6.524920463562011719e-04
8.059179197351840074e-01 -8.510649204254150391e-04 -8.668005466461181641e-04 -8.561611175537109375e-04 -8.606612682342529297e-04 -8.619129657745361328e-04 -8.497536182403564453e-04 -8.487403392791748047e-04 -8.393824100494384766e-04 -8.356869220733642578e-04 -8.427500724792480469e-04
8.123706817205719188e-01 -5.101859569549560547e-04 -5.185306072235107422e-04 -5.239248275756835938e-04 -5.201101303100585938e-04 -5.136728286743164062e-04 -5.088746547698974609e-04 -5.156993865966796875e-04 -5.172789096832275391e-04 -5.015730857849121094e-04 -5.273222923278808594e-04
8.188234437059598303e-01 9.078383445739746094e-04 9.066164493560791016e-04 8.960068225860595703e-04 9.099245071411132812e-04 9.005665779113769531e-04 8.909702301025390625e-04 9.081065654754638672e-04 8.934140205383300781e-04 9.040236473083496094e-04 8.960068225860595703e-04
8.252762056913477418e-01 -2.768635749816894531e-05 -2.768635749816894531e-05 -2.142786979675292969e-05 -1.487135887145996094e-05 -2.893805503845214844e-05 -2.422928810119628906e-05 -2.729892730712890625e-05 -1.791119575500488281e-05 -3.281235694885253906e-05 -2.664327621459960938e-05
8.317289676767356532e-01 -8.491575717926025391e-04 -8.583366870880126953e-04 -8.527636528015136719e-04 -8.484423160552978516e-04 -8.633732795715332031e-04 -8.599460124969482422e-04 -8.526742458343505859e-04 -8.487701416015625000e-04 -8.458793163299560547e-04 -8.474588394165039062e-04
8.381817296621235647e-01 2.127587795257568359e-04 1.978874206542968750e-04 2.012550830841064453e-04 1.845061779022216797e-04 1.873373985290527344e-04 1.912713050842285156e-04 1.951456069946289062e-04 1.959204673767089844e-04 1.885592937469482422e-04 1.853108406066894531e-04
8.446344916475114761e-01 8.914768695831298828e-04 8.969902992248535156e-04 8.881986141204833984e-04 8.917450904846191406e-04 8.959472179412841797e-04 8.872151374816894531e-04 8.907318115234375000e-04 8.876323699951171875e-04 8.854866027832031250e-04 8.884966373443603516e-04
8.510872536328993876e-01 -1.724660396575927734e-04 -1.735985279083251953e-04 -1.726746559143066406e-04 -1.633465290069580078e-04 -1.705288887023925781e-04 -1.742839813232421875e-04 -1.631379127502441406e-04 -1.767575740814208984e-04 -1.524984836578369141e-04 -1.716017723083496094e-04
8.575400156182872990e-01 -9.290874004364013672e-04 -9.332597255706787109e-04 -9.401440620422363281e-04 -9.331107139587402344e-04 -9.469985961914062500e-04 -9.470283985137939453e-04 -9.258687496185302734e-04 -9.278953075408935547e-04 -9.331405162811279297e-04 -9.244680404663085938e-04
8.639927776036752105e-01 6.668567657470703125e-04 6.701350212097167969e-04 6.638765335083007812e-04 6.651878356933593750e-04 6.551146507263183594e-04 6.676912307739257812e-04 6.675422191619873047e-04 6.663799285888671875e-04 6.520748138427734375e-04 6.466507911682128906e-04
8.704455395890630109e-01 3.962218761444091797e-04 3.972351551055908203e-04 4.088878631591796875e-04 4.197359085083007812e-04 3.999173641204833984e-04 4.128217697143554688e-04 4.104971885681152344e-04 4.130601882934570312e-04 4.185140132904052734e-04 4.076659679412841797e-04
8.768983015744509224e-01 -1.063495874404907227e-03 -1.087337732315063477e-03 -1.058042049407958984e-03 -1.061379909515380859e-03 -1.071333885192871094e-03 -1.065909862518310547e-03 -1.078456640243530273e-03 -1.073181629180908203e-03 -1.061856746673583984e-03 -1.076817512512207031e-03
8.833510635598388339e-01 5.019605159759521484e-04 4.990994930267333984e-04 4.911422729492187500e-04 4.954636096954345703e-04 4.872679710388183594e-04 4.851520061492919922e-04 4.895925521850585938e-04 4.880726337432861328e-04 4.751682281494140625e-04 4.803240299224853516e-04
8.898038255452267453e-01 9.379982948303222656e-04 9.257495403289794922e-04 9.509027004241943359e-04 9.351074695587158203e-04 9.332597255706787109e-04 9.398758411407470703e-04 9.471476078033447266e-04 9.522140026092529297e-04 9.562075138092041016e-04 9.526312351226806641e-04
8.962565875306146568e-01 -1.127451658248901367e-03 -1.128941774368286133e-03 -1.135200262069702148e-03 -1.128375530242919922e-03 -1.125127077102661133e-03 -1.113593578338623047e-03 -1.120984554290771484e-03 -1.113682985305786133e-03 -1.124083995819091797e-03 -1.113444566726684570e-03
9.027093495160025682e-01 -2.725720405578613281e-04 -2.731382846832275391e-04 -2.793073654174804688e-04 -2.876818180084228516e-04 -2.910792827606201172e-04 -2.809166908264160156e-04 -2.836585044860839844e-04 -2.861022949218750000e-04 -3.071427345275878906e-04 -2.917647361755371094e-04
9.091621115013904797e-01 1.126587390899658203e-03 1.135170459747314453e-03 1.131922006607055664e-03 1.125901937484741211e-03 1.118689775466918945e-03 1.107245683670043945e-03 1.120001077651977539e-03 1.117676496505737305e-03 1.126676797866821289e-03 1.127094030380249023e-03
9.156148734867783912e-01 -3.722310066223144531e-04 -3.641247749328613281e-04 -3.591477870941162109e-04 -3.752708435058593750e-04 -3.713369369506835938e-04 -3.727376461029052734e-04 -3.767013549804687500e-04 -3.704726696014404297e-04 -3.513395786285400391e-04 -3.690123558044433594e-04
9.220676354721663026e-01 -5.643367767333984375e-04 -5.757808685302734375e-04 -5.697011947631835938e-04 -5.637407302856445312e-04 -5.728900432586669922e-04 -5.724132061004638672e-04 -5.816519260406494141e-04 -5.718767642974853516e-04 -5.821585655212402344e-04 -5.705356597900390625e-04
9.285203974575542141e-01 5.750060081481933594e-04 5.849897861480712891e-04 5.805790424346923828e-04 5.883574485778808594e-04 5.777776241302490234e-04 5.835592746734619141e-04 5.711615085601806641e-04 5.840063095092773438e-04 5.716383457183837891e-04 5.878806114196777344e-04
9.349731594429421255e-01 2.033710479736328125e-04 2.165138721466064453e-04 2.183318138122558594e-04 2.196729183197021484e-04 2.167522907257080078e-04 2.122819423675537109e-04 2.146959304809570312e-04 2.247095108032226562e-04 2.435743808746337891e-04 2.157092094421386719e-04
9.414259214283300370e-01 -5.908012390136718750e-04 -5.812644958496093750e-04 -5.905032157897949219e-04 -5.845725536346435547e-04 -5.948543548583984375e-04 -5.887746810913085938e-04 -5.892813205718994141e-04 -5.885958671569824219e-04 -5.986988544464111328e-04 -5.937814712524414062e-04
9.478786834137179484e-01 1.054108142852783203e-04 9.617209434509277344e-05 1.031458377838134766e-04 8.481740951538085938e-05 1.047849655151367188e-04 8.553266525268554688e-05 9.128451347351074219e-05 9.474158287048339844e-05 9.578466415405273438e-05 9.459257125854492188e-05
9.543314453991058599e-01 5.702972412109375000e-04 5.769729614257812500e-04 5.789101123809814453e-04 5.674660205841064453e-04 5.719363689422607422e-04 5.685389041900634766e-04 5.810558795928955078e-04 5.963146686553955078e-04 5.729496479034423828e-04 5.877315998077392578e-04
9.607842073844936603e-01 -3.564059734344482422e-04 -3.730952739715576172e-04 -3.548860549926757812e-04 -3.710985183715820312e-04 -3.699958324432373047e-04 -3.690123558044433594e-04 -3.611147403717041016e-04 -3.697574138641357422e-04 -3.555119037628173828e-04 -3.675520420074462891e-04
9.672369693698815718e-01 -4.414319992065429688e-04 -4.540681838989257812e-04 -4.547834396362304688e-04 -4.541873931884765625e-04 -4.497766494750976562e-04 -4.449188709259033203e-04 -4.537999629974365234e-04 -4.580020904541015625e-04 -4.545450210571289062e-04 -4.514753818511962891e-04
9.736897313552694833e-01 5.056262016296386719e-04 5.064606666564941406e-04 4.972517490386962891e-04 5.118548870086669922e-04 5.124807357788085938e-04 5.050599575042724609e-04 5.078613758087158203e-04 5.084872245788574219e-04 4.995763301849365234e-04 5.078911781311035156e-04
9.801424933406573947e-01 2.400577068328857422e-04 2.547204494476318359e-04 2.552866935729980469e-04 2.548098564147949219e-04 2.539753913879394531e-04 2.487897872924804688e-04 2.512335777282714844e-04 2.507269382476806641e-04 2.500712871551513672e-04 2.571344375610351562e-04
9.865952553260453062e-01 -6.272792816162109375e-04 -6.245374679565429688e-04 -6.286799907684326172e-04 -6.272792816162109375e-04 -6.216764450073242188e-04 -6.194412708282470703e-04 -6.157159805297851562e-04 -6.272792816162109375e-04 -6.252229213714599609e-04 -6.191432476043701172e-04
9.930480173114332176e-01 5.665421485900878906e-05 5.802512168884277344e-05 4.848837852478027344e-05 4.974007606506347656e-05 4.494190216064453125e-05 4.610419273376464844e-05 3.275275230407714844e-05 5.224347114562988281e-05 4.041194915771484375e-05 4.485249519348144531e-05
9.995007792968211291e-01 5.927681922912597656e-04 5.884170532226562500e-04 5.905032157897949219e-04 5.998611450195312500e-04 5.817711353302001953e-04 5.961656570434570312e-04 5.957782268524169922e-04 5.994439125061035156e-04 6.016194820404052734e-04 6.060302257537841797e-04
1.005953541282209152e+00 -4.156231880187988281e-04 -4.235506057739257812e-04 -4.240274429321289062e-04 -4.247128963470458984e-04 -4.224181175231933594e-04 -4.267096519470214844e-04 -4.206895828247070312e-04 -4.231631755828857422e-04 -4.138350486755371094e-04 -4.230737686157226562e-04
1.012406303267596952e+00 -3.824532032012939453e-04 -3.809332847595214844e-04 -3.966987133026123047e-04 -3.966093063354492188e-04 -3.961026668548583984e-04 -3.884136676788330078e-04 -3.894269466400146484e-04 -4.012584686279296875e-04 -3.910958766937255859e-04 -3.969967365264892578e-04
1.018859065252984752e+00 7.435679435729980469e-04 7.614195346832275391e-04 7.593333721160888672e-04 7.446706295013427734e-04 7.520616054534912109e-04 7.457137107849121094e-04 7.477998733520507812e-04 7.421672344207763672e-04 7.570087909698486328e-04 7.450878620147705078e-04
1.025311827238372775e+00 -1.020431518554687500e-04 -9.998679161071777344e-05 -8.988380432128906250e-05 -9.122490882873535156e-05 -9.232759475708007812e-05 -8.106231689453125000e-05 -8.994340896606445312e-05 -1.087486743927001953e-04 -8.672475814819335938e-05 -8.434057235717773438e-05
1.031764589223760797e+00 -7.658302783966064453e-04 -7.466077804565429688e-04 -7.576942443847656250e-04 -7.667839527130126953e-04 -7.635354995727539062e-04 -7.671117782592773438e-04 -7.563233375549316406e-04 -7.669627666473388672e-04 -7.565617561340332031e-04 -7.660090923309326172e-04
1.038217351209148598e+00 5.787909030914306641e-04 5.908906459808349609e-04 5.932748317718505859e-04 5.917549133300781250e-04 5.904138088226318359e-04 5.916953086853027344e-04 5.789101123809814453e-04 5.992054939270019531e-04 5.850195884704589844e-04 5.892813205718994141e-04
1.044670113194536398e+00 6.083548069000244141e-04 5.989074707031250000e-04 6.144046783447265625e-04 6.126165390014648438e-04 6.040930747985839844e-04 6.044805049896240234e-04 6.155371665954589844e-04 6.058514118194580078e-04 6.115436553955078125e-04 6.254911422729492188e-04
1.051122875179924421e+00 -8.020699024200439453e-04 -8.059740066528320312e-04 -8.112788200378417969e-04 -8.046329021453857422e-04 -8.108019828796386719e-04 -7.997751235961914062e-04 -8.211433887481689453e-04 -8.088648319244384766e-04 -8.102655410766601562e-04 -7.958114147186279297e-04
1.057575637165312221e+00 -2.343952655792236328e-04 -2.410709857940673828e-04 -2.454519271850585938e-04 -2.435743808746337891e-04 -2.563893795013427734e-04 -2.612471580505371094e-04 -2.484917640686035156e-04 -2.383291721343994141e-04 -2.674162387847900391e-04 -2.602338790893554688e-04
1.064028399150700022e+00 7.769465446472167969e-04 7.668435573577880859e-04 7.693171501159667969e-04 7.677674293518066406e-04 7.669329643249511719e-04 7.567107677459716797e-04 7.692575454711914062e-04 7.773935794830322266e-04 7.761418819427490234e-04 7.651448249816894531e-04
1.070481161136088044e+00 -5.717277526855468750e-04 -5.728304386138916016e-04 -5.872845649719238281e-04 -5.785524845123291016e-04 -5.787014961242675781e-04 -5.819201469421386719e-04 -5.786120891571044922e-04 -5.736052989959716797e-04 -5.647242069244384766e-04 -5.816221237182617188e-04
1.076933923121476067e+00 -1.782178878784179688e-05 -2.458691596984863281e-05 -2.747774124145507812e-05 -1.600384712219238281e-05 -3.421306610107421875e-05 -1.981854438781738281e-05 -3.340840339660644531e-05 -2.956390380859375000e-05 -3.474950790405273438e-05 -3.075599670410156250e-05
1.083386685106863867e+00 6.333887577056884766e-04 6.497800350189208984e-04 6.465017795562744141e-04 6.353557109832763672e-04 6.351470947265625000e-04 6.330311298370361328e-04 6.240606307983398438e-04 6.303489208221435547e-04 6.267130374908447266e-04 6.352961063385009766e-04
1.089839447092251667e+00 -4.059672355651855469e-04 -4.233717918395996094e-04 -4.039406776428222656e-04 -4.095137119293212891e-04 -3.998875617980957031e-04 -4.161596298217773438e-04 -4.217028617858886719e-04 -4.132986068725585938e-04 -4.129707813262939453e-04 -4.175007343292236328e-04
1.096292209077639690e+00 -3.512203693389892578e-04 -3.395080566406250000e-04 -3.311336040496826172e-04 -3.388822078704833984e-04 -3.517568111419677734e-04 -3.430545330047607422e-04 -3.331601619720458984e-04 -3.366768360137939453e-04 -3.435909748077392578e-04 -3.534257411956787109e-04
1.102744971063027712e+00 3.551542758941650391e-04 3.521442413330078125e-04 3.695189952850341797e-04 3.585219383239746094e-04 3.441572189331054688e-04 3.471076488494873047e-04 3.606379032135009766e-04 3.621578216552734375e-04 3.443658351898193359e-04 3.601908683776855469e-04
1.109197733048415513e+00 -6.788969039916992188e-05 -6.443262100219726562e-05 -6.738305091857910156e-05 -5.936622619628906250e-05 -5.844235420227050781e-05 -6.079673767089843750e-05 -6.002187728881835938e-05 -5.227327346801757812e-05 -6.514787673950195312e-05 -6.371736526489257812e-05
1.115650495033803313e+00 -7.304251194000244141e-04 -7.306039333343505859e-04 -7.316768169403076172e-04 -7.259547710418701172e-04 -7.134079933166503906e-04 -7.328391075134277344e-04 -7.353127002716064453e-04 -7.297396659851074219e-04 -7.326006889343261719e-04 -7.338225841522216797e-04
1.122103257019191336e+00 8.425116539001464844e-05 9.462237358093261719e-05 5.730986595153808594e-05 5.823373794555664062e-05 5.471706390380859375e-05 6.094574928283691406e-05 4.681944847106933594e-05 7.328391075134277344e-05 7.385015487670898438e-05 8.487701416015625000e-05
1.128556019004579358e+00 4.399716854095458984e-04 4.303753376007080078e-04 4.469752311706542969e-04 4.463493824005126953e-04 4.440248012542724609e-04 4.519522190093994141e-04 4.588067531585693359e-04 4.583597183227539062e-04 4.670917987823486328e-04 4.437565803527832031e-04
1.135008780989967159e+00 -6.056427955627441406e-04 -6.073713302612304688e-04 -6.181895732879638672e-04 -5.941092967987060547e-04 -6.059408187866210938e-04 -5.889534950256347656e-04 -6.093680858612060547e-04 -6.059706211090087891e-04 -5.907416343688964844e-04 -5.989074707031250000e-04
1.141461542975354959e+00 -4.639923572540283203e-04 -4.466772079467773438e-04 -4.638433456420898438e-04 -4.575550556182861328e-04 -4.703104496002197266e-04 -4.667937755584716797e-04 -4.647374153137207031e-04 -4.672706127166748047e-04 -4.762411117553710938e-04 -4.634261131286621094e-04
1.147914304960742982e+00 7.478892803192138672e-04 7.756948471069335938e-04 7.608234882354736328e-04 7.615089416503906250e-04 7.618069648742675781e-04 7.716119289398193359e-04 7.605552673339843750e-04 7.556080818176269531e-04 7.624924182891845703e-04 7.586181163787841797e-04
1.154367066946130782e+00 -1.389384269714355469e-04 -1.483857631683349609e-04 -1.457035541534423828e-04 -1.281499862670898438e-04 -1.365840435028076172e-04 -1.409947872161865234e-04 -1.422762870788574219e-04 -1.354217529296875000e-04 -1.172423362731933594e-04 -1.337528228759765625e-04
1.160819828931518582e+00 -5.287230014801025391e-04 -5.387365818023681641e-04 -5.265474319458007812e-04 -5.446970462799072266e-04 -5.320906639099121094e-04 -5.355179309844970703e-04 -5.302429199218750000e-04 -5.392730236053466797e-04 -5.445182323455810547e-04 -5.410909652709960938e-04
1.167272590916906605e+00 4.837214946746826172e-04 4.808306694030761719e-04 4.840791225433349609e-04 4.833042621612548828e-04 4.759132862091064453e-04 4.761219024658203125e-04 4.804432392120361328e-04 4.737377166748046875e-04 4.662573337554931641e-04 4.821419715881347656e-04
1.173725352902294627e+00 8.004903793334960938e-05 7.244944572448730469e-05 7.036328315734863281e-05 7.173418998718261719e-05 7.289648056030273438e-05 6.738305091857910156e-05 6.943941116333007812e-05 7.835030555725097656e-05 8.648633956909179688e-05 7.441639900207519531e-05
1.180178114887682428e+00 -5.741119384765625000e-04 -5.707740783691406250e-04 -5.817115306854248047e-04 -5.645453929901123047e-04 -5.700886249542236328e-04 -5.663633346557617188e-04 -5.645751953125000000e-04 -5.641281604766845703e-04 -5.738735198974609375e-04 -5.824267864227294922e-04
1.186630876873070450e+00 2.615153789520263672e-04 2.682209014892578125e-04 2.558231353759765625e-04 2.653896808624267578e-04 2.592802047729492188e-04 2.681612968444824219e-04 2.591311931610107422e-04 2.657175064086914062e-04 2.654492855072021484e-04 2.654492855072021484e-04
1.193083638858458251e+00 5.050599575042724609e-04 5.019903182983398438e-04 5.056858062744140625e-04 5.130171775817871094e-04 5.202889442443847656e-04 5.080103874206542969e-04 5.292892456054687500e-04 5.108118057250976562e-04 5.252063274383544922e-04 5.115270614624023438e-04
1.199536400843846051e+00 -2.541840076446533203e-04 -2.546012401580810547e-04 -2.539753913879394531e-04 -2.506077289581298828e-04 -2.534985542297363281e-04 -2.570748329162597656e-04 -2.637803554534912109e-04 -2.529621124267578125e-04 -2.487897872924804688e-04 -2.593696117401123047e-04
1.205989162829234074e+00 -2.445280551910400391e-04 -2.539157867431640625e-04 -2.624392509460449219e-04 -2.519786357879638672e-04 -2.453327178955078125e-04 -2.427995204925537109e-04 -2.589225769042968750e-04 -2.610981464385986328e-04 -2.506077289581298828e-04 -2.540051937103271484e-04
1.212441924814621874e+00 4.699230194091796875e-04 4.691779613494873047e-04 4.738867282867431641e-04 4.736483097076416016e-04 4.751682281494140625e-04 4.639327526092529297e-04 4.683732986450195312e-04 4.695057868957519531e-04 4.547238349914550781e-04 4.652738571166992188e-04
1.218894686800009897e+00 8.365511894226074219e-05 8.946657180786132812e-05 8.440017700195312500e-05 9.113550186157226562e-05 8.273124694824218750e-05 8.738040924072265625e-05 9.983777999877929688e-05 9.298324584960937500e-05 9.396672248840332031e-05 9.077787399291992188e-05
1.225347448785397697e+00 -4.095137119293212891e-04 -4.187524318695068359e-04 -4.201531410217285156e-04 -4.157423973083496094e-04 -4.128217697143554688e-04 -4.161894321441650391e-04 -4.117488861083984375e-04 -4.047751426696777344e-04 -4.169940948486328125e-04 -4.171431064605712891e-04
1.231800210770785720e+00 2.696812152862548828e-04 2.739727497100830078e-04 2.847909927368164062e-04 2.593994140625000000e-04 2.744793891906738281e-04 2.689659595489501953e-04 2.745687961578369141e-04 2.704560756683349609e-04 2.650022506713867188e-04 2.744197845458984375e-04
1.238252972756173520e+00 1.623928546905517578e-04 1.510083675384521484e-04 1.515150070190429688e-04 1.634061336517333984e-04 1.524388790130615234e-04 1.578927040100097656e-04 1.548528671264648438e-04 1.510679721832275391e-04 1.586377620697021484e-04 1.566112041473388672e-04
1.244705734741561542e+00 -3.296136856079101562e-04 -3.272891044616699219e-04 -3.186166286468505859e-04 -3.372728824615478516e-04 -3.331005573272705078e-04 -3.244280815124511719e-04 -3.167092800140380859e-04 -3.259479999542236328e-04 -3.303885459899902344e-04 -3.317892551422119141e-04
1.251158496726949343e+00 3.018975257873535156e-05 1.776218414306640625e-05 2.437829971313476562e-05 1.639127731323242188e-05 3.105401992797851562e-05 2.554059028625488281e-05 1.299381256103515625e-05 2.503395080566406250e-05 1.743435859680175781e-05 1.361966133117675781e-05
1.257611258712337365e+00 3.156661987304687500e-04 3.065466880798339844e-04 3.174543380737304688e-04 3.046393394470214844e-04 3.129243850708007812e-04 3.131926059722900391e-04 3.070235252380371094e-04 3.162026405334472656e-04 3.088116645812988281e-04 3.167688846588134766e-04
1.264064020697725166e+00 -1.690983772277832031e-04 -1.704394817352294922e-04 -1.845061779022216797e-04 -1.712441444396972656e-04 -1.715123653411865234e-04 -1.755058765411376953e-04 -1.581013202667236328e-04 -1.727938652038574219e-04 -1.689791679382324219e-04 -1.648962497711181641e-04
1.270516782683113188e+00 -3.050863742828369141e-04 -3.045797348022460938e-04 -3.168582916259765625e-04 -3.152787685394287109e-04 -3.229677677154541016e-04 -3.076195716857910156e-04 -3.157258033752441406e-04 -3.054141998291015625e-04 -3.154575824737548828e-04 -3.154873847961425781e-04
1.276969544668500989e+00 2.393126487731933594e-04 2.552866935729980469e-04 2.519190311431884766e-04 2.534389495849609375e-04 2.538561820983886719e-04 2.501606941223144531e-04 2.536773681640625000e-04 2.632439136505126953e-04 2.497434616088867188e-04 2.503395080566406250e-04
1.283422306653888789e+00 1.223385334014892578e-04 1.365542411804199219e-04 1.389086246490478516e-04 1.340806484222412109e-04 1.411437988281250000e-04 1.388192176818847656e-04 1.367032527923583984e-04 1.288652420043945312e-04 1.342892646789550781e-04 1.319348812103271484e-04
1.289875068639276812e+00 -3.712177276611328125e-04 -3.761053085327148438e-04 -3.857612609863281250e-04 -3.805458545684814453e-04 -3.841221332550048828e-04 -3.868043422698974609e-04 -3.826022148132324219e-04 -3.851056098937988281e-04 -3.876090049743652344e-04 -3.884434700012207031e-04
1.296327830624664612e+00 1.792311668395996094e-04 1.780092716217041016e-04 1.700520515441894531e-04 1.829862594604492188e-04 1.711845397949218750e-04 1.737475395202636719e-04 1.763701438903808594e-04 1.790523529052734375e-04 1.732707023620605469e-04 1.657307147979736328e-04
1.302780592610052635e+00 2.582371234893798828e-04 2.668499946594238281e-04 2.617835998535156250e-04 2.645850181579589844e-04 2.602636814117431641e-04 2.605319023132324219e-04 2.526342868804931641e-04 2.573430538177490234e-04 2.814233303070068359e-04 2.691745758056640625e-04
1.309233354595440435e+00 -4.658401012420654297e-04 -4.594922065734863281e-04 -4.573464393615722656e-04 -4.664063453674316406e-04 -4.489421844482421875e-04 -4.677176475524902344e-04 -4.645586013793945312e-04 -4.667043685913085938e-04 -4.591047763824462891e-04 -4.484653472900390625e-04
1.315686116580828458e+00 1.396834850311279297e-04 1.384913921356201172e-04 1.247823238372802734e-04 1.258552074432373047e-04 1.341998577117919922e-04 1.246929168701171875e-04 1.288950443267822266e-04 1.246631145477294922e-04 1.269280910491943359e-04 1.234412193298339844e-04
1.322138878566216258e+00 3.463327884674072266e-04 3.415048122406005859e-04 3.420412540435791016e-04 3.438293933868408203e-04 3.438591957092285156e-04 3.471076488494873047e-04 3.415346145629882812e-04 3.469288349151611328e-04 3.442168235778808594e-04 3.565847873687744141e-04
1.328591640551604280e+00 -3.322958946228027344e-04 -3.488659858703613281e-04 -3.348290920257568359e-04 -3.363490104675292969e-04 -3.363788127899169922e-04 -3.363490104675292969e-04 -3.336071968078613281e-04 -3.229081630706787109e-04 -3.224909305572509766e-04 -3.288686275482177734e-04
1.335044402536992081e+00 -9.340047836303710938e-05 -8.964538574218750000e-05 -9.506940841674804688e-05 -9.185075759887695312e-05 -9.417533874511718750e-05 -9.170174598693847656e-05 -9.953975677490234375e-05 -8.726119995117187500e-05 -9.322166442871093750e-05 -9.456276893615722656e-05
1.341497164522380103e+00 3.246366977691650391e-04 3.329217433929443359e-04 3.289282321929931641e-04 3.416836261749267578e-04 3.348886966705322266e-04 3.373026847839355469e-04 3.348588943481445312e-04 3.319084644317626953e-04 3.432035446166992188e-04 3.283917903900146484e-04
1.347949926507767904e+00 -1.181066036224365234e-04 -1.196861267089843750e-04 -1.087486743927001953e-04 -1.198053359985351562e-04 -1.101195812225341797e-04 -1.268088817596435547e-04 -1.224279403686523438e-04 -1.035630702972412109e-04 -1.111626625061035156e-04 -1.133680343627929688e-04
1.354402688493155926e+00 -1.231729984283447266e-04 -1.162290573120117188e-04 -1.261234283447265625e-04 -1.096427440643310547e-04 -1.237392425537109375e-04 -1.310706138610839844e-04 -1.161992549896240234e-04 -1.089572906494140625e-04 -1.201033592224121094e-04 -1.234412193298339844e-04
1.360855450478543727e+00 9.942054748535156250e-05 9.888410568237304688e-05 1.213550567626953125e-04 1.012384891510009766e-04 1.222193241119384766e-04 1.046955585479736328e-04 1.052320003509521484e-04 1.106858253479003906e-04 1.083612442016601562e-04 1.021325588226318359e-04
1.367308212463931749e+00 -8.767843246459960938e-05 -8.520483970642089844e-05 -9.155273437500000000e-05 -9.864568710327148438e-05 -8.592009544372558594e-05 -7.843971252441406250e-05 -8.872151374816894531e-05 -1.000463962554931641e-04 -9.465217590332031250e-05 -8.878111839294433594e-05
1.373760974449319550e+00 -2.131462097167968750e-04 -2.143383026123046875e-04 -2.170503139495849609e-04 -2.228915691375732422e-04 -2.000331878662109375e-04 -2.121329307556152344e-04 -2.211034297943115234e-04 -2.082884311676025391e-04 -2.071261405944824219e-04 -2.052485942840576172e-04
1.380213736434707350e+00 -2.890825271606445312e-06 -2.533197402954101562e-06 7.450580596923828125e-06 -9.983777999877929688e-06 1.040101051330566406e-05 6.496906280517578125e-06 1.388788223266601562e-05 8.940696716308593750e-08 1.016259193420410156e-05 -5.990266799926757812e-06
1.386666498420095373e+00 1.815259456634521484e-04 1.779198646545410156e-04 1.839995384216308594e-04 1.772940158843994141e-04 1.708567142486572266e-04 1.913309097290039062e-04 1.938641071319580078e-04 1.750290393829345703e-04 1.845061779022216797e-04 1.798272132873535156e-04
1.393119260405483173e+00 -4.637241363525390625e-05 -3.391504287719726562e-05 -2.872943878173828125e-05 -3.036856651306152344e-05 -4.091858863830566406e-05 -3.311038017272949219e-05 -2.971291542053222656e-05 -2.107024192810058594e-05 -2.372264862060546875e-05 -3.501772880554199219e-05
1.399572022390871195e+00 -1.314580440521240234e-04 -1.330375671386718750e-04 -1.330673694610595703e-04 -1.314580440521240234e-04 -1.259148120880126953e-04 -1.327991485595703125e-04 -1.407861709594726562e-04 -1.264214515686035156e-04 -1.335144042968750000e-04 -1.349449157714843750e-04
1.406024784376258996e+00 2.828240394592285156e-04 2.821683883666992188e-04 2.795755863189697266e-04 2.840757369995117188e-04 2.782046794891357422e-04 2.819299697875976562e-04 2.869665622711181641e-04 2.869367599487304688e-04 2.923905849456787109e-04 2.804994583129882812e-04
1.412477546361647018e+00 -1.836419105529785156e-04 -1.799762248992919922e-04 -1.969635486602783203e-04 -1.800060272216796875e-04 -1.739263534545898438e-04 -1.801848411560058594e-04 -1.797378063201904297e-04 -1.807510852813720703e-04 -1.719594001770019531e-04 -1.726150512695312500e-04
1.418930308347034819e+00 -2.045333385467529297e-04 -2.069473266601562500e-04 -2.004802227020263672e-04 -2.007782459259033203e-04 -2.072453498840332031e-04 -2.052485942840576172e-04 -2.080202102661132812e-04 -2.051293849945068359e-04 -1.923441886901855469e-04 -2.058148384094238281e-04
1.425383070332422841e+00 3.193318843841552734e-04 3.094077110290527344e-04 3.123581409454345703e-04 3.179311752319335938e-04 3.131628036499023438e-04 3.149807453155517578e-04 3.177523612976074219e-04 3.262460231781005859e-04 3.238022327423095703e-04 3.164410591125488281e-04
1.431835832317810642e+00 -2.294778823852539062e-05 -1.281499862670898438e-05 -2.688169479370117188e-05 -3.123283386230468750e-05 -1.734495162963867188e-05 -3.418326377868652344e-05 -2.065300941467285156e-05 -2.688169479370117188e-05 -9.626150131225585938e-06 -1.594424247741699219e-05
1.438288594303198664e+00 -2.930462360382080078e-04 -2.919137477874755859e-04 -2.831816673278808594e-04 -3.033876419067382812e-04 -2.916455268859863281e-04 -2.883970737457275391e-04 -2.985000610351562500e-04 -2.874732017517089844e-04 -2.941489219665527344e-04 -2.838671207427978516e-04
1.444741356288586465e+00 2.645254135131835938e-04 2.650022506713867188e-04 2.568066120147705078e-04 2.639293670654296875e-04 2.737641334533691406e-04 2.689957618713378906e-04 2.577006816864013672e-04 2.663433551788330078e-04 2.585947513580322266e-04 2.628266811370849609e-04
1.451194118273974487e+00 1.195371150970458984e-04 1.260936260223388672e-04 1.229047775268554688e-04 1.305937767028808594e-04 1.175403594970703125e-04 1.298487186431884766e-04 1.178979873657226562e-04 1.258850097656250000e-04 1.232326030731201172e-04 1.153647899627685547e-04
1.457646880259362288e+00 -2.346932888031005859e-04 -2.251267433166503906e-04 -2.262890338897705078e-04 -2.385079860687255859e-04 -2.312362194061279297e-04 -2.284944057464599609e-04 -2.292394638061523438e-04 -2.359449863433837891e-04 -2.197325229644775391e-04 -2.270638942718505859e-04
1.464099642244750310e+00 2.084374427795410156e-04 2.120435237884521484e-04 2.126097679138183594e-04 2.130866050720214844e-04 2.245903015136718750e-04 2.222061157226562500e-04 2.254545688629150391e-04 2.068579196929931641e-04 2.120435237884521484e-04 2.201199531555175781e-04
1.470552404230138110e+00 6.487965583801269531e-05 6.315112113952636719e-05 6.905198097229003906e-05 6.514787673950195312e-05 7.587671279907226562e-05 5.725026130676269531e-05 6.613135337829589844e-05 5.969405174255371094e-05 7.155537605285644531e-05 7.456541061401367188e-05
1.477005166215525911e+00 -1.943111419677734375e-04 -1.929402351379394531e-04 -1.775920391082763672e-04 -1.849830150604248047e-04 -1.893043518066406250e-04 -1.827776432037353516e-04 -1.857578754425048828e-04 -1.950562000274658203e-04 -1.931190490722656250e-04 -1.885890960693359375e-04
1.483457928200913933e+00 8.919835090637207031e-05 8.717179298400878906e-05 8.130073547363281250e-05 7.787346839904785156e-05 7.876753807067871094e-05 7.897615432739257812e-05 7.310509681701660156e-05 7.763504981994628906e-05 8.454918861389160156e-05 8.049607276916503906e-05
1.489910690186301734e+00 9.679794311523437500e-05 8.931756019592285156e-05 8.776783943176269531e-05 8.618831634521484375e-05 8.496642112731933594e-05 8.770823478698730469e-05 9.411573410034179688e-05 9.796023368835449219e-05 9.527802467346191406e-05 8.767843246459960938e-05
1.496363452171689756e+00 -9.080767631530761719e-05 -8.678436279296875000e-05 -9.918212890625000000e-05 -1.042485237121582031e-04 -9.864568710327148438e-05 -9.161233901977539062e-05 -9.116530418395996094e-05 -9.372830390930175781e-05 -1.079440116882324219e-04 -9.876489639282226562e-05
1.502816214157077557e+00 1.206994056701660156e-05 1.156330108642578125e-05 1.534819602966308594e-05 1.919269561767578125e-05 1.385807991027832031e-05 9.685754776000976562e-06 6.645917892456054688e-06 2.238154411315917969e-05 2.384185791015625000e-06 1.311302185058593750e-06
1.509268976142465579e+00 2.032518386840820312e-05 2.250075340270996094e-05 2.235174179077148438e-05 3.045797348022460938e-05 2.932548522949218750e-05 2.864003181457519531e-05 2.387166023254394531e-05 2.139806747436523438e-05 2.190470695495605469e-05 2.494454383850097656e-05
1.515721738127853380e+00 8.702278137207031250e-06 5.066394805908203125e-07 6.228685379028320312e-06 1.934170722961425781e-05 6.765127182006835938e-06 2.682209014892578125e-06 1.636147499084472656e-05 1.570582389831542969e-05 9.030103683471679688e-06 1.147389411926269531e-05
1.522174500113241402e+00 -4.890561103820800781e-05 -4.923343658447265625e-05 -5.248188972473144531e-05 -6.109476089477539062e-05 -4.643201828002929688e-05 -5.561113357543945312e-05 -5.677342414855957031e-05 -6.097555160522460938e-05 -5.289912223815917969e-05 -6.183981895446777344e-05
1.528627262098629203e+00 -7.599592208862304688e-06 -3.308057785034179688e-06 2.741813659667968750e-06 -2.232193946838378906e-05 -7.092952728271484375e-06 -2.443790435791015625e-06 -8.344650268554687500e-07 -3.278255462646484375e-07 -9.238719940185546875e-07 6.169080734252929688e-06
1.535080024084017225e+00 8.419156074523925781e-05 9.900331497192382812e-05 9.116530418395996094e-05 1.022219657897949219e-04 8.976459503173828125e-05 9.319186210632324219e-05 8.633732795715332031e-05 1.013576984405517578e-04 9.378790855407714844e-05 8.895993232727050781e-05
1.541532786069405025e+00 -1.203417778015136719e-04 -1.097023487091064453e-04 -1.148879528045654297e-04 -1.155138015747070312e-04 -1.166760921478271484e-04 -1.156032085418701172e-04 -1.209974288940429688e-04 -1.100301742553710938e-04 -1.091063022613525391e-04 -1.124739646911621094e-04
1.547985548054793048e+00 -3.659725189208984375e-05 -2.205371856689453125e-05 -3.945827484130859375e-05 -3.272294998168945312e-05 -4.112720489501953125e-05 -3.874301910400390625e-05 -3.460049629211425781e-05 -3.236532211303710938e-05 -3.889203071594238281e-05 -2.518296241760253906e-05
1.554438310040180848e+00 1.482963562011718750e-04 1.425743103027343750e-04 1.389980316162109375e-04 1.484155654907226562e-04 1.432299613952636719e-04 1.392662525177001953e-04 1.426935195922851562e-04 1.427233219146728516e-04 1.423656940460205078e-04 1.462101936340332031e-04
1.560891072025568649e+00 -4.777312278747558594e-05 -3.802776336669921875e-05 -4.756450653076171875e-05 -4.133582115173339844e-05 -3.975629806518554688e-05 -5.444884300231933594e-05 -4.595518112182617188e-05 -4.339218139648437500e-05 -3.576278686523437500e-05 -3.555417060852050781e-05
1.567343834010956671e+00 -1.687705516815185547e-04 -1.664161682128906250e-04 -1.678168773651123047e-04 -1.704692840576171875e-04 -1.667737960815429688e-04 -1.780092716217041016e-04 -1.659691333770751953e-04 -1.690983772277832031e-04 -1.684427261352539062e-04 -1.710057258605957031e-04
1.573796595996344472e+00 1.808702945709228516e-04 1.792013645172119141e-04 1.852214336395263672e-04 1.854300498962402344e-04 1.842379570007324219e-04 1.825988292694091797e-04 1.685619354248046875e-04 1.783967018127441406e-04 1.808404922485351562e-04 1.782774925231933594e-04
1.580249357981732494e+00 9.298324584960937500e-06 6.645917892456054688e-06 5.424022674560546875e-06 -1.111626625061035156e-05 -7.450580596923828125e-06 1.221895217895507812e-06 -6.079673767089843750e-06 6.198883056640625000e-06 4.082918167114257812e-06 5.871057510375976562e-06
1.586702119967120295e+00 -2.885460853576660156e-04 -2.755820751190185547e-04 -2.798736095428466797e-04 -2.813935279846191406e-04 -2.777576446533203125e-04 -2.767741680145263672e-04 -2.819001674652099609e-04 -2.837777137756347656e-04 -2.784729003906250000e-04 -2.776384353637695312e-04
1.593154881952508317e+00 2.580881118774414062e-04 2.529025077819824219e-04 2.614259719848632812e-04 2.643465995788574219e-04 2.584159374237060547e-04 2.527832984924316406e-04 2.469420433044433594e-04 2.472400665283203125e-04 2.556443214416503906e-04 2.619922161102294922e-04
1.599607643937896118e+00 5.462765693664550781e-05 7.110834121704101562e-05 6.502866744995117188e-05 6.484985351562500000e-05 6.195902824401855469e-05 6.330013275146484375e-05 7.015466690063476562e-05 6.860494613647460938e-05 7.599592208862304688e-05 6.267428398132324219e-05
1.606060405923284140e+00 -3.413259983062744141e-04 -3.361701965332031250e-04 -3.409385681152343750e-04 -3.273487091064453125e-04 -3.474354743957519531e-04 -3.381967544555664062e-04 -3.424882888793945312e-04 -3.416836261749267578e-04 -3.432631492614746094e-04 -3.457069396972656250e-04
1.612513167908671941e+00 2.899169921875000000e-04 2.989470958709716797e-04 2.878904342651367188e-04 2.850890159606933594e-04 2.954900264739990234e-04 2.877414226531982422e-04 2.920031547546386719e-04 2.903640270233154297e-04 2.933442592620849609e-04 2.908110618591308594e-04
1.618965929894059963e+00 -9.715557098388671875e-06 -9.536743164062500000e-07 -3.010034561157226562e-06 -5.751848220825195312e-06 -1.466274261474609375e-05 -4.202127456665039062e-06 -5.990266799926757812e-06 -7.808208465576171875e-06 -6.616115570068359375e-06 -4.976987838745117188e-06
1.625418691879447763e+00 -3.387928009033203125e-04 -3.386139869689941406e-04 -3.385543823242187500e-04 -3.450810909271240234e-04 -3.351569175720214844e-04 -3.398060798645019531e-04 -3.521442413330078125e-04 -3.302693367004394531e-04 -3.392398357391357422e-04 -3.540217876434326172e-04
1.631871453864835786e+00 2.750158309936523438e-04 2.955794334411621094e-04 2.898275852203369141e-04 2.623498439788818359e-04 2.754926681518554688e-04 2.741515636444091797e-04 2.873837947845458984e-04 2.905428409576416016e-04 2.758502960205078125e-04 2.726018428802490234e-04
1.638324215850223586e+00 3.790855407714843750e-05 4.172325134277343750e-05 5.510449409484863281e-05 5.152821540832519531e-05 4.887580871582031250e-05 4.607439041137695312e-05 5.683302879333496094e-05 4.106760025024414062e-05 5.537271499633789062e-05 5.638599395751953125e-05
1.644776977835611609e+00 -3.664195537567138672e-04 -3.621280193328857422e-04 -3.678202629089355469e-04 -3.574192523956298828e-04 -3.699064254760742188e-04 -3.590583801269531250e-04 -3.596842288970947266e-04 -3.542900085449218750e-04 -3.715157508850097656e-04 -3.773570060729980469e-04
1.651229739820999409e+00 3.364086151123046875e-04 3.587007522583007812e-04 3.468692302703857422e-04 3.606379032135009766e-04 3.499984741210937500e-04 3.455579280853271484e-04 3.482699394226074219e-04 3.425478935241699219e-04 3.435313701629638672e-04 3.367066383361816406e-04
1.657682501806387210e+00 -4.878640174865722656e-05 -5.391240119934082031e-05 -4.547834396362304688e-05 -5.164742469787597656e-05 -6.166100502014160156e-05 -4.839897155761718750e-05 -3.728270530700683594e-05 -4.780292510986328125e-05 -3.939867019653320312e-05 -4.610419273376464844e-05
1.664135263791775232e+00 -2.686977386474609375e-04 -2.696812152862548828e-04 -2.712607383728027344e-04 -2.638697624206542969e-04 -2.756416797637939453e-04 -2.721250057220458984e-04 -2.681612968444824219e-04 -2.822577953338623047e-04 -2.824962139129638672e-04 -2.915561199188232422e-04
1.670588025777163033e+00 3.529191017150878906e-04 3.527104854583740234e-04 3.459155559539794922e-04 3.582239151000976562e-04 3.515183925628662109e-04 3.531873226165771484e-04 3.555417060852050781e-04 3.481209278106689453e-04 3.558993339538574219e-04 3.475546836853027344e-04
1.677040787762551055e+00 -3.143846988677978516e-04 -3.195106983184814453e-04 -3.053545951843261719e-04 -3.003776073455810547e-04 -3.128051757812500000e-04 -2.933442592620849609e-04 -2.883374691009521484e-04 -3.037154674530029297e-04 -2.943873405456542969e-04 -3.107488155364990234e-04
1.683493549747938856e+00 -1.089572906494140625e-04 -1.055598258972167969e-04 -1.092553138732910156e-04 -1.010298728942871094e-04 -1.071989536285400391e-04 -1.142323017120361328e-04 -1.087784767150878906e-04 -1.079142093658447266e-04 -1.074969768524169922e-04 -1.209080219268798828e-04
1.689946311733326878e+00 5.562007427215576172e-04 5.580782890319824219e-04 5.566775798797607422e-04 5.607903003692626953e-04 5.534589290618896484e-04 5.561411380767822266e-04 5.647540092468261719e-04 5.492269992828369141e-04 5.739331245422363281e-04 5.578398704528808594e-04
1.696399073718714678e+00 -5.037188529968261719e-04 -5.041956901550292969e-04 -4.994869232177734375e-04 -5.088150501251220703e-04 -5.109906196594238281e-04 -5.014240741729736328e-04 -5.149841308593750000e-04 -5.049407482147216797e-04 -5.103349685668945312e-04 -5.124509334564208984e-04
1.702851835704102701e+00 5.012750625610351562e-05 3.585219383239746094e-05 4.777312278747558594e-05 4.941225051879882812e-05 3.549456596374511719e-05 2.866983413696289062e-05 3.272294998168945312e-05 2.503395080566406250e-05 1.853704452514648438e-05 3.066658973693847656e-05
1.709304597689490501e+00 4.648566246032714844e-04 4.671514034271240234e-04 4.695653915405273438e-04 4.613697528839111328e-04 4.571676254272460938e-04 4.650950431823730469e-04 4.578232765197753906e-04 4.737377166748046875e-04 4.698038101196289062e-04 4.689693450927734375e-04
1.715757359674878524e+00 -6.695389747619628906e-04 -6.666481494903564453e-04 -6.698369979858398438e-04 -6.628632545471191406e-04 -6.658434867858886719e-04 -6.667077541351318359e-04 -6.734728813171386719e-04 -6.725192070007324219e-04 -6.575882434844970703e-04 -6.662607192993164062e-04
1.722210121660266324e+00 2.434551715850830078e-04 2.466440200805664062e-04 2.324283123016357422e-04 2.426207065582275391e-04 2.402067184448242188e-04 2.302825450897216797e-04 2.422630786895751953e-04 2.353191375732421875e-04 2.338290214538574219e-04 2.308487892150878906e-04
1.728662883645654347e+00 5.266070365905761719e-04 5.255639553070068359e-04 5.163252353668212891e-04 5.232393741607666016e-04 5.235671997070312500e-04 5.271732807159423828e-04 5.256533622741699219e-04 5.286037921905517578e-04 5.422234535217285156e-04 5.363225936889648438e-04
1.735115645631042147e+00 -7.959008216857910156e-04 -8.192658424377441406e-04 -8.049607276916503906e-04 -8.119344711303710938e-04 -7.942318916320800781e-04 -8.160173892974853516e-04 -8.155405521392822266e-04 -8.216202259063720703e-04 -8.026063442230224609e-04 -8.048713207244873047e-04
1.741568407616429948e+00 3.603100776672363281e-04 3.645718097686767578e-04 3.742575645446777344e-04 3.631114959716796875e-04 3.623962402343750000e-04 3.512799739837646484e-04 3.530681133270263672e-04 3.688931465148925781e-04 3.467798233032226562e-04 3.531873226165771484e-04
1.748021169601817970e+00 4.883706569671630859e-04 4.906356334686279297e-04 4.909038543701171875e-04 4.946589469909667969e-04 4.973113536834716797e-04 4.984736442565917969e-04 5.015730857849121094e-04 4.889369010925292969e-04 5.110502243041992188e-04 5.052983760833740234e-04
1.754473931587205771e+00 -8.335113525390625000e-04 -8.210241794586181641e-04 -8.307695388793945312e-04 -8.403658866882324219e-04 -8.212625980377197266e-04 -8.283555507659912109e-04 -8.270442485809326172e-04 -8.291006088256835938e-04 -8.358061313629150391e-04 -8.352100849151611328e-04
1.760926693572593793e+00 4.178583621978759766e-04 4.094541072845458984e-04 4.186928272247314453e-04 4.049539566040039062e-04 3.960728645324707031e-04 3.958642482757568359e-04 3.992617130279541016e-04 4.097223281860351562e-04 3.866255283355712891e-04 4.090964794158935547e-04
1.767379455557981593e+00 4.176497459411621094e-04 4.337131977081298828e-04 4.237294197082519531e-04 4.214346408843994141e-04 4.305541515350341797e-04 4.440546035766601562e-04 4.437863826751708984e-04 4.228353500366210938e-04 4.419982433319091797e-04 4.313588142395019531e-04
1.773832217543369616e+00 -8.005201816558837891e-04 -8.064210414886474609e-04 -8.013546466827392578e-04 -8.016228675842285156e-04 -8.034408092498779297e-04 -7.977783679962158203e-04 -7.921159267425537109e-04 -8.074343204498291016e-04 -7.987022399902343750e-04 -8.015930652618408203e-04
1.780284979528757416e+00 4.681646823883056641e-04 4.595518112182617188e-04 4.619657993316650391e-04 4.600882530212402344e-04 4.510581493377685547e-04 4.468262195587158203e-04 4.511773586273193359e-04 4.505217075347900391e-04 4.461705684661865234e-04 4.598498344421386719e-04
1.786737741514145439e+00 2.763569355010986328e-04 2.839267253875732422e-04 2.864301204681396484e-04 2.802312374114990234e-04 2.892017364501953125e-04 2.830028533935546875e-04 3.028213977813720703e-04 2.934932708740234375e-04 3.052353858947753906e-04 2.869367599487304688e-04
1.793190503499533239e+00 -6.751120090484619141e-04 -6.704032421112060547e-04 -6.701350212097167969e-04 -6.603598594665527344e-04 -6.677806377410888672e-04 -6.617307662963867188e-04 -6.588101387023925781e-04 -6.689429283142089844e-04 -6.778538227081298828e-04 -6.669163703918457031e-04
1.799643265484921262e+00 4.527866840362548828e-04 4.495978355407714844e-04 4.464387893676757812e-04 4.564225673675537109e-04 4.411041736602783203e-04 4.554092884063720703e-04 4.448592662811279297e-04 4.495680332183837891e-04 4.373490810394287109e-04 4.486441612243652344e-04
1.806096027470309062e+00 3.716349601745605469e-04 3.685355186462402344e-04 3.571510314941406250e-04 3.616809844970703125e-04 3.665387630462646484e-04 3.679394721984863281e-04 3.674626350402832031e-04 3.678798675537109375e-04 3.716945648193359375e-04 3.696978092193603516e-04
1.812548789455697085e+00 -5.350410938262939453e-04 -5.405247211456298828e-04 -5.311369895935058594e-04 -5.339682102203369141e-04 -5.428194999694824219e-04 -5.379021167755126953e-04 -5.349516868591308594e-04 -5.407333374023437500e-04 -5.338490009307861328e-04 -5.433261394500732422e-04
1.819001551441084885e+00 2.515316009521484375e-04 2.553164958953857422e-04 2.456307411193847656e-04 2.380609512329101562e-04 2.516210079193115234e-04 2.452731132507324219e-04 2.326965332031250000e-04 2.553761005401611328e-04 2.390742301940917969e-04 2.446472644805908203e-04
1.825454313426472908e+00 2.586245536804199219e-04 2.460181713104248047e-04 2.492964267730712891e-04 2.527236938476562500e-04 2.468526363372802734e-04 2.313256263732910156e-04 2.502501010894775391e-04 2.418756484985351562e-04 2.520084381103515625e-04 2.542734146118164062e-04
1.831907075411860708e+00 -4.621446132659912109e-04 -4.523992538452148438e-04 -4.528760910034179688e-04 -4.445612430572509766e-04 -4.582405090332031250e-04 -4.556775093078613281e-04 -4.545152187347412109e-04 -4.494488239288330078e-04 -4.614889621734619141e-04 -4.557967185974121094e-04
1.838359837397248508e+00 1.641511917114257812e-04 1.685321331024169922e-04 1.676082611083984375e-04 1.651048660278320312e-04 1.569390296936035156e-04 1.691281795501708984e-04 1.713037490844726562e-04 1.737177371978759766e-04 1.523494720458984375e-04 1.588761806488037109e-04
1.844812599382636531e+00 1.879036426544189453e-04 1.906156539916992188e-04 2.004504203796386719e-04 1.922845840454101562e-04 1.880526542663574219e-04 1.901090145111083984e-04 1.912415027618408203e-04 1.922547817230224609e-04 1.880228519439697266e-04 1.777410507202148438e-04
1.851265361368024331e+00 -2.945363521575927734e-04 -2.819597721099853516e-04 -2.936124801635742188e-04 -2.779066562652587891e-04 -2.839863300323486328e-04 -2.926588058471679688e-04 -2.879500389099121094e-04 -2.832412719726562500e-04 -2.871155738830566406e-04 -2.875626087188720703e-04
1.857718123353412354e+00 9.608268737792968750e-05 8.767843246459960938e-05 7.948279380798339844e-05 8.532404899597167969e-05 8.711218833923339844e-05 8.735060691833496094e-05 8.764863014221191406e-05 8.076429367065429688e-05 8.437037467956542969e-05 8.556246757507324219e-05
1.864170885338800154e+00 1.205503940582275391e-04 1.203715801239013672e-04 1.161396503448486328e-04 1.205503940582275391e-04 1.145303249359130859e-04 1.208782196044921875e-04 1.197457313537597656e-04 1.215934753417968750e-04 1.201331615447998047e-04 1.165270805358886719e-04
1.870623647324188177e+00 -1.287758350372314453e-04 -1.301765441894531250e-04 -1.326501369476318359e-04 -1.404881477355957031e-04 -1.209974288940429688e-04 -1.312196254730224609e-04 -1.353919506072998047e-04 -1.226067543029785156e-04 -1.334846019744873047e-04 -1.326501369476318359e-04
1.877076409309575977e+00 2.339482307434082031e-05 2.560019493103027344e-05 1.478195190429687500e-05 2.521276473999023438e-05 2.267956733703613281e-05 1.618266105651855469e-05 2.077221870422363281e-05 3.427267074584960938e-05 1.263618469238281250e-05 1.889467239379882812e-05
1.883529171294964000e+00 2.324581146240234375e-05 2.831220626831054688e-05 2.247095108032226562e-05 3.594160079956054688e-05 2.756714820861816406e-05 1.949071884155273438e-05 3.486871719360351562e-05 2.542138099670410156e-05 2.476572990417480469e-05 3.904104232788085938e-05
1.889981933280351800e+00 -6.270408630371093750e-05 -6.407499313354492188e-05 -5.230307579040527344e-05 -6.332993507385253906e-05 -5.391240119934082031e-05 -5.230307579040527344e-05 -5.340576171875000000e-05 -5.435943603515625000e-05 -6.052851676940917969e-05 -5.376338958740234375e-05
1.896434695265739823e+00 3.546476364135742188e-06 1.034140586853027344e-05 8.046627044677734375e-06 1.025199890136718750e-05 1.657009124755859375e-05 1.293420791625976562e-05 1.728534698486328125e-05 6.437301635742187500e-06 3.933906555175781250e-06 9.536743164062500000e-06
1.902887457251127623e+00 3.010034561157226562e-05 3.501772880554199219e-05 2.658367156982421875e-05 2.989172935485839844e-05 1.475214958190917969e-05 1.865625381469726562e-05 3.236532211303710938e-05 2.837181091308593750e-05 3.102421760559082031e-05 2.422928810119628906e-05
1.909340219236515646e+00 1.850724220275878906e-05 5.424022674560546875e-06 6.526708602905273438e-06 9.238719940185546875e-07 1.719594001770019531e-05 6.973743438720703125e-06 1.075863838195800781e-05 1.913309097290039062e-05 1.168251037597656250e-05 1.341104507446289062e-05
1.915792981221903446e+00 3.924965858459472656e-05 4.485249519348144531e-05 3.823637962341308594e-05 4.366040229797363281e-05 4.026293754577636719e-05 3.811717033386230469e-05 3.740191459655761719e-05 3.531575202941894531e-05 3.230571746826171875e-05 4.255771636962890625e-05
1.922245743207291468e+00 -8.335709571838378906e-05 -7.343292236328125000e-05 -8.127093315124511719e-05 -8.127093315124511719e-05 -8.952617645263671875e-05 -7.721781730651855469e-05 -8.708238601684570312e-05 -8.770823478698730469e-05 -8.830428123474121094e-05 -8.764863014221191406e-05
1.928698505192679269e+00 3.734230995178222656e-05 2.855062484741210938e-05 3.683567047119140625e-05 4.053115844726562500e-05 3.650784492492675781e-05 3.746151924133300781e-05 1.573562622070312500e-05 3.293156623840332031e-05 3.376603126525878906e-05 3.319978713989257812e-05
1.935151267178067069e+00 9.626150131225585938e-05 1.060664653778076172e-04 9.891390800476074219e-05 1.068413257598876953e-04 1.020133495330810547e-04 1.069307327270507812e-04 1.147985458374023438e-04 1.086890697479248047e-04 9.816884994506835938e-05 1.047253608703613281e-04
1.941604029163455092e+00 -7.492303848266601562e-05 -7.048249244689941406e-05 -7.027387619018554688e-05 -7.259845733642578125e-05 -7.057189941406250000e-05 -7.650256156921386719e-05 -7.784366607666015625e-05 -8.234381675720214844e-05 -6.520748138427734375e-05 -6.815791130065917969e-05
1.948056791148842892e+00 3.376603126525878906e-05 2.968311309814453125e-05 3.391504287719726562e-05 4.166364669799804688e-05 3.343820571899414062e-05 3.358721733093261719e-05 3.358721733093261719e-05 4.675984382629394531e-05 2.798438072204589844e-05 3.534555435180664062e-05
1.954509553134230915e+00 3.945827484130859375e-05 3.343820571899414062e-05 3.105401992797851562e-05 2.932548522949218750e-05 1.990795135498046875e-05 1.755356788635253906e-05 2.062320709228515625e-05 2.217292785644531250e-05 3.367662429809570312e-05 2.303719520568847656e-05
1.960962315119618715e+00 -3.749132156372070312e-05 -3.641843795776367188e-05 -3.615021705627441406e-05 -4.413723945617675781e-05 -2.583861351013183594e-05 -3.176927566528320312e-05 -2.542138099670410156e-05 -3.105401992797851562e-05 -3.680586814880371094e-05 -3.626942634582519531e-05
1.967415077105006738e+00 1.782178878784179688e-05 2.604722976684570312e-05 2.291798591613769531e-05 1.072883605957031250e-06 3.072619438171386719e-05 1.031160354614257812e-05 1.949071884155273438e-05 9.864568710327148438e-06 1.913309097290039062e-05 1.946091651916503906e-05
1.973867839090394538e+00 4.044175148010253906e-05 4.467368125915527344e-05 4.389882087707519531e-05 5.784630775451660156e-05 4.062056541442871094e-05 3.892183303833007812e-05 4.744529724121093750e-05 4.914402961730957031e-05 5.388259887695312500e-05 4.807114601135253906e-05
1.980320601075782561e+00 -5.403161048889160156e-05 -4.756450653076171875e-05 -4.413723945617675781e-05 -4.327297210693359375e-05 -4.240870475769042969e-05 -3.471970558166503906e-05 -4.112720489501953125e-05 -4.583597183227539062e-05 -4.065036773681640625e-05 -4.819035530090332031e-05
1.986773363061170361e+00 -8.466839790344238281e-05 -7.051229476928710938e-05 -8.136034011840820312e-05 -7.539987564086914062e-05 -7.849931716918945312e-05 -7.629394531250000000e-05 -9.015202522277832031e-05 -8.869171142578125000e-05 -8.651614189147949219e-05 -8.049607276916503906e-05
1.993226125046558384e+00 1.044869422912597656e-04 9.477138519287109375e-05 1.040399074554443359e-04 9.062886238098144531e-05 9.950995445251464844e-05 9.569525718688964844e-05 9.992718696594238281e-05 9.283423423767089844e-05 1.015961170196533203e-04 9.709596633911132812e-05
1.999678887031946184e+00 7.659196853637695312e-05 7.155537605285644531e-05 7.548928260803222656e-05 5.912780761718750000e-05 7.349252700805664062e-05 6.902217864990234375e-05 7.387995719909667969e-05 7.879734039306640625e-05 7.066130638122558594e-05 7.396936416625976562e-05
2.006131649017333984e+00 -6.383657455444335938e-05 -6.648898124694824219e-05 -6.428360939025878906e-05 -6.264448165893554688e-05 -5.564093589782714844e-05 -6.628036499023437500e-05 -6.309151649475097656e-05 -4.681944847106933594e-05 -7.107853889465332031e-05 -5.462765693664550781e-05
