#Range[m] 0 1 2 3 4 5 6 7 8 9
1.800000071525573730e-01 -4.728630185127258301e-02 -4.718309640884399414e-02 -4.739198088645935059e-02 -4.755321145057678223e-02 -4.722726345062255859e-02 -4.732483625411987305e-02 -4.734566807746887207e-02 -4.717230796813964844e-02 -4.752358794212341309e-02 -4.840171337127685547e-02
1.864527691379452845e-01 3.522714972496032715e-02 3.514474630355834961e-02 3.509083390235900879e-02 3.509560227394104004e-02 3.534090518951416016e-02 3.519171476364135742e-02 3.513661026954650879e-02 3.512066602706909180e-02 3.497207164764404297e-02 3.405115008354187012e-02
1.929055311233331682e-01 1.088413596153259277e-02 1.089033484458923340e-02 1.113566756248474121e-02 1.116120815277099609e-02 1.082840561866760254e-02 1.104888319969177246e-02 1.103952527046203613e-02 1.099881529808044434e-02 1.129165291786193848e-02 1.254272460937500000e-02
1.993582931087210797e-01 -2.356800436973571777e-02 -2.350395917892456055e-02 -2.355054020881652832e-02 -2.365046739578247070e-02 -2.352756261825561523e-02 -2.359023690223693848e-02 -2.359727025032043457e-02 -2.351301908493041992e-02 -2.355280518531799316e-02 -2.374026179313659668e-02
2.058110550941089911e-01 3.217220306396484375e-03 3.161042928695678711e-03 3.178954124450683594e-03 3.186851739883422852e-03 3.285497426986694336e-03 3.236681222915649414e-03 3.204435110092163086e-03 3.163903951644897461e-03 3.149688243865966797e-03 2.736747264862060547e-03
2.122638170794968748e-01 7.189989089965820312e-03 7.209986448287963867e-03 7.159173488616943359e-03 7.228195667266845703e-03 7.156014442443847656e-03 7.168591022491455078e-03 7.189482450485229492e-03 7.191359996795654297e-03 7.118999958038330078e-03 7.198631763458251953e-03
2.187165790648847863e-01 7.019549608230590820e-03 7.022321224212646484e-03 7.025241851806640625e-03 6.965339183807373047e-03 6.967604160308837891e-03 6.969928741455078125e-03 6.982654333114624023e-03 7.010996341705322266e-03 7.123023271560668945e-03 7.257908582687377930e-03
2.251693410502726977e-01 -1.478090882301330566e-02 -1.482230424880981445e-02 -1.473769545555114746e-02 -1.467803120613098145e-02 -1.475849747657775879e-02 -1.468372344970703125e-02 -1.472580432891845703e-02 -1.475399732589721680e-02 -1.464590430259704590e-02 -1.436069607734680176e-02
2.316221030356606092e-01 -6.591767072677612305e-03 -6.522536277770996094e-03 -6.645023822784423828e-03 -6.646841764450073242e-03 -6.553798913955688477e-03 -6.587177515029907227e-03 -6.624758243560791016e-03 -6.582230329513549805e-03 -6.766051054000854492e-03 -7.403254508972167969e-03
2.380748650210485207e-01 2.505058050155639648e-02 2.509012818336486816e-02 2.506211400032043457e-02 2.500909566879272461e-02 2.503910660743713379e-02 2.501669526100158691e-02 2.502143383026123047e-02 2.503573894500732422e-02 2.499222755432128906e-02 2.486008405685424805e-02
2.445276270064364044e-01 -8.895486593246459961e-03 -8.800864219665527344e-03 -8.605390787124633789e-03 -8.682191371917724609e-03 -8.805215358734130859e-03 -8.619278669357299805e-03 -8.726298809051513672e-03 -8.796006441116333008e-03 -8.412927389144897461e-03 -7.474184036254882812e-03
2.509803889918242881e-01 -2.571186423301696777e-02 -2.570861577987670898e-02 -2.580243349075317383e-02 -2.580004930496215820e-02 -2.566042542457580566e-02 -2.575746178627014160e-02 -2.576866745948791504e-02 -2.568149566650390625e-02 -2.591925859451293945e-02 -2.647387981414794922e-02
2.574331509772121995e-01 2.692940831184387207e-02 2.695193886756896973e-02 2.679300308227539062e-02 2.674159407615661621e-02 2.698326110839843750e-02 2.681246399879455566e-02 2.681007981300354004e-02 2.685129642486572266e-02 2.660977840423583984e-02 2.579545974731445312e-02
2.638859129626001110e-01 6.783425807952880859e-03 6.823271512985229492e-03 6.995737552642822266e-03 7.026940584182739258e-03 6.685495376586914062e-03 6.901383399963378906e-03 6.962597370147705078e-03 6.818056106567382812e-03 7.264822721481323242e-03 8.518695831298828125e-03
2.703386749479880224e-01 -3.697386384010314941e-02 -3.698828816413879395e-02 -3.705504536628723145e-02 -3.699061274528503418e-02 -3.699293732643127441e-02 -3.697031736373901367e-02 -3.701138496398925781e-02 -3.695514798164367676e-02 -3.703385591506958008e-02 -3.716564178466796875e-02
2.767914369333759339e-01 1.754641532897949219e-02 1.750496029853820801e-02 1.729768514633178711e-02 1.731827855110168457e-02 1.757287979125976562e-02 1.738590002059936523e-02 1.741611957550048828e-02 1.744443178176879883e-02 1.715275645256042480e-02 1.592445373535156250e-02
2.832441989187638454e-01 2.148804068565368652e-02 2.149713039398193359e-02 2.167302370071411133e-02 2.166461944580078125e-02 2.136549353599548340e-02 2.159053087234497070e-02 2.156877517700195312e-02 2.151942253112792969e-02 2.179902791976928711e-02 2.289155125617980957e-02
2.896969609041517568e-01 -3.219696879386901855e-02 -3.221651911735534668e-02 -3.213232755661010742e-02 -3.216031193733215332e-02 -3.223243355751037598e-02 -3.212633728981018066e-02 -3.213214874267578125e-02 -3.213942050933837891e-02 -3.206542134284973145e-02 -3.161594271659851074e-02
2.961497228895396683e-01 1.204669475555419922e-03 1.220136880874633789e-03 1.062989234924316406e-03 1.011312007904052734e-03 1.313418149948120117e-03 1.059532165527343750e-03 1.065671443939208984e-03 1.123994588851928711e-03 7.953047752380371094e-04 -4.421472549438476562e-04
3.026024848749275242e-01 2.635809779167175293e-02 2.637499570846557617e-02 2.642396092414855957e-02 2.641868591308593750e-02 2.631902694702148438e-02 2.641415596008300781e-02 2.636930346488952637e-02 2.632865309715270996e-02 2.656590938568115234e-02 2.718639373779296875e-02
3.090552468603154357e-01 -2.058258652687072754e-02 -2.063062787055969238e-02 -2.051454782485961914e-02 -2.050232887268066406e-02 -2.064213156700134277e-02 -2.060416340827941895e-02 -2.052566409111022949e-02 -2.056378126144409180e-02 -2.037331461906433105e-02 -1.961371302604675293e-02
3.155080088457033471e-01 -1.318937540054321289e-02 -1.320475339889526367e-02 -1.332977414131164551e-02 -1.329159736633300781e-02 -1.313540339469909668e-02 -1.328647136688232422e-02 -1.335579156875610352e-02 -1.331132650375366211e-02 -1.354393362998962402e-02 -1.443046331405639648e-02
3.219607708310912586e-01 2.478206157684326172e-02 2.478292584419250488e-02 2.477762103080749512e-02 2.476355433464050293e-02 2.477070689201354980e-02 2.477699518203735352e-02 2.476620674133300781e-02 2.475771307945251465e-02 2.472719550132751465e-02 2.467373013496398926e-02
3.284135328164791701e-01 -4.206538200378417969e-03 -4.227608442306518555e-03 -4.085838794708251953e-03 -4.124909639358520508e-03 -4.303753376007080078e-03 -4.150420427322387695e-03 -4.176437854766845703e-03 -4.174679517745971680e-03 -3.967761993408203125e-03 -3.287106752395629883e-03
3.348662948018670260e-01 -1.836350560188293457e-02 -1.834490895271301270e-02 -1.840567588806152344e-02 -1.836252212524414062e-02 -1.830637454986572266e-02 -1.835307478904724121e-02 -1.835492253303527832e-02 -1.833501458168029785e-02 -1.841041445732116699e-02 -1.864612102508544922e-02
3.413190567872549375e-01 1.240691542625427246e-02 1.239678263664245605e-02 1.233813166618347168e-02 1.232600212097167969e-02 1.241859793663024902e-02 1.237076520919799805e-02 1.234817504882812500e-02 1.236397027969360352e-02 1.223647594451904297e-02 1.179835200309753418e-02
3.477718187726428489e-01 8.916467428207397461e-03 8.925497531890869141e-03 9.016901254653930664e-03 8.973330259323120117e-03 8.897840976715087891e-03 8.949369192123413086e-03 8.957266807556152344e-03 8.937269449234008789e-03 9.094089269638061523e-03 9.503453969955444336e-03
3.542245807580307604e-01 -1.307603716850280762e-02 -1.307424902915954590e-02 -1.302170753479003906e-02 -1.303222775459289551e-02 -1.305338740348815918e-02 -1.303872466087341309e-02 -1.304036378860473633e-02 -1.304864883422851562e-02 -1.295816898345947266e-02 -1.279667019844055176e-02
3.606773427434186718e-01 -1.736402511596679688e-03 -1.760929822921752930e-03 -1.791030168533325195e-03 -1.800358295440673828e-03 -1.694589853286743164e-03 -1.791566610336303711e-03 -1.783341169357299805e-03 -1.786768436431884766e-03 -1.903176307678222656e-03 -2.388954162597656250e-03
3.671301047288065833e-01 1.238715648651123047e-02 1.240655779838562012e-02 1.239868998527526855e-02 1.238667964935302734e-02 1.235401630401611328e-02 1.236096024513244629e-02 1.238715648651123047e-02 1.237154006958007812e-02 1.238185167312622070e-02 1.239377260208129883e-02
3.735828667141944948e-01 -3.025382757186889648e-03 -3.033280372619628906e-03 -2.963006496429443359e-03 -2.959311008453369141e-03 -3.030002117156982422e-03 -2.961248159408569336e-03 -2.966284751892089844e-03 -2.993971109390258789e-03 -2.868980169296264648e-03 -2.442777156829833984e-03
3.800356286995824062e-01 -1.012399792671203613e-02 -1.011854410171508789e-02 -1.015675067901611328e-02 -1.011583209037780762e-02 -1.009523868560791016e-02 -1.012650132179260254e-02 -1.011359691619873047e-02 -1.011982560157775879e-02 -1.020163297653198242e-02 -1.040497422218322754e-02
3.864883906849703177e-01 8.279561996459960938e-03 8.272647857666015625e-03 8.238852024078369141e-03 8.209913969039916992e-03 8.277148008346557617e-03 8.238106966018676758e-03 8.214235305786132812e-03 8.245527744293212891e-03 8.150070905685424805e-03 7.849931716918945312e-03
3.929411526703582291e-01 7.211089134216308594e-03 7.205367088317871094e-03 7.274627685546875000e-03 7.279038429260253906e-03 7.237315177917480469e-03 7.262498140335083008e-03 7.304579019546508789e-03 7.260560989379882812e-03 7.379710674285888672e-03 7.657498121261596680e-03
3.993939146557460851e-01 -1.138392090797424316e-02 -1.135841012001037598e-02 -1.134705543518066406e-02 -1.134058833122253418e-02 -1.136776804924011230e-02 -1.133611798286437988e-02 -1.135450601577758789e-02 -1.134476065635681152e-02 -1.131689548492431641e-02 -1.115569472312927246e-02
4.058466766411339965e-01 -1.632690429687500000e-03 -1.628279685974121094e-03 -1.709282398223876953e-03 -1.680791378021240234e-03 -1.582294702529907227e-03 -1.667827367782592773e-03 -1.654475927352905273e-03 -1.648247241973876953e-03 -1.756727695465087891e-03 -2.119600772857666016e-03
4.122994386265219080e-01 1.171907782554626465e-02 1.171132922172546387e-02 1.173365116119384766e-02 1.170557737350463867e-02 1.172107458114624023e-02 1.170429587364196777e-02 1.169487833976745605e-02 1.171290874481201172e-02 1.170760393142700195e-02 1.168438792228698730e-02
4.187522006119098195e-01 -3.364235162734985352e-03 -3.337800502777099609e-03 -3.304868936538696289e-03 -3.276616334915161133e-03 -3.399133682250976562e-03 -3.335565328598022461e-03 -3.292739391326904297e-03 -3.339290618896484375e-03 -3.223627805709838867e-03 -2.805858850479125977e-03
4.252049625972976754e-01 -1.256424188613891602e-02 -1.256474852561950684e-02 -1.261961460113525391e-02 -1.259961724281311035e-02 -1.254308223724365234e-02 -1.258105039596557617e-02 -1.258498430252075195e-02 -1.255837082862854004e-02 -1.258844137191772461e-02 -1.276418566703796387e-02
4.316577245826856424e-01 9.841263294219970703e-03 9.808391332626342773e-03 9.754687547683715820e-03 9.754091501235961914e-03 9.836554527282714844e-03 9.798973798751831055e-03 9.766787290573120117e-03 9.779274463653564453e-03 9.685695171356201172e-03 9.229928255081176758e-03
4.381104865680734983e-01 8.396089076995849609e-03 8.418589830398559570e-03 8.450508117675781250e-03 8.437693119049072266e-03 8.338302373886108398e-03 8.415281772613525391e-03 8.471071720123291016e-03 8.432775735855102539e-03 8.526653051376342773e-03 9.073913097381591797e-03
4.445632485534614098e-01 -1.763460040092468262e-02 -1.763698458671569824e-02 -1.758432388305664062e-02 -1.758515834808349609e-02 -1.759836077690124512e-02 -1.756343245506286621e-02 -1.761063933372497559e-02 -1.757165789604187012e-02 -1.750034093856811523e-02 -1.732680201530456543e-02
4.510160105388493212e-01 2.811014652252197266e-03 2.803325653076171875e-03 2.702921628952026367e-03 2.705097198486328125e-03 2.858340740203857422e-03 2.697348594665527344e-03 2.713918685913085938e-03 2.737730741500854492e-03 2.509862184524536133e-03 1.784503459930419922e-03
4.574687725242372327e-01 1.678389310836791992e-02 1.682507991790771484e-02 1.682284474372863770e-02 1.678800582885742188e-02 1.673841476440429688e-02 1.681521534919738770e-02 1.680397987365722656e-02 1.682767271995544434e-02 1.697650551795959473e-02 1.739761233329772949e-02
4.639215345096251442e-01 -1.793977618217468262e-02 -1.800036430358886719e-02 -1.788201928138732910e-02 -1.787921786308288574e-02 -1.797354221343994141e-02 -1.794394850730895996e-02 -1.789766550064086914e-02 -1.796430349349975586e-02 -1.778289675712585449e-02 -1.727047562599182129e-02
4.703742964950130556e-01 -7.322460412979125977e-03 -7.298231124877929688e-03 -7.449626922607421875e-03 -7.400125265121459961e-03 -7.300168275833129883e-03 -7.373243570327758789e-03 -7.485628128051757812e-03 -7.431000471115112305e-03 -7.704943418502807617e-03 -8.441537618637084961e-03
4.768270584804009671e-01 2.407801151275634766e-02 2.409905195236206055e-02 2.409660816192626953e-02 2.405226230621337891e-02 2.405089139938354492e-02 2.407655119895935059e-02 2.407306432723999023e-02 2.407670021057128906e-02 2.410361170768737793e-02 2.415713667869567871e-02
4.832798204657888230e-01 -1.215022802352905273e-02 -1.220908761024475098e-02 -1.203528046607971191e-02 -1.205739378929138184e-02 -1.223942637443542480e-02 -1.211100816726684570e-02 -1.209452748298645020e-02 -1.217943429946899414e-02 -1.188510656356811523e-02 -1.115161180496215820e-02
4.897325824511767345e-01 -1.625403761863708496e-02 -1.620832085609436035e-02 -1.636761426925659180e-02 -1.629894971847534180e-02 -1.616916060447692871e-02 -1.626339554786682129e-02 -1.627710461616516113e-02 -1.623114943504333496e-02 -1.646345853805541992e-02 -1.704290509223937988e-02
4.961853444365646459e-01 2.306255698204040527e-02 2.304077148437500000e-02 2.304154634475708008e-02 2.301523089408874512e-02 2.304780483245849609e-02 2.301424741744995117e-02 2.302065491676330566e-02 2.304670214653015137e-02 2.300247550010681152e-02 2.283543348312377930e-02
5.026381064219525019e-01 -3.396302461624145508e-03 -3.450989723205566406e-03 -3.260582685470581055e-03 -3.284066915512084961e-03 -3.444701433181762695e-03 -3.328114748001098633e-03 -3.325164318084716797e-03 -3.359794616699218750e-03 -3.131002187728881836e-03 -2.385199069976806641e-03
5.090908684073405244e-01 -1.744142174720764160e-02 -1.744130253791809082e-02 -1.752406358718872070e-02 -1.751646399497985840e-02 -1.741820573806762695e-02 -1.749375462532043457e-02 -1.747551560401916504e-02 -1.743507385253906250e-02 -1.756188273429870605e-02 -1.799982786178588867e-02
5.155436303927283248e-01 1.646879315376281738e-02 1.644533872604370117e-02 1.640397310256958008e-02 1.641595363616943359e-02 1.648718118667602539e-02 1.641309261322021484e-02 1.642030477523803711e-02 1.642647385597229004e-02 1.634073257446289062e-02 1.600107550621032715e-02
5.219963923781163473e-01 2.620756626129150391e-03 2.610802650451660156e-03 2.697974443435668945e-03 2.705544233322143555e-03 2.588599920272827148e-03 2.695620059967041016e-03 2.693265676498413086e-03 2.642989158630371094e-03 2.818167209625244141e-03 3.423124551773071289e-03
5.284491543635041477e-01 -1.453015208244323730e-02 -1.446253061294555664e-02 -1.450547575950622559e-02 -1.456472277641296387e-02 -1.450985670089721680e-02 -1.452508568763732910e-02 -1.452103257179260254e-02 -1.449316740036010742e-02 -1.455911993980407715e-02 -1.473817229270935059e-02
5.349019163488920592e-01 9.197801351547241211e-03 9.185016155242919922e-03 9.170502424240112305e-03 9.168505668640136719e-03 9.233534336090087891e-03 9.200960397720336914e-03 9.169697761535644531e-03 9.174168109893798828e-03 9.113043546676635742e-03 8.835315704345703125e-03
5.413546783342799706e-01 5.506545305252075195e-03 5.447626113891601562e-03 5.522012710571289062e-03 5.567848682403564453e-03 5.468130111694335938e-03 5.500674247741699219e-03 5.533069372177124023e-03 5.495607852935791016e-03 5.569905042648315430e-03 5.904793739318847656e-03
5.478074403196678821e-01 -8.355975151062011719e-03 -8.335798978805541992e-03 -8.356451988220214844e-03 -8.393794298171997070e-03 -8.398830890655517578e-03 -8.368968963623046875e-03 -8.381277322769165039e-03 -8.335292339324951172e-03 -8.348554372787475586e-03 -8.284628391265869141e-03
5.542602023050557936e-01 2.712607383728027344e-04 2.249181270599365234e-04 2.149343490600585938e-04 2.344846725463867188e-04 2.671778202056884766e-04 2.420842647552490234e-04 2.334415912628173828e-04 2.345740795135498047e-04 1.815259456634521484e-04 -6.011128425598144531e-05
5.607129642904437050e-01 5.974858999252319336e-03 5.977094173431396484e-03 5.972832441329956055e-03 5.999714136123657227e-03 5.958646535873413086e-03 5.959600210189819336e-03 5.981445312500000000e-03 5.972385406494140625e-03 5.969047546386718750e-03 6.045460700988769531e-03
5.671657262758316165e-01 -1.786142587661743164e-03 -1.779526472091674805e-03 -1.748204231262207031e-03 -1.745790243148803711e-03 -1.784384250640869141e-03 -1.763969659805297852e-03 -1.767665147781372070e-03 -1.768767833709716797e-03 -1.714140176773071289e-03 -1.579344272613525391e-03
5.736184882612194169e-01 -3.919959068298339844e-03 -3.921598196029663086e-03 -3.930032253265380859e-03 -3.928840160369873047e-03 -3.895163536071777344e-03 -3.899991512298583984e-03 -3.926903009414672852e-03 -3.924697637557983398e-03 -3.943413496017456055e-03 -4.038333892822265625e-03
5.800712502466074394e-01 2.761900424957275391e-03 2.761691808700561523e-03 2.715736627578735352e-03 2.756148576736450195e-03 2.771377563476562500e-03 2.746731042861938477e-03 2.760380506515502930e-03 2.736479043960571289e-03 2.702087163925170898e-03 2.588897943496704102e-03
5.865240122319952398e-01 3.321677446365356445e-03 3.358066082000732422e-03 3.335118293762207031e-03 3.335505723953247070e-03 3.318428993225097656e-03 3.349125385284423828e-03 3.315597772598266602e-03 3.348678350448608398e-03 3.379613161087036133e-03 3.500014543533325195e-03
5.929767742173832623e-01 -5.009442567825317383e-03 -5.019158124923706055e-03 -4.977107048034667969e-03 -4.987418651580810547e-03 -5.022764205932617188e-03 -5.008429288864135742e-03 -4.989713430404663086e-03 -5.019426345825195312e-03 -4.980832338333129883e-03 -4.879951477050781250e-03
5.994295362027710627e-01 -1.384705305099487305e-03 -1.388281583786010742e-03 -1.431465148925781250e-03 -1.404732465744018555e-03 -1.384139060974121094e-03 -1.407533884048461914e-03 -1.419126987457275391e-03 -1.410961151123046875e-03 -1.465886831283569336e-03 -1.664549112319946289e-03
6.058822981881590852e-01 6.700485944747924805e-03 6.707966327667236328e-03 6.700009107589721680e-03 6.710886955261230469e-03 6.704747676849365234e-03 6.708055734634399414e-03 6.708234548568725586e-03 6.719917058944702148e-03 6.743282079696655273e-03 6.736576557159423828e-03
6.123350601735468857e-01 -4.110723733901977539e-03 -4.094302654266357422e-03 -4.081636667251586914e-03 -4.081159830093383789e-03 -4.120767116546630859e-03 -4.091024398803710938e-03 -4.092872142791748047e-03 -4.111915826797485352e-03 -4.049420356750488281e-03 -3.834307193756103516e-03
6.187878221589347971e-01 -4.364252090454101562e-03 -4.346400499343872070e-03 -4.386097192764282227e-03 -4.399478435516357422e-03 -4.364788532257080078e-03 -4.365593194961547852e-03 -4.380583763122558594e-03 -4.357606172561645508e-03 -4.412531852722167969e-03 -4.601299762725830078e-03
6.252405841443227086e-01 6.287127733230590820e-03 6.279259920120239258e-03 6.288468837738037109e-03 6.304234266281127930e-03 6.323337554931640625e-03 6.280839443206787109e-03 6.296396255493164062e-03 6.262600421905517578e-03 6.245374679565429688e-03 6.126314401626586914e-03
6.316933461297106200e-01 -9.179115295410156250e-06 2.026557922363281250e-05 6.219744682312011719e-05 2.795457839965820312e-05 -9.387731552124023438e-06 6.362795829772949219e-05 3.820657730102539062e-05 1.800060272216796875e-05 1.116394996643066406e-04 3.453791141510009766e-04
6.381461081150985315e-01 -6.350934505462646484e-03 -6.365805864334106445e-03 -6.384909152984619141e-03 -6.371408700942993164e-03 -6.349712610244750977e-03 -6.365001201629638672e-03 -6.363779306411743164e-03 -6.361275911331176758e-03 -6.386697292327880859e-03 -6.450653076171875000e-03
6.445988701004864430e-01 3.673702478408813477e-03 3.648698329925537109e-03 3.614932298660278320e-03 3.615260124206542969e-03 3.659665584564208984e-03 3.644526004791259766e-03 3.611326217651367188e-03 3.646224737167358398e-03 3.577947616577148438e-03 3.412246704101562500e-03
6.510516320858743544e-01 2.697199583053588867e-03 2.685993909835815430e-03 2.708107233047485352e-03 2.720564603805541992e-03 2.654165029525756836e-03 2.691566944122314453e-03 2.692967653274536133e-03 2.679586410522460938e-03 2.751320600509643555e-03 2.938508987426757812e-03
6.575043940712622659e-01 -5.496144294738769531e-03 -5.516111850738525391e-03 -5.514651536941528320e-03 -5.506366491317749023e-03 -5.525320768356323242e-03 -5.521327257156372070e-03 -5.528718233108520508e-03 -5.516737699508666992e-03 -5.512505769729614258e-03 -5.477517843246459961e-03
6.639571560566501773e-01 8.575022220611572266e-04 8.554458618164062500e-04 8.371174335479736328e-04 8.387565612792968750e-04 8.715093135833740234e-04 8.499324321746826172e-04 8.309781551361083984e-04 8.610188961029052734e-04 8.126497268676757812e-04 6.141662597656250000e-04
6.704099180420379778e-01 4.200220108032226562e-03 4.204809665679931641e-03 4.208266735076904297e-03 4.208117723464965820e-03 4.195272922515869141e-03 4.211962223052978516e-03 4.199206829071044922e-03 4.203617572784423828e-03 4.231691360473632812e-03 4.350066184997558594e-03
6.768626800274260003e-01 -3.182947635650634766e-03 -3.187000751495361328e-03 -3.178715705871582031e-03 -3.165096044540405273e-03 -3.200680017471313477e-03 -3.174006938934326172e-03 -3.159284591674804688e-03 -3.169596195220947266e-03 -3.142207860946655273e-03 -3.055512905120849609e-03
6.833154420128139117e-01 -1.649826765060424805e-03 -1.640588045120239258e-03 -1.652836799621582031e-03 -1.663416624069213867e-03 -1.630425453186035156e-03 -1.665532588958740234e-03 -1.660495996475219727e-03 -1.652240753173828125e-03 -1.688659191131591797e-03 -1.819252967834472656e-03
6.897682039982017121e-01 3.452092409133911133e-03 3.454267978668212891e-03 3.464907407760620117e-03 3.448516130447387695e-03 3.458023071289062500e-03 3.462493419647216797e-03 3.447771072387695312e-03 3.451794385910034180e-03 3.451198339462280273e-03 3.452599048614501953e-03
6.962209659835896236e-01 -4.799365997314453125e-04 -4.630088806152343750e-04 -4.738569259643554688e-04 -4.588067531585693359e-04 -4.934668540954589844e-04 -4.790425300598144531e-04 -4.636049270629882812e-04 -4.703998565673828125e-04 -4.515051841735839844e-04 -3.503859043121337891e-04
7.026737279689775351e-01 -2.566933631896972656e-03 -2.587467432022094727e-03 -2.585232257843017578e-03 -2.587169408798217773e-03 -2.568542957305908203e-03 -2.582103013992309570e-03 -2.590686082839965820e-03 -2.582430839538574219e-03 -2.579778432846069336e-03 -2.611756324768066406e-03
7.091264899543654465e-01 1.436233520507812500e-03 1.417338848114013672e-03 1.420676708221435547e-03 1.432448625564575195e-03 1.432448625564575195e-03 1.417785882949829102e-03 1.413732767105102539e-03 1.439630985260009766e-03 1.395314931869506836e-03 1.313120126724243164e-03
7.155792519397533580e-01 1.993924379348754883e-03 1.983255147933959961e-03 2.004742622375488281e-03 1.997113227844238281e-03 1.982063055038452148e-03 1.994848251342773438e-03 1.997202634811401367e-03 2.002567052841186523e-03 2.017259597778320312e-03 2.072066068649291992e-03
7.220320139251412694e-01 -2.313703298568725586e-03 -2.310842275619506836e-03 -2.296626567840576172e-03 -2.300411462783813477e-03 -2.310901880264282227e-03 -2.292901277542114258e-03 -2.298682928085327148e-03 -2.305626869201660156e-03 -2.283841371536254883e-03 -2.231687307357788086e-03
7.284847759105291809e-01 -5.528032779693603516e-04 -5.630552768707275391e-04 -5.709528923034667969e-04 -5.732476711273193359e-04 -5.486309528350830078e-04 -5.689561367034912109e-04 -5.675554275512695312e-04 -5.626976490020751953e-04 -5.987286567687988281e-04 -6.825029850006103516e-04
7.349375378959170924e-01 3.022551536560058594e-03 3.027379512786865234e-03 3.030151128768920898e-03 3.020048141479492188e-03 3.028661012649536133e-03 3.032296895980834961e-03 3.037184476852416992e-03 3.032088279724121094e-03 3.038287162780761719e-03 3.039747476577758789e-03
7.413902998813050038e-01 -1.198410987854003906e-03 -1.200407743453979492e-03 -1.174747943878173828e-03 -1.176238059997558594e-03 -1.186162233352661133e-03 -1.180082559585571289e-03 -1.172870397567749023e-03 -1.187980175018310547e-03 -1.152664422988891602e-03 -1.039505004882812500e-03
7.478430618666929153e-01 -2.416729927062988281e-03 -2.426862716674804688e-03 -2.434313297271728516e-03 -2.423226833343505859e-03 -2.427011728286743164e-03 -2.446681261062622070e-03 -2.440392971038818359e-03 -2.431273460388183594e-03 -2.438247203826904297e-03 -2.523869276046752930e-03
7.542958238520808267e-01 2.579182386398315430e-03 2.602636814117431641e-03 2.585113048553466797e-03 2.601295709609985352e-03 2.599775791168212891e-03 2.585709095001220703e-03 2.593636512756347656e-03 2.587616443634033203e-03 2.591043710708618164e-03 2.528518438339233398e-03
7.607485858374687382e-01 3.679394721984863281e-04 3.777742385864257812e-04 3.641545772552490234e-04 3.903210163116455078e-04 3.499984741210937500e-04 3.892183303833007812e-04 3.830194473266601562e-04 3.835856914520263672e-04 4.099309444427490234e-04 5.174875259399414062e-04
7.672013478228566496e-01 -2.608865499496459961e-03 -2.592980861663818359e-03 -2.614647150039672852e-03 -2.603083848953247070e-03 -2.586007118225097656e-03 -2.591460943222045898e-03 -2.601444721221923828e-03 -2.601057291030883789e-03 -2.609670162200927734e-03 -2.646654844284057617e-03
7.736541098082445611e-01 1.872956752777099609e-03 1.871973276138305664e-03 1.881927251815795898e-03 1.869887113571166992e-03 1.880943775177001953e-03 1.878142356872558594e-03 1.863121986389160156e-03 1.874446868896484375e-03 1.861512660980224609e-03 1.782506704330444336e-03
7.801068717936323615e-01 1.600474119186401367e-03 1.607924699783325195e-03 1.616984605789184570e-03 1.611500978469848633e-03 1.598715782165527344e-03 1.594364643096923828e-03 1.632094383239746094e-03 1.619249582290649414e-03 1.640766859054565430e-03 1.714378595352172852e-03
7.865596337790202730e-01 -2.064228057861328125e-03 -2.078026533126831055e-03 -2.074003219604492188e-03 -2.074688673019409180e-03 -2.067565917968750000e-03 -2.071976661682128906e-03 -2.060800790786743164e-03 -2.070426940917968750e-03 -2.064257860183715820e-03 -2.054899930953979492e-03
7.930123957644081845e-01 6.563067436218261719e-04 6.458163261413574219e-04 6.331503391265869141e-04 6.447434425354003906e-04 6.565451622009277344e-04 6.544589996337890625e-04 6.336867809295654297e-04 6.379783153533935547e-04 6.173253059387207031e-04 5.711615085601806641e-04
7.994651577497960959e-01 1.558482646942138672e-03 1.544743776321411133e-03 1.552432775497436523e-03 1.551508903503417969e-03 1.550853252410888672e-03 1.536875963211059570e-03 1.548558473587036133e-03 1.553416252136230469e-03 1.572698354721069336e-03 1.589298248291015625e-03
8.059179197351840074e-01 -1.462638378143310547e-03 -1.445174217224121094e-03 -1.458853483200073242e-03 -1.460552215576171875e-03 -1.461386680603027344e-03 -1.463741064071655273e-03 -1.468122005462646484e-03 -1.455813646316528320e-03 -1.454710960388183594e-03 -1.417607069015502930e-03
8.123706817205719188e-01 -7.640421390533447266e-04 -7.664561271667480469e-04 -7.738173007965087891e-04 -7.655322551727294922e-04 -7.637441158294677734e-04 -7.677972316741943359e-04 -7.783770561218261719e-04 -7.652342319488525391e-04 -7.791519165039062500e-04 -8.234977722167968750e-04
8.188234437059598303e-01 1.392781734466552734e-03 1.408934593200683594e-03 1.382768154144287109e-03 1.394629478454589844e-03 1.394033432006835938e-03 1.399606466293334961e-03 1.382678747177124023e-03 1.380503177642822266e-03 1.397997140884399414e-03 1.367449760437011719e-03
8.252762056913477418e-01 -3.160536289215087891e-04 -3.162622451782226562e-04 -3.283917903900146484e-04 -3.055930137634277344e-04 -3.289580345153808594e-04 -3.189742565155029297e-04 -3.069639205932617188e-04 -3.095269203186035156e-04 -2.996325492858886719e-04 -2.834200859069824219e-04
8.317289676767356532e-01 -1.072406768798828125e-03 -1.071006059646606445e-03 -1.065969467163085938e-03 -1.072078943252563477e-03 -1.072376966476440430e-03 -1.080781221389770508e-03 -1.078486442565917969e-03 -1.076310873031616211e-03 -1.078009605407714844e-03 -1.077651977539062500e-03
8.381817296621235647e-01 6.322860717773437500e-04 6.230771541595458984e-04 6.276369094848632812e-04 6.376206874847412109e-04 6.385743618011474609e-04 6.355643272399902344e-04 6.336569786071777344e-04 6.327927112579345703e-04 6.206631660461425781e-04 6.081461906433105469e-04
8.446344916475114761e-01 6.375610828399658203e-04 6.318092346191406250e-04 6.312429904937744141e-04 6.319582462310791016e-04 6.176233291625976562e-04 6.270408630371093750e-04 6.315410137176513672e-04 6.292760372161865234e-04 6.320178508758544922e-04 6.456077098846435547e-04
8.510872536328993876e-01 -3.769397735595703125e-04 -3.819763660430908203e-04 -3.840327262878417969e-04 -3.810822963714599609e-04 -3.908872604370117188e-04 -3.870129585266113281e-04 -3.822147846221923828e-04 -3.861784934997558594e-04 -3.670156002044677734e-04 -3.630518913269042969e-04
8.575400156182872990e-01 -5.717277526855468750e-04 -5.758106708526611328e-04 -5.706846714019775391e-04 -5.677640438079833984e-04 -5.782246589660644531e-04 -5.720853805541992188e-04 -5.797147750854492188e-04 -5.700290203094482422e-04 -5.733966827392578125e-04 -5.890727043151855469e-04
8.639927776036752105e-01 4.118978977203369141e-04 4.144012928009033203e-04 3.994703292846679688e-04 3.999173641204833984e-04 3.992915153503417969e-04 4.081726074218750000e-04 4.074871540069580078e-04 4.005134105682373047e-04 3.910064697265625000e-04 3.634691238403320312e-04
8.704455395890630109e-01 1.870393753051757812e-04 1.782178878784179688e-04 1.939833164215087891e-04 1.907050609588623047e-04 1.703798770904541016e-04 1.882910728454589844e-04 1.885294914245605469e-04 1.854598522186279297e-04 1.883506774902343750e-04 2.322196960449218750e-04
8.768983015744509224e-01 -7.894039154052734375e-04 -7.781982421875000000e-04 -7.855296134948730469e-04 -7.830262184143066406e-04 -7.876157760620117188e-04 -7.861554622650146484e-04 -7.948875427246093750e-04 -8.007884025573730469e-04 -7.930994033813476562e-04 -7.807910442352294922e-04
8.833510635598388339e-01 3.598630428314208984e-04 3.510415554046630859e-04 3.533661365509033203e-04 3.456175327301025391e-04 3.585219383239746094e-04 3.597438335418701172e-04 3.476142883300781250e-04 3.490447998046875000e-04 3.529191017150878906e-04 3.051459789276123047e-04
8.898038255452267453e-01 7.303059101104736328e-04 7.337927818298339844e-04 7.306039333343505859e-04 7.265806198120117188e-04 7.368624210357666016e-04 7.487535476684570312e-04 7.394254207611083984e-04 7.357001304626464844e-04 7.541775703430175781e-04 7.613897323608398438e-04
8.962565875306146568e-01 -8.150041103363037109e-04 -8.239150047302246094e-04 -8.156299591064453125e-04 -8.197128772735595703e-04 -8.140504360198974609e-04 -8.194744586944580078e-04 -8.022487163543701172e-04 -8.184313774108886719e-04 -8.183121681213378906e-04 -7.785260677337646484e-04
9.027093495160025682e-01 -2.928674221038818359e-04 -2.799034118652343750e-04 -3.001391887664794922e-04 -2.850890159606933594e-04 -2.865791320800781250e-04 -2.848803997039794922e-04 -2.833902835845947266e-04 -2.863407135009765625e-04 -2.896487712860107422e-04 -3.265440464019775391e-04
9.091621115013904797e-01 8.423030376434326172e-04 8.468329906463623047e-04 8.489787578582763672e-04 8.469223976135253906e-04 8.511543273925781250e-04 8.324682712554931641e-04 8.430480957031250000e-04 8.378624916076660156e-04 8.333623409271240234e-04 8.401870727539062500e-04
9.156148734867783912e-01 -1.635551452636718750e-04 -1.668035984039306641e-04 -1.678764820098876953e-04 -1.756846904754638672e-04 -1.650154590606689453e-04 -1.688301563262939453e-04 -1.715123653411865234e-04 -1.641511917114257812e-04 -1.650452613830566406e-04 -1.263916492462158203e-04
9.220676354721663026e-01 -5.625188350677490234e-04 -5.418062210083007812e-04 -5.680322647094726562e-04 -5.653798580169677734e-04 -5.603134632110595703e-04 -5.637407302856445312e-04 -5.621612071990966797e-04 -5.604922771453857422e-04 -5.636215209960937500e-04 -5.870759487152099609e-04
9.285203974575542141e-01 3.777444362640380859e-04 3.704726696014404297e-04 3.598928451538085938e-04 3.759860992431640625e-04 3.753900527954101562e-04 3.653764724731445312e-04 3.698468208312988281e-04 3.654658794403076172e-04 3.575086593627929688e-04 3.485381603240966797e-04
9.349731594429421255e-01 3.364682197570800781e-04 3.351569175720214844e-04 3.305971622467041016e-04 3.491640090942382812e-04 3.257989883422851562e-04 3.358125686645507812e-04 3.402829170227050781e-04 3.447830677032470703e-04 3.417730331420898438e-04 3.574192523956298828e-04
9.414259214283300370e-01 -5.117058753967285156e-04 -5.103647708892822266e-04 -5.067586898803710938e-04 -5.082190036773681641e-04 -5.080699920654296875e-04 -5.108118057250976562e-04 -5.070865154266357422e-04 -5.154013633728027344e-04 -5.053281784057617188e-04 -4.879236221313476562e-04
9.478786834137179484e-01 -4.053115844726562500e-05 -2.786517143249511719e-05 -3.659725189208984375e-05 -2.676248550415039062e-05 -2.700090408325195312e-05 -2.354383468627929688e-05 -3.024935722351074219e-05 -2.816319465637207031e-05 -3.999471664428710938e-05 -5.781650543212890625e-05
9.543314453991058599e-01 6.312429904937744141e-04 6.224811077117919922e-04 6.331205368041992188e-04 6.208121776580810547e-04 6.326138973236083984e-04 6.336867809295654297e-04 6.230473518371582031e-04 6.201863288879394531e-04 6.161928176879882812e-04 6.196200847625732422e-04
9.607842073844936603e-01 -3.019869327545166016e-04 -3.039240837097167969e-04 -3.000497817993164062e-04 -2.932250499725341797e-04 -3.070235252380371094e-04 -2.853870391845703125e-04 -2.964735031127929688e-04 -2.996921539306640625e-04 -2.821087837219238281e-04 -2.725422382354736328e-04
9.672369693698815718e-01 -5.647838115692138672e-04 -5.730986595153808594e-04 -5.671679973602294922e-04 -5.719065666198730469e-04 -5.722045898437500000e-04 -5.709230899810791016e-04 -5.642473697662353516e-04 -5.705654621124267578e-04 -5.788803100585937500e-04 -5.832314491271972656e-04
9.736897313552694833e-01 5.406439304351806641e-04 5.538165569305419922e-04 5.349516868591308594e-04 5.496740341186523438e-04 5.329251289367675781e-04 5.421936511993408203e-04 5.386173725128173828e-04 5.368292331695556641e-04 5.571842193603515625e-04 5.252063274383544922e-04
9.801424933406573947e-01 2.988278865814208984e-04 2.817213535308837891e-04 2.847611904144287109e-04 2.940297126770019531e-04 2.828240394592285156e-04 2.917647361755371094e-04 2.937912940979003906e-04 2.808570861816406250e-04 2.923607826232910156e-04 3.171861171722412109e-04
9.865952553260453062e-01 -6.824135780334472656e-04 -6.705522537231445312e-04 -6.759464740753173828e-04 -6.758272647857666016e-04 -6.816685199737548828e-04 -6.681680679321289062e-04 -6.764829158782958984e-04 -6.839931011199951172e-04 -6.708204746246337891e-04 -6.744563579559326172e-04
9.930480173114332176e-01 9.623169898986816406e-05 1.018345355987548828e-04 1.032650470733642578e-04 1.001656055450439453e-04 1.097917556762695312e-04 9.709596633911132812e-05 1.033842563629150391e-04 1.068413257598876953e-04 9.045004844665527344e-05 5.912780761718750000e-05
9.995007792968211291e-01 5.956888198852539062e-04 5.935132503509521484e-04 6.118416786193847656e-04 6.046891212463378906e-04 5.995929241180419922e-04 5.953311920166015625e-04 6.035566329956054688e-04 5.987286567687988281e-04 6.001293659210205078e-04 6.202161312103271484e-04
1.005953541282209152e+00 -4.655718803405761719e-04 -4.798471927642822266e-04 -4.702210426330566406e-04 -4.689395427703857422e-04 -4.754960536956787109e-04 -4.756450653076171875e-04 -4.807710647583007812e-04 -4.733502864837646484e-04 -4.734098911285400391e-04 -4.538595676422119141e-04
1.012406303267596952e+00 -3.521442413330078125e-04 -3.551244735717773438e-04 -3.663599491119384766e-04 -3.621876239776611328e-04 -3.609061241149902344e-04 -3.687739372253417969e-04 -3.620982170104980469e-04 -3.650784492492675781e-04 -3.665983676910400391e-04 -3.899633884429931641e-04
1.018859065252984752e+00 7.649660110473632812e-04 7.631480693817138672e-04 7.594227790832519531e-04 7.660090923309326172e-04 7.721781730651855469e-04 7.671415805816650391e-04 7.727444171905517578e-04 7.619857788085937500e-04 7.466673851013183594e-04 7.411837577819824219e-04
1.025311827238372775e+00 -1.379251480102539062e-04 -1.352131366729736328e-04 -1.302659511566162109e-04 -1.216530799865722656e-04 -1.321434974670410156e-04 -1.264214515686035156e-04 -1.344382762908935547e-04 -1.341104507446289062e-04 -1.230537891387939453e-04 -9.006261825561523438e-05
1.031764589223760797e+00 -7.609426975250244141e-04 -7.441341876983642578e-04 -7.650554180145263672e-04 -7.478296756744384766e-04 -7.593929767608642578e-04 -7.620453834533691406e-04 -7.549524307250976562e-04 -7.616281509399414062e-04 -7.570683956146240234e-04 -7.625222206115722656e-04
1.038217351209148598e+00 5.884170532226562500e-04 5.808472633361816406e-04 5.761086940765380859e-04 5.719363689422607422e-04 5.830228328704833984e-04 5.737245082855224609e-04 5.731582641601562500e-04 5.859732627868652344e-04 5.603432655334472656e-04 5.451738834381103516e-04
1.044670113194536398e+00 6.088614463806152344e-04 6.169378757476806641e-04 6.136000156402587891e-04 6.143450736999511719e-04 6.078779697418212891e-04 6.092786788940429688e-04 6.170570850372314453e-04 6.091296672821044922e-04 6.159245967864990234e-04 6.369650363922119141e-04
1.051122875179924421e+00 -7.941424846649169922e-04 -8.175075054168701172e-04 -7.992684841156005859e-04 -8.061826229095458984e-04 -8.160769939422607422e-04 -8.062124252319335938e-04 -8.041560649871826172e-04 -8.007884025573730469e-04 -8.102059364318847656e-04 -7.880628108978271484e-04
1.057575637165312221e+00 -2.736449241638183594e-04 -2.863407135009765625e-04 -2.834796905517578125e-04 -2.934634685516357422e-04 -2.801418304443359375e-04 -2.839565277099609375e-04 -2.871751785278320312e-04 -2.883672714233398438e-04 -2.947449684143066406e-04 -3.319084644317626953e-04
1.064028399150700022e+00 7.528364658355712891e-04 7.433295249938964844e-04 7.429420948028564453e-04 7.470846176147460938e-04 7.556378841400146484e-04 7.412433624267578125e-04 7.430315017700195312e-04 7.407665252685546875e-04 7.504224777221679688e-04 7.452368736267089844e-04
1.070481161136088044e+00 -6.512105464935302734e-04 -6.529092788696289062e-04 -6.407797336578369141e-04 -6.413161754608154297e-04 -6.458461284637451172e-04 -6.301701068878173828e-04 -6.336867809295654297e-04 -6.582438945770263672e-04 -6.358325481414794922e-04 -5.819201469421386719e-04
1.076933923121476067e+00 -1.043379306793212891e-04 -1.237094402313232422e-04 -1.228749752044677734e-04 -1.040399074554443359e-04 -1.079142093658447266e-04 -1.055598258972167969e-04 -1.083016395568847656e-04 -1.118183135986328125e-04 -1.122653484344482422e-04 -1.512169837951660156e-04
1.083386685106863867e+00 8.094906806945800781e-04 8.056759834289550781e-04 8.001327514648437500e-04 8.113682270050048828e-04 8.052885532379150391e-04 8.094608783721923828e-04 8.106231689453125000e-04 8.077919483184814453e-04 8.021593093872070312e-04 8.000433444976806641e-04
1.089839447092251667e+00 -6.545782089233398438e-04 -6.527602672576904297e-04 -6.397664546966552734e-04 -6.428360939025878906e-04 -6.416141986846923828e-04 -6.529390811920166016e-04 -6.428062915802001953e-04 -6.373822689056396484e-04 -6.332993507385253906e-04 -6.081759929656982422e-04
1.096292209077639690e+00 -5.560219287872314453e-04 -5.716383457183837891e-04 -5.750358104705810547e-04 -5.742609500885009766e-04 -5.627572536468505859e-04 -5.835890769958496094e-04 -5.718171596527099609e-04 -5.694329738616943359e-04 -5.749166011810302734e-04 -5.967020988464355469e-04
1.102744971063027712e+00 4.253387451171875000e-04 4.269182682037353516e-04 4.197061061859130859e-04 4.101097583770751953e-04 4.251599311828613281e-04 4.101097583770751953e-04 4.281699657440185547e-04 4.186034202575683594e-04 4.232227802276611328e-04 3.922581672668457031e-04
1.109197733048415513e+00 1.083016395568847656e-04 1.162290573120117188e-04 1.252889633178710938e-04 1.116991043090820312e-04 1.034438610076904297e-04 1.233518123626708984e-04 1.256763935089111328e-04 1.146793365478515625e-04 1.263618469238281250e-04 1.389682292938232422e-04
1.115650495033803313e+00 -1.039355993270874023e-03 -1.045644283294677734e-03 -1.052141189575195312e-03 -1.039952039718627930e-03 -1.031070947647094727e-03 -1.029044389724731445e-03 -1.042723655700683594e-03 -1.027137041091918945e-03 -1.031607389450073242e-03 -1.017361879348754883e-03
1.122103257019191336e+00 1.664459705352783203e-04 1.532435417175292969e-04 1.387298107147216797e-04 1.646876335144042969e-04 1.528263092041015625e-04 1.650452613830566406e-04 1.554191112518310547e-04 1.600682735443115234e-04 1.408457756042480469e-04 1.161098480224609375e-04
1.128556019004579358e+00 5.520880222320556641e-04 5.638897418975830078e-04 5.538761615753173828e-04 5.723237991333007812e-04 5.461573600769042969e-04 5.554556846618652344e-04 5.649626255035400391e-04 5.592405796051025391e-04 5.665421485900878906e-04 5.851089954376220703e-04
1.135008780989967159e+00 -8.150339126586914062e-04 -8.196532726287841797e-04 -8.319318294525146484e-04 -8.136928081512451172e-04 -8.184909820556640625e-04 -8.124113082885742188e-04 -8.189380168914794922e-04 -8.209347724914550781e-04 -8.205175399780273438e-04 -7.985234260559082031e-04
1.141461542975354959e+00 -1.161992549896240234e-04 -1.108646392822265625e-04 -1.195967197418212891e-04 -1.191198825836181641e-04 -1.092553138732910156e-04 -1.212060451507568359e-04 -1.236796379089355469e-04 -1.268088817596435547e-04 -1.228451728820800781e-04 -1.389384269714355469e-04
1.147914304960742982e+00 7.767379283905029297e-04 7.818043231964111328e-04 7.654130458831787109e-04 7.728636264801025391e-04 7.715225219726562500e-04 7.788538932800292969e-04 7.747113704681396484e-04 7.751286029815673828e-04 7.812082767486572266e-04 7.787942886352539062e-04
1.154367066946130782e+00 -3.159940242767333984e-04 -2.991259098052978516e-04 -3.043711185455322266e-04 -3.061890602111816406e-04 -3.175139427185058594e-04 -3.092885017395019531e-04 -3.120005130767822266e-04 -3.027915954589843750e-04 -2.971589565277099609e-04 -2.735257148742675781e-04
1.160819828931518582e+00 -3.935098648071289062e-04 -4.072487354278564453e-04 -4.052519798278808594e-04 -4.007220268249511719e-04 -4.086196422576904297e-04 -3.917515277862548828e-04 -4.071295261383056641e-04 -4.046261310577392578e-04 -3.982484340667724609e-04 -4.033148288726806641e-04
1.167272590916906605e+00 5.209743976593017578e-04 5.358457565307617188e-04 5.182623863220214844e-04 5.266964435577392578e-04 5.301833152770996094e-04 5.249977111816406250e-04 5.311071872711181641e-04 5.346238613128662109e-04 5.163550376892089844e-04 5.118548870086669922e-04
1.173725352902294627e+00 7.566809654235839844e-05 6.836652755737304688e-05 7.671117782592773438e-05 7.835030555725097656e-05 7.602572441101074219e-05 8.276104927062988281e-05 8.457899093627929688e-05 9.083747863769531250e-05 8.979439735412597656e-05 1.201629638671875000e-04
1.180178114887682428e+00 -5.752742290496826172e-04 -5.709230899810791016e-04 -5.675256252288818359e-04 -5.740523338317871094e-04 -5.738735198974609375e-04 -5.591213703155517578e-04 -5.755424499511718750e-04 -5.775690078735351562e-04 -5.682706832885742188e-04 -5.631148815155029297e-04
1.186630876873070450e+00 2.866983413696289062e-04 2.968311309814453125e-04 2.813339233398437500e-04 2.816021442413330078e-04 2.884864807128906250e-04 2.878010272979736328e-04 3.065168857574462891e-04 2.826154232025146484e-04 2.877414226531982422e-04 2.540647983551025391e-04
1.193083638858458251e+00 4.360377788543701172e-04 4.243552684783935547e-04 4.237592220306396484e-04 4.212260246276855469e-04 4.343390464782714844e-04 4.317164421081542969e-04 4.107356071472167969e-04 4.182159900665283203e-04 4.263818264007568359e-04 4.329383373260498047e-04
1.199536400843846051e+00 -3.678500652313232422e-04 -3.565549850463867188e-04 -3.622472286224365234e-04 -3.536641597747802734e-04 -3.683567047119140625e-04 -3.542006015777587891e-04 -3.804862499237060547e-04 -3.668069839477539062e-04 -3.532469272613525391e-04 -3.523528575897216797e-04
1.205989162829234074e+00 -1.515150070190429688e-04 -1.551210880279541016e-04 -1.527070999145507812e-04 -1.646280288696289062e-04 -1.475512981414794922e-04 -1.601874828338623047e-04 -1.493096351623535156e-04 -1.553297042846679688e-04 -1.545846462249755859e-04 -1.763403415679931641e-04
1.212441924814621874e+00 4.597902297973632812e-04 4.651546478271484375e-04 4.635453224182128906e-04 4.517734050750732422e-04 4.567205905914306641e-04 4.584193229675292969e-04 4.631578922271728516e-04 4.601776599884033203e-04 4.639625549316406250e-04 4.497766494750976562e-04
1.218894686800009897e+00 -3.093481063842773438e-05 -1.826882362365722656e-05 -2.178549766540527344e-05 -1.516938209533691406e-05 -1.773238182067871094e-05 -1.177191734313964844e-05 -1.275539398193359375e-05 -1.695752143859863281e-05 -9.357929229736328125e-06 3.248453140258789062e-06
1.225347448785397697e+00 -3.176331520080566406e-04 -3.104209899902343750e-04 -3.119111061096191406e-04 -3.193318843841552734e-04 -3.082752227783203125e-04 -3.192424774169921875e-04 -3.101229667663574219e-04 -3.233850002288818359e-04 -3.077089786529541016e-04 -3.223419189453125000e-04
1.231800210770785720e+00 3.159344196319580078e-04 3.216266632080078125e-04 3.100931644439697266e-04 3.196597099304199219e-04 3.257095813751220703e-04 3.064572811126708984e-04 3.133714199066162109e-04 3.218352794647216797e-04 3.173351287841796875e-04 3.126561641693115234e-04
1.238252972756173520e+00 8.359551429748535156e-05 7.900595664978027344e-05 7.244944572448730469e-05 8.052587509155273438e-05 7.805228233337402344e-05 8.118152618408203125e-05 7.897615432739257812e-05 7.680058479309082031e-05 7.629394531250000000e-05 8.949637413024902344e-05
1.244705734741561542e+00 -3.066956996917724609e-04 -2.993941307067871094e-04 -3.163218498229980469e-04 -2.919137477874755859e-04 -3.212988376617431641e-04 -3.052055835723876953e-04 -3.087818622589111328e-04 -3.100037574768066406e-04 -3.003776073455810547e-04 -3.144443035125732422e-04
1.251158496726949343e+00 7.140636444091796875e-05 7.069110870361328125e-05 6.929039955139160156e-05 7.382035255432128906e-05 7.113814353942871094e-05 7.173418998718261719e-05 8.174777030944824219e-05 8.165836334228515625e-05 6.806850433349609375e-05 6.091594696044921875e-05
1.257611258712337365e+00 2.488493919372558594e-04 2.443194389343261719e-04 2.382099628448486328e-04 2.370476722717285156e-04 2.363324165344238281e-04 2.413094043731689453e-04 2.416372299194335938e-04 2.433359622955322266e-04 2.371072769165039062e-04 2.414584159851074219e-04
1.264064020697725166e+00 -1.992881298065185547e-04 -1.902282238006591797e-04 -1.986026763916015625e-04 -1.947581768035888672e-04 -1.922249794006347656e-04 -1.911818981170654297e-04 -1.934766769409179688e-04 -1.983940601348876953e-04 -1.971125602722167969e-04 -1.806914806365966797e-04
1.270516782683113188e+00 -2.192556858062744141e-04 -2.052783966064453125e-04 -2.121627330780029297e-04 -2.221167087554931641e-04 -2.028644084930419922e-04 -2.088248729705810547e-04 -2.175867557525634766e-04 -2.197027206420898438e-04 -2.062320709228515625e-04 -2.135038375854492188e-04
1.276969544668500989e+00 2.394020557403564453e-04 2.335608005523681641e-04 2.333521842956542969e-04 2.406835556030273438e-04 2.478659152984619141e-04 2.410113811492919922e-04 2.426803112030029297e-04 2.412199974060058594e-04 2.448260784149169922e-04 2.392828464508056641e-04
1.283422306653888789e+00 7.969141006469726562e-05 6.395578384399414062e-05 7.098913192749023438e-05 7.754564285278320312e-05 7.241964340209960938e-05 6.332993507385253906e-05 7.751584053039550781e-05 8.037686347961425781e-05 7.346272468566894531e-05 8.064508438110351562e-05
1.289875068639276812e+00 -3.107786178588867188e-04 -3.159344196319580078e-04 -3.062784671783447266e-04 -3.061592578887939453e-04 -3.085732460021972656e-04 -3.107190132141113281e-04 -3.172755241394042969e-04 -3.103017807006835938e-04 -3.060996532440185547e-04 -3.149211406707763672e-04
1.296327830624664612e+00 1.823306083679199219e-04 1.775920391082763672e-04 1.752972602844238281e-04 1.697242259979248047e-04 1.791417598724365234e-04 1.859962940216064453e-04 1.622438430786132812e-04 1.837909221649169922e-04 1.707375049591064453e-04 1.628100872039794922e-04
1.302780592610052635e+00 1.886785030364990234e-04 1.968145370483398438e-04 1.738071441650390625e-04 1.855194568634033203e-04 1.862347126007080078e-04 1.921653747558593750e-04 1.896917819976806641e-04 1.829862594604492188e-04 1.960694789886474609e-04 1.957416534423828125e-04
1.309233354595440435e+00 -4.002451896667480469e-04 -3.991425037384033203e-04 -3.933310508728027344e-04 -4.016160964965820312e-04 -4.024505615234375000e-04 -4.011392593383789062e-04 -3.902316093444824219e-04 -4.028677940368652344e-04 -3.976821899414062500e-04 -3.928542137145996094e-04
1.315686116580828458e+00 1.359581947326660156e-04 1.402199268341064453e-04 1.434981822967529297e-04 1.482069492340087891e-04 1.483559608459472656e-04 1.380443572998046875e-04 1.309216022491455078e-04 1.382827758789062500e-04 1.406669616699218750e-04 1.262128353118896484e-04
1.322138878566216258e+00 2.752542495727539062e-04 2.594292163848876953e-04 2.755522727966308594e-04 2.574622631072998047e-04 2.733767032623291016e-04 2.608001232147216797e-04 2.673864364624023438e-04 2.800226211547851562e-04 2.705454826354980469e-04 2.667605876922607422e-04
1.328591640551604280e+00 -3.253519535064697266e-04 -3.111064434051513672e-04 -3.135204315185546875e-04 -3.132522106170654297e-04 -3.222227096557617188e-04 -3.131926059722900391e-04 -3.125667572021484375e-04 -3.110766410827636719e-04 -3.121495246887207031e-04 -3.093779087066650391e-04
1.335044402536992081e+00 -4.881620407104492188e-05 -3.382563591003417969e-05 -4.529953002929687500e-05 -4.151463508605957031e-05 -4.684925079345703125e-05 -5.000829696655273438e-05 -4.032254219055175781e-05 -3.758072853088378906e-05 -4.410743713378906250e-05 -7.614493370056152344e-05
1.341497164522380103e+00 3.088414669036865234e-04 3.116130828857421875e-04 3.139674663543701172e-04 3.086626529693603516e-04 3.156960010528564453e-04 3.068447113037109375e-04 3.215074539184570312e-04 3.184974193572998047e-04 3.077387809753417969e-04 3.052651882171630859e-04
1.347949926507767904e+00 -1.731812953948974609e-04 -1.602470874786376953e-04 -1.703202724456787109e-04 -1.575648784637451172e-04 -1.547038555145263672e-04 -1.566410064697265625e-04 -1.763999462127685547e-04 -1.620054244995117188e-04 -1.696944236755371094e-04 -1.685321331024169922e-04
1.354402688493155926e+00 -4.443526268005371094e-05 -3.618001937866210938e-05 -4.932284355163574219e-05 -4.509091377258300781e-05 -3.686547279357910156e-05 -4.604458808898925781e-05 -4.342198371887207031e-05 -3.162026405334472656e-05 -4.291534423828125000e-05 -5.659461021423339844e-05
1.360855450478543727e+00 2.114474773406982422e-04 2.051293849945068359e-04 2.078711986541748047e-04 2.019703388214111328e-04 2.102255821228027344e-04 1.999139785766601562e-04 1.991093158721923828e-04 2.062916755676269531e-04 1.985132694244384766e-04 2.045035362243652344e-04
1.367308212463931749e+00 -2.374947071075439453e-04 -2.457499504089355469e-04 -2.350807189941406250e-04 -2.476871013641357422e-04 -2.510547637939453125e-04 -2.459585666656494141e-04 -2.447664737701416016e-04 -2.478659152984619141e-04 -2.373456954956054688e-04 -2.251565456390380859e-04
1.373760974449319550e+00 -1.350045204162597656e-05 -1.654028892517089844e-05 -1.451373100280761719e-05 -2.744793891906738281e-05 -2.327561378479003906e-05 -1.415610313415527344e-05 -2.068281173706054688e-05 -1.686811447143554688e-05 -3.430247306823730469e-05 -3.987550735473632812e-05
1.380213736434707350e+00 1.574754714965820312e-04 1.671016216278076172e-04 1.584887504577636719e-04 1.793503761291503906e-04 1.578629016876220703e-04 1.703202724456787109e-04 1.765191555023193359e-04 1.685917377471923828e-04 1.782476902008056641e-04 1.732110977172851562e-04
1.386666498420095373e+00 -6.079673767089843750e-05 -6.198883056640625000e-05 -7.131695747375488281e-05 -5.957484245300292969e-05 -5.194544792175292969e-05 -6.476044654846191406e-05 -6.332993507385253906e-05 -7.656216621398925781e-05 -6.702542304992675781e-05 -5.927681922912597656e-05
1.393119260405483173e+00 5.698204040527343750e-05 6.622076034545898438e-05 5.578994750976562500e-05 5.862116813659667969e-05 5.465745925903320312e-05 6.204843521118164062e-05 6.315112113952636719e-05 6.207823753356933594e-05 5.048513412475585938e-05 6.678700447082519531e-05
1.399572022390871195e+00 1.265406608581542969e-04 1.294612884521484375e-04 1.246631145477294922e-04 1.266598701477050781e-04 1.346170902252197266e-04 1.311898231506347656e-04 1.291632652282714844e-04 1.311898231506347656e-04 1.336038112640380859e-04 1.350045204162597656e-04
1.406024784376258996e+00 5.015730857849121094e-05 5.212426185607910156e-05 5.808472633361816406e-05 5.730986595153808594e-05 5.263090133666992188e-05 5.200505256652832031e-05 5.319714546203613281e-05 5.581974983215332031e-05 5.429983139038085938e-05 5.590915679931640625e-05
1.412477546361647018e+00 -2.292394638061523438e-04 -2.180933952331542969e-04 -2.226531505584716797e-04 -2.207159996032714844e-04 -2.203583717346191406e-04 -2.115964889526367188e-04 -2.225041389465332031e-04 -2.098083496093750000e-04 -2.123415470123291016e-04 -2.065002918243408203e-04
1.418930308347034819e+00 3.281235694885253906e-05 2.348423004150390625e-05 2.062320709228515625e-05 1.978874206542968750e-05 2.264976501464843750e-05 3.531575202941894531e-05 1.940131187438964844e-05 2.327561378479003906e-05 2.202391624450683594e-05 2.756714820861816406e-05
1.425383070332422841e+00 1.852810382843017578e-04 1.814663410186767578e-04 1.808702945709228516e-04 1.857280731201171875e-04 1.991689205169677734e-04 1.831650733947753906e-04 1.790523529052734375e-04 1.893639564514160156e-04 1.772344112396240234e-04 1.738965511322021484e-04
1.431835832317810642e+00 -5.438923835754394531e-05 -5.736947059631347656e-05 -5.313754081726074219e-05 -5.242228507995605469e-05 -5.018711090087890625e-05 -4.872679710388183594e-05 -5.233287811279296875e-05 -6.067752838134765625e-05 -5.531311035156250000e-05 -4.407763481140136719e-05
1.438288594303198664e+00 -1.662671566009521484e-04 -1.753568649291992188e-04 -1.740157604217529297e-04 -1.809597015380859375e-04 -1.844763755798339844e-04 -1.833438873291015625e-04 -1.749694347381591797e-04 -1.763999462127685547e-04 -1.747310161590576172e-04 -1.818835735321044922e-04
1.444741356288586465e+00 1.418888568878173828e-04 1.340210437774658203e-04 1.370310783386230469e-04 1.353025436401367188e-04 1.391768455505371094e-04 1.209378242492675781e-04 1.220703125000000000e-04 1.253783702850341797e-04 1.210570335388183594e-04 1.207292079925537109e-04
1.451194118273974487e+00 1.049935817718505859e-04 1.006722450256347656e-04 1.189112663269042969e-04 1.097321510314941406e-04 1.167058944702148438e-04 1.072585582733154297e-04 1.125037670135498047e-04 1.116991043090820312e-04 1.121163368225097656e-04 1.162886619567871094e-04
1.457646880259362288e+00 -9.793043136596679688e-05 -9.346008300781250000e-05 -9.995698928833007812e-05 -9.942054748535156250e-05 -1.007616519927978516e-04 -9.664893150329589844e-05 -9.116530418395996094e-05 -1.005530357360839844e-04 -9.599328041076660156e-05 -9.098649024963378906e-05
1.464099642244750310e+00 1.753866672515869141e-04 1.722872257232666016e-04 1.727938652038574219e-04 1.783668994903564453e-04 1.783668994903564453e-04 1.759827136993408203e-04 1.770555973052978516e-04 1.752972602844238281e-04 1.752078533172607422e-04 1.752972602844238281e-04
1.470552404230138110e+00 3.257393836975097656e-05 4.044175148010253906e-05 4.085898399353027344e-05 4.538893699645996094e-05 4.094839096069335938e-05 4.744529724121093750e-05 5.272030830383300781e-05 4.190206527709960938e-05 4.097819328308105469e-05 4.196166992187500000e-05
1.477005166215525911e+00 -1.599192619323730469e-04 -1.732409000396728516e-04 -1.581907272338867188e-04 -1.643002033233642578e-04 -1.655519008636474609e-04 -1.648366451263427734e-04 -1.685321331024169922e-04 -1.515448093414306641e-04 -1.643300056457519531e-04 -1.602172851562500000e-04
1.483457928200913933e+00 8.463859558105468750e-06 9.238719940185546875e-07 1.400709152221679688e-06 -3.278255462646484375e-06 -5.364418029785156250e-06 4.887580871582031250e-06 -6.198883056640625000e-06 1.001358032226562500e-05 1.251697540283203125e-06 2.890825271606445312e-06
1.489910690186301734e+00 1.665353775024414062e-04 1.722574234008789062e-04 1.764893531799316406e-04 1.672208309173583984e-04 1.631379127502441406e-04 1.626312732696533203e-04 1.788139343261718750e-04 1.694262027740478516e-04 1.721680164337158203e-04 1.709163188934326172e-04
1.496363452171689756e+00 -1.235902309417724609e-04 -1.202821731567382812e-04 -1.127421855926513672e-04 -1.338720321655273438e-04 -1.240074634552001953e-04 -1.186728477478027344e-04 -1.132488250732421875e-04 -1.204013824462890625e-04 -1.194179058074951172e-04 -1.125633716583251953e-04
1.502816214157077557e+00 -4.929304122924804688e-05 -4.491209983825683594e-05 -3.370642662048339844e-05 -4.914402961730957031e-05 -3.364682197570800781e-05 -4.386901855468750000e-05 -4.583597183227539062e-05 -5.412101745605468750e-05 -4.523992538452148438e-05 -5.441904067993164062e-05
1.509268976142465579e+00 1.117885112762451172e-04 1.208186149597167969e-04 1.127719879150390625e-04 1.228451728820800781e-04 1.228153705596923828e-04 1.165866851806640625e-04 1.215636730194091797e-04 1.211166381835937500e-04 1.114904880523681641e-04 1.198053359985351562e-04
1.515721738127853380e+00 -4.830956459045410156e-05 -4.881620407104492188e-05 -4.813075065612792969e-05 -4.452466964721679688e-05 -3.224611282348632812e-05 -5.096197128295898438e-05 -4.130601882934570312e-05 -5.164742469787597656e-05 -5.611777305603027344e-05 -3.480911254882812500e-05
1.522174500113241402e+00 -6.520748138427734375e-05 -7.343292236328125000e-05 -6.419420242309570312e-05 -6.136298179626464844e-05 -7.209181785583496094e-05 -8.478760719299316406e-05 -6.368756294250488281e-05 -7.593631744384765625e-05 -6.827712059020996094e-05 -6.985664367675781250e-05
1.528627262098629203e+00 1.025497913360595703e-04 9.948015213012695312e-05 1.127421855926513672e-04 1.030564308166503906e-04 1.068711280822753906e-04 1.100897789001464844e-04 1.042783260345458984e-04 1.136958599090576172e-04 1.056492328643798828e-04 1.131594181060791016e-04
1.535080024084017225e+00 -3.355741500854492188e-05 -3.466010093688964844e-05 -6.258487701416015625e-06 -2.446770668029785156e-05 -2.703070640563964844e-05 -3.722310066223144531e-05 -2.461671829223632812e-05 -3.096461296081542969e-05 -2.565979957580566406e-05 -1.418590545654296875e-05
1.541532786069405025e+00 -1.340210437774658203e-04 -1.173615455627441406e-04 -1.211762428283691406e-04 -1.242160797119140625e-04 -1.309514045715332031e-04 -1.195669174194335938e-04 -1.150965690612792969e-04 -1.192986965179443359e-04 -1.210570335388183594e-04 -1.250803470611572266e-04
1.547985548054793048e+00 9.828805923461914062e-05 9.688735008239746094e-05 9.655952453613281250e-05 9.039044380187988281e-05 9.751319885253906250e-05 1.110434532165527344e-04 1.096725463867187500e-04 9.742379188537597656e-05 1.005232334136962891e-04 1.107156276702880859e-04
1.554438310040180848e+00 2.071261405944824219e-05 3.352761268615722656e-05 2.542138099670410156e-05 2.536177635192871094e-05 3.290176391601562500e-05 1.424551010131835938e-05 3.412365913391113281e-05 2.500414848327636719e-05 2.616643905639648438e-05 3.156065940856933594e-05
1.560891072025568649e+00 -6.330013275146484375e-05 -5.251169204711914062e-05 -5.713105201721191406e-05 -5.069375038146972656e-05 -5.736947059631347656e-05 -5.328655242919921875e-05 -5.963444709777832031e-05 -5.340576171875000000e-05 -6.267428398132324219e-05 -4.896521568298339844e-05
1.567343834010956671e+00 -7.033348083496093750e-06 -1.308321952819824219e-05 -1.209974288940429688e-05 -1.594424247741699219e-05 -1.922249794006347656e-05 -6.109476089477539062e-06 -1.230835914611816406e-05 -5.125999450683593750e-06 -2.980232238769531250e-06 -8.791685104370117188e-06
1.573796595996344472e+00 3.027915954589843750e-05 2.837181091308593750e-05 3.060698509216308594e-05 2.363324165344238281e-05 2.628564834594726562e-05 3.370642662048339844e-05 1.916289329528808594e-05 3.427267074584960938e-05 2.589821815490722656e-05 3.701448440551757812e-05
1.580249357981732494e+00 -1.224875450134277344e-05 -1.525878906250000000e-05 -1.788139343261718750e-05 -2.032518386840820312e-05 -7.271766662597656250e-06 -4.798173904418945312e-06 -1.037120819091796875e-05 -6.198883056640625000e-06 -1.466274261474609375e-05 -1.236796379089355469e-05
1.586702119967120295e+00 -5.614757537841796875e-05 -4.190206527709960938e-05 -4.398822784423828125e-05 -4.708766937255859375e-05 -5.492568016052246094e-05 -4.729628562927246094e-05 -4.759430885314941406e-05 -5.850195884704589844e-05 -4.544854164123535156e-05 -3.662705421447753906e-05
1.593154881952508317e+00 3.081560134887695312e-05 1.958012580871582031e-05 2.217292785644531250e-05 1.379847526550292969e-05 2.732872962951660156e-05 1.251697540283203125e-05 2.810359001159667969e-05 2.595782279968261719e-05 1.162290573120117188e-06 8.791685104370117188e-06
1.599607643937896118e+00 8.448958396911621094e-05 6.839632987976074219e-05 7.385015487670898438e-05 7.000565528869628906e-05 6.225705146789550781e-05 8.088350296020507812e-05 6.958842277526855469e-05 7.253885269165039062e-05 7.951259613037109375e-05 6.833672523498535156e-05
1.606060405923284140e+00 -4.512071609497070312e-05 -4.741549491882324219e-05 -3.218650817871093750e-05 -3.778934478759765625e-05 -4.306435585021972656e-05 -4.976987838745117188e-05 -4.011392593383789062e-05 -4.294514656066894531e-05 -3.778934478759765625e-05 -3.734230995178222656e-05
1.612513167908671941e+00 -8.729100227355957031e-05 -9.146332740783691406e-05 -9.045004844665527344e-05 -7.185339927673339844e-05 -8.192658424377441406e-05 -7.846951484680175781e-05 -7.590651512145996094e-05 -8.535385131835937500e-05 -7.483363151550292969e-05 -9.360909461975097656e-05
1.618965929894059963e+00 1.132488250732421875e-04 1.208484172821044922e-04 1.077950000762939453e-04 1.106262207031250000e-04 1.202225685119628906e-04 1.159608364105224609e-04 1.159012317657470703e-04 1.030266284942626953e-04 1.110732555389404297e-04 1.214146614074707031e-04
1.625418691879447763e+00 4.541873931884765625e-05 3.844499588012695312e-05 4.026293754577636719e-05 3.638863563537597656e-05 4.157423973083496094e-05 3.823637962341308594e-05 3.919005393981933594e-05 3.984570503234863281e-05 3.916025161743164062e-05 4.675984382629394531e-05
1.631871453864835786e+00 -1.824796199798583984e-04 -1.808106899261474609e-04 -1.727342605590820312e-04 -1.955926418304443359e-04 -1.830458641052246094e-04 -1.745522022247314453e-04 -1.870095729827880859e-04 -1.763105392456054688e-04 -1.810491085052490234e-04 -1.810491085052490234e-04
1.638324215850223586e+00 1.393854618072509766e-04 1.381635665893554688e-04 1.298189163208007812e-04 1.356601715087890625e-04 1.344978809356689453e-04 1.454055309295654297e-04 1.413822174072265625e-04 1.449882984161376953e-04 1.230835914611816406e-04 1.273453235626220703e-04
1.644776977835611609e+00 1.131594181060791016e-04 1.279711723327636719e-04 1.290738582611083984e-04 1.318752765655517578e-04 1.209676265716552734e-04 1.170635223388671875e-04 1.344978809356689453e-04 1.176893711090087891e-04 1.248717308044433594e-04 1.309216022491455078e-04
1.651229739820999409e+00 -2.627372741699218750e-04 -2.598762512207031250e-04 -2.545416355133056641e-04 -2.582967281341552734e-04 -2.491772174835205078e-04 -2.583563327789306641e-04 -2.511739730834960938e-04 -2.518594264984130859e-04 -2.616345882415771484e-04 -2.501904964447021484e-04
1.657682501806387210e+00 1.428425312042236328e-04 1.337826251983642578e-04 1.368224620819091797e-04 1.375377178192138672e-04 1.475512981414794922e-04 1.384913921356201172e-04 1.318156719207763672e-04 1.427829265594482422e-04 1.485049724578857422e-04 1.199543476104736328e-04
1.664135263791775232e+00 2.402067184448242188e-04 2.310574054718017578e-04 2.362132072448730469e-04 2.297163009643554688e-04 2.337098121643066406e-04 2.315640449523925781e-04 2.349019050598144531e-04 2.314150333404541016e-04 2.401173114776611328e-04 2.395212650299072266e-04
1.670588025777163033e+00 -3.244280815124511719e-04 -3.299117088317871094e-04 -3.227889537811279297e-04 -3.262162208557128906e-04 -3.198683261871337891e-04 -3.264546394348144531e-04 -3.208220005035400391e-04 -3.289282321929931641e-04 -3.305077552795410156e-04 -3.150403499603271484e-04
1.677040787762551055e+00 2.127885818481445312e-05 8.434057235717773438e-06 2.455711364746093750e-05 2.431869506835937500e-05 2.533197402954101562e-05 2.285838127136230469e-05 1.686811447143554688e-05 1.662969589233398438e-05 6.467103958129882812e-06 1.069903373718261719e-05
1.683493549747938856e+00 3.058612346649169922e-04 3.096759319305419922e-04 3.004074096679687500e-04 2.930760383605957031e-04 3.040134906768798828e-04 2.977848052978515625e-04 3.025233745574951172e-04 2.948641777038574219e-04 3.107786178588867188e-04 2.976655960083007812e-04
1.689946311733326878e+00 -2.010762691497802734e-04 -1.870989799499511719e-04 -1.941621303558349609e-04 -1.986920833587646484e-04 -1.991093158721923828e-04 -1.933276653289794922e-04 -1.965165138244628906e-04 -1.938641071319580078e-04 -1.922845840454101562e-04 -1.905560493469238281e-04
1.696399073718714678e+00 8.368492126464843750e-05 8.383393287658691406e-05 7.221102714538574219e-05 8.532404899597167969e-05 7.969141006469726562e-05 7.563829421997070312e-05 7.838010787963867188e-05 7.137656211853027344e-05 7.000565528869628906e-05 5.149841308593750000e-05
1.702851835704102701e+00 1.967549324035644531e-04 1.892149448394775391e-04 1.935660839080810547e-04 1.935064792633056641e-04 1.856982707977294922e-04 1.987516880035400391e-04 1.882612705230712891e-04 1.949965953826904297e-04 1.890659332275390625e-04 2.008378505706787109e-04
1.709304597689490501e+00 -2.077221870422363281e-04 -2.121329307556152344e-04 -2.055466175079345703e-04 -2.064406871795654297e-04 -1.975893974304199219e-04 -2.072453498840332031e-04 -2.048313617706298828e-04 -2.055168151855468750e-04 -2.053081989288330078e-04 -2.085268497467041016e-04
1.715757359674878524e+00 -2.175569534301757812e-05 -1.978874206542968750e-05 -1.484155654907226562e-05 -2.220273017883300781e-05 -7.301568984985351562e-06 -8.970499038696289062e-06 -1.317262649536132812e-05 -1.037120819091796875e-05 -2.661347389221191406e-05 -2.354383468627929688e-05
1.722210121660266324e+00 1.752972602844238281e-04 1.742541790008544922e-04 1.750886440277099609e-04 1.731514930725097656e-04 1.693367958068847656e-04 1.845061779022216797e-04 1.867711544036865234e-04 1.755058765411376953e-04 1.831948757171630859e-04 1.792311668395996094e-04
1.728662883645654347e+00 -1.130998134613037109e-04 -1.167058944702148438e-04 -1.174211502075195312e-04 -1.253485679626464844e-04 -1.166462898254394531e-04 -1.183152198791503906e-04 -1.211166381835937500e-04 -1.173317432403564453e-04 -1.121461391448974609e-04 -1.161396503448486328e-04
1.735115645631042147e+00 -3.367662429809570312e-06 1.415610313415527344e-05 3.665685653686523438e-06 -6.616115570068359375e-06 6.616115570068359375e-06 -5.125999450683593750e-06 -1.639127731323242188e-06 5.424022674560546875e-06 8.016824722290039062e-06 -5.394220352172851562e-06
1.741568407616429948e+00 9.331107139587402344e-05 1.137256622314453125e-04 1.031458377838134766e-04 1.018643379211425781e-04 9.396672248840332031e-05 1.077950000762939453e-04 1.086890697479248047e-04 1.014769077301025391e-04 9.870529174804687500e-05 1.141428947448730469e-04
1.748021169601817970e+00 -4.047155380249023438e-05 -4.252791404724121094e-05 -4.956126213073730469e-05 -4.988908767700195312e-05 -4.512071609497070312e-05 -5.438923835754394531e-05 -4.684925079345703125e-05 -4.613399505615234375e-05 -4.532933235168457031e-05 -4.941225051879882812e-05
1.754473931587205771e+00 1.005232334136962891e-04 8.338689804077148438e-05 8.773803710937500000e-05 8.299946784973144531e-05 8.094310760498046875e-05 9.098649024963378906e-05 8.612871170043945312e-05 8.618831634521484375e-05 9.790062904357910156e-05 8.481740951538085938e-05
1.760926693572593793e+00 -8.016824722290039062e-06 -1.004338264465332031e-05 -1.221895217895507812e-05 -3.993511199951171875e-06 -6.884336471557617188e-06 -1.353025436401367188e-05 -6.467103958129882812e-06 -9.536743164062500000e-07 -1.794099807739257812e-05 -1.043081283569335938e-05
1.767379455557981593e+00 6.198883056640625000e-06 1.928210258483886719e-05 8.195638656616210938e-06 1.868605613708496094e-05 6.794929504394531250e-06 7.927417755126953125e-06 6.109476089477539062e-06 7.688999176025390625e-06 7.927417755126953125e-06 1.722574234008789062e-05
1.773832217543369616e+00 1.077055931091308594e-04 1.119673252105712891e-04 1.150667667388916016e-04 1.043081283569335938e-04 9.995698928833007812e-05 9.036064147949218750e-05 1.027286052703857422e-04 1.034140586853027344e-04 1.027882099151611328e-04 1.037716865539550781e-04
1.780284979528757416e+00 -1.084506511688232422e-04 -1.155436038970947266e-04 -1.102983951568603516e-04 -1.108944416046142578e-04 -1.182854175567626953e-04 -1.142024993896484375e-04 -9.950995445251464844e-05 -1.127421855926513672e-04 -1.203119754791259766e-04 -1.002252101898193359e-04
1.786737741514145439e+00 -6.201863288879394531e-05 -7.200241088867187500e-05 -5.728006362915039062e-05 -8.335709571838378906e-05 -6.803870201110839844e-05 -6.231665611267089844e-05 -6.371736526489257812e-05 -6.467103958129882812e-05 -6.949901580810546875e-05 -8.192658424377441406e-05
1.793190503499533239e+00 1.610815525054931641e-04 1.471936702728271484e-04 1.541972160339355469e-04 1.547038555145263672e-04 1.539885997772216797e-04 1.520812511444091797e-04 1.448690891265869141e-04 1.576542854309082031e-04 1.545548439025878906e-04 1.612901687622070312e-04
1.799643265484921262e+00 -6.875395774841308594e-05 -7.832050323486328125e-05 -6.648898124694824219e-05 -6.249547004699707031e-05 -6.684660911560058594e-05 -7.489323616027832031e-05 -6.449222564697265625e-05 -7.128715515136718750e-05 -7.641315460205078125e-05 -7.095932960510253906e-05
1.806096027470309062e+00 1.189112663269042969e-05 1.388788223266601562e-05 1.806020736694335938e-05 2.390146255493164062e-05 1.913309097290039062e-05 2.264976501464843750e-05 8.106231689453125000e-06 5.364418029785156250e-06 7.420778274536132812e-06 3.933906555175781250e-06
1.812548789455697085e+00 2.020895481109619141e-04 1.951754093170166016e-04 1.823902130126953125e-04 1.792013645172119141e-04 1.954436302185058594e-04 1.867413520812988281e-04 1.903772354125976562e-04 1.938343048095703125e-04 2.050697803497314453e-04 1.959800720214843750e-04
1.819001551441084885e+00 -1.665651798248291016e-04 -1.754462718963623047e-04 -1.817345619201660156e-04 -1.713931560516357422e-04 -1.657605171203613281e-04 -1.620054244995117188e-04 -1.714229583740234375e-04 -1.721680164337158203e-04 -1.723170280456542969e-04 -1.745223999023437500e-04
1.825454313426472908e+00 -2.852082252502441406e-05 -4.053115844726562500e-05 -3.847479820251464844e-05 -4.577636718750000000e-05 -2.428889274597167969e-05 -3.924965858459472656e-05 -2.950429916381835938e-05 -3.567337989807128906e-05 -4.029273986816406250e-05 -4.616379737854003906e-05
1.831907075411860708e+00 1.785755157470703125e-04 1.724958419799804688e-04 1.752674579620361328e-04 1.714825630187988281e-04 1.639127731323242188e-04 1.668035984039306641e-04 1.713931560516357422e-04 1.671910285949707031e-04 1.833140850067138672e-04 1.780986785888671875e-04
1.838359837397248508e+00 -1.420080661773681641e-04 -1.423656940460205078e-04 -1.396238803863525391e-04 -1.400113105773925781e-04 -1.438856124877929688e-04 -1.430511474609375000e-04 -1.353919506072998047e-04 -1.469850540161132812e-04 -1.354515552520751953e-04 -1.451373100280761719e-04
1.844812599382636531e+00 -3.376603126525878906e-05 -1.886487007141113281e-05 -2.864003181457519531e-05 -1.618266105651855469e-05 -2.041459083557128906e-05 -2.300739288330078125e-05 -2.080202102661132812e-05 -1.767277717590332031e-05 -2.798438072204589844e-05 -3.609061241149902344e-05
1.851265361368024331e+00 1.586079597473144531e-04 1.536607742309570312e-04 1.479387283325195312e-04 1.553595066070556641e-04 1.576244831085205078e-04 1.527667045593261719e-04 1.461803913116455078e-04 1.548528671264648438e-04 1.486241817474365234e-04 1.407861709594726562e-04
1.857718123353412354e+00 -1.139342784881591797e-04 -1.155436038970947266e-04 -1.222193241119384766e-04 -1.230239868164062500e-04 -1.235008239746093750e-04 -1.177191734313964844e-04 -1.109242439270019531e-04 -1.237392425537109375e-04 -1.257956027984619141e-04 -1.141130924224853516e-04
1.864170885338800154e+00 -5.584955215454101562e-05 -5.021691322326660156e-05 -5.307793617248535156e-05 -5.331635475158691406e-05 -4.300475120544433594e-05 -6.103515625000000000e-05 -4.234910011291503906e-05 -4.220008850097656250e-05 -5.781650543212890625e-05 -5.394220352172851562e-05
1.870623647324188177e+00 1.448392868041992188e-04 1.392066478729248047e-04 1.416504383087158203e-04 1.449584960937500000e-04 1.420378684997558594e-04 1.508593559265136719e-04 1.438260078430175781e-04 1.336038112640380859e-04 1.429319381713867188e-04 1.456141471862792969e-04
1.877076409309575977e+00 -9.378790855407714844e-05 -8.368492126464843750e-05 -8.255243301391601562e-05 -1.048445701599121094e-04 -9.536743164062500000e-05 -8.574128150939941406e-05 -8.702278137207031250e-05 -7.858872413635253906e-05 -8.755922317504882812e-05 -8.469820022583007812e-05
1.883529171294964000e+00 -7.566809654235839844e-05 -9.012222290039062500e-05 -9.807944297790527344e-05 -8.296966552734375000e-05 -7.668137550354003906e-05 -9.009242057800292969e-05 -8.901953697204589844e-05 -7.724761962890625000e-05 -8.654594421386718750e-05 -8.049607276916503906e-05
1.889981933280351800e+00 8.732080459594726562e-05 9.456276893615722656e-05 8.651614189147949219e-05 6.946921348571777344e-05 8.684396743774414062e-05 8.133053779602050781e-05 7.814168930053710938e-05 8.192658424377441406e-05 7.578730583190917969e-05 8.690357208251953125e-05
1.896434695265739823e+00 -2.580881118774414062e-05 -2.640485763549804688e-05 -1.829862594604492188e-05 -2.241134643554687500e-05 -2.494454383850097656e-05 -2.345442771911621094e-05 -1.847743988037109375e-05 -2.455711364746093750e-05 -1.037120819091796875e-05 -8.970499038696289062e-06
1.902887457251127623e+00 -4.163384437561035156e-05 -4.005432128906250000e-05 -4.634261131286621094e-05 -4.023313522338867188e-05 -4.109740257263183594e-05 -4.440546035766601562e-05 -4.106760025024414062e-05 -4.461407661437988281e-05 -3.397464752197265625e-05 -4.121661186218261719e-05
1.909340219236515646e+00 3.460049629211425781e-05 3.001093864440917969e-05 3.993511199951171875e-05 3.859400749206542969e-05 5.456805229187011719e-05 4.374980926513671875e-05 4.610419273376464844e-05 4.449486732482910156e-05 4.023313522338867188e-05 3.555417060852050781e-05
1.915792981221903446e+00 3.287196159362792969e-05 3.367662429809570312e-05 2.956390380859375000e-05 3.382563591003417969e-05 3.537535667419433594e-05 2.610683441162109375e-05 2.509355545043945312e-05 4.315376281738281250e-05 3.418326377868652344e-05 4.658102989196777344e-05
1.922245743207291468e+00 -4.234910011291503906e-05 -4.047155380249023438e-05 -4.309415817260742188e-05 -4.088878631591796875e-05 -5.438923835754394531e-05 -4.655122756958007812e-05 -4.348158836364746094e-05 -5.707144737243652344e-05 -4.908442497253417969e-05 -5.728006362915039062e-05
1.928698505192679269e+00 -2.682209014892578125e-07 4.947185516357421875e-06 5.573034286499023438e-06 -2.384185791015625000e-06 1.001358032226562500e-05 6.079673767089843750e-06 -7.152557373046875000e-06 7.152557373046875000e-06 -5.096197128295898438e-06 -1.007318496704101562e-05
1.935151267178067069e+00 1.147985458374023438e-04 1.030564308166503906e-04 9.861588478088378906e-05 9.787082672119140625e-05 1.030266284942626953e-04 1.085400581359863281e-04 1.004338264465332031e-04 9.372830390930175781e-05 9.739398956298828125e-05 1.167058944702148438e-04
1.941604029163455092e+00 -6.884336471557617188e-06 -1.829862594604492188e-05 -1.502037048339843750e-05 -2.756714820861816406e-05 -9.834766387939453125e-06 -1.233816146850585938e-05 -9.208917617797851562e-06 -1.570582389831542969e-05 -1.686811447143554688e-05 -1.418590545654296875e-05
1.948056791148842892e+00 -4.217028617858886719e-05 -3.764033317565917969e-05 -4.628300666809082031e-05 -4.723668098449707031e-05 -4.336237907409667969e-05 -5.722045898437500000e-05 -4.526972770690917969e-05 -4.506111145019531250e-05 -5.325675010681152344e-05 -4.905462265014648438e-05
1.954509553134230915e+00 1.007318496704101562e-05 1.680850982666015625e-05 1.642107963562011719e-05 1.889467239379882812e-05 1.490116119384765625e-05 2.172589302062988281e-05 5.334615707397460938e-06 1.335144042968750000e-05 1.728534698486328125e-05 2.145767211914062500e-05
1.960962315119618715e+00 5.921721458435058594e-05 4.819035530090332031e-05 6.058812141418457031e-05 6.651878356933593750e-05 5.748867988586425781e-05 6.935000419616699219e-05 6.648898124694824219e-05 6.353855133056640625e-05 6.034970283508300781e-05 6.431341171264648438e-05
1.967415077105006738e+00 -5.438923835754394531e-05 -6.413459777832031250e-05 -6.946921348571777344e-05 -6.610155105590820312e-05 -6.103515625000000000e-05 -6.267428398132324219e-05 -6.330013275146484375e-05 -5.996227264404296875e-05 -6.785988807678222656e-05 -7.140636444091796875e-05
1.973867839090394538e+00 1.040101051330566406e-05 1.153349876403808594e-05 9.328126907348632812e-06 1.221895217895507812e-05 1.513957977294921875e-05 1.311302185058593750e-05 1.817941665649414062e-06 1.168251037597656250e-05 9.804964065551757812e-06 1.165270805358886719e-05
1.980320601075782561e+00 6.279349327087402344e-05 5.751848220825195312e-05 5.838274955749511719e-05 6.741285324096679688e-05 6.568431854248046875e-05 6.148219108581542969e-05 6.777048110961914062e-05 6.371736526489257812e-05 6.127357482910156250e-05 5.644559860229492188e-05
1.986773363061170361e+00 -1.408159732818603516e-04 -1.334846019744873047e-04 -1.505613327026367188e-04 -1.397430896759033203e-04 -1.444816589355468750e-04 -1.581609249114990234e-04 -1.376867294311523438e-04 -1.501142978668212891e-04 -1.409351825714111328e-04 -1.402795314788818359e-04
1.993226125046558384e+00 3.188848495483398438e-05 1.960992813110351562e-05 2.402067184448242188e-05 2.276897430419921875e-05 2.101063728332519531e-05 1.811981201171875000e-05 1.797080039978027344e-05 1.963973045349121094e-05 2.855062484741210938e-05 1.287460327148437500e-05
1.999678887031946184e+00 1.772642135620117188e-04 1.833736896514892578e-04 1.735985279083251953e-04 1.901686191558837891e-04 1.785159111022949219e-04 1.713633537292480469e-04 1.862943172454833984e-04 1.868903636932373047e-04 1.858472824096679688e-04 1.954138278961181641e-04
2.006131649017333984e+00 -8.803606033325195312e-05 -8.511543273925781250e-05 -8.225440979003906250e-05 -8.299946784973144531e-05 -8.675456047058105469e-05 -7.936358451843261719e-05 -9.998679161071777344e-05 -9.647011756896972656e-05 -9.319186210632324219e-05 -8.845329284667968750e-05
