#Range[m] 0 1 2 3 4 5 6 7 8 9
1.800000071525573730e-01 -6.617039442062377930e-03 -6.599575281143188477e-03 -6.624191999435424805e-03 -6.612658500671386719e-03 -6.622523069381713867e-03 -6.580442190170288086e-03 -6.556898355484008789e-03 -6.594687700271606445e-03 -6.596624851226806641e-03 -6.604373455047607422e-03
1.864527691379452845e-01 2.347975969314575195e-03 2.291232347488403320e-03 2.269566059112548828e-03 2.326995134353637695e-03 2.292513847351074219e-03 2.264052629470825195e-03 2.214729785919189453e-03 2.246946096420288086e-03 2.209812402725219727e-03 2.236336469650268555e-03
1.929055311233331682e-01 4.136115312576293945e-03 4.186570644378662109e-03 4.194289445877075195e-03 4.171699285507202148e-03 4.195630550384521484e-03 4.191786050796508789e-03 4.239052534103393555e-03 4.224777221679687500e-03 4.257261753082275391e-03 4.235297441482543945e-03
1.993582931087210797e-01 -5.878061056137084961e-03 -5.854606628417968750e-03 -5.879670381546020508e-03 -5.891114473342895508e-03 -5.911499261856079102e-03 -5.851745605468750000e-03 -5.889981985092163086e-03 -5.865544080734252930e-03 -5.867242813110351562e-03 -5.862772464752197266e-03
2.058110550941089911e-01 2.996504306793212891e-03 2.952277660369873047e-03 2.929389476776123047e-03 2.973943948745727539e-03 2.957940101623535156e-03 2.926588058471679688e-03 2.891242504119873047e-03 2.922981977462768555e-03 2.883017063140869141e-03 2.905219793319702148e-03
2.122638170794968748e-01 2.199470996856689453e-03 2.201050519943237305e-03 2.244651317596435547e-03 2.235680818557739258e-03 2.241820096969604492e-03 2.210319042205810547e-03 2.262294292449951172e-03 2.249836921691894531e-03 2.280443906784057617e-03 2.261877059936523438e-03
2.187165790648847863e-01 -4.651218652725219727e-03 -4.659146070480346680e-03 -4.648000001907348633e-03 -4.665583372116088867e-03 -4.656761884689331055e-03 -4.618644714355468750e-03 -4.654109477996826172e-03 -4.632800817489624023e-03 -4.631459712982177734e-03 -4.641592502593994141e-03
2.251693410502726977e-01 3.738522529602050781e-03 3.721863031387329102e-03 3.714174032211303711e-03 3.720551729202270508e-03 3.721356391906738281e-03 3.702491521835327148e-03 3.672093152999877930e-03 3.702670335769653320e-03 3.677219152450561523e-03 3.670066595077514648e-03
2.316221030356606092e-01 1.321077346801757812e-03 1.328378915786743164e-03 1.361906528472900391e-03 1.335471868515014648e-03 1.351028680801391602e-03 1.327216625213623047e-03 1.348376274108886719e-03 1.353442668914794922e-03 1.366019248962402344e-03 1.350045204162597656e-03
2.380748650210485207e-01 -4.895061254501342773e-03 -4.905164241790771484e-03 -4.881381988525390625e-03 -4.882186651229858398e-03 -4.900753498077392578e-03 -4.898816347122192383e-03 -4.914700984954833984e-03 -4.878342151641845703e-03 -4.871338605880737305e-03 -4.883080720901489258e-03
2.445276270064364044e-01 3.769367933273315430e-03 3.776580095291137695e-03 3.775477409362792969e-03 3.771185874938964844e-03 3.755658864974975586e-03 3.811776638031005859e-03 3.757506608963012695e-03 3.772526979446411133e-03 3.742337226867675781e-03 3.730058670043945312e-03
2.509803889918242881e-01 1.888453960418701172e-03 1.905620098114013672e-03 1.915782690048217773e-03 1.910358667373657227e-03 1.924693584442138672e-03 1.903593540191650391e-03 1.954376697540283203e-03 1.905739307403564453e-03 1.940369606018066406e-03 1.948237419128417969e-03
2.574331509772121995e-01 -7.626533508300781250e-03 -7.631808519363403320e-03 -7.662355899810791016e-03 -7.615655660629272461e-03 -7.643610239028930664e-03 -7.648199796676635742e-03 -7.640123367309570312e-03 -7.635772228240966797e-03 -7.630378007888793945e-03 -7.642358541488647461e-03
2.638859129626001110e-01 8.642375469207763672e-03 8.629351854324340820e-03 8.626520633697509766e-03 8.626610040664672852e-03 8.630305528640747070e-03 8.648306131362915039e-03 8.581280708312988281e-03 8.627355098724365234e-03 8.597075939178466797e-03 8.608222007751464844e-03
2.703386749479880224e-01 -1.755207777023315430e-03 -1.703292131423950195e-03 -1.669466495513916016e-03 -1.681029796600341797e-03 -1.662909984588623047e-03 -1.668721437454223633e-03 -1.568615436553955078e-03 -1.664221286773681641e-03 -1.637399196624755859e-03 -1.622527837753295898e-03
2.767914369333759339e-01 -8.512824773788452148e-03 -8.518308401107788086e-03 -8.577138185501098633e-03 -8.526712656021118164e-03 -8.572667837142944336e-03 -8.574813604354858398e-03 -8.663117885589599609e-03 -8.561789989471435547e-03 -8.615195751190185547e-03 -8.604198694229125977e-03
2.832441989187638454e-01 1.491966843605041504e-02 1.493346691131591797e-02 1.493623852729797363e-02 1.492136716842651367e-02 1.489934325218200684e-02 1.492273807525634766e-02 1.492401957511901855e-02 1.491099596023559570e-02 1.492378115653991699e-02 1.492932438850402832e-02
2.896969609041517568e-01 -1.115283370018005371e-02 -1.113039255142211914e-02 -1.102522015571594238e-02 -1.108649373054504395e-02 -1.105007529258728027e-02 -1.107576489448547363e-02 -1.093801856040954590e-02 -1.102262735366821289e-02 -1.094710826873779297e-02 -1.097732782363891602e-02
2.961497228895396683e-01 -5.801320075988769531e-04 -5.955994129180908203e-04 -7.051825523376464844e-04 -6.175041198730468750e-04 -7.009506225585937500e-04 -6.976425647735595703e-04 -8.742511272430419922e-04 -7.206797599792480469e-04 -8.065104484558105469e-04 -8.230805397033691406e-04
3.026024848749275242e-01 1.247072219848632812e-02 1.249822974205017090e-02 1.252034306526184082e-02 1.247203350067138672e-02 1.253965497016906738e-02 1.251089572906494141e-02 1.266539096832275391e-02 1.260322332382202148e-02 1.261013746261596680e-02 1.261538267135620117e-02
3.090552468603154357e-01 -2.185201644897460938e-02 -2.180907130241394043e-02 -2.180564403533935547e-02 -2.181705832481384277e-02 -2.182397246360778809e-02 -2.178126573562622070e-02 -2.177387475967407227e-02 -2.178218960762023926e-02 -2.176144719123840332e-02 -2.179804444313049316e-02
3.155080088457033471e-01 1.295772194862365723e-02 1.286569237709045410e-02 1.272952556610107422e-02 1.282683014869689941e-02 1.275613903999328613e-02 1.282575726509094238e-02 1.264166831970214844e-02 1.273906230926513672e-02 1.260650157928466797e-02 1.264587044715881348e-02
3.219607708310912586e-01 4.435688257217407227e-03 4.474669694900512695e-03 4.512131214141845703e-03 4.483163356781005859e-03 4.545897245407104492e-03 4.394978284835815430e-03 4.628241062164306641e-03 4.528671503067016602e-03 4.614353179931640625e-03 4.662156105041503906e-03
3.284135328164791701e-01 -2.172300219535827637e-02 -2.174782752990722656e-02 -2.175021171569824219e-02 -2.174660563468933105e-02 -2.177095413208007812e-02 -2.172634005546569824e-02 -2.181664109230041504e-02 -2.172040939331054688e-02 -2.178177237510681152e-02 -2.181330323219299316e-02
3.348662948018670260e-01 2.334821224212646484e-02 2.328726649284362793e-02 2.330073714256286621e-02 2.328762412071228027e-02 2.329659461975097656e-02 2.327474951744079590e-02 2.318817377090454102e-02 2.327066659927368164e-02 2.322480082511901855e-02 2.320364117622375488e-02
3.413190567872549375e-01 -1.098129153251647949e-02 -1.086899638175964355e-02 -1.079010963439941406e-02 -1.089051365852355957e-02 -1.086175441741943359e-02 -1.090222597122192383e-02 -1.066178083419799805e-02 -1.083636283874511719e-02 -1.072537899017333984e-02 -1.077193021774291992e-02
3.477718187726428489e-01 -1.180249452590942383e-02 -1.191130280494689941e-02 -1.199784874916076660e-02 -1.192003488540649414e-02 -1.202112436294555664e-02 -1.195698976516723633e-02 -1.215067505836486816e-02 -1.199969649314880371e-02 -1.200622320175170898e-02 -1.201575994491577148e-02
3.542245807580307604e-01 2.411875128746032715e-02 2.412062883377075195e-02 2.415800094604492188e-02 2.411800622940063477e-02 2.411091327667236328e-02 2.415028214454650879e-02 2.420133352279663086e-02 2.411258220672607422e-02 2.411416172981262207e-02 2.412298321723937988e-02
3.606773427434186718e-01 -2.016800642013549805e-02 -2.013221383094787598e-02 -2.012678980827331543e-02 -2.014940977096557617e-02 -2.011278271675109863e-02 -2.010062336921691895e-02 -2.002149820327758789e-02 -2.009713649749755859e-02 -2.003830671310424805e-02 -2.003097534179687500e-02
3.671301047288065833e-01 1.686245203018188477e-03 1.665920019149780273e-03 1.490801572799682617e-03 1.606792211532592773e-03 1.509636640548706055e-03 1.582652330398559570e-03 1.368105411529541016e-03 1.526325941085815430e-03 1.413792371749877930e-03 1.415342092514038086e-03
3.735828667141944948e-01 1.438605785369873047e-02 1.441079378128051758e-02 1.447346806526184082e-02 1.438158750534057617e-02 1.447737216949462891e-02 1.448699831962585449e-02 1.462209224700927734e-02 1.449048519134521484e-02 1.453590393066406250e-02 1.456949114799499512e-02
3.800356286995824062e-01 -1.859855651855468750e-02 -1.861032843589782715e-02 -1.861071586608886719e-02 -1.857569813728332520e-02 -1.859292387962341309e-02 -1.861649751663208008e-02 -1.863369345664978027e-02 -1.863095164299011230e-02 -1.861968636512756348e-02 -1.860320568084716797e-02
3.864883906849703177e-01 1.035651564598083496e-02 1.033425331115722656e-02 1.028341054916381836e-02 1.032954454421997070e-02 1.028543710708618164e-02 1.029825210571289062e-02 1.020780205726623535e-02 1.026532053947448730e-02 1.021856069564819336e-02 1.021221280097961426e-02
3.929411526703582291e-01 5.119442939758300781e-03 5.188226699829101562e-03 5.252957344055175781e-03 5.171447992324829102e-03 5.226284265518188477e-03 5.242317914962768555e-03 5.364745855331420898e-03 5.238354206085205078e-03 5.328565835952758789e-03 5.299299955368041992e-03
3.993939146557460851e-01 -1.345685124397277832e-02 -1.347658038139343262e-02 -1.352438330650329590e-02 -1.346316933631896973e-02 -1.352030038833618164e-02 -1.349416375160217285e-02 -1.352354884147644043e-02 -1.351138949394226074e-02 -1.352858543395996094e-02 -1.353362202644348145e-02
4.058466766411339965e-01 1.067009568214416504e-02 1.064142584800720215e-02 1.063394546508789062e-02 1.064929366111755371e-02 1.062518358230590820e-02 1.061615347862243652e-02 1.055037975311279297e-02 1.060914993286132812e-02 1.059141755104064941e-02 1.056185364723205566e-02
4.122994386265219080e-01 9.526014328002929688e-04 9.435713291168212891e-04 9.748041629791259766e-04 9.466409683227539062e-04 9.854137897491455078e-04 9.869039058685302734e-04 1.078456640243530273e-03 1.002877950668334961e-03 1.047819852828979492e-03 1.051992177963256836e-03
4.187522006119098195e-01 -8.253157138824462891e-03 -8.283436298370361328e-03 -8.335977792739868164e-03 -8.268624544143676758e-03 -8.322179317474365234e-03 -8.303463459014892578e-03 -8.357018232345581055e-03 -8.297890424728393555e-03 -8.337348699569702148e-03 -8.325010538101196289e-03
4.252049625972976754e-01 8.938312530517578125e-03 8.925795555114746094e-03 8.914768695831298828e-03 8.938878774642944336e-03 8.922904729843139648e-03 8.917421102523803711e-03 8.911132812500000000e-03 8.906900882720947266e-03 8.903354406356811523e-03 8.923202753067016602e-03
4.316577245826856424e-01 -2.429306507110595703e-03 -2.421736717224121094e-03 -2.344340085983276367e-03 -2.392441034317016602e-03 -2.370774745941162109e-03 -2.359658479690551758e-03 -2.312391996383666992e-03 -2.368122339248657227e-03 -2.307742834091186523e-03 -2.326697111129760742e-03
4.381104865680734983e-01 -4.816114902496337891e-03 -4.835695028305053711e-03 -4.847347736358642578e-03 -4.818767309188842773e-03 -4.852592945098876953e-03 -4.849165678024291992e-03 -4.902601242065429688e-03 -4.834383726119995117e-03 -4.878252744674682617e-03 -4.888147115707397461e-03
4.445632485534614098e-01 7.985621690750122070e-03 7.989376783370971680e-03 7.982641458511352539e-03 7.975637912750244141e-03 7.996022701263427734e-03 7.963657379150390625e-03 7.976442575454711914e-03 7.978558540344238281e-03 7.966190576553344727e-03 7.980227470397949219e-03
4.510160105388493212e-01 -4.517346620559692383e-03 -4.514068365097045898e-03 -4.482567310333251953e-03 -4.486411809921264648e-03 -4.471421241760253906e-03 -4.472076892852783203e-03 -4.430711269378662109e-03 -4.470795392990112305e-03 -4.436135292053222656e-03 -4.434823989868164062e-03
4.574687725242372327e-01 -9.009838104248046875e-04 -9.148418903350830078e-04 -9.554028511047363281e-04 -9.004771709442138672e-04 -9.382367134094238281e-04 -9.247660636901855469e-04 -9.851753711700439453e-04 -9.503662586212158203e-04 -9.574294090270996094e-04 -9.642839431762695312e-04
4.639215345096251442e-01 5.373865365982055664e-03 5.385965108871459961e-03 5.395263433456420898e-03 5.395948886871337891e-03 5.405634641647338867e-03 5.393415689468383789e-03 5.420893430709838867e-03 5.394071340560913086e-03 5.410462617874145508e-03 5.395352840423583984e-03
4.703742964950130556e-01 -4.233598709106445312e-03 -4.214882850646972656e-03 -4.202336072921752930e-03 -4.216313362121582031e-03 -4.202574491500854492e-03 -4.231810569763183594e-03 -4.227578639984130859e-03 -4.209518432617187500e-03 -4.193991422653198242e-03 -4.208326339721679688e-03
4.768270584804009671e-01 5.080103874206542969e-04 4.941523075103759766e-04 5.120933055877685547e-04 5.075335502624511719e-04 4.994571208953857422e-04 5.178451538085937500e-04 4.688501358032226562e-04 5.029439926147460938e-04 4.836618900299072266e-04 4.583001136779785156e-04
4.832798204657888230e-01 3.096967935562133789e-03 3.097951412200927734e-03 3.108710050582885742e-03 3.090292215347290039e-03 3.101676702499389648e-03 3.107964992523193359e-03 3.117412328720092773e-03 3.103435039520263672e-03 3.124922513961791992e-03 3.111422061920166016e-03
4.897325824511767345e-01 -3.241896629333496094e-03 -3.231912851333618164e-03 -3.270119428634643555e-03 -3.238737583160400391e-03 -3.242492675781250000e-03 -3.246933221817016602e-03 -3.242969512939453125e-03 -3.247797489166259766e-03 -3.245979547500610352e-03 -3.242224454879760742e-03
4.961853444365646459e-01 8.367598056793212891e-04 8.115768432617187500e-04 8.212625980377197266e-04 8.352994918823242188e-04 8.255243301391601562e-04 8.298754692077636719e-04 8.153319358825683594e-04 8.375644683837890625e-04 8.129775524139404297e-04 8.179545402526855469e-04
5.026381064219525019e-01 1.560330390930175781e-03 1.575678586959838867e-03 1.567840576171875000e-03 1.558840274810791016e-03 1.569241285324096680e-03 1.601964235305786133e-03 1.582205295562744141e-03 1.579672098159790039e-03 1.581579446792602539e-03 1.590698957443237305e-03
5.090908684073405244e-01 -1.740962266921997070e-03 -1.738220453262329102e-03 -1.712262630462646484e-03 -1.720994710922241211e-03 -1.731634140014648438e-03 -1.747816801071166992e-03 -1.728415489196777344e-03 -1.749753952026367188e-03 -1.735061407089233398e-03 -1.727283000946044922e-03
5.155436303927283248e-01 5.743503570556640625e-04 5.464851856231689453e-04 5.484819412231445312e-04 5.595386028289794922e-04 5.658566951751708984e-04 5.389153957366943359e-04 5.501806735992431641e-04 5.484819412231445312e-04 5.607604980468750000e-04 5.431175231933593750e-04
5.219963923781163473e-01 1.248806715011596680e-03 1.265555620193481445e-03 1.284360885620117188e-03 1.266628503799438477e-03 1.249045133590698242e-03 1.266837120056152344e-03 1.271545886993408203e-03 1.282483339309692383e-03 1.266866922378540039e-03 1.280069351196289062e-03
5.284491543635041477e-01 -1.668781042098999023e-03 -1.664280891418457031e-03 -1.669526100158691406e-03 -1.666486263275146484e-03 -1.664549112319946289e-03 -1.659244298934936523e-03 -1.648813486099243164e-03 -1.653432846069335938e-03 -1.671880483627319336e-03 -1.655191183090209961e-03
5.349019163488920592e-01 5.030930042266845703e-04 4.994273185729980469e-04 5.046725273132324219e-04 5.023777484893798828e-04 5.009770393371582031e-04 4.880130290985107422e-04 4.840791225433349609e-04 4.960000514984130859e-04 4.904270172119140625e-04 4.916191101074218750e-04
5.413546783342799706e-01 1.384168863296508789e-03 1.383155584335327148e-03 1.388728618621826172e-03 1.372128725051879883e-03 1.380532979965209961e-03 1.399725675582885742e-03 1.388967037200927734e-03 1.397073268890380859e-03 1.397252082824707031e-03 1.397371292114257812e-03
5.478074403196678821e-01 -1.611381769180297852e-03 -1.625448465347290039e-03 -1.597404479980468750e-03 -1.617759466171264648e-03 -1.614332199096679688e-03 -1.623660326004028320e-03 -1.613348722457885742e-03 -1.607984304428100586e-03 -1.612871885299682617e-03 -1.609623432159423828e-03
5.542602023050557936e-01 3.938078880310058594e-04 3.821849822998046875e-04 3.859698772430419922e-04 3.838539123535156250e-04 3.812611103057861328e-04 3.786087036132812500e-04 3.639757633209228516e-04 3.895461559295654297e-04 3.823637962341308594e-04 3.650784492492675781e-04
5.607129642904437050e-01 1.004755496978759766e-03 9.897053241729736328e-04 1.015096902847290039e-03 1.011610031127929688e-03 1.007139682769775391e-03 1.000881195068359375e-03 1.021087169647216797e-03 1.004040241241455078e-03 1.012086868286132812e-03 1.006752252578735352e-03
5.671657262758316165e-01 -1.761704683303833008e-03 -1.746714115142822266e-03 -1.775354146957397461e-03 -1.752436161041259766e-03 -1.762688159942626953e-03 -1.757174730300903320e-03 -1.752465963363647461e-03 -1.764178276062011719e-03 -1.757770776748657227e-03 -1.752436161041259766e-03
5.736184882612194169e-01 1.085221767425537109e-03 1.062989234924316406e-03 1.072227954864501953e-03 1.077532768249511719e-03 1.082062721252441406e-03 1.073956489562988281e-03 1.035690307617187500e-03 1.070469617843627930e-03 1.040101051330566406e-03 1.045972108840942383e-03
5.800712502466074394e-01 8.901357650756835938e-04 8.841454982757568359e-04 8.912384510040283203e-04 8.832812309265136719e-04 8.798241615295410156e-04 8.857548236846923828e-04 9.109377861022949219e-04 8.970201015472412109e-04 8.971989154815673828e-04 8.916854858398437500e-04
5.865240122319952398e-01 -1.946449279785156250e-03 -1.935362815856933594e-03 -1.937657594680786133e-03 -1.950711011886596680e-03 -1.950293779373168945e-03 -1.939088106155395508e-03 -1.945793628692626953e-03 -1.950085163116455078e-03 -1.932650804519653320e-03 -1.934975385665893555e-03
5.929767742173832623e-01 1.235514879226684570e-03 1.225352287292480469e-03 1.210570335388183594e-03 1.227170228958129883e-03 1.230359077453613281e-03 1.224398612976074219e-03 1.226663589477539062e-03 1.213163137435913086e-03 1.213073730468750000e-03 1.221925020217895508e-03
5.994295362027710627e-01 3.629028797149658203e-04 3.634989261627197266e-04 3.773570060729980469e-04 3.718137741088867188e-04 3.814399242401123047e-04 3.710389137268066406e-04 3.849864006042480469e-04 3.730654716491699219e-04 3.842413425445556641e-04 3.795623779296875000e-04
6.058822981881590852e-01 -1.475453376770019531e-03 -1.492261886596679688e-03 -1.487165689468383789e-03 -1.487553119659423828e-03 -1.486629247665405273e-03 -1.489967107772827148e-03 -1.505821943283081055e-03 -1.487612724304199219e-03 -1.496046781539916992e-03 -1.500815153121948242e-03
6.123350601735468857e-01 1.833826303482055664e-03 1.836270093917846680e-03 1.836240291595458984e-03 1.825064420700073242e-03 1.827776432037353516e-03 1.822024583816528320e-03 1.832455396652221680e-03 1.837670803070068359e-03 1.811832189559936523e-03 1.817047595977783203e-03
6.187878221589347971e-01 -5.885064601898193359e-04 -5.761384963989257812e-04 -5.749166011810302734e-04 -5.680024623870849609e-04 -5.738437175750732422e-04 -5.723237991333007812e-04 -5.614161491394042969e-04 -5.742013454437255859e-04 -5.544424057006835938e-04 -5.615055561065673828e-04
6.252405841443227086e-01 -1.280814409255981445e-03 -1.281529664993286133e-03 -1.296609640121459961e-03 -1.280069351196289062e-03 -1.283854246139526367e-03 -1.289904117584228516e-03 -1.309990882873535156e-03 -1.276969909667968750e-03 -1.299381256103515625e-03 -1.290619373321533203e-03
6.316933461297106200e-01 1.697927713394165039e-03 1.703262329101562500e-03 1.715093851089477539e-03 1.704782247543334961e-03 1.693367958068847656e-03 1.702845096588134766e-03 1.703202724456787109e-03 1.700133085250854492e-03 1.691520214080810547e-03 1.699030399322509766e-03
6.381461081150985315e-01 -7.476210594177246094e-04 -7.439255714416503906e-04 -7.413029670715332031e-04 -7.505416870117187500e-04 -7.400810718536376953e-04 -7.425248622894287109e-04 -7.226765155792236328e-04 -7.378756999969482422e-04 -7.258057594299316406e-04 -7.300674915313720703e-04
6.445988701004864430e-01 -5.788505077362060547e-04 -5.704164505004882812e-04 -5.819201469421386719e-04 -5.799531936645507812e-04 -5.755126476287841797e-04 -5.878508090972900391e-04 -5.901753902435302734e-04 -5.816519260406494141e-04 -5.888044834136962891e-04 -5.871951580047607422e-04
6.510516320858743544e-01 1.203447580337524414e-03 1.205772161483764648e-03 1.203536987304687500e-03 1.206874847412109375e-03 1.207202672958374023e-03 1.206457614898681641e-03 1.206010580062866211e-03 1.192897558212280273e-03 1.202404499053955078e-03 1.204818487167358398e-03
6.575043940712622659e-01 -1.069456338882446289e-03 -1.083165407180786133e-03 -1.070350408554077148e-03 -1.074045896530151367e-03 -1.079261302947998047e-03 -1.089185476303100586e-03 -1.062840223312377930e-03 -1.065999269485473633e-03 -1.084685325622558594e-03 -1.075595617294311523e-03
6.639571560566501773e-01 -1.002252101898193359e-04 -1.105070114135742188e-04 -1.176297664642333984e-04 -1.135468482971191406e-04 -1.143217086791992188e-04 -1.267790794372558594e-04 -1.359581947326660156e-04 -1.259446144104003906e-04 -1.268386840820312500e-04 -1.348853111267089844e-04
6.704099180420379778e-01 1.042217016220092773e-03 1.047074794769287109e-03 1.053184270858764648e-03 1.042097806930541992e-03 1.046270132064819336e-03 1.052439212799072266e-03 1.061618328094482422e-03 1.045674085617065430e-03 1.055657863616943359e-03 1.060307025909423828e-03
6.768626800274260003e-01 -8.373260498046875000e-04 -8.339881896972656250e-04 -8.264780044555664062e-04 -8.432269096374511719e-04 -8.315742015838623047e-04 -8.310973644256591797e-04 -8.227229118347167969e-04 -8.424818515777587891e-04 -8.385777473449707031e-04 -8.292198181152343750e-04
6.833154420128139117e-01 8.949637413024902344e-05 9.316205978393554688e-05 9.262561798095703125e-05 8.746981620788574219e-05 7.131695747375488281e-05 9.688735008239746094e-05 7.134675979614257812e-05 8.168816566467285156e-05 8.100271224975585938e-05 9.262561798095703125e-05
6.897682039982017121e-01 4.273951053619384766e-04 4.247725009918212891e-04 4.232525825500488281e-04 4.250705242156982422e-04 4.119277000427246094e-04 4.162192344665527344e-04 4.322528839111328125e-04 4.325807094573974609e-04 4.301965236663818359e-04 4.125833511352539062e-04
6.962209659835896236e-01 -7.492303848266601562e-04 -7.399320602416992188e-04 -7.416009902954101562e-04 -7.411241531372070312e-04 -7.462799549102783203e-04 -7.430911064147949219e-04 -7.484555244445800781e-04 -7.439553737640380859e-04 -7.477700710296630859e-04 -7.469058036804199219e-04
7.026737279689775351e-01 3.932416439056396484e-04 4.010796546936035156e-04 3.921985626220703125e-04 3.992319107055664062e-04 3.889799118041992188e-04 3.883540630340576172e-04 3.968477249145507812e-04 4.031062126159667969e-04 3.842413425445556641e-04 3.823041915893554688e-04
7.091264899543654465e-01 4.237890243530273438e-04 3.924965858459472656e-04 4.186034202575683594e-04 4.050433635711669922e-04 4.301369190216064453e-04 4.115402698516845703e-04 4.177093505859375000e-04 4.214346408843994141e-04 4.090070724487304688e-04 4.113912582397460938e-04
7.155792519397533580e-01 -8.871853351593017578e-04 -8.818209171295166016e-04 -8.950829505920410156e-04 -8.934140205383300781e-04 -9.103119373321533203e-04 -8.902847766876220703e-04 -8.934140205383300781e-04 -8.907020092010498047e-04 -8.757412433624267578e-04 -8.956491947174072266e-04
7.220320139251412694e-01 4.067420959472656250e-04 4.019737243652343750e-04 4.173517227172851562e-04 3.996491432189941406e-04 4.024803638458251953e-04 4.138946533203125000e-04 4.084706306457519531e-04 4.100203514099121094e-04 4.121959209442138672e-04 3.972649574279785156e-04
7.284847759105291809e-01 1.833736896514892578e-04 1.842677593231201172e-04 1.757144927978515625e-04 1.728236675262451172e-04 1.848936080932617188e-04 1.815855503082275391e-04 1.806616783142089844e-04 1.814961433410644531e-04 1.795291900634765625e-04 1.777410507202148438e-04
7.349375378959170924e-01 -4.205703735351562500e-04 -4.319548606872558594e-04 -4.242956638336181641e-04 -4.124939441680908203e-04 -4.153549671173095703e-04 -4.177987575531005859e-04 -4.276335239410400391e-04 -4.386305809020996094e-04 -4.315376281738281250e-04 -4.139542579650878906e-04
7.413902998813050038e-01 5.935728549957275391e-04 5.951523780822753906e-04 5.986690521240234375e-04 6.052553653717041016e-04 6.007850170135498047e-04 6.040334701538085938e-04 5.908608436584472656e-04 5.847811698913574219e-04 5.932748317718505859e-04 5.842745304107666016e-04
7.478430618666929153e-01 -4.799365997314453125e-04 -4.615187644958496094e-04 -4.650354385375976562e-04 -4.639327526092529297e-04 -4.888176918029785156e-04 -4.696846008300781250e-04 -4.473328590393066406e-04 -4.632472991943359375e-04 -4.628300666809082031e-04 -4.629194736480712891e-04
7.542958238520808267e-01 -5.138516426086425781e-04 -5.111694335937500000e-04 -5.244612693786621094e-04 -5.122423171997070312e-04 -5.140304565429687500e-04 -5.128681659698486328e-04 -5.146265029907226562e-04 -5.046129226684570312e-04 -5.160868167877197266e-04 -5.228519439697265625e-04
7.607485858374687382e-01 8.679628372192382812e-04 8.641779422760009766e-04 8.612275123596191406e-04 8.566081523895263672e-04 8.423328399658203125e-04 8.656084537506103516e-04 8.636116981506347656e-04 8.532404899597167969e-04 8.521378040313720703e-04 8.585751056671142578e-04
7.672013478228566496e-01 -1.215934753417968750e-04 -1.346170902252197266e-04 -1.129209995269775391e-04 -1.254975795745849609e-04 -1.164376735687255859e-04 -1.286864280700683594e-04 -1.186132431030273438e-04 -1.320838928222656250e-04 -1.265108585357666016e-04 -1.221001148223876953e-04
7.736541098082445611e-01 1.029372215270996094e-04 1.057982444763183594e-04 1.102089881896972656e-04 1.077353954315185547e-04 1.148879528045654297e-04 1.080930233001708984e-04 1.019835472106933594e-04 1.062452793121337891e-04 9.191036224365234375e-05 1.125931739807128906e-04
7.801068717936323615e-01 2.905726432800292969e-04 2.967417240142822266e-04 2.903342247009277344e-04 2.825558185577392578e-04 2.844929695129394531e-04 2.772212028503417969e-04 2.944469451904296875e-04 2.821087837219238281e-04 2.960264682769775391e-04 2.927482128143310547e-04
7.865596337790202730e-01 -2.911984920501708984e-04 -2.714395523071289062e-04 -2.776980400085449219e-04 -2.822875976562500000e-04 -2.783536911010742188e-04 -2.864003181457519531e-04 -2.898573875427246094e-04 -3.018081188201904297e-04 -2.884566783905029297e-04 -2.925693988800048828e-04
7.930123957644081845e-01 5.344450473785400391e-04 5.437135696411132812e-04 5.419254302978515625e-04 5.358755588531494141e-04 5.437731742858886719e-04 5.332529544830322266e-04 5.429387092590332031e-04 5.328059196472167969e-04 5.435049533843994141e-04 5.410015583038330078e-04
7.994651577497960959e-01 8.139014244079589844e-05 6.780028343200683594e-05 7.492303848266601562e-05 7.686018943786621094e-05 6.383657455444335938e-05 6.866455078125000000e-05 7.990002632141113281e-05 7.969141006469726562e-05 8.419156074523925781e-05 7.298588752746582031e-05
8.059179197351840074e-01 -8.723437786102294922e-04 -8.724033832550048828e-04 -8.795261383056640625e-04 -8.703470230102539062e-04 -8.710026741027832031e-04 -8.712708950042724609e-04 -8.665025234222412109e-04 -8.643865585327148438e-04 -8.716881275177001953e-04 -8.697509765625000000e-04
8.123706817205719188e-01 1.009106636047363281e-04 1.100599765777587891e-04 1.071095466613769531e-04 9.816884994506835938e-05 9.980797767639160156e-05 8.955597877502441406e-05 8.082389831542968750e-05 8.180737495422363281e-05 8.699297904968261719e-05 8.109211921691894531e-05
8.188234437059598303e-01 3.870427608489990234e-04 3.814995288848876953e-04 3.839433193206787109e-04 3.933608531951904297e-04 3.885626792907714844e-04 3.830492496490478516e-04 3.989934921264648438e-04 3.797113895416259766e-04 3.794133663177490234e-04 3.814399242401123047e-04
8.252762056913477418e-01 -5.815327167510986328e-04 -5.709528923034667969e-04 -5.887150764465332031e-04 -5.824267864227294922e-04 -5.812346935272216797e-04 -5.686581134796142578e-04 -5.794465541839599609e-04 -5.764961242675781250e-04 -5.726814270019531250e-04 -5.689263343811035156e-04
8.317289676767356532e-01 -5.856156349182128906e-05 -4.667043685913085938e-05 -5.629658699035644531e-05 -5.286931991577148438e-05 -5.134940147399902344e-05 -6.085634231567382812e-05 -6.762146949768066406e-05 -7.027387619018554688e-05 -5.835294723510742188e-05 -5.102157592773437500e-05
8.381817296621235647e-01 3.287494182586669922e-04 3.273189067840576172e-04 3.221631050109863281e-04 3.317594528198242188e-04 3.248453140258789062e-04 3.194808959960937500e-04 3.226101398468017578e-04 3.312528133392333984e-04 3.296732902526855469e-04 3.255009651184082031e-04
8.446344916475114761e-01 -9.351968765258789062e-05 -9.948015213012695312e-05 -9.825825691223144531e-05 -1.017153263092041016e-04 -1.012086868286132812e-04 -9.655952453613281250e-05 -1.152455806732177734e-04 -1.076161861419677734e-04 -1.008212566375732422e-04 -1.031756401062011719e-04
8.510872536328993876e-01 1.745820045471191406e-04 1.778006553649902344e-04 1.820027828216552734e-04 1.787245273590087891e-04 1.694560050964355469e-04 1.833736896514892578e-04 1.923441886901855469e-04 1.740753650665283203e-04 1.798570156097412109e-04 1.820921897888183594e-04
8.575400156182872990e-01 -1.268684864044189453e-04 -1.220703125000000000e-04 -1.278221607208251953e-04 -1.269876956939697266e-04 -1.244544982910156250e-04 -1.175701618194580078e-04 -1.265704631805419922e-04 -1.269578933715820312e-04 -1.223385334014892578e-04 -1.289248466491699219e-04
8.639927776036752105e-01 -9.223818778991699219e-05 -9.688735008239746094e-05 -9.393692016601562500e-05 -1.011192798614501953e-04 -1.033246517181396484e-04 -9.983777999877929688e-05 -1.054704189300537109e-04 -9.778141975402832031e-05 -9.158253669738769531e-05 -9.173154830932617188e-05
8.704455395890630109e-01 -4.044175148010253906e-05 -4.908442497253417969e-05 -4.297494888305664062e-05 -5.549192428588867188e-05 -5.152821540832519531e-05 -4.529953002929687500e-05 -3.445148468017578125e-05 -5.725026130676269531e-05 -4.401803016662597656e-05 -4.464387893676757812e-05
8.768983015744509224e-01 -1.215636730194091797e-04 -1.089274883270263672e-04 -1.220703125000000000e-04 -1.146495342254638672e-04 -1.160800457000732422e-04 -1.199841499328613281e-04 -1.232624053955078125e-04 -1.199543476104736328e-04 -1.230537891387939453e-04 -1.279413700103759766e-04
8.833510635598388339e-01 3.057420253753662109e-04 2.891719341278076172e-04 2.912878990173339844e-04 2.854466438293457031e-04 2.982318401336669922e-04 3.086626529693603516e-04 2.937614917755126953e-04 2.942681312561035156e-04 3.017187118530273438e-04 3.100335597991943359e-04
8.898038255452267453e-01 -1.347064971923828125e-05 -7.033348083496093750e-06 -5.662441253662109375e-06 -1.090764999389648438e-05 -1.224875450134277344e-05 -7.569789886474609375e-06 3.606081008911132812e-06 9.596347808837890625e-06 1.832842826843261719e-05 3.993511199951171875e-06
8.962565875306146568e-01 -2.020299434661865234e-04 -2.064406871795654297e-04 -2.230405807495117188e-04 -2.050995826721191406e-04 -2.062618732452392578e-04 -2.085864543914794922e-04 -2.089440822601318359e-04 -2.049505710601806641e-04 -2.034306526184082031e-04 -2.113282680511474609e-04
9.027093495160025682e-01 2.018213272094726562e-04 2.030134201049804688e-04 1.981556415557861328e-04 1.986920833587646484e-04 1.951456069946289062e-04 1.941919326782226562e-04 2.046227455139160156e-04 1.950562000274658203e-04 1.959800720214843750e-04 1.937448978424072266e-04
9.091621115013904797e-01 -8.279085159301757812e-05 -7.581710815429687500e-05 -7.337331771850585938e-05 -9.292364120483398438e-05 -8.180737495422363281e-05 -8.955597877502441406e-05 -8.955597877502441406e-05 -8.741021156311035156e-05 -7.641315460205078125e-05 -9.545683860778808594e-05
9.156148734867783912e-01 9.500980377197265625e-05 9.977817535400390625e-05 9.196996688842773438e-05 1.005828380584716797e-04 9.560585021972656250e-05 1.003146171569824219e-04 9.489059448242187500e-05 9.357929229736328125e-05 9.617209434509277344e-05 9.462237358093261719e-05
9.220676354721663026e-01 2.241134643554687500e-05 4.917383193969726562e-06 1.114606857299804688e-05 2.509355545043945312e-05 2.425909042358398438e-05 1.487135887145996094e-05 2.932548522949218750e-05 2.342462539672851562e-05 1.597404479980468750e-05 2.849102020263671875e-05
9.285203974575542141e-01 -1.699924468994140625e-04 -1.717805862426757812e-04 -1.661777496337890625e-04 -1.736879348754882812e-04 -1.627802848815917969e-04 -1.724362373352050781e-04 -1.882314682006835938e-04 -1.687407493591308594e-04 -1.686513423919677734e-04 -1.610815525054931641e-04
9.349731594429421255e-01 1.719594001770019531e-04 1.813471317291259766e-04 1.772642135620117188e-04 1.733005046844482422e-04 1.735985279083251953e-04 1.767277717590332031e-04 1.766085624694824219e-04 1.675784587860107422e-04 1.747608184814453125e-04 1.727342605590820312e-04
9.414259214283300370e-01 -1.084804534912109375e-04 -1.139342784881591797e-04 -1.206994056701660156e-04 -1.162588596343994141e-04 -1.124441623687744141e-04 -1.215338706970214844e-04 -1.110732555389404297e-04 -1.153647899627685547e-04 -1.209080219268798828e-04 -1.133382320404052734e-04
9.478786834137179484e-01 9.411573410034179688e-05 8.916854858398437500e-05 8.353590965270996094e-05 9.027123451232910156e-05 8.347630500793457031e-05 9.107589721679687500e-05 8.982419967651367188e-05 8.890032768249511719e-05 8.329749107360839844e-05 8.821487426757812500e-05
9.543314453991058599e-01 3.930926322937011719e-05 3.501772880554199219e-05 2.241134643554687500e-05 1.862645149230957031e-05 9.000301361083984375e-06 2.545118331909179688e-05 3.305077552795410156e-05 3.471970558166503906e-05 2.658367156982421875e-05 4.237890243530273438e-05
9.607842073844936603e-01 -1.948177814483642578e-04 -2.035200595855712891e-04 -2.120733261108398438e-04 -1.983940601348876953e-04 -2.010762691497802734e-04 -2.035796642303466797e-04 -2.051591873168945312e-04 -2.002418041229248047e-04 -2.018809318542480469e-04 -1.969337463378906250e-04
9.672369693698815718e-01 1.110434532165527344e-04 1.255273818969726562e-04 1.173019409179687500e-04 1.151561737060546875e-04 1.207292079925537109e-04 1.072287559509277344e-04 1.137852668762207031e-04 1.212060451507568359e-04 1.067817211151123047e-04 1.132190227508544922e-04
9.736897313552694833e-01 -5.003809928894042969e-05 -4.330277442932128906e-05 -3.474950790405273438e-05 -4.139542579650878906e-05 -5.158782005310058594e-05 -3.129243850708007812e-05 -4.017353057861328125e-05 -3.811717033386230469e-05 -4.154443740844726562e-05 -4.944205284118652344e-05
9.801424933406573947e-01 -1.403689384460449219e-05 -1.171231269836425781e-05 -1.198053359985351562e-05 -1.052021980285644531e-05 -8.940696716308593750e-06 -6.228685379028320312e-06 -1.859664916992187500e-05 -1.835823059082031250e-05 -1.305341720581054688e-05 -7.748603820800781250e-06
9.865952553260453062e-01 7.390975952148437500e-05 7.569789886474609375e-05 7.575750350952148438e-05 7.620453834533691406e-05 8.076429367065429688e-05 6.815791130065917969e-05 8.299946784973144531e-05 6.538629531860351562e-05 7.182359695434570312e-05 6.094574928283691406e-05
9.930480173114332176e-01 -8.398294448852539062e-05 -9.527802467346191406e-05 -9.289383888244628906e-05 -9.322166442871093750e-05 -9.396672248840332031e-05 -8.422136306762695312e-05 -1.086294651031494141e-04 -9.217858314514160156e-05 -8.600950241088867188e-05 -1.022517681121826172e-04
9.995007792968211291e-01 5.909800529479980469e-05 6.073713302612304688e-05 4.595518112182617188e-05 4.154443740844726562e-05 4.747509956359863281e-05 4.187226295471191406e-05 3.457069396972656250e-05 4.810094833374023438e-05 4.941225051879882812e-05 4.330277442932128906e-05
1.005953541282209152e+00 2.142786979675292969e-05 1.794099807739257812e-05 2.944469451904296875e-05 1.204013824462890625e-05 1.573562622070312500e-05 2.053380012512207031e-05 2.598762512207031250e-05 2.351403236389160156e-05 1.618266105651855469e-05 1.740455627441406250e-05
1.012406303267596952e+00 -1.436471939086914062e-05 -2.244114875793457031e-05 -5.662441253662109375e-06 -6.586313247680664062e-06 -2.712011337280273438e-05 -8.285045623779296875e-06 -5.424022674560546875e-06 2.652406692504882812e-06 -8.344650268554687500e-06 4.947185516357421875e-06
1.018859065252984752e+00 4.222989082336425781e-05 3.397464752197265625e-05 4.366040229797363281e-05 4.315376281738281250e-05 3.087520599365234375e-05 3.418326377868652344e-05 4.237890243530273438e-05 4.491209983825683594e-05 4.985928535461425781e-05 4.872679710388183594e-05
1.025311827238372775e+00 -6.321072578430175781e-05 -5.984306335449218750e-05 -6.255507469177246094e-05 -6.070733070373535156e-05 -6.937980651855468750e-05 -5.769729614257812500e-05 -6.571412086486816406e-05 -6.568431854248046875e-05 -5.176663398742675781e-05 -5.951523780822753906e-05
1.031764589223760797e+00 4.810094833374023438e-05 5.066394805908203125e-05 4.717707633972167969e-05 4.464387893676757812e-05 4.631280899047851562e-05 4.529953002929687500e-05 4.860758781433105469e-05 4.860758781433105469e-05 4.795193672180175781e-05 4.813075065612792969e-05
1.038217351209148598e+00 4.145503044128417969e-05 4.366040229797363281e-05 5.066394805908203125e-05 5.882978439331054688e-05 5.203485488891601562e-05 4.634261131286621094e-05 3.629922866821289062e-05 4.222989082336425781e-05 5.385279655456542969e-05 5.221366882324218750e-05
1.044670113194536398e+00 2.446770668029785156e-05 4.252791404724121094e-05 4.854798316955566406e-05 4.261732101440429688e-05 2.157688140869140625e-05 3.397464752197265625e-05 3.939867019653320312e-05 3.448128700256347656e-05 3.400444984436035156e-05 3.561377525329589844e-05
1.051122875179924421e+00 -9.903311729431152344e-05 -1.007616519927978516e-04 -9.477138519287109375e-05 -9.310245513916015625e-05 -9.262561798095703125e-05 -8.895993232727050781e-05 -8.505582809448242188e-05 -9.509921073913574219e-05 -9.459257125854492188e-05 -9.033083915710449219e-05
1.057575637165312221e+00 -2.856552600860595703e-04 -2.875924110412597656e-04 -2.976953983306884766e-04 -2.846717834472656250e-04 -2.940893173217773438e-04 -2.903044223785400391e-04 -2.972781658172607422e-04 -2.940297126770019531e-04 -2.937614917755126953e-04 -2.912282943725585938e-04
1.064028399150700022e+00 1.249611377716064453e-04 1.257658004760742188e-04 1.187324523925781250e-04 1.153945922851562500e-04 1.376867294311523438e-04 1.371204853057861328e-04 1.244544982910156250e-04 1.308023929595947266e-04 1.304447650909423828e-04 1.139342784881591797e-04
1.070481161136088044e+00 -2.666711807250976562e-04 -2.777278423309326172e-04 -2.774596214294433594e-04 -2.711713314056396484e-04 -2.709031105041503906e-04 -2.824366092681884766e-04 -2.824366092681884766e-04 -2.737641334533691406e-04 -2.709925174713134766e-04 -2.812445163726806641e-04
1.076933923121476067e+00 -8.970499038696289062e-05 -8.594989776611328125e-05 -9.033083915710449219e-05 -9.372830390930175781e-05 -8.621811866760253906e-05 -9.074807167053222656e-05 -8.386373519897460938e-05 -7.644295692443847656e-05 -8.437037467956542969e-05 -8.031725883483886719e-05
1.083386685106863867e+00 1.647174358367919922e-04 1.603662967681884766e-04 1.642107963562011719e-04 1.556575298309326172e-04 1.623332500457763672e-04 1.519024372100830078e-04 1.576244831085205078e-04 1.663565635681152344e-04 1.575052738189697266e-04 1.667737960815429688e-04
1.089839447092251667e+00 -6.109476089477539062e-05 -6.586313247680664062e-05 -5.379319190979003906e-05 -4.008412361145019531e-05 -5.021691322326660156e-05 -5.143880844116210938e-05 -4.544854164123535156e-05 -5.853176116943359375e-05 -5.927681922912597656e-05 -5.611777305603027344e-05
1.096292209077639690e+00 1.089572906494140625e-04 1.016259193420410156e-04 1.156926155090332031e-04 1.120269298553466797e-04 9.438395500183105469e-05 1.151263713836669922e-04 1.137852668762207031e-04 1.239776611328125000e-04 1.074075698852539062e-04 1.076161861419677734e-04
1.102744971063027712e+00 -2.330839633941650391e-04 -2.268552780151367188e-04 -2.400577068328857422e-04 -2.287328243255615234e-04 -2.385675907135009766e-04 -2.283453941345214844e-04 -2.268552780151367188e-04 -2.385973930358886719e-04 -2.379715442657470703e-04 -2.390444278717041016e-04
1.109197733048415513e+00 -4.726648330688476562e-05 -3.799796104431152344e-05 -3.114342689514160156e-05 -4.395842552185058594e-05 -3.379583358764648438e-05 -4.309415817260742188e-05 -4.136562347412109375e-05 -4.345178604125976562e-05 -4.440546035766601562e-05 -4.374980926513671875e-05
1.115650495033803313e+00 -1.692771911621093750e-04 -1.819133758544921875e-04 -1.805126667022705078e-04 -1.779794692993164062e-04 -1.879632472991943359e-04 -1.849234104156494141e-04 -1.663863658905029297e-04 -1.744031906127929688e-04 -1.961588859558105469e-04 -1.830756664276123047e-04
1.122103257019191336e+00 -9.578466415405273438e-05 -9.566545486450195312e-05 -1.025497913360595703e-04 -9.167194366455078125e-05 -9.924173355102539062e-05 -1.182556152343750000e-04 -1.103579998016357422e-04 -1.223087310791015625e-04 -1.212060451507568359e-04 -1.143515110015869141e-04
1.128556019004579358e+00 1.014173030853271484e-04 1.080632209777832031e-04 1.028478145599365234e-04 1.009404659271240234e-04 1.055896282196044922e-04 1.052916049957275391e-04 9.846687316894531250e-05 9.498000144958496094e-05 1.076161861419677734e-04 1.074671745300292969e-04
1.135008780989967159e+00 -2.716183662414550781e-04 -2.839863300323486328e-04 -2.934932708740234375e-04 -2.794861793518066406e-04 -2.751052379608154297e-04 -2.806782722473144531e-04 -2.922713756561279297e-04 -2.870261669158935547e-04 -2.834796905517578125e-04 -2.908408641815185547e-04
1.141461542975354959e+00 8.618831634521484375e-05 7.429718971252441406e-05 7.206201553344726562e-05 7.879734039306640625e-05 6.243586540222167969e-05 7.420778274536132812e-05 6.949901580810546875e-05 8.559226989746093750e-05 6.574392318725585938e-05 7.319450378417968750e-05
1.147914304960742982e+00 2.551078796386718750e-04 2.447664737701416016e-04 2.390742301940917969e-04 2.523958683013916016e-04 2.446472644805908203e-04 2.606213092803955078e-04 2.537965774536132812e-04 2.473592758178710938e-04 2.532601356506347656e-04 2.452135086059570312e-04
1.154367066946130782e+00 -2.258718013763427734e-04 -2.294778823852539062e-04 -2.202987670898437500e-04 -2.250671386718750000e-04 -2.314150333404541016e-04 -2.235472202301025391e-04 -2.308189868927001953e-04 -2.157092094421386719e-04 -2.224445343017578125e-04 -2.175271511077880859e-04
1.160819828931518582e+00 2.922117710113525391e-04 2.938508987426757812e-04 2.855062484741210938e-04 2.904534339904785156e-04 2.980530261993408203e-04 2.811551094055175781e-04 2.802908420562744141e-04 2.815127372741699219e-04 2.886950969696044922e-04 2.927184104919433594e-04
1.167272590916906605e+00 -8.374452590942382812e-05 -7.402896881103515625e-05 -8.654594421386718750e-05 -7.882714271545410156e-05 -6.902217864990234375e-05 -7.829070091247558594e-05 -7.134675979614257812e-05 -7.528066635131835938e-05 -7.918477058410644531e-05 -7.247924804687500000e-05
1.173725352902294627e+00 -2.256929874420166016e-04 -2.205669879913330078e-04 -2.346932888031005859e-04 -2.239644527435302734e-04 -2.277195453643798828e-04 -2.216994762420654297e-04 -2.372264862060546875e-04 -2.261996269226074219e-04 -2.260208129882812500e-04 -2.225339412689208984e-04
1.180178114887682428e+00 4.215240478515625000e-04 4.138052463531494141e-04 4.069805145263671875e-04 4.133880138397216797e-04 4.186034202575683594e-04 4.174113273620605469e-04 4.213750362396240234e-04 4.205107688903808594e-04 4.285573959350585938e-04 4.180371761322021484e-04
1.186630876873070450e+00 -2.517700195312500000e-04 -2.474188804626464844e-04 -2.701282501220703125e-04 -2.442598342895507812e-04 -2.554655075073242188e-04 -2.541244029998779297e-04 -2.601742744445800781e-04 -2.537965774536132812e-04 -2.638995647430419922e-04 -2.454817295074462891e-04
1.193083638858458251e+00 2.161264419555664062e-04 2.085864543914794922e-04 2.246499061584472656e-04 2.210736274719238281e-04 2.115368843078613281e-04 2.154111862182617188e-04 2.174973487854003906e-04 2.065300941467285156e-04 2.187788486480712891e-04 2.134442329406738281e-04
1.199536400843846051e+00 2.291798591613769531e-04 2.330839633941650391e-04 2.216696739196777344e-04 2.171397209167480469e-04 2.275407314300537109e-04 2.331435680389404297e-04 2.344250679016113281e-04 2.300441265106201172e-04 2.298355102539062500e-04 2.228617668151855469e-04
1.205989162829234074e+00 -4.227459430694580078e-04 -4.098117351531982422e-04 -4.187822341918945312e-04 -4.138946533203125000e-04 -4.220306873321533203e-04 -4.135668277740478516e-04 -4.277825355529785156e-04 -4.093647003173828125e-04 -4.178583621978759766e-04 -4.090368747711181641e-04
1.212441924814621874e+00 3.596544265747070312e-04 3.592371940612792969e-04 3.552436828613281250e-04 3.640949726104736328e-04 3.340244293212890625e-04 3.558993339538574219e-04 3.413259983062744141e-04 3.577768802642822266e-04 3.455281257629394531e-04 3.385543823242187500e-04
1.218894686800009897e+00 1.779198646545410156e-05 3.486871719360351562e-06 1.072883605957031250e-05 1.570582389831542969e-05 6.884336471557617188e-06 -5.811452865600585938e-06 2.491474151611328125e-05 1.093745231628417969e-05 1.111626625061035156e-05 1.060962677001953125e-05
1.225347448785397697e+00 -1.890957355499267578e-04 -2.015531063079833984e-04 -2.012252807617187500e-04 -1.801252365112304688e-04 -1.901984214782714844e-04 -2.019107341766357422e-04 -2.069175243377685547e-04 -1.913011074066162109e-04 -1.888275146484375000e-04 -2.034604549407958984e-04
1.231800210770785720e+00 2.064108848571777344e-04 2.172589302062988281e-04 2.158880233764648438e-04 2.109110355377197266e-04 2.082288265228271484e-04 2.097785472869873047e-04 2.046525478363037109e-04 1.962780952453613281e-04 2.101063728332519531e-04 2.045035362243652344e-04
1.238252972756173520e+00 -1.718401908874511719e-04 -1.782476902008056641e-04 -1.839101314544677734e-04 -1.774132251739501953e-04 -1.737773418426513672e-04 -1.754760742187500000e-04 -1.609921455383300781e-04 -1.758038997650146484e-04 -1.594126224517822266e-04 -1.735091209411621094e-04
1.244705734741561542e+00 -1.168251037597656250e-05 -8.702278137207031250e-06 -1.096725463867187500e-05 -1.969933509826660156e-05 -2.312660217285156250e-05 -1.755356788635253906e-05 -1.773238182067871094e-05 -2.467632293701171875e-05 -2.232193946838378906e-05 -3.063678741455078125e-05
1.251158496726949343e+00 1.056790351867675781e-04 1.077651977539062500e-04 1.007914543151855469e-04 9.751319885253906250e-05 1.135170459747314453e-04 1.043081283569335938e-04 9.241700172424316406e-05 1.006722450256347656e-04 1.053214073181152344e-04 1.066923141479492188e-04
1.257611258712337365e+00 -6.866455078125000000e-05 -8.180737495422363281e-05 -6.994605064392089844e-05 -7.739663124084472656e-05 -7.611513137817382812e-05 -7.227063179016113281e-05 -7.566809654235839844e-05 -9.343028068542480469e-05 -7.775425910949707031e-05 -7.939338684082031250e-05
1.264064020697725166e+00 -2.971291542053222656e-05 -2.378225326538085938e-05 -3.695487976074218750e-05 -1.972913742065429688e-05 -1.871585845947265625e-05 -2.029538154602050781e-05 -2.431869506835937500e-05 -1.820921897888183594e-05 -1.573562622070312500e-05 -2.086162567138671875e-05
1.270516782683113188e+00 -2.402067184448242188e-05 -3.203749656677246094e-05 -2.247095108032226562e-05 -2.011656761169433594e-05 -2.738833427429199219e-05 -3.260374069213867188e-05 -2.408027648925781250e-05 -2.920627593994140625e-05 -2.747774124145507812e-05 -3.358721733093261719e-05
1.276969544668500989e+00 -1.931190490722656250e-05 -1.978874206542968750e-05 -1.874566078186035156e-05 -2.229213714599609375e-05 -2.577900886535644531e-05 -3.093481063842773438e-05 -3.263354301452636719e-05 -2.706050872802734375e-05 -1.615285873413085938e-05 -2.303719520568847656e-05
1.283422306653888789e+00 -3.129243850708007812e-05 -4.944205284118652344e-05 -4.601478576660156250e-05 -3.284215927124023438e-05 -4.374980926513671875e-05 -4.497170448303222656e-05 -4.148483276367187500e-05 -5.036592483520507812e-05 -3.668665885925292969e-05 -4.565715789794921875e-05
1.289875068639276812e+00 1.201927661895751953e-04 1.202523708343505859e-04 1.219809055328369141e-04 1.331865787506103516e-04 1.159012317657470703e-04 1.188218593597412109e-04 1.278221607208251953e-04 1.252293586730957031e-04 1.239180564880371094e-04 1.200735569000244141e-04
1.296327830624664612e+00 -4.631280899047851562e-05 -4.911422729492187500e-05 -4.130601882934570312e-05 -4.172325134277343750e-05 -4.026293754577636719e-05 -4.136562347412109375e-05 -5.048513412475585938e-05 -5.155801773071289062e-05 -2.911686897277832031e-05 -3.784894943237304688e-05
1.302780592610052635e+00 -4.780292510986328125e-05 -4.747509956359863281e-05 -4.994869232177734375e-05 -5.874037742614746094e-05 -5.540251731872558594e-05 -6.154179573059082031e-05 -4.866719245910644531e-05 -4.801154136657714844e-05 -5.537271499633789062e-05 -6.273388862609863281e-05
1.309233354595440435e+00 1.030266284942626953e-04 1.054406166076660156e-04 1.129508018493652344e-04 1.091063022613525391e-04 1.047551631927490234e-04 9.593367576599121094e-05 1.130700111389160156e-04 1.122653484344482422e-04 1.088976860046386719e-04 1.003742218017578125e-04
1.315686116580828458e+00 -1.104474067687988281e-04 -1.206696033477783203e-04 -9.971857070922851562e-05 -1.094043254852294922e-04 -1.130402088165283203e-04 -1.059472560882568359e-04 -1.194477081298828125e-04 -1.115202903747558594e-04 -1.152753829956054688e-04 -1.085996627807617188e-04
1.322138878566216258e+00 6.556510925292968750e-05 6.306171417236328125e-05 7.960200309753417969e-05 6.291270256042480469e-05 6.029009819030761719e-05 7.665157318115234375e-05 6.279349327087402344e-05 7.152557373046875000e-05 7.212162017822265625e-05 7.167458534240722656e-05
1.328591640551604280e+00 5.856156349182128906e-05 6.300210952758789062e-05 4.824995994567871094e-05 6.255507469177246094e-05 5.105137825012207031e-05 6.428360939025878906e-05 5.698204040527343750e-05 6.943941116333007812e-05 5.489587783813476562e-05 5.352497100830078125e-05
1.335044402536992081e+00 -1.883506774902343750e-04 -1.893043518066406250e-04 -1.745223999023437500e-04 -1.767277717590332031e-04 -1.854896545410156250e-04 -1.823604106903076172e-04 -1.886487007141113281e-04 -1.855790615081787109e-04 -1.823008060455322266e-04 -1.749098300933837891e-04
1.341497164522380103e+00 1.474916934967041016e-04 1.457035541534423828e-04 1.534819602966308594e-04 1.442730426788330078e-04 1.546740531921386719e-04 1.517534255981445312e-04 1.323521137237548828e-04 1.435875892639160156e-04 1.537203788757324219e-04 1.536905765533447266e-04
1.347949926507767904e+00 -3.394484519958496094e-05 -2.035498619079589844e-05 -2.521276473999023438e-05 -9.268522262573242188e-06 -3.927946090698242188e-05 -2.351403236389160156e-05 -1.317262649536132812e-05 -1.063942909240722656e-05 -2.181529998779296875e-05 -1.919269561767578125e-05
1.354402688493155926e+00 -4.085898399353027344e-05 -3.361701965332031250e-05 -3.764033317565917969e-05 -3.439188003540039062e-05 -4.488229751586914062e-05 -3.850460052490234375e-05 -4.595518112182617188e-05 -3.758072853088378906e-05 -3.227591514587402344e-05 -3.364682197570800781e-05
1.360855450478543727e+00 9.003281593322753906e-05 9.107589721679687500e-05 7.915496826171875000e-05 8.648633956909179688e-05 8.112192153930664062e-05 8.633732795715332031e-05 8.603930473327636719e-05 8.597970008850097656e-05 9.161233901977539062e-05 8.589029312133789062e-05
1.367308212463931749e+00 -8.881092071533203125e-05 -1.067519187927246094e-04 -1.001656055450439453e-04 -1.021623611450195312e-04 -8.788704872131347656e-05 -9.363889694213867188e-05 -8.791685104370117188e-05 -9.432435035705566406e-05 -1.113712787628173828e-04 -7.542967796325683594e-05
1.373760974449319550e+00 4.911422729492187500e-05 6.732344627380371094e-05 7.286667823791503906e-05 6.252527236938476562e-05 5.093216896057128906e-05 4.726648330688476562e-05 6.178021430969238281e-05 6.341934204101562500e-05 5.665421485900878906e-05 4.875659942626953125e-05
1.380213736434707350e+00 9.664893150329589844e-05 9.387731552124023438e-05 1.113414764404296875e-04 1.042783260345458984e-04 9.503960609436035156e-05 9.459257125854492188e-05 9.343028068542480469e-05 1.076459884643554688e-04 1.009404659271240234e-04 9.986758232116699219e-05
1.386666498420095373e+00 -2.413988113403320312e-05 -1.379847526550292969e-05 -1.752376556396484375e-05 -1.946091651916503906e-05 -3.424286842346191406e-05 -1.734495162963867188e-05 -2.706050872802734375e-05 -1.224875450134277344e-05 -2.586841583251953125e-05 -2.869963645935058594e-05
1.393119260405483173e+00 1.925230026245117188e-05 1.591444015502929688e-05 3.001093864440917969e-05 2.706050872802734375e-05 2.148747444152832031e-05 2.273917198181152344e-05 1.895427703857421875e-05 2.080202102661132812e-05 3.084540367126464844e-05 2.175569534301757812e-05
1.399572022390871195e+00 -3.707408905029296875e-05 -2.536177635192871094e-05 -2.491474151611328125e-05 -2.416968345642089844e-05 -2.622604370117187500e-05 -3.477931022644042969e-05 -2.300739288330078125e-05 -1.853704452514648438e-05 -1.475214958190917969e-05 -1.984834671020507812e-05
1.406024784376258996e+00 3.948807716369628906e-05 4.097819328308105469e-05 3.743171691894531250e-05 3.397464752197265625e-05 4.479289054870605469e-05 3.987550735473632812e-05 2.393126487731933594e-05 4.121661186218261719e-05 4.541873931884765625e-05 3.731250762939453125e-05
1.412477546361647018e+00 -7.444620132446289062e-05 -6.136298179626464844e-05 -6.061792373657226562e-05 -5.596876144409179688e-05 -5.608797073364257812e-05 -5.775690078735351562e-05 -6.344914436340332031e-05 -6.937980651855468750e-05 -5.692243576049804688e-05 -5.969405174255371094e-05
1.418930308347034819e+00 3.793835639953613281e-05 5.200505256652832031e-05 5.379319190979003906e-05 5.224347114562988281e-05 4.881620407104492188e-05 4.708766937255859375e-05 5.087256431579589844e-05 4.836916923522949219e-05 3.671646118164062500e-05 4.127621650695800781e-05
1.425383070332422841e+00 -9.238719940185546875e-07 6.228685379028320312e-06 2.741813659667968750e-06 4.768371582031250000e-07 1.245737075805664062e-05 -3.248453140258789062e-06 1.478195190429687500e-05 -2.205371856689453125e-06 5.960464477539062500e-06 -5.960464477539062500e-07
1.431835832317810642e+00 -2.253055572509765625e-05 -1.609325408935546875e-05 -1.376867294311523438e-05 -2.250075340270996094e-05 -2.014636993408203125e-05 -2.601742744445800781e-05 -2.005696296691894531e-05 -3.632903099060058594e-05 -2.738833427429199219e-05 -2.631545066833496094e-05
1.438288594303198664e+00 2.160668373107910156e-05 2.914667129516601562e-05 2.318620681762695312e-05 2.151727676391601562e-05 1.245737075805664062e-05 1.853704452514648438e-05 1.487135887145996094e-05 1.558661460876464844e-05 2.443790435791015625e-05 1.493096351623535156e-05
1.444741356288586465e+00 -8.630752563476562500e-05 -7.724761962890625000e-05 -8.791685104370117188e-05 -7.504224777221679688e-05 -8.901953697204589844e-05 -8.380413055419921875e-05 -8.848309516906738281e-05 -7.736682891845703125e-05 -8.672475814819335938e-05 -8.362531661987304688e-05
1.451194118273974487e+00 1.144111156463623047e-04 1.091957092285156250e-04 1.116991043090820312e-04 1.106858253479003906e-04 1.153647899627685547e-04 1.124143600463867188e-04 1.157820224761962891e-04 1.006126403808593750e-04 1.079142093658447266e-04 1.074075698852539062e-04
1.457646880259362288e+00 -3.874301910400390625e-07 -2.056360244750976562e-06 5.960464477539062500e-08 -1.028180122375488281e-05 -1.823902130126953125e-05 -1.299381256103515625e-05 -5.036592483520507812e-06 -3.188848495483398438e-06 -2.005696296691894531e-05 -4.529953002929687500e-06
1.464099642244750310e+00 -5.227327346801757812e-05 -6.911158561706542969e-05 -4.068017005920410156e-05 -5.170702934265136719e-05 -4.929304122924804688e-05 -4.762411117553710938e-05 -4.971027374267578125e-05 -4.830956459045410156e-05 -4.300475120544433594e-05 -5.635619163513183594e-05
1.470552404230138110e+00 1.552104949951171875e-04 1.404881477355957031e-04 1.528859138488769531e-04 1.550316810607910156e-04 1.485049724578857422e-04 1.374185085296630859e-04 1.515448093414306641e-04 1.536607742309570312e-04 1.486539840698242188e-04 1.581609249114990234e-04
1.477005166215525911e+00 -1.755356788635253906e-04 -1.934766769409179688e-04 -1.911222934722900391e-04 -1.767873764038085938e-04 -1.845359802246093750e-04 -1.804232597351074219e-04 -1.882016658782958984e-04 -1.821517944335937500e-04 -1.899898052215576172e-04 -1.946091651916503906e-04
1.483457928200913933e+00 8.440017700195312500e-05 8.043646812438964844e-05 6.815791130065917969e-05 6.824731826782226562e-05 6.145238876342773438e-05 8.201599121093750000e-05 8.198618888854980469e-05 7.051229476928710938e-05 7.435679435729980469e-05 7.387995719909667969e-05
1.489910690186301734e+00 1.522004604339599609e-04 1.434087753295898438e-04 1.383721828460693359e-04 1.422166824340820312e-04 1.500546932220458984e-04 1.429319381713867188e-04 1.508295536041259766e-04 1.399219036102294922e-04 1.432001590728759766e-04 1.614987850189208984e-04
1.496363452171689756e+00 -2.953112125396728516e-04 -3.031492233276367188e-04 -2.988278865814208984e-04 -2.952814102172851562e-04 -2.790391445159912109e-04 -3.027617931365966797e-04 -2.911984920501708984e-04 -2.986490726470947266e-04 -3.003478050231933594e-04 -2.793669700622558594e-04
1.502816214157077557e+00 2.561211585998535156e-04 2.622604370117187500e-04 2.548694610595703125e-04 2.570748329162597656e-04 2.464652061462402344e-04 2.616941928863525391e-04 2.630949020385742188e-04 2.530217170715332031e-04 2.580583095550537109e-04 2.555549144744873047e-04
1.509268976142465579e+00 1.370906829833984375e-06 -1.296401023864746094e-05 -5.602836608886718750e-06 -1.114606857299804688e-05 -1.049041748046875000e-05 -1.165270805358886719e-05 2.682209014892578125e-07 -2.801418304443359375e-06 -4.529953002929687500e-06 -8.463859558105468750e-06
1.515721738127853380e+00 -2.548098564147949219e-04 -2.466142177581787109e-04 -2.649426460266113281e-04 -2.398490905761718750e-04 -2.499818801879882812e-04 -2.487301826477050781e-04 -2.454817295074462891e-04 -2.520382404327392578e-04 -2.479553222656250000e-04 -2.561211585998535156e-04
1.522174500113241402e+00 4.031062126159667969e-04 3.904700279235839844e-04 4.104375839233398438e-04 4.026889801025390625e-04 4.001259803771972656e-04 4.043579101562500000e-04 3.902316093444824219e-04 3.973841667175292969e-04 3.966987133026123047e-04 3.908574581146240234e-04
1.528627262098629203e+00 -1.877248287200927734e-04 -1.874864101409912109e-04 -1.783072948455810547e-04 -1.920163631439208984e-04 -1.795887947082519531e-04 -1.845955848693847656e-04 -1.837015151977539062e-04 -1.952648162841796875e-04 -1.715421676635742188e-04 -1.908838748931884766e-04
1.535080024084017225e+00 -1.256465911865234375e-04 -1.237690448760986328e-04 -1.232922077178955078e-04 -1.363456249237060547e-04 -1.300275325775146484e-04 -1.374185085296630859e-04 -1.227259635925292969e-04 -1.226961612701416016e-04 -1.171231269836425781e-04 -1.272857189178466797e-04
1.541532786069405025e+00 3.178715705871582031e-04 3.267526626586914062e-04 3.074407577514648438e-04 3.201067447662353516e-04 3.104507923126220703e-04 3.136694431304931641e-04 3.233850002288818359e-04 3.074109554290771484e-04 3.173351287841796875e-04 3.116428852081298828e-04
1.547985548054793048e+00 -2.894401550292968750e-04 -2.952814102172851562e-04 -2.967119216918945312e-04 -2.974867820739746094e-04 -2.956688404083251953e-04 -2.963840961456298828e-04 -2.952814102172851562e-04 -2.932250499725341797e-04 -2.872347831726074219e-04 -2.926886081695556641e-04
1.554438310040180848e+00 3.275275230407714844e-05 2.187490463256835938e-05 2.455711364746093750e-05 2.384185791015625000e-05 2.723932266235351562e-05 2.014636993408203125e-05 1.752376556396484375e-05 2.473592758178710938e-05 1.296401023864746094e-05 2.321600914001464844e-05
1.560891072025568649e+00 2.509653568267822266e-04 2.426803112030029297e-04 2.544224262237548828e-04 2.592206001281738281e-04 2.608001232147216797e-04 2.573430538177490234e-04 2.525150775909423828e-04 2.512633800506591797e-04 2.520084381103515625e-04 2.397596836090087891e-04
1.567343834010956671e+00 -3.270804882049560547e-04 -3.263056278228759766e-04 -3.103911876678466797e-04 -3.115534782409667969e-04 -3.223419189453125000e-04 -3.165304660797119141e-04 -3.038644790649414062e-04 -3.185570240020751953e-04 -3.061592578887939453e-04 -3.057718276977539062e-04
1.573796595996344472e+00 8.001923561096191406e-05 7.116794586181640625e-05 6.777048110961914062e-05 8.040666580200195312e-05 7.265806198120117188e-05 7.516145706176757812e-05 7.811188697814941406e-05 7.274746894836425781e-05 7.435679435729980469e-05 6.726384162902832031e-05
1.580249357981732494e+00 1.832544803619384766e-04 1.783072948455810547e-04 1.929998397827148438e-04 1.911818981170654297e-04 2.043843269348144531e-04 1.882910728454589844e-04 1.839697360992431641e-04 1.963078975677490234e-04 1.909732818603515625e-04 1.880824565887451172e-04
1.586702119967120295e+00 -3.542304039001464844e-04 -3.478825092315673828e-04 -3.596246242523193359e-04 -3.383755683898925781e-04 -3.397762775421142578e-04 -3.533661365509033203e-04 -3.604292869567871094e-04 -3.601908683776855469e-04 -3.480017185211181641e-04 -3.463625907897949219e-04
1.593154881952508317e+00 1.979470252990722656e-04 1.955926418304443359e-04 1.882910728454589844e-04 1.935362815856933594e-04 1.865923404693603516e-04 1.862943172454833984e-04 1.858770847320556641e-04 1.888871192932128906e-04 1.744031906127929688e-04 1.863241195678710938e-04
1.599607643937896118e+00 1.454353332519531250e-04 1.596212387084960938e-04 1.598596572875976562e-04 1.549720764160156250e-04 1.614391803741455078e-04 1.738071441650390625e-04 1.673996448516845703e-04 1.655817031860351562e-04 1.606345176696777344e-04 1.753568649291992188e-04
1.606060405923284140e+00 -4.097223281860351562e-04 -4.005730152130126953e-04 -4.139244556427001953e-04 -4.022717475891113281e-04 -4.162788391113281250e-04 -4.127919673919677734e-04 -4.203915596008300781e-04 -4.121959209442138672e-04 -4.063844680786132812e-04 -4.055500030517578125e-04
1.612513167908671941e+00 3.802776336669921875e-04 3.795623779296875000e-04 3.701746463775634766e-04 3.815889358520507812e-04 3.660023212432861328e-04 3.806650638580322266e-04 3.765225410461425781e-04 3.864765167236328125e-04 3.826022148132324219e-04 3.744065761566162109e-04
1.618965929894059963e+00 -8.073449134826660156e-05 -9.906291961669921875e-05 -9.280443191528320312e-05 -9.122490882873535156e-05 -8.895993232727050781e-05 -9.194016456604003906e-05 -7.727742195129394531e-05 -8.961558341979980469e-05 -9.480118751525878906e-05 -9.080767631530761719e-05
1.625418691879447763e+00 -3.450214862823486328e-04 -3.473460674285888672e-04 -3.544390201568603516e-04 -3.481507301330566406e-04 -3.647208213806152344e-04 -3.563463687896728516e-04 -3.502070903778076172e-04 -3.572404384613037109e-04 -3.458857536315917969e-04 -3.481805324554443359e-04
1.631871453864835786e+00 4.627704620361328125e-04 4.587173461914062500e-04 4.604458808898925781e-04 4.605948925018310547e-04 4.674792289733886719e-04 4.718005657196044922e-04 4.768371582031250000e-04 4.651844501495361328e-04 4.647076129913330078e-04 4.638135433197021484e-04
1.638324215850223586e+00 -2.622306346893310547e-04 -2.629160881042480469e-04 -2.660453319549560547e-04 -2.547800540924072266e-04 -2.710223197937011719e-04 -2.560615539550781250e-04 -2.591311931610107422e-04 -2.571642398834228516e-04 -2.621710300445556641e-04 -2.564489841461181641e-04
1.644776977835611609e+00 -1.449584960937500000e-04 -1.558363437652587891e-04 -1.494288444519042969e-04 -1.542866230010986328e-04 -1.598596572875976562e-04 -1.609623432159423828e-04 -1.623332500457763672e-04 -1.613497734069824219e-04 -1.484453678131103516e-04 -1.657009124755859375e-04
1.651229739820999409e+00 4.729628562927246094e-04 4.695057868957519531e-04 4.734098911285400391e-04 4.718899726867675781e-04 4.760324954986572266e-04 4.780888557434082031e-04 4.910230636596679688e-04 4.820823669433593750e-04 4.727840423583984375e-04 4.737675189971923828e-04
1.657682501806387210e+00 -3.938674926757812500e-04 -3.629326820373535156e-04 -3.848075866699218750e-04 -3.768503665924072266e-04 -3.710687160491943359e-04 -3.808140754699707031e-04 -3.818869590759277344e-04 -3.809034824371337891e-04 -3.787875175476074219e-04 -3.903210163116455078e-04
1.664135263791775232e+00 3.838539123535156250e-05 4.091858863830566406e-05 4.151463508605957031e-05 3.895163536071777344e-05 2.381205558776855469e-05 2.717971801757812500e-05 3.775954246520996094e-05 3.820657730102539062e-05 4.479289054870605469e-05 3.170967102050781250e-05
1.670588025777163033e+00 2.632141113281250000e-04 2.608299255371093750e-04 2.576410770416259766e-04 2.676844596862792969e-04 2.540349960327148438e-04 2.493560314178466797e-04 2.579689025878906250e-04 2.557635307312011719e-04 2.526938915252685547e-04 2.556145191192626953e-04
1.677040787762551055e+00 -4.432797431945800781e-04 -4.349946975708007812e-04 -4.473924636840820312e-04 -4.407763481140136719e-04 -4.407167434692382812e-04 -4.415810108184814453e-04 -4.442334175109863281e-04 -4.341006278991699219e-04 -4.347264766693115234e-04 -4.340708255767822266e-04
1.683493549747938856e+00 1.589953899383544922e-04 1.543760299682617188e-04 1.359581947326660156e-04 1.569986343383789062e-04 1.386404037475585938e-04 1.364648342132568359e-04 1.586079597473144531e-04 1.539587974548339844e-04 1.334846019744873047e-04 1.424551010131835938e-04
1.689946311733326878e+00 2.839267253875732422e-04 2.747178077697753906e-04 2.827346324920654297e-04 2.729594707489013672e-04 2.843439579010009766e-04 2.806186676025390625e-04 2.888739109039306641e-04 2.819895744323730469e-04 2.720355987548828125e-04 2.875030040740966797e-04
1.696399073718714678e+00 -2.838075160980224609e-04 -2.909004688262939453e-04 -2.869963645935058594e-04 -2.877414226531982422e-04 -2.887248992919921875e-04 -2.931356430053710938e-04 -2.852380275726318359e-04 -3.004074096679687500e-04 -2.898275852203369141e-04 -2.964735031127929688e-04
1.702851835704102701e+00 1.440942287445068359e-04 1.433789730072021484e-04 1.394748687744140625e-04 1.443326473236083984e-04 1.385807991027832031e-04 1.394450664520263672e-04 1.491606235504150391e-04 1.463890075683593750e-04 1.426935195922851562e-04 1.441836357116699219e-04
1.709304597689490501e+00 8.544325828552246094e-05 7.319450378417968750e-05 8.106231689453125000e-05 7.843971252441406250e-05 8.168816566467285156e-05 7.632374763488769531e-05 7.331371307373046875e-05 7.775425910949707031e-05 7.724761962890625000e-05 7.984042167663574219e-05
1.715757359674878524e+00 -2.424418926239013672e-04 -2.443492412567138672e-04 -2.439320087432861328e-04 -2.420246601104736328e-04 -2.394020557403564453e-04 -2.490878105163574219e-04 -2.444386482238769531e-04 -2.518594264984130859e-04 -2.471208572387695312e-04 -2.466738224029541016e-04
1.722210121660266324e+00 2.422928810119628906e-04 2.399086952209472656e-04 2.384185791015625000e-04 2.228319644927978516e-04 2.426207065582275391e-04 2.264976501464843750e-04 2.250373363494873047e-04 2.312958240509033203e-04 2.253055572509765625e-04 2.259612083435058594e-04
1.728662883645654347e+00 -4.559755325317382812e-06 5.990266799926757812e-06 -1.388788223266601562e-05 -9.059906005859375000e-06 3.695487976074218750e-06 -1.201033592224121094e-05 -1.099705696105957031e-05 -3.397464752197265625e-06 3.635883331298828125e-06 -1.683831214904785156e-05
1.735115645631042147e+00 -1.402199268341064453e-04 -1.423656940460205078e-04 -1.447796821594238281e-04 -1.295208930969238281e-04 -1.299977302551269531e-04 -1.407265663146972656e-04 -1.441538333892822266e-04 -1.370608806610107422e-04 -1.497566699981689453e-04 -1.424252986907958984e-04
1.741568407616429948e+00 2.279281616210937500e-04 2.393722534179687500e-04 2.391636371612548828e-04 2.312064170837402344e-04 2.354085445404052734e-04 2.310574054718017578e-04 2.443790435791015625e-04 2.293586730957031250e-04 2.421438694000244141e-04 2.400577068328857422e-04
1.748021169601817970e+00 -7.104873657226562500e-05 -6.553530693054199219e-05 -6.553530693054199219e-05 -7.173418998718261719e-05 -6.693601608276367188e-05 -6.428360939025878906e-05 -7.262825965881347656e-05 -6.106495857238769531e-05 -6.300210952758789062e-05 -6.413459777832031250e-05
1.754473931587205771e+00 2.837181091308593750e-05 1.922249794006347656e-05 2.309679985046386719e-05 1.132488250732421875e-05 3.713369369506835938e-05 1.949071884155273438e-05 2.393126487731933594e-05 2.297759056091308594e-05 1.320242881774902344e-05 1.850724220275878906e-05
1.760926693572593793e+00 1.692175865173339844e-04 1.600980758666992188e-04 1.553893089294433594e-04 1.662969589233398438e-04 1.542568206787109375e-04 1.661777496337890625e-04 1.496970653533935547e-04 1.620650291442871094e-04 1.516640186309814453e-04 1.446008682250976562e-04
1.767379455557981593e+00 -8.919835090637207031e-05 -9.053945541381835938e-05 -8.559226989746093750e-05 -9.861588478088378906e-05 -8.124113082885742188e-05 -9.599328041076660156e-05 -8.681416511535644531e-05 -8.910894393920898438e-05 -9.167194366455078125e-05 -8.249282836914062500e-05
1.773832217543369616e+00 7.498264312744140625e-05 8.642673492431640625e-05 8.839368820190429688e-05 8.484721183776855469e-05 8.001923561096191406e-05 8.380413055419921875e-05 7.295608520507812500e-05 8.621811866760253906e-05 8.010864257812500000e-05 8.419156074523925781e-05
1.780284979528757416e+00 4.661083221435546875e-05 4.261732101440429688e-05 4.130601882934570312e-05 4.479289054870605469e-05 4.351139068603515625e-05 4.053115844726562500e-05 4.255771636962890625e-05 4.658102989196777344e-05 3.999471664428710938e-05 4.270672798156738281e-05
1.786737741514145439e+00 -1.698136329650878906e-04 -1.638531684875488281e-04 -1.755356788635253906e-04 -1.711845397949218750e-04 -1.588761806488037109e-04 -1.756846904754638672e-04 -1.702308654785156250e-04 -1.654028892517089844e-04 -1.664757728576660156e-04 -1.637041568756103516e-04
1.793190503499533239e+00 9.492039680480957031e-05 8.490681648254394531e-05 8.848309516906738281e-05 8.687376976013183594e-05 7.531046867370605469e-05 8.594989776611328125e-05 9.456276893615722656e-05 7.182359695434570312e-05 7.617473602294921875e-05 7.364153861999511719e-05
1.799643265484921262e+00 1.326501369476318359e-04 1.321136951446533203e-04 1.213550567626953125e-04 1.348555088043212891e-04 1.396238803863525391e-04 1.269578933715820312e-04 1.266002655029296875e-04 1.313984394073486328e-04 1.373589038848876953e-04 1.294314861297607422e-04
1.806096027470309062e+00 -4.535913467407226562e-05 -5.343556404113769531e-05 -5.057454109191894531e-05 -5.361437797546386719e-05 -3.629922866821289062e-05 -5.489587783813476562e-05 -5.805492401123046875e-05 -4.854798316955566406e-05 -5.695223808288574219e-05 -6.166100502014160156e-05
1.812548789455697085e+00 9.191036224365234375e-05 8.335709571838378906e-05 9.378790855407714844e-05 9.751319885253906250e-05 1.117587089538574219e-04 9.047985076904296875e-05 8.642673492431640625e-05 9.167194366455078125e-05 9.280443191528320312e-05 9.638071060180664062e-05
1.819001551441084885e+00 -4.082918167114257812e-06 -1.072883605957031250e-05 -6.437301635742187500e-06 2.115964889526367188e-06 -4.351139068603515625e-06 1.639127731323242188e-06 8.702278137207031250e-06 -2.056360244750976562e-06 -4.917383193969726562e-06 1.788139343261718750e-06
1.825454313426472908e+00 -8.198618888854980469e-05 -8.428096771240234375e-05 -7.340312004089355469e-05 -8.738040924072265625e-05 -8.112192153930664062e-05 -8.520483970642089844e-05 -8.994340896606445312e-05 -9.068846702575683594e-05 -8.013844490051269531e-05 -8.413195610046386719e-05
1.831907075411860708e+00 6.598234176635742188e-05 6.273388862609863281e-05 6.344914436340332031e-05 5.909800529479980469e-05 5.909800529479980469e-05 6.353855133056640625e-05 7.379055023193359375e-05 6.440281867980957031e-05 6.604194641113281250e-05 6.771087646484375000e-05
1.838359837397248508e+00 -2.175569534301757812e-05 -3.147125244140625000e-05 -1.809000968933105469e-05 -2.518296241760253906e-05 -3.159046173095703125e-05 -2.151727676391601562e-05 -2.101063728332519531e-05 -3.007054328918457031e-05 -1.922249794006347656e-05 -1.367926597595214844e-05
1.844812599382636531e+00 -1.069903373718261719e-05 -1.147389411926269531e-05 -1.117587089538574219e-05 -1.147389411926269531e-05 -1.814961433410644531e-05 -1.671910285949707031e-05 -8.493661880493164062e-06 -8.732080459594726562e-06 -6.198883056640625000e-06 -1.317262649536132812e-05
1.851265361368024331e+00 4.616379737854003906e-05 3.626942634582519531e-05 3.695487976074218750e-05 4.875659942626953125e-05 4.175305366516113281e-05 4.056096076965332031e-05 4.181265830993652344e-05 4.985928535461425781e-05 3.150105476379394531e-05 5.561113357543945312e-05
1.857718123353412354e+00 -6.002187728881835938e-05 -6.645917892456054688e-05 -6.523728370666503906e-05 -6.109476089477539062e-05 -6.425380706787109375e-05 -6.502866744995117188e-05 -6.881356239318847656e-05 -6.744265556335449219e-05 -6.458163261413574219e-05 -6.389617919921875000e-05
1.864170885338800154e+00 2.649426460266113281e-05 1.972913742065429688e-05 1.525878906250000000e-05 3.576278686523437500e-05 2.223253250122070312e-05 2.452731132507324219e-05 3.758072853088378906e-05 1.662969589233398438e-05 2.032518386840820312e-05 3.311038017272949219e-05
1.870623647324188177e+00 1.034140586853027344e-05 2.148747444152832031e-05 3.734230995178222656e-05 2.372264862060546875e-05 2.223253250122070312e-05 2.261996269226074219e-05 3.451108932495117188e-05 2.297759056091308594e-05 2.980232238769531250e-05 2.914667129516601562e-05
1.877076409309575977e+00 -6.160140037536621094e-05 -7.900595664978027344e-05 -7.796287536621093750e-05 -7.602572441101074219e-05 -6.940960884094238281e-05 -6.780028343200683594e-05 -7.063150405883789062e-05 -6.988644599914550781e-05 -7.683038711547851562e-05 -6.440281867980957031e-05
1.883529171294964000e+00 4.410743713378906250e-05 3.468990325927734375e-05 4.759430885314941406e-05 3.194808959960937500e-05 3.406405448913574219e-05 3.409385681152343750e-05 4.282593727111816406e-05 4.041194915771484375e-05 3.591179847717285156e-05 3.722310066223144531e-05
1.889981933280351800e+00 -2.667307853698730469e-05 -2.729892730712890625e-05 -3.346800804138183594e-05 -1.916289329528808594e-05 -3.030896186828613281e-05 -1.972913742065429688e-05 -2.920627593994140625e-05 -2.941489219665527344e-05 -2.792477607727050781e-05 -3.460049629211425781e-05
1.896434695265739823e+00 -4.303455352783203125e-05 -2.855062484741210938e-05 -3.716349601745605469e-05 -3.910064697265625000e-05 -3.984570503234863281e-05 -3.609061241149902344e-05 -3.734230995178222656e-05 -4.360079765319824219e-05 -3.984570503234863281e-05 -3.361701965332031250e-05
1.902887457251127623e+00 6.118416786193847656e-05 7.066130638122558594e-05 6.088614463806152344e-05 7.650256156921386719e-05 7.537007331848144531e-05 7.516145706176757812e-05 6.678700447082519531e-05 7.548928260803222656e-05 6.848573684692382812e-05 7.405877113342285156e-05
1.909340219236515646e+00 -3.182888031005859375e-05 -4.002451896667480469e-05 -3.749132156372070312e-05 -4.112720489501953125e-05 -3.716349601745605469e-05 -3.907084465026855469e-05 -3.391504287719726562e-05 -3.173947334289550781e-05 -3.823637962341308594e-05 -2.902746200561523438e-05
1.915792981221903446e+00 -4.947185516357421875e-06 -3.635883331298828125e-06 8.642673492431640625e-07 1.072883605957031250e-06 1.758337020874023438e-06 -6.049871444702148438e-06 -2.086162567138671875e-07 -6.109476089477539062e-06 1.287460327148437500e-05 6.109476089477539062e-06
1.922245743207291468e+00 4.175305366516113281e-05 4.559755325317382812e-05 3.460049629211425781e-05 3.868341445922851562e-05 2.145767211914062500e-05 3.731250762939453125e-05 3.126263618469238281e-05 4.217028617858886719e-05 3.668665885925292969e-05 3.331899642944335938e-05
1.928698505192679269e+00 -3.111362457275390625e-05 -2.720952033996582031e-05 -3.620982170104980469e-05 -3.272294998168945312e-05 -2.828240394592285156e-05 -3.829598426818847656e-05 -3.018975257873535156e-05 -2.110004425048828125e-05 -3.114342689514160156e-05 -2.670288085937500000e-05
1.935151267178067069e+00 6.353855133056640625e-05 7.203221321105957031e-05 6.631016731262207031e-05 6.368756294250488281e-05 7.343292236328125000e-05 6.338953971862792969e-05 7.250905036926269531e-05 7.170438766479492188e-05 6.723403930664062500e-05 6.341934204101562500e-05
1.941604029163455092e+00 1.889467239379882812e-05 1.484155654907226562e-05 1.150369644165039062e-05 1.427531242370605469e-05 1.150369644165039062e-05 1.266598701477050781e-05 3.251433372497558594e-05 1.525878906250000000e-05 8.076429367065429688e-06 1.630187034606933594e-05
1.948056791148842892e+00 -2.411007881164550781e-05 -2.199411392211914062e-05 -3.761053085327148438e-05 -3.296136856079101562e-05 -3.138184547424316406e-05 -4.258751869201660156e-05 -1.570582389831542969e-05 -3.677606582641601562e-05 -3.159046173095703125e-05 -2.783536911010742188e-05
1.954509553134230915e+00 -3.367662429809570312e-06 1.788139343261718750e-06 3.099441528320312500e-06 -1.490116119384765625e-06 3.904104232788085938e-06 -1.174211502075195312e-05 -5.811452865600585938e-06 1.937150955200195312e-06 2.980232238769531250e-06 3.635883331298828125e-06
1.960962315119618715e+00 3.790855407714843750e-05 4.327297210693359375e-05 3.865361213684082031e-05 4.431605339050292969e-05 4.839897155761718750e-05 5.337595939636230469e-05 5.421042442321777344e-05 4.419684410095214844e-05 4.273653030395507812e-05 4.392862319946289062e-05
1.967415077105006738e+00 -2.509355545043945312e-05 -2.712011337280273438e-05 -2.190470695495605469e-05 -1.701712608337402344e-05 -2.241134643554687500e-05 -2.828240394592285156e-05 -2.819299697875976562e-05 -1.832842826843261719e-05 -3.206729888916015625e-05 -3.698468208312988281e-05
1.973867839090394538e+00 2.095103263854980469e-05 2.616643905639648438e-05 3.501772880554199219e-05 2.178549766540527344e-05 3.248453140258789062e-05 3.963708877563476562e-05 1.326203346252441406e-05 3.013014793395996094e-05 2.065300941467285156e-05 2.303719520568847656e-05
1.980320601075782561e+00 -2.294778823852539062e-06 -9.477138519287109375e-06 -4.231929779052734375e-06 7.897615432739257812e-06 1.233816146850585938e-05 8.136034011840820312e-06 1.406669616699218750e-05 3.784894943237304688e-06 1.055002212524414062e-05 -1.490116119384765625e-06
1.986773363061170361e+00 -8.419156074523925781e-05 -8.499622344970703125e-05 -8.505582809448242188e-05 -7.969141006469726562e-05 -7.632374763488769531e-05 -8.168816566467285156e-05 -8.809566497802734375e-05 -7.376074790954589844e-05 -7.617473602294921875e-05 -8.231401443481445312e-05
1.993226125046558384e+00 6.476044654846191406e-05 7.107853889465332031e-05 6.747245788574218750e-05 7.331371307373046875e-05 6.628036499023437500e-05 6.309151649475097656e-05 6.127357482910156250e-05 6.967782974243164062e-05 6.726384162902832031e-05 7.680058479309082031e-05
1.999678887031946184e+00 7.632374763488769531e-05 8.609890937805175781e-05 7.992982864379882812e-05 8.702278137207031250e-05 7.078051567077636719e-05 7.641315460205078125e-05 9.310245513916015625e-05 8.270144462585449219e-05 8.592009544372558594e-05 9.524822235107421875e-05
2.006131649017333984e+00 -3.835558891296386719e-05 -3.618001937866210938e-05 -3.334879875183105469e-05 -3.579258918762207031e-05 -3.024935722351074219e-05 -4.285573959350585938e-05 -2.369284629821777344e-05 -2.300739288330078125e-05 -3.567337989807128906e-05 -3.883242607116699219e-05
