#Range[m] 0 1 2 3 4 5 6 7 8 9
1.800000071525573730e-01 -7.069826126098632812e-03 -7.061719894409179688e-03 -7.066369056701660156e-03 -7.064849138259887695e-03 -7.068246603012084961e-03 -7.064253091812133789e-03 -7.098168134689331055e-03 -7.076740264892578125e-03 -7.063567638397216797e-03 -7.061660289764404297e-03
1.864527691379452845e-01 3.358840942382812500e-03 3.345727920532226562e-03 3.385454416275024414e-03 3.368020057678222656e-03 3.382652997970581055e-03 3.348052501678466797e-03 3.353655338287353516e-03 3.352165222167968750e-03 3.391951322555541992e-03 3.337264060974121094e-03
1.929055311233331682e-01 3.231316804885864258e-03 3.239601850509643555e-03 3.233700990676879883e-03 3.225594758987426758e-03 3.255605697631835938e-03 3.256887197494506836e-03 3.257364034652709961e-03 3.254860639572143555e-03 3.227382898330688477e-03 3.290444612503051758e-03
1.993582931087210797e-01 -5.847454071044921875e-03 -5.861759185791015625e-03 -5.848884582519531250e-03 -5.848914384841918945e-03 -5.839943885803222656e-03 -5.832940340042114258e-03 -5.869746208190917969e-03 -5.840122699737548828e-03 -5.842983722686767578e-03 -5.861073732376098633e-03
2.058110550941089911e-01 3.937125205993652344e-03 3.913134336471557617e-03 3.949224948883056641e-03 3.940582275390625000e-03 3.956556320190429688e-03 3.920286893844604492e-03 3.922730684280395508e-03 3.936499357223510742e-03 3.941804170608520508e-03 3.917455673217773438e-03
2.122638170794968748e-01 6.071329116821289062e-04 6.381869316101074219e-04 6.059408187866210938e-04 5.910098552703857422e-04 5.885064601898193359e-04 6.183385848999023438e-04 6.050169467926025391e-04 5.997717380523681641e-04 5.771219730377197266e-04 6.230175495147705078e-04
2.187165790648847863e-01 -3.371238708496093750e-03 -3.379166126251220703e-03 -3.371447324752807617e-03 -3.373891115188598633e-03 -3.395855426788330078e-03 -3.366649150848388672e-03 -3.369420766830444336e-03 -3.347456455230712891e-03 -3.338336944580078125e-03 -3.372281789779663086e-03
2.251693410502726977e-01 3.619015216827392578e-03 3.627508878707885742e-03 3.631353378295898438e-03 3.636598587036132812e-03 3.624349832534790039e-03 3.619939088821411133e-03 3.618478775024414062e-03 3.611981868743896484e-03 3.616660833358764648e-03 3.616958856582641602e-03
2.316221030356606092e-01 -1.123398542404174805e-03 -1.102507114410400391e-03 -1.122683286666870117e-03 -1.124054193496704102e-03 -1.101881265640258789e-03 -1.123279333114624023e-03 -1.117467880249023438e-03 -1.133918762207031250e-03 -1.133680343627929688e-03 -1.109629869461059570e-03
2.380748650210485207e-01 -1.326322555541992188e-03 -1.336604356765747070e-03 -1.336276531219482422e-03 -1.336485147476196289e-03 -1.354128122329711914e-03 -1.324921846389770508e-03 -1.328945159912109375e-03 -1.313090324401855469e-03 -1.319378614425659180e-03 -1.336812973022460938e-03
2.445276270064364044e-01 1.324743032455444336e-03 1.339644193649291992e-03 1.336485147476196289e-03 1.340717077255249023e-03 1.326620578765869141e-03 1.320004463195800781e-03 1.329720020294189453e-03 1.334100961685180664e-03 1.348108053207397461e-03 1.332879066467285156e-03
2.509803889918242881e-01 -7.507205009460449219e-05 -8.955597877502441406e-05 -7.027387619018554688e-05 -8.678436279296875000e-05 -7.379055023193359375e-05 -9.876489639282226562e-05 -8.931756019592285156e-05 -1.047849655151367188e-04 -1.056194305419921875e-04 -8.958578109741210938e-05
2.574331509772121995e-01 -8.487999439239501953e-04 -8.619129657745361328e-04 -8.488297462463378906e-04 -8.535385131835937500e-04 -8.546710014343261719e-04 -8.570849895477294922e-04 -8.430182933807373047e-04 -8.473098278045654297e-04 -8.624792098999023438e-04 -8.525252342224121094e-04
2.638859129626001110e-01 4.247426986694335938e-04 4.114508628845214844e-04 4.002153873443603516e-04 4.086792469024658203e-04 4.013180732727050781e-04 4.234313964843750000e-04 4.191398620605468750e-04 4.159212112426757812e-04 4.259645938873291016e-04 4.228353500366210938e-04
2.703386749479880224e-01 5.419552326202392578e-04 5.345642566680908203e-04 5.556344985961914062e-04 5.456507205963134766e-04 5.534589290618896484e-04 5.215704441070556641e-04 5.299448966979980469e-04 5.316138267517089844e-04 5.287528038024902344e-04 5.378723144531250000e-04
2.767914369333759339e-01 -1.360684633255004883e-03 -1.368045806884765625e-03 -1.364320516586303711e-03 -1.367568969726562500e-03 -1.368939876556396484e-03 -1.370221376419067383e-03 -1.363873481750488281e-03 -1.370877027511596680e-03 -1.369088888168334961e-03 -1.367688179016113281e-03
2.832441989187638454e-01 9.130537509918212891e-04 9.011030197143554688e-04 8.914470672607421875e-04 9.029507637023925781e-04 9.028613567352294922e-04 9.070634841918945312e-04 9.168386459350585938e-04 9.278655052185058594e-04 9.204745292663574219e-04 9.061992168426513672e-04
2.896969609041517568e-01 3.356933593750000000e-04 3.568828105926513672e-04 3.337264060974121094e-04 3.264546394348144531e-04 3.414154052734375000e-04 3.171563148498535156e-04 3.268420696258544922e-04 3.405213356018066406e-04 3.279447555541992188e-04 3.265142440795898438e-04
2.961497228895396683e-01 -8.983314037322998047e-04 -9.010434150695800781e-04 -8.920133113861083984e-04 -8.942782878875732422e-04 -8.791089057922363281e-04 -9.042024612426757812e-04 -8.966028690338134766e-04 -9.072422981262207031e-04 -8.970201015472412109e-04 -8.977353572845458984e-04
3.026024848749275242e-01 7.935762405395507812e-04 7.938444614410400391e-04 7.814764976501464844e-04 7.838010787963867188e-04 7.931590080261230469e-04 8.130073547363281250e-04 8.157789707183837891e-04 8.085668087005615234e-04 8.022785186767578125e-04 8.065402507781982422e-04
3.090552468603154357e-01 -3.780126571655273438e-04 -3.783702850341796875e-04 -3.745853900909423828e-04 -3.635883331298828125e-04 -3.769099712371826172e-04 -3.731846809387207031e-04 -3.854930400848388672e-04 -3.659129142761230469e-04 -3.820955753326416016e-04 -3.755390644073486328e-04
3.155080088457033471e-01 1.983344554901123047e-04 1.902282238006591797e-04 2.130270004272460938e-04 1.949965953826904297e-04 2.095103263854980469e-04 1.841783523559570312e-04 1.867115497589111328e-04 1.942515373229980469e-04 2.005100250244140625e-04 1.946091651916503906e-04
3.219607708310912586e-01 5.000829696655273438e-05 5.054473876953125000e-05 3.722310066223144531e-05 3.984570503234863281e-05 4.833936691284179688e-05 6.517767906188964844e-05 6.145238876342773438e-05 5.385279655456542969e-05 4.607439041137695312e-05 5.632638931274414062e-05
3.284135328164791701e-01 -7.998645305633544922e-04 -7.945001125335693359e-04 -7.945299148559570312e-04 -8.077025413513183594e-04 -8.045732975006103516e-04 -7.948577404022216797e-04 -8.027255535125732422e-04 -7.997453212738037109e-04 -7.807612419128417969e-04 -8.065700531005859375e-04
3.348662948018670260e-01 1.633405685424804688e-03 1.608908176422119141e-03 1.641601324081420898e-03 1.624405384063720703e-03 1.631230115890502930e-03 1.611977815628051758e-03 1.621067523956298828e-03 1.629024744033813477e-03 1.617521047592163086e-03 1.629531383514404297e-03
3.413190567872549375e-01 -1.967638731002807617e-03 -1.961320638656616211e-03 -1.966148614883422852e-03 -1.963317394256591797e-03 -1.967012882232666016e-03 -1.968055963516235352e-03 -1.962721347808837891e-03 -1.966625452041625977e-03 -1.979589462280273438e-03 -1.961708068847656250e-03
3.477718187726428489e-01 6.344914436340332031e-05 6.657838821411132812e-05 5.462765693664550781e-05 7.906556129455566406e-05 4.541873931884765625e-05 6.774067878723144531e-05 6.300210952758789062e-05 8.648633956909179688e-05 9.340047836303710938e-05 4.470348358154296875e-05
3.542245807580307604e-01 3.369182348251342773e-03 3.385514020919799805e-03 3.374159336090087891e-03 3.386616706848144531e-03 3.383904695510864258e-03 3.376334905624389648e-03 3.378182649612426758e-03 3.365993499755859375e-03 3.372758626937866211e-03 3.370314836502075195e-03
3.606773427434186718e-01 -5.864232778549194336e-03 -5.848288536071777344e-03 -5.862981081008911133e-03 -5.855590105056762695e-03 -5.862712860107421875e-03 -5.863636732101440430e-03 -5.856424570083618164e-03 -5.870968103408813477e-03 -5.861192941665649414e-03 -5.864858627319335938e-03
3.671301047288065833e-01 3.638625144958496094e-03 3.615945577621459961e-03 3.629833459854125977e-03 3.633707761764526367e-03 3.619849681854248047e-03 3.642827272415161133e-03 3.637313842773437500e-03 3.650635480880737305e-03 3.672778606414794922e-03 3.629922866821289062e-03
3.735828667141944948e-01 1.622527837753295898e-03 1.677185297012329102e-03 1.623421907424926758e-03 1.649737358093261719e-03 1.652300357818603516e-03 1.646161079406738281e-03 1.649588346481323242e-03 1.630634069442749023e-03 1.572579145431518555e-03 1.655668020248413086e-03
3.800356286995824062e-01 -6.796389818191528320e-03 -6.799191236495971680e-03 -6.787002086639404297e-03 -6.822288036346435547e-03 -6.821423768997192383e-03 -6.815195083618164062e-03 -6.814271211624145508e-03 -6.808429956436157227e-03 -6.789475679397583008e-03 -6.834656000137329102e-03
3.864883906849703177e-01 1.005482673645019531e-02 1.001632213592529297e-02 1.005247235298156738e-02 1.003378629684448242e-02 1.001939177513122559e-02 1.002830266952514648e-02 1.002731919288635254e-02 1.002150774002075195e-02 1.006191968917846680e-02 1.003545522689819336e-02
3.929411526703582291e-01 -4.408389329910278320e-03 -4.375010728836059570e-03 -4.428714513778686523e-03 -4.404574632644653320e-03 -4.381269216537475586e-03 -4.366695880889892578e-03 -4.371494054794311523e-03 -4.447847604751586914e-03 -4.485249519348144531e-03 -4.344165325164794922e-03
3.993939146557460851e-01 -4.809021949768066406e-03 -4.854798316955566406e-03 -4.812717437744140625e-03 -4.826456308364868164e-03 -4.861176013946533203e-03 -4.865288734436035156e-03 -4.839569330215454102e-03 -4.817366600036621094e-03 -4.767239093780517578e-03 -4.928201436996459961e-03
4.058466766411339965e-01 1.303327083587646484e-02 1.303958892822265625e-02 1.302388310432434082e-02 1.303178071975708008e-02 1.305162906646728516e-02 1.302856206893920898e-02 1.303029060363769531e-02 1.301282644271850586e-02 1.297855377197265625e-02 1.304230093955993652e-02
4.122994386265219080e-01 -1.148518919944763184e-02 -1.141041517257690430e-02 -1.142847537994384766e-02 -1.145651936531066895e-02 -1.143765449523925781e-02 -1.142829656600952148e-02 -1.143786311149597168e-02 -1.145222783088684082e-02 -1.147311925888061523e-02 -1.139268279075622559e-02
4.187522006119098195e-01 3.489762544631958008e-03 3.443419933319091797e-03 3.493934869766235352e-03 3.481119871139526367e-03 3.471255302429199219e-03 3.477275371551513672e-03 3.463804721832275391e-03 3.502160310745239258e-03 3.559529781341552734e-03 3.432393074035644531e-03
4.252049625972976754e-01 9.586453437805175781e-03 9.627461433410644531e-03 9.602516889572143555e-03 9.586364030838012695e-03 9.620130062103271484e-03 9.568899869918823242e-03 9.620994329452514648e-03 9.549856185913085938e-03 9.522587060928344727e-03 9.636372327804565430e-03
4.316577245826856424e-01 -1.513829827308654785e-02 -1.511773467063903809e-02 -1.512324810028076172e-02 -1.512682437896728516e-02 -1.512196660041809082e-02 -1.513767242431640625e-02 -1.514500379562377930e-02 -1.511842012405395508e-02 -1.514294743537902832e-02 -1.515120267868041992e-02
4.381104865680734983e-01 1.088398694992065430e-02 1.085245609283447266e-02 1.086038351058959961e-02 1.088076829910278320e-02 1.088264584541320801e-02 1.089683175086975098e-02 1.089003682136535645e-02 1.090699434280395508e-02 1.091817021369934082e-02 1.081883907318115234e-02
4.445632485534614098e-01 1.827538013458251953e-03 1.932442188262939453e-03 1.853972673416137695e-03 1.817405223846435547e-03 1.833707094192504883e-03 1.811653375625610352e-03 1.801609992980957031e-03 1.805424690246582031e-03 1.730322837829589844e-03 1.857042312622070312e-03
4.510160105388493212e-01 -1.153329014778137207e-02 -1.154938340187072754e-02 -1.149928569793701172e-02 -1.152771711349487305e-02 -1.152968406677246094e-02 -1.153457164764404297e-02 -1.153340935707092285e-02 -1.149967312812805176e-02 -1.144906878471374512e-02 -1.153826713562011719e-02
4.574687725242372327e-01 1.277178525924682617e-02 1.275134086608886719e-02 1.275241374969482422e-02 1.277092099189758301e-02 1.276552677154541016e-02 1.277711987495422363e-02 1.278638839721679688e-02 1.278534531593322754e-02 1.278248429298400879e-02 1.276132464408874512e-02
4.639215345096251442e-01 -5.581766366958618164e-03 -5.522906780242919922e-03 -5.589753389358520508e-03 -5.575627088546752930e-03 -5.560487508773803711e-03 -5.557954311370849609e-03 -5.577266216278076172e-03 -5.595386028289794922e-03 -5.625307559967041016e-03 -5.558341741561889648e-03
4.703742964950130556e-01 -5.069226026535034180e-03 -5.079329013824462891e-03 -5.061745643615722656e-03 -5.042284727096557617e-03 -5.083501338958740234e-03 -5.072921514511108398e-03 -5.075842142105102539e-03 -5.027055740356445312e-03 -5.004972219467163086e-03 -5.091488361358642578e-03
4.768270584804009671e-01 9.918183088302612305e-03 9.932607412338256836e-03 9.902477264404296875e-03 9.898900985717773438e-03 9.906440973281860352e-03 9.929031133651733398e-03 9.937494993209838867e-03 9.923815727233886719e-03 9.901732206344604492e-03 9.943842887878417969e-03
4.832798204657888230e-01 -6.670206785202026367e-03 -6.657510995864868164e-03 -6.655842065811157227e-03 -6.656140089035034180e-03 -6.640225648880004883e-03 -6.671994924545288086e-03 -6.657153367996215820e-03 -6.673812866210937500e-03 -6.693184375762939453e-03 -6.666272878646850586e-03
4.897325824511767345e-01 -1.811385154724121094e-03 -1.845806837081909180e-03 -1.812994480133056641e-03 -1.821279525756835938e-03 -1.814752817153930664e-03 -1.826107501983642578e-03 -1.851171255111694336e-03 -1.815587282180786133e-03 -1.800596714019775391e-03 -1.846015453338623047e-03
4.961853444365646459e-01 6.141036748886108398e-03 6.177306175231933594e-03 6.129503250122070312e-03 6.142735481262207031e-03 6.142407655715942383e-03 6.167531013488769531e-03 6.181091070175170898e-03 6.162643432617187500e-03 6.155073642730712891e-03 6.200790405273437500e-03
5.026381064219525019e-01 -5.885094404220581055e-03 -5.905330181121826172e-03 -5.900144577026367188e-03 -5.898386240005493164e-03 -5.899697542190551758e-03 -5.898654460906982422e-03 -5.905419588088989258e-03 -5.887150764465332031e-03 -5.904108285903930664e-03 -5.886435508728027344e-03
5.090908684073405244e-01 8.040964603424072266e-04 7.881224155426025391e-04 8.088946342468261719e-04 8.016526699066162109e-04 8.141696453094482422e-04 7.990300655364990234e-04 7.932484149932861328e-04 8.142292499542236328e-04 8.284747600555419922e-04 8.189976215362548828e-04
5.155436303927283248e-01 4.046946763992309570e-03 4.063218832015991211e-03 4.041075706481933594e-03 4.025965929031372070e-03 4.030704498291015625e-03 4.037588834762573242e-03 4.037320613861083984e-03 4.049599170684814453e-03 4.006594419479370117e-03 4.067718982696533203e-03
5.219963923781163473e-01 -5.265146493911743164e-03 -5.265414714813232422e-03 -5.267024040222167969e-03 -5.264043807983398438e-03 -5.251973867416381836e-03 -5.260467529296875000e-03 -5.265384912490844727e-03 -5.263835191726684570e-03 -5.271315574645996094e-03 -5.271732807159423828e-03
5.284491543635041477e-01 2.386182546615600586e-03 2.351909875869750977e-03 2.373933792114257812e-03 2.370506525039672852e-03 2.387762069702148438e-03 2.375483512878417969e-03 2.373605966567993164e-03 2.391159534454345703e-03 2.403974533081054688e-03 2.364158630371093750e-03
5.349019163488920592e-01 1.305788755416870117e-03 1.310646533966064453e-03 1.324981451034545898e-03 1.331627368927001953e-03 1.351237297058105469e-03 1.328915357589721680e-03 1.327723264694213867e-03 1.298725605010986328e-03 1.290231943130493164e-03 1.329332590103149414e-03
5.413546783342799706e-01 -4.354476928710937500e-03 -4.348337650299072266e-03 -4.364520311355590820e-03 -4.343867301940917969e-03 -4.359424114227294922e-03 -4.338651895523071289e-03 -4.359483718872070312e-03 -4.353195428848266602e-03 -4.344046115875244141e-03 -4.353046417236328125e-03
5.478074403196678821e-01 3.193080425262451172e-03 3.179639577865600586e-03 3.211528062820434570e-03 3.195732831954956055e-03 3.205209970474243164e-03 3.196924924850463867e-03 3.184288740158081055e-03 3.188282251358032227e-03 3.228753805160522461e-03 3.172248601913452148e-03
5.542602023050557936e-01 -1.645982265472412109e-04 -1.519024372100830078e-04 -1.782476902008056641e-04 -1.564621925354003906e-04 -1.320540904998779297e-04 -1.522600650787353516e-04 -1.501142978668212891e-04 -1.739263534545898438e-04 -1.723468303680419922e-04 -1.296401023864746094e-04
5.607129642904437050e-01 -3.113120794296264648e-03 -3.106653690338134766e-03 -3.092467784881591797e-03 -3.106504678726196289e-03 -3.117859363555908203e-03 -3.119647502899169922e-03 -3.096252679824829102e-03 -3.105908632278442383e-03 -3.082185983657836914e-03 -3.116160631179809570e-03
5.671657262758316165e-01 3.370672464370727539e-03 3.366768360137939453e-03 3.370612859725952148e-03 3.358513116836547852e-03 3.356844186782836914e-03 3.352403640747070312e-03 3.368645906448364258e-03 3.364413976669311523e-03 3.354877233505249023e-03 3.352195024490356445e-03
5.736184882612194169e-01 -1.432716846466064453e-03 -1.409381628036499023e-03 -1.424044370651245117e-03 -1.427114009857177734e-03 -1.424163579940795898e-03 -1.420438289642333984e-03 -1.422286033630371094e-03 -1.416832208633422852e-03 -1.445293426513671875e-03 -1.427292823791503906e-03
5.800712502466074394e-01 -1.318395137786865234e-03 -1.332700252532958984e-03 -1.335680484771728516e-03 -1.336306333541870117e-03 -1.349925994873046875e-03 -1.325339078903198242e-03 -1.330763101577758789e-03 -1.326322555541992188e-03 -1.322895288467407227e-03 -1.351416110992431641e-03
5.865240122319952398e-01 2.524882555007934570e-03 2.529203891754150391e-03 2.509772777557373047e-03 2.529084682464599609e-03 2.514988183975219727e-03 2.521961927413940430e-03 2.515733242034912109e-03 2.523362636566162109e-03 2.514600753784179688e-03 2.536445856094360352e-03
5.929767742173832623e-01 -2.183228731155395508e-03 -2.182602882385253906e-03 -2.185493707656860352e-03 -2.187043428421020508e-03 -2.188950777053833008e-03 -2.182811498641967773e-03 -2.190619707107543945e-03 -2.193748950958251953e-03 -2.193391323089599609e-03 -2.187371253967285156e-03
5.994295362027710627e-01 -1.472532749176025391e-04 -1.666545867919921875e-04 -1.411437988281250000e-04 -1.455247402191162109e-04 -1.532137393951416016e-04 -1.574754714965820312e-04 -1.385807991027832031e-04 -1.485645771026611328e-04 -1.294016838073730469e-04 -1.605451107025146484e-04
6.058822981881590852e-01 2.001404762268066406e-03 2.016901969909667969e-03 1.988291740417480469e-03 1.998901367187500000e-03 1.993358135223388672e-03 1.996606588363647461e-03 2.006500959396362305e-03 1.991271972656250000e-03 1.982986927032470703e-03 2.007454633712768555e-03
6.123350601735468857e-01 -2.182304859161376953e-03 -2.181559801101684570e-03 -2.180010080337524414e-03 -2.186238765716552734e-03 -2.186834812164306641e-03 -2.192795276641845703e-03 -2.183854579925537109e-03 -2.203702926635742188e-03 -2.190887928009033203e-03 -2.191007137298583984e-03
6.187878221589347971e-01 7.995963096618652344e-04 7.924735546112060547e-04 8.025169372558593750e-04 8.061826229095458984e-04 8.071959018707275391e-04 8.003115653991699219e-04 8.026957511901855469e-04 8.138418197631835938e-04 8.113384246826171875e-04 7.935166358947753906e-04
6.252405841443227086e-01 8.961856365203857422e-04 9.090602397918701172e-04 9.033977985382080078e-04 8.979141712188720703e-04 9.123682975769042969e-04 8.966624736785888672e-04 8.996725082397460938e-04 8.795559406280517578e-04 9.043216705322265625e-04 9.191930294036865234e-04
6.316933461297106200e-01 -1.834213733673095703e-03 -1.842409372329711914e-03 -1.841902732849121094e-03 -1.839280128479003906e-03 -1.847535371780395508e-03 -1.838415861129760742e-03 -1.838356256484985352e-03 -1.836508512496948242e-03 -1.833468675613403320e-03 -1.851677894592285156e-03
6.381461081150985315e-01 1.693725585937500000e-03 1.703441143035888672e-03 1.705735921859741211e-03 1.702785491943359375e-03 1.708656549453735352e-03 1.712590456008911133e-03 1.685619354248046875e-03 1.704841852188110352e-03 1.703798770904541016e-03 1.703321933746337891e-03
6.445988701004864430e-01 -1.668930053710937500e-06 3.606081008911132812e-06 1.186132431030273438e-05 -2.712011337280273438e-06 4.440546035766601562e-06 -3.010034561157226562e-06 4.410743713378906250e-06 -4.291534423828125000e-06 -1.317262649536132812e-05 1.138448715209960938e-05
6.510516320858743544e-01 -1.321285963058471680e-03 -1.316815614700317383e-03 -1.320570707321166992e-03 -1.327216625213623047e-03 -1.323848962783813477e-03 -1.325905323028564453e-03 -1.330077648162841797e-03 -1.327663660049438477e-03 -1.320868730545043945e-03 -1.335054636001586914e-03
6.575043940712622659e-01 1.748800277709960938e-03 1.749068498611450195e-03 1.758486032485961914e-03 1.773446798324584961e-03 1.768827438354492188e-03 1.753389835357666016e-03 1.752197742462158203e-03 1.757234334945678711e-03 1.759707927703857422e-03 1.755774021148681641e-03
6.639571560566501773e-01 -9.466707706451416016e-04 -9.377002716064453125e-04 -9.395480155944824219e-04 -9.472370147705078125e-04 -9.542703628540039062e-04 -9.482204914093017578e-04 -9.459257125854492188e-04 -9.493529796600341797e-04 -9.471476078033447266e-04 -9.431540966033935547e-04
6.704099180420379778e-01 -1.426339149475097656e-04 -1.406371593475341797e-04 -1.423358917236328125e-04 -1.243948936462402344e-04 -1.436173915863037109e-04 -1.371800899505615234e-04 -1.352429389953613281e-04 -1.321136951446533203e-04 -1.274347305297851562e-04 -1.470148563385009766e-04
6.768626800274260003e-01 1.373529434204101562e-03 1.378566026687622070e-03 1.370787620544433594e-03 1.366734504699707031e-03 1.363635063171386719e-03 1.375854015350341797e-03 1.365154981613159180e-03 1.363456249237060547e-03 1.362174749374389648e-03 1.377314329147338867e-03
6.833154420128139117e-01 -1.646876335144042969e-03 -1.642376184463500977e-03 -1.629799604415893555e-03 -1.643508672714233398e-03 -1.634031534194946289e-03 -1.639664173126220703e-03 -1.646876335144042969e-03 -1.645743846893310547e-03 -1.645207405090332031e-03 -1.641482114791870117e-03
6.897682039982017121e-01 7.964670658111572266e-04 8.046627044677734375e-04 7.899403572082519531e-04 7.962584495544433594e-04 8.078515529632568359e-04 8.161067962646484375e-04 8.079707622528076172e-04 8.118450641632080078e-04 8.132457733154296875e-04 7.988512516021728516e-04
6.962209659835896236e-01 6.128847599029541016e-04 6.157159805297851562e-04 6.186366081237792969e-04 6.178021430969238281e-04 6.119906902313232422e-04 6.061494350433349609e-04 6.211698055267333984e-04 6.087124347686767578e-04 6.087422370910644531e-04 6.132125854492187500e-04
7.026737279689775351e-01 -1.038521528244018555e-03 -1.051932573318481445e-03 -1.057684421539306641e-03 -1.045078039169311523e-03 -1.039713621139526367e-03 -1.039564609527587891e-03 -1.032173633575439453e-03 -1.041591167449951172e-03 -1.044094562530517578e-03 -1.048862934112548828e-03
7.091264899543654465e-01 9.189248085021972656e-04 9.287595748901367188e-04 9.271204471588134766e-04 8.975863456726074219e-04 9.128451347351074219e-04 9.199976921081542969e-04 9.117126464843750000e-04 9.181201457977294922e-04 9.180605411529541016e-04 9.196400642395019531e-04
7.155792519397533580e-01 -9.191036224365234375e-05 -8.472800254821777344e-05 -8.955597877502441406e-05 -9.047985076904296875e-05 -8.413195610046386719e-05 -8.639693260192871094e-05 -7.709860801696777344e-05 -8.597970008850097656e-05 -8.484721183776855469e-05 -8.225440979003906250e-05
7.220320139251412694e-01 -8.307397365570068359e-04 -8.448362350463867188e-04 -8.415281772613525391e-04 -8.317828178405761719e-04 -8.383989334106445312e-04 -8.284151554107666016e-04 -8.593797683715820312e-04 -8.324384689331054688e-04 -8.338689804077148438e-04 -8.439123630523681641e-04
7.284847759105291809e-01 9.582936763763427734e-04 9.602010250091552734e-04 9.436309337615966797e-04 9.537637233734130859e-04 9.595751762390136719e-04 9.486079216003417969e-04 9.580850601196289062e-04 9.541213512420654297e-04 9.509325027465820312e-04 9.678006172180175781e-04
7.349375378959170924e-01 -3.537535667419433594e-05 -3.457069396972656250e-05 -2.479553222656250000e-05 -3.805756568908691406e-05 -2.977252006530761719e-05 -2.795457839965820312e-05 -2.861022949218750000e-05 -2.700090408325195312e-05 -3.477931022644042969e-05 -3.650784492492675781e-05
7.413902998813050038e-01 -4.876554012298583984e-04 -4.874169826507568359e-04 -4.825294017791748047e-04 -4.957020282745361328e-04 -4.813671112060546875e-04 -4.902482032775878906e-04 -4.914999008178710938e-04 -4.749298095703125000e-04 -4.902780055999755859e-04 -4.968941211700439453e-04
7.478430618666929153e-01 2.119541168212890625e-04 2.108812332153320312e-04 2.040863037109375000e-04 2.185404300689697266e-04 2.092123031616210938e-04 1.953244209289550781e-04 1.837015151977539062e-04 2.031922340393066406e-04 2.054572105407714844e-04 2.011060714721679688e-04
7.542958238520808267e-01 -3.047287464141845703e-04 -3.196895122528076172e-04 -3.107786178588867188e-04 -3.229975700378417969e-04 -3.207623958587646484e-04 -3.027021884918212891e-04 -2.927184104919433594e-04 -3.156363964080810547e-04 -2.990067005157470703e-04 -3.037452697753906250e-04
7.607485858374687382e-01 -1.037120819091796875e-05 -3.015995025634765625e-05 -1.570582389831542969e-05 -3.284215927124023438e-05 -1.782178878784179688e-05 -1.192092895507812500e-05 -2.127885818481445312e-05 -1.779198646545410156e-05 -1.889467239379882812e-05 -1.809000968933105469e-05
7.672013478228566496e-01 5.860030651092529297e-04 6.057024002075195312e-04 6.014108657836914062e-04 5.978047847747802734e-04 6.074607372283935547e-04 6.020963191986083984e-04 5.977153778076171875e-04 6.065070629119873047e-04 5.959570407867431641e-04 5.967319011688232422e-04
7.736541098082445611e-01 -1.441538333892822266e-04 -1.431703567504882812e-04 -1.351535320281982422e-04 -1.455843448638916016e-04 -1.335740089416503906e-04 -1.438260078430175781e-04 -1.567900180816650391e-04 -1.383423805236816406e-04 -1.453161239624023438e-04 -1.331567764282226562e-04
7.801068717936323615e-01 -1.837611198425292969e-04 -1.771450042724609375e-04 -1.824498176574707031e-04 -1.967847347259521484e-04 -1.832842826843261719e-04 -1.899600028991699219e-04 -1.742541790008544922e-04 -1.741647720336914062e-04 -1.716017723083496094e-04 -1.786649227142333984e-04
7.865596337790202730e-01 5.804598331451416016e-04 5.683302879333496094e-04 5.689859390258789062e-04 5.719661712646484375e-04 5.820691585540771484e-04 5.677342414855957031e-04 5.688071250915527344e-04 5.808174610137939453e-04 5.600452423095703125e-04 5.727708339691162109e-04
7.930123957644081845e-01 9.250640869140625000e-05 9.164214134216308594e-05 1.048147678375244141e-04 9.825825691223144531e-05 9.062886238098144531e-05 9.298324584960937500e-05 9.235739707946777344e-05 9.205937385559082031e-05 9.626150131225585938e-05 1.044571399688720703e-04
7.994651577497960959e-01 -1.505911350250244141e-04 -1.603662967681884766e-04 -1.440048217773437500e-04 -1.413226127624511719e-04 -1.465976238250732422e-04 -1.487731933593750000e-04 -1.437962055206298828e-04 -1.626908779144287109e-04 -1.503825187683105469e-04 -1.505613327026367188e-04
8.059179197351840074e-01 -4.366338253021240234e-04 -4.180669784545898438e-04 -4.427134990692138672e-04 -4.220306873321533203e-04 -4.354715347290039062e-04 -4.273653030395507812e-04 -4.182457923889160156e-04 -4.243552684783935547e-04 -4.246830940246582031e-04 -4.356205463409423828e-04
8.123706817205719188e-01 -4.506111145019531250e-04 -4.593729972839355469e-04 -4.555284976959228516e-04 -4.471242427825927734e-04 -4.516541957855224609e-04 -4.637241363525390625e-04 -4.549622535705566406e-04 -4.579424858093261719e-04 -4.706680774688720703e-04 -4.630088806152343750e-04
8.188234437059598303e-01 5.214512348175048828e-04 5.146563053131103516e-04 5.233883857727050781e-04 5.239844322204589844e-04 5.194544792175292969e-04 5.274415016174316406e-04 5.163252353668212891e-04 5.286931991577148438e-04 5.123913288116455078e-04 5.265474319458007812e-04
8.252762056913477418e-01 -3.089904785156250000e-04 -3.123879432678222656e-04 -3.123283386230468750e-04 -3.114342689514160156e-04 -3.007650375366210938e-04 -2.990961074829101562e-04 -2.990067005157470703e-04 -2.974271774291992188e-04 -2.979934215545654297e-04 -3.052055835723876953e-04
8.317289676767356532e-01 -4.774332046508789062e-04 -4.682540893554687500e-04 -4.631280899047851562e-04 -4.729926586151123047e-04 -4.601776599884033203e-04 -4.738271236419677734e-04 -4.609525203704833984e-04 -4.599690437316894531e-04 -4.620850086212158203e-04 -4.688501358032226562e-04
8.381817296621235647e-01 6.253421306610107422e-04 6.271004676818847656e-04 6.214380264282226562e-04 6.097555160522460938e-04 6.273984909057617188e-04 6.306469440460205078e-04 6.233155727386474609e-04 6.233751773834228516e-04 6.157457828521728516e-04 6.167292594909667969e-04
8.446344916475114761e-01 -1.362860202789306641e-04 -1.521408557891845703e-04 -1.430213451385498047e-04 -1.370906829833984375e-04 -1.447498798370361328e-04 -1.405179500579833984e-04 -1.387894153594970703e-04 -1.451671123504638672e-04 -1.487433910369873047e-04 -1.340806484222412109e-04
8.510872536328993876e-01 -1.341104507446289062e-06 -1.010298728942871094e-05 -8.642673492431640625e-06 -7.957220077514648438e-06 -3.665685653686523438e-06 -1.442432403564453125e-05 -6.586313247680664062e-06 -1.084804534912109375e-05 -9.596347808837890625e-06 -2.440810203552246094e-05
8.575400156182872990e-01 1.527369022369384766e-04 1.531839370727539062e-04 1.562535762786865234e-04 1.675486564636230469e-04 1.673996448516845703e-04 1.442432403564453125e-04 1.448392868041992188e-04 1.517534255981445312e-04 1.566112041473388672e-04 1.464486122131347656e-04
8.639927776036752105e-01 -3.751516342163085938e-04 -3.736913204193115234e-04 -3.847479820251464844e-04 -3.803670406341552734e-04 -3.847479820251464844e-04 -3.814995288848876953e-04 -3.784000873565673828e-04 -3.819167613983154297e-04 -3.768205642700195312e-04 -3.756284713745117188e-04
8.704455395890630109e-01 -1.478791236877441406e-04 -1.476109027862548828e-04 -1.476407051086425781e-04 -1.457631587982177734e-04 -1.428127288818359375e-04 -1.421272754669189453e-04 -1.428127288818359375e-04 -1.455545425415039062e-04 -1.320838928222656250e-04 -1.372694969177246094e-04
8.768983015744509224e-01 1.706779003143310547e-04 1.562535762786865234e-04 1.491606235504150391e-04 1.666247844696044922e-04 1.529753208160400391e-04 1.609027385711669922e-04 1.536309719085693359e-04 1.615881919860839844e-04 1.581013202667236328e-04 1.461803913116455078e-04
8.833510635598388339e-01 4.553794860839843750e-05 4.503130912780761719e-05 4.270672798156738281e-05 3.564357757568359375e-05 2.947449684143066406e-05 3.555417060852050781e-05 3.218650817871093750e-05 3.567337989807128906e-05 3.743171691894531250e-05 3.850460052490234375e-05
8.898038255452267453e-01 1.213252544403076172e-04 1.096725463867187500e-04 1.067221164703369141e-04 1.170337200164794922e-04 1.155138015747070312e-04 1.167058944702148438e-04 1.015961170196533203e-04 1.117885112762451172e-04 1.165568828582763672e-04 1.091063022613525391e-04
8.962565875306146568e-01 -8.377432823181152344e-05 -1.096427440643310547e-04 -1.029670238494873047e-04 -8.657574653625488281e-05 -1.021325588226318359e-04 -1.020431518554687500e-04 -1.054704189300537109e-04 -9.477138519287109375e-05 -9.939074516296386719e-05 -8.997321128845214844e-05
9.027093495160025682e-01 -1.006722450256347656e-04 -1.098215579986572266e-04 -1.212060451507568359e-04 -1.197755336761474609e-04 -1.198351383209228516e-04 -1.145005226135253906e-04 -1.038014888763427734e-04 -1.058280467987060547e-04 -1.125931739807128906e-04 -1.135766506195068359e-04
9.091621115013904797e-01 1.555383205413818359e-04 1.535117626190185547e-04 1.577436923980712891e-04 1.442432403564453125e-04 1.439452171325683594e-04 1.506507396697998047e-04 1.570582389831542969e-04 1.447796821594238281e-04 1.498460769653320312e-04 1.407563686370849609e-04
9.156148734867783912e-01 7.760524749755859375e-05 8.076429367065429688e-05 7.173418998718261719e-05 8.577108383178710938e-05 8.597970008850097656e-05 7.522106170654296875e-05 9.021162986755371094e-05 7.957220077514648438e-05 8.088350296020507812e-05 8.317828178405761719e-05
9.220676354721663026e-01 -1.029372215270996094e-04 -1.001358032226562500e-04 -1.072883605957031250e-04 -1.065433025360107422e-04 -9.015202522277832031e-05 -1.088976860046386719e-04 -1.081228256225585938e-04 -1.026093959808349609e-04 -9.295344352722167969e-05 -9.766221046447753906e-05
9.285203974575542141e-01 1.907348632812500000e-05 2.914667129516601562e-05 2.756714820861816406e-05 2.819299697875976562e-05 2.896785736083984375e-05 2.345442771911621094e-05 2.384185791015625000e-05 3.409385681152343750e-05 3.382563591003417969e-05 3.257393836975097656e-05
9.349731594429421255e-01 -1.931190490722656250e-05 -2.628564834594726562e-05 -1.165270805358886719e-05 -1.734495162963867188e-05 -1.066923141479492188e-05 -1.388788223266601562e-05 -2.413988113403320312e-05 -2.056360244750976562e-05 -1.114606857299804688e-05 -1.484155654907226562e-05
9.414259214283300370e-01 -5.972385406494140625e-05 -7.125735282897949219e-05 -5.862116813659667969e-05 -8.144974708557128906e-05 -6.040930747985839844e-05 -7.376074790954589844e-05 -6.514787673950195312e-05 -6.610155105590820312e-05 -5.218386650085449219e-05 -6.517767906188964844e-05
9.478786834137179484e-01 2.115964889526367188e-04 2.216100692749023438e-04 2.126693725585937500e-04 2.145469188690185547e-04 2.061128616333007812e-04 2.144277095794677734e-04 2.118647098541259766e-04 2.064108848571777344e-04 2.087056636810302734e-04 2.063512802124023438e-04
9.543314453991058599e-01 -9.682774543762207031e-05 -9.262561798095703125e-05 -9.733438491821289062e-05 -9.843707084655761719e-05 -9.939074516296386719e-05 -9.563565254211425781e-05 -9.274482727050781250e-05 -9.250640869140625000e-05 -9.587407112121582031e-05 -9.536743164062500000e-05
9.607842073844936603e-01 -1.582503318786621094e-04 -1.480281352996826172e-04 -1.571476459503173828e-04 -1.548230648040771484e-04 -1.489222049713134766e-04 -1.504123210906982422e-04 -1.451373100280761719e-04 -1.455247402191162109e-04 -1.551806926727294922e-04 -1.515150070190429688e-04
9.672369693698815718e-01 4.571676254272460938e-05 4.217028617858886719e-05 3.674626350402832031e-05 4.330277442932128906e-05 4.905462265014648438e-05 4.801154136657714844e-05 5.194544792175292969e-05 5.215406417846679688e-05 4.813075065612792969e-05 4.610419273376464844e-05
9.736897313552694833e-01 8.255243301391601562e-06 -1.484155654907226562e-05 -6.824731826782226562e-06 1.013278961181640625e-06 2.682209014892578125e-07 1.519918441772460938e-06 4.470348358154296875e-06 -3.606081008911132812e-06 -6.139278411865234375e-06 -4.738569259643554688e-06
9.801424933406573947e-01 -1.162290573120117188e-06 1.758337020874023438e-05 1.329183578491210938e-05 1.290440559387207031e-05 1.755356788635253906e-05 1.287460327148437500e-05 1.126527786254882812e-05 6.824731826782226562e-06 8.910894393920898438e-06 1.102685928344726562e-05
9.865952553260453062e-01 2.893805503845214844e-05 2.950429916381835938e-05 1.668930053710937500e-05 2.911686897277832031e-05 3.230571746826171875e-05 2.542138099670410156e-05 1.823902130126953125e-05 2.485513687133789062e-05 2.938508987426757812e-05 3.278255462646484375e-05
9.930480173114332176e-01 -3.960728645324707031e-05 -5.137920379638671875e-05 -4.437565803527832031e-05 -4.309415817260742188e-05 -5.057454109191894531e-05 -4.443526268005371094e-05 -5.140900611877441406e-05 -5.418062210083007812e-05 -5.039572715759277344e-05 -5.000829696655273438e-05
9.995007792968211291e-01 -5.590915679931640625e-05 -5.355477333068847656e-05 -4.974007606506347656e-05 -6.479024887084960938e-05 -4.693865776062011719e-05 -4.827976226806640625e-05 -6.297230720520019531e-05 -5.635619163513183594e-05 -5.558133125305175781e-05 -4.935264587402343750e-05
1.005953541282209152e+00 4.273653030395507812e-05 4.556775093078613281e-05 5.206465721130371094e-05 4.640221595764160156e-05 4.082918167114257812e-05 4.151463508605957031e-05 5.093216896057128906e-05 4.321336746215820312e-05 4.705786705017089844e-05 4.974007606506347656e-05
1.012406303267596952e+00 1.148879528045654297e-04 1.136958599090576172e-04 1.222789287567138672e-04 1.190602779388427734e-04 1.197457313537597656e-04 1.106262207031250000e-04 1.193881034851074219e-04 1.223087310791015625e-04 1.198649406433105469e-04 1.143217086791992188e-04
1.018859065252984752e+00 -8.383393287658691406e-05 -8.982419967651367188e-05 -8.687376976013183594e-05 -9.348988533020019531e-05 -9.116530418395996094e-05 -7.691979408264160156e-05 -8.267164230346679688e-05 -8.049607276916503906e-05 -7.346272468566894531e-05 -6.884336471557617188e-05
1.025311827238372775e+00 -4.962086677551269531e-05 -3.600120544433593750e-05 -4.464387893676757812e-05 -5.292892456054687500e-05 -4.237890243530273438e-05 -4.392862319946289062e-05 -4.109740257263183594e-05 -4.154443740844726562e-05 -5.251169204711914062e-05 -4.026293754577636719e-05
1.031764589223760797e+00 1.259148120880126953e-04 1.345574855804443359e-04 1.292526721954345703e-04 1.265108585357666016e-04 1.243650913238525391e-04 1.297295093536376953e-04 1.244246959686279297e-04 1.192390918731689453e-04 1.403987407684326172e-04 1.271963119506835938e-04
1.038217351209148598e+00 -1.023113727569580078e-04 -9.816884994506835938e-05 -8.875131607055664062e-05 -9.793043136596679688e-05 -9.089708328247070312e-05 -9.572505950927734375e-05 -8.589029312133789062e-05 -9.086728096008300781e-05 -9.039044380187988281e-05 -9.810924530029296875e-05
1.044670113194536398e+00 1.983046531677246094e-04 1.884996891021728516e-04 1.938045024871826172e-04 1.955628395080566406e-04 1.916587352752685547e-04 1.864731311798095703e-04 1.814067363739013672e-04 1.808106899261474609e-04 1.938939094543457031e-04 1.820027828216552734e-04
1.051122875179924421e+00 -1.120567321777343750e-05 -1.242756843566894531e-05 -5.900859832763671875e-06 -1.186132431030273438e-05 -1.949071884155273438e-05 -1.716613769531250000e-05 -1.353025436401367188e-05 -1.001358032226562500e-05 -9.983777999877929688e-06 -1.797080039978027344e-05
1.057575637165312221e+00 -3.138780593872070312e-04 -3.291666507720947266e-04 -3.217458724975585938e-04 -3.208518028259277344e-04 -3.162920475006103516e-04 -3.152787685394287109e-04 -2.986192703247070312e-04 -3.196299076080322266e-04 -3.180205821990966797e-04 -3.127455711364746094e-04
1.064028399150700022e+00 3.394782543182373047e-04 3.311932086944580078e-04 3.260672092437744141e-04 3.367662429809570312e-04 3.443956375122070312e-04 3.333985805511474609e-04 3.209412097930908203e-04 3.358125686645507812e-04 3.242790699005126953e-04 3.333985805511474609e-04
1.070481161136088044e+00 -1.339316368103027344e-04 -1.320242881774902344e-04 -1.329481601715087891e-04 -1.189410686492919922e-04 -1.326799392700195312e-04 -1.377463340759277344e-04 -1.173615455627441406e-04 -1.258850097656250000e-04 -1.152157783508300781e-04 -1.144707202911376953e-04
1.076933923121476067e+00 -9.554624557495117188e-05 -9.137392044067382812e-05 -8.165836334228515625e-05 -9.462237358093261719e-05 -9.220838546752929688e-05 -9.152293205261230469e-05 -1.006722450256347656e-04 -9.384751319885253906e-05 -9.113550186157226562e-05 -8.776783943176269531e-05
1.083386685106863867e+00 3.153383731842041016e-04 3.086626529693603516e-04 3.241896629333496094e-04 3.107786178588867188e-04 3.088712692260742188e-04 3.131330013275146484e-04 3.183484077453613281e-04 3.119409084320068359e-04 3.123581409454345703e-04 3.182590007781982422e-04
1.089839447092251667e+00 -2.022683620452880859e-04 -2.140998840332031250e-04 -2.192258834838867188e-04 -2.080202102661132812e-04 -2.161860466003417969e-04 -2.096593379974365234e-04 -2.081096172332763672e-04 -2.143085002899169922e-04 -2.108812332153320312e-04 -2.055168151855468750e-04
1.096292209077639690e+00 -5.045533180236816406e-05 -5.409121513366699219e-05 -5.576014518737792969e-05 -5.438923835754394531e-05 -5.450844764709472656e-05 -6.347894668579101562e-05 -6.261467933654785156e-05 -4.604458808898925781e-05 -5.432963371276855469e-05 -6.496906280517578125e-05
1.102744971063027712e+00 8.273124694824218750e-05 8.714199066162109375e-05 8.165836334228515625e-05 7.945299148559570312e-05 8.586049079895019531e-05 8.028745651245117188e-05 7.531046867370605469e-05 8.788704872131347656e-05 7.903575897216796875e-05 8.559226989746093750e-05
1.109197733048415513e+00 -4.245638847351074219e-04 -4.265606403350830078e-04 -4.148483276367187500e-04 -4.201829433441162109e-04 -4.138946533203125000e-04 -4.267692565917968750e-04 -4.264116287231445312e-04 -4.242658615112304688e-04 -4.181861877441406250e-04 -4.256069660186767578e-04
1.115650495033803313e+00 2.583563327789306641e-04 2.538859844207763672e-04 2.637803554534912109e-04 2.703070640563964844e-04 2.548694610595703125e-04 2.549290657043457031e-04 2.460181713104248047e-04 2.612173557281494141e-04 2.452135086059570312e-04 2.512335777282714844e-04
1.122103257019191336e+00 -1.238286495208740234e-04 -1.327693462371826172e-04 -1.212656497955322266e-04 -1.232028007507324219e-04 -1.225769519805908203e-04 -1.267492771148681641e-04 -1.385509967803955078e-04 -1.360774040222167969e-04 -1.391470432281494141e-04 -1.290738582611083984e-04
1.128556019004579358e+00 -3.537535667419433594e-04 -3.644227981567382812e-04 -3.517568111419677734e-04 -3.441274166107177734e-04 -3.472864627838134766e-04 -3.472864627838134766e-04 -3.485381603240966797e-04 -3.526806831359863281e-04 -3.469884395599365234e-04 -3.511011600494384766e-04
1.135008780989967159e+00 4.871189594268798828e-04 4.922151565551757812e-04 4.970133304595947266e-04 4.867911338806152344e-04 4.898607730865478516e-04 4.831850528717041016e-04 4.862546920776367188e-04 5.042254924774169922e-04 4.882216453552246094e-04 5.033016204833984375e-04
1.141461542975354959e+00 -2.385675907135009766e-04 -2.416670322418212891e-04 -2.326369285583496094e-04 -2.325177192687988281e-04 -2.424120903015136719e-04 -2.329647541046142578e-04 -2.385973930358886719e-04 -2.439916133880615234e-04 -2.374649047851562500e-04 -2.322494983673095703e-04
1.147914304960742982e+00 8.982419967651367188e-05 7.829070091247558594e-05 8.156895637512207031e-05 9.268522262573242188e-05 9.256601333618164062e-05 9.143352508544921875e-05 9.399652481079101562e-05 8.431077003479003906e-05 9.366869926452636719e-05 8.803606033325195312e-05
1.154367066946130782e+00 3.556311130523681641e-04 3.573000431060791016e-04 3.376305103302001953e-04 3.549754619598388672e-04 3.532469272613525391e-04 3.480911254882812500e-04 3.479719161987304688e-04 3.417432308197021484e-04 3.476142883300781250e-04 3.372430801391601562e-04
1.160819828931518582e+00 -5.497336387634277344e-04 -5.429983139038085938e-04 -5.554556846618652344e-04 -5.560517311096191406e-04 -5.429685115814208984e-04 -5.502998828887939453e-04 -5.474388599395751953e-04 -5.579888820648193359e-04 -5.519390106201171875e-04 -5.437731742858886719e-04
1.167272590916906605e+00 3.416836261749267578e-04 3.468692302703857422e-04 3.508627414703369141e-04 3.613531589508056641e-04 3.524720668792724609e-04 3.493428230285644531e-04 3.529787063598632812e-04 3.603696823120117188e-04 3.669857978820800781e-04 3.486871719360351562e-04
1.173725352902294627e+00 5.960464477539062500e-06 -6.824731826782226562e-06 -1.120567321777343750e-05 -1.630187034606933594e-05 -2.527236938476562500e-05 1.341104507446289062e-06 -8.642673492431640625e-06 -1.177191734313964844e-05 -1.850724220275878906e-05 -3.874301910400390625e-06
1.180178114887682428e+00 -4.269480705261230469e-04 -4.309415817260742188e-04 -4.225969314575195312e-04 -4.304051399230957031e-04 -4.130899906158447266e-04 -4.294812679290771484e-04 -4.248023033142089844e-04 -4.211962223052978516e-04 -4.261136054992675781e-04 -4.277825355529785156e-04
1.186630876873070450e+00 6.577372550964355469e-04 6.533563137054443359e-04 6.451308727264404297e-04 6.450712680816650391e-04 6.550252437591552734e-04 6.423890590667724609e-04 6.576180458068847656e-04 6.555616855621337891e-04 6.601214408874511719e-04 6.593167781829833984e-04
1.193083638858458251e+00 -3.684759140014648438e-04 -3.678500652313232422e-04 -3.652274608612060547e-04 -3.698468208312988281e-04 -3.739595413208007812e-04 -3.684163093566894531e-04 -3.727376461029052734e-04 -3.676414489746093750e-04 -3.747642040252685547e-04 -3.556013107299804688e-04
1.199536400843846051e+00 -1.212656497955322266e-04 -1.203119754791259766e-04 -1.170039176940917969e-04 -1.178681850433349609e-04 -1.199245452880859375e-04 -1.186728477478027344e-04 -1.037418842315673828e-04 -1.044571399688720703e-04 -1.110136508941650391e-04 -1.110136508941650391e-04
1.205989162829234074e+00 4.845559597015380859e-04 4.852116107940673828e-04 4.800558090209960938e-04 4.853010177612304688e-04 4.761517047882080078e-04 4.778206348419189453e-04 4.832148551940917969e-04 4.732906818389892578e-04 4.711151123046875000e-04 4.848837852478027344e-04
1.212441924814621874e+00 -5.589127540588378906e-04 -5.691945552825927734e-04 -5.567669868469238281e-04 -5.643367767333984375e-04 -5.676150321960449219e-04 -5.652606487274169922e-04 -5.670785903930664062e-04 -5.744099617004394531e-04 -5.687475204467773438e-04 -5.663633346557617188e-04
1.218894686800009897e+00 2.418756484985351562e-04 2.520680427551269531e-04 2.451241016387939453e-04 2.422332763671875000e-04 2.413094043731689453e-04 2.516508102416992188e-04 2.582371234893798828e-04 2.521276473999023438e-04 2.523362636566162109e-04 2.553164958953857422e-04
1.225347448785397697e+00 1.643300056457519531e-04 1.654922962188720703e-04 1.516938209533691406e-04 1.601874828338623047e-04 1.520514488220214844e-04 1.570582389831542969e-04 1.630187034606933594e-04 1.504421234130859375e-04 1.542866230010986328e-04 1.542866230010986328e-04
1.231800210770785720e+00 -3.946423530578613281e-04 -3.884732723236083984e-04 -3.960430622100830078e-04 -4.028379917144775391e-04 -3.857016563415527344e-04 -4.023313522338867188e-04 -3.925263881683349609e-04 -3.880262374877929688e-04 -3.933608531951904297e-04 -3.931224346160888672e-04
1.238252972756173520e+00 3.642439842224121094e-04 3.560781478881835938e-04 3.575384616851806641e-04 3.648996353149414062e-04 3.680288791656494141e-04 3.497898578643798828e-04 3.662705421447753906e-04 3.528296947479248047e-04 3.584325313568115234e-04 3.510713577270507812e-04
1.244705734741561542e+00 -9.387731552124023438e-05 -9.092688560485839844e-05 -9.718537330627441406e-05 -9.584426879882812500e-05 -8.854269981384277344e-05 -9.077787399291992188e-05 -9.459257125854492188e-05 -9.745359420776367188e-05 -9.414553642272949219e-05 -9.754300117492675781e-05
1.251158496726949343e+00 -1.831948757171630859e-04 -1.767575740814208984e-04 -1.825988292694091797e-04 -1.814067363739013672e-04 -1.789033412933349609e-04 -1.799464225769042969e-04 -1.881718635559082031e-04 -1.707375049591064453e-04 -1.806318759918212891e-04 -1.876056194305419922e-04
1.257611258712337365e+00 2.449750900268554688e-04 2.383589744567871094e-04 2.430081367492675781e-04 2.400279045104980469e-04 2.444982528686523438e-04 2.484917640686035156e-04 2.411901950836181641e-04 2.519488334655761719e-04 2.500414848327636719e-04 2.271831035614013672e-04
1.264064020697725166e+00 -1.094937324523925781e-04 -9.638071060180664062e-05 -1.018941402435302734e-04 -1.078844070434570312e-04 -1.213848590850830078e-04 -1.038312911987304688e-04 -9.259581565856933594e-05 -1.063644886016845703e-04 -9.852647781372070312e-05 -1.187026500701904297e-04
1.270516782683113188e+00 -1.060962677001953125e-04 -1.126825809478759766e-04 -1.215338706970214844e-04 -9.915232658386230469e-05 -1.093149185180664062e-04 -1.025199890136718750e-04 -1.141130924224853516e-04 -1.063048839569091797e-04 -1.031160354614257812e-04 -9.450316429138183594e-05
1.276969544668500989e+00 1.504719257354736328e-04 1.433789730072021484e-04 1.453459262847900391e-04 1.639127731323242188e-04 1.485049724578857422e-04 1.420676708221435547e-04 1.493990421295166016e-04 1.558363437652587891e-04 1.528859138488769531e-04 1.410543918609619141e-04
1.283422306653888789e+00 -3.522634506225585938e-05 -3.212690353393554688e-05 -2.923607826232910156e-05 -3.576278686523437500e-05 -3.725290298461914062e-05 -4.237890243530273438e-05 -3.609061241149902344e-05 -3.346800804138183594e-05 -3.719329833984375000e-05 -3.084540367126464844e-05
1.289875068639276812e+00 -4.038214683532714844e-05 -4.574656486511230469e-05 -6.094574928283691406e-05 -3.615021705627441406e-05 -5.045533180236816406e-05 -4.196166992187500000e-05 -4.684925079345703125e-05 -4.392862319946289062e-05 -4.413723945617675781e-05 -4.336237907409667969e-05
1.296327830624664612e+00 1.098811626434326172e-04 1.195967197418212891e-04 1.089274883270263672e-04 1.147091388702392578e-04 1.147687435150146484e-04 1.225471496582031250e-04 1.177787780761718750e-04 1.095235347747802734e-04 1.250803470611572266e-04 1.271069049835205078e-04
1.302780592610052635e+00 -6.511807441711425781e-05 -6.932020187377929688e-05 -6.315112113952636719e-05 -6.458163261413574219e-05 -6.124377250671386719e-05 -6.592273712158203125e-05 -6.091594696044921875e-05 -5.927681922912597656e-05 -7.268786430358886719e-05 -6.657838821411132812e-05
1.309233354595440435e+00 -6.189942359924316406e-05 -7.480382919311523438e-05 -6.765127182006835938e-05 -6.949901580810546875e-05 -7.241964340209960938e-05 -6.964802742004394531e-05 -7.212162017822265625e-05 -6.762146949768066406e-05 -7.277727127075195312e-05 -7.206201553344726562e-05
1.315686116580828458e+00 1.626610755920410156e-04 1.595318317413330078e-04 1.520514488220214844e-04 1.513063907623291016e-04 1.620650291442871094e-04 1.485943794250488281e-04 1.524686813354492188e-04 1.590847969055175781e-04 1.575648784637451172e-04 1.542270183563232422e-04
1.322138878566216258e+00 -6.356835365295410156e-05 -5.409121513366699219e-05 -6.288290023803710938e-05 -5.522370338439941406e-05 -4.991888999938964844e-05 -5.888938903808593750e-05 -5.778670310974121094e-05 -6.133317947387695312e-05 -4.956126213073730469e-05 -4.419684410095214844e-05
1.328591640551604280e+00 -2.148747444152832031e-05 -2.399086952209472656e-05 -3.314018249511718750e-05 -1.654028892517089844e-05 -3.072619438171386719e-05 -2.574920654296875000e-05 -3.063678741455078125e-05 -1.972913742065429688e-05 -2.285838127136230469e-05 -1.850724220275878906e-05
1.335044402536992081e+00 5.713105201721191406e-05 6.720423698425292969e-05 7.128715515136718750e-05 6.097555160522460938e-05 6.625056266784667969e-05 5.885958671569824219e-05 6.207823753356933594e-05 6.863474845886230469e-05 5.641579627990722656e-05 6.750226020812988281e-05
1.341497164522380103e+00 -6.878376007080078125e-05 -5.698204040527343750e-05 -6.100535392761230469e-05 -5.978345870971679688e-05 -5.891919136047363281e-05 -5.987286567687988281e-05 -5.972385406494140625e-05 -6.747245788574218750e-05 -6.195902824401855469e-05 -6.619095802307128906e-05
1.347949926507767904e+00 1.931190490722656250e-05 2.267956733703613281e-05 2.375245094299316406e-05 2.095103263854980469e-05 1.922249794006347656e-05 7.241964340209960938e-06 3.188848495483398438e-06 6.616115570068359375e-06 2.083182334899902344e-05 1.445412635803222656e-05
1.354402688493155926e+00 9.158253669738769531e-05 9.101629257202148438e-05 1.022517681121826172e-04 9.322166442871093750e-05 8.279085159301757812e-05 8.961558341979980469e-05 8.681416511535644531e-05 9.447336196899414062e-05 7.662177085876464844e-05 8.109211921691894531e-05
1.360855450478543727e+00 -7.656216621398925781e-05 -7.760524749755859375e-05 -8.237361907958984375e-05 -8.341670036315917969e-05 -7.385015487670898438e-05 -7.915496826171875000e-05 -7.951259613037109375e-05 -7.349252700805664062e-05 -7.814168930053710938e-05 -8.875131607055664062e-05
1.367308212463931749e+00 -5.960464477539062500e-05 -5.924701690673828125e-05 -7.134675979614257812e-05 -6.479024887084960938e-05 -7.173418998718261719e-05 -6.607174873352050781e-05 -6.663799285888671875e-05 -6.708502769470214844e-05 -7.036328315734863281e-05 -5.966424942016601562e-05
1.373760974449319550e+00 1.165568828582763672e-04 1.168847084045410156e-04 1.184940338134765625e-04 1.198351383209228516e-04 1.262128353118896484e-04 1.287460327148437500e-04 1.167356967926025391e-04 1.104176044464111328e-04 1.176297664642333984e-04 1.267492771148681641e-04
1.380213736434707350e+00 -4.869699478149414062e-05 -3.814697265625000000e-05 -5.096197128295898438e-05 -4.422664642333984375e-05 -3.668665885925292969e-05 -4.196166992187500000e-05 -5.546212196350097656e-05 -4.535913467407226562e-05 -3.951787948608398438e-05 -5.790591239929199219e-05
1.386666498420095373e+00 2.738833427429199219e-05 2.947449684143066406e-05 2.485513687133789062e-05 2.422928810119628906e-05 2.032518386840820312e-05 3.966689109802246094e-05 2.568960189819335938e-05 3.316998481750488281e-05 2.345442771911621094e-05 2.267956733703613281e-05
1.393119260405483173e+00 1.484155654907226562e-04 1.554787158966064453e-04 1.487433910369873047e-04 1.520812511444091797e-04 1.519620418548583984e-04 1.510381698608398438e-04 1.592636108398437500e-04 1.556277275085449219e-04 1.521706581115722656e-04 1.615881919860839844e-04
1.399572022390871195e+00 -1.594424247741699219e-04 -1.602768898010253906e-04 -1.618564128875732422e-04 -1.649856567382812500e-04 -1.638829708099365234e-04 -1.623332500457763672e-04 -1.738071441650390625e-04 -1.550018787384033203e-04 -1.527965068817138672e-04 -1.485347747802734375e-04
1.406024784376258996e+00 1.144707202911376953e-04 1.301169395446777344e-04 1.217424869537353516e-04 1.176893711090087891e-04 1.278817653656005859e-04 1.143217086791992188e-04 1.196861267089843750e-04 1.290142536163330078e-04 1.240372657775878906e-04 1.228451728820800781e-04
1.412477546361647018e+00 2.393126487731933594e-05 6.705522537231445312e-06 4.768371582031250000e-07 1.782178878784179688e-05 1.358985900878906250e-05 1.394748687744140625e-05 3.010034561157226562e-06 6.347894668579101562e-06 3.308057785034179688e-06 1.826882362365722656e-05
1.418930308347034819e+00 -1.102089881896972656e-04 -1.133680343627929688e-04 -1.245737075805664062e-04 -1.206398010253906250e-04 -1.241266727447509766e-04 -1.201033592224121094e-04 -1.261234283447265625e-04 -1.189708709716796875e-04 -1.222789287567138672e-04 -1.182854175567626953e-04
1.425383070332422841e+00 1.365542411804199219e-04 1.537799835205078125e-04 1.362860202789306641e-04 1.383423805236816406e-04 1.511573791503906250e-04 1.522898674011230469e-04 1.368224620819091797e-04 1.327097415924072266e-04 1.525282859802246094e-04 1.469850540161132812e-04
1.431835832317810642e+00 -2.920627593994140625e-05 -2.068281173706054688e-05 -2.110004425048828125e-05 -2.685189247131347656e-05 -2.878904342651367188e-05 -4.005432128906250000e-05 -2.416968345642089844e-05 -2.476572990417480469e-05 -2.059340476989746094e-05 -1.424551010131835938e-05
1.438288594303198664e+00 -1.319944858551025391e-04 -1.323819160461425781e-04 -1.280903816223144531e-04 -1.264512538909912109e-04 -1.339018344879150391e-04 -1.471340656280517578e-04 -1.345574855804443359e-04 -1.241266727447509766e-04 -1.401901245117187500e-04 -1.246631145477294922e-04
1.444741356288586465e+00 1.076757907867431641e-04 1.175999641418457031e-04 1.167953014373779297e-04 1.157522201538085938e-04 1.004934310913085938e-04 1.164078712463378906e-04 1.076161861419677734e-04 1.081526279449462891e-04 1.218914985656738281e-04 1.151263713836669922e-04
1.451194118273974487e+00 -3.680586814880371094e-05 -4.306435585021972656e-05 -4.121661186218261719e-05 -3.799796104431152344e-05 -3.516674041748046875e-05 -4.148483276367187500e-05 -4.664063453674316406e-05 -4.088878631591796875e-05 -4.041194915771484375e-05 -4.220008850097656250e-05
1.457646880259362288e+00 1.734495162963867188e-05 1.850724220275878906e-05 -1.549720764160156250e-06 1.326203346252441406e-05 2.622604370117187500e-06 6.228685379028320312e-06 7.897615432739257812e-06 -4.321336746215820312e-06 7.092952728271484375e-06 8.106231689453125000e-06
1.464099642244750310e+00 7.963180541992187500e-05 8.094310760498046875e-05 6.988644599914550781e-05 6.514787673950195312e-05 8.043646812438964844e-05 6.958842277526855469e-05 7.450580596923828125e-05 6.076693534851074219e-05 8.767843246459960938e-05 8.079409599304199219e-05
1.470552404230138110e+00 -8.034706115722656250e-05 -9.214878082275390625e-05 -8.809566497802734375e-05 -8.252263069152832031e-05 -9.134411811828613281e-05 -8.893013000488281250e-05 -7.793307304382324219e-05 -8.928775787353515625e-05 -8.648633956909179688e-05 -8.338689804077148438e-05
1.477005166215525911e+00 6.049871444702148438e-06 -1.788139343261718750e-07 1.251697540283203125e-06 1.496076583862304688e-05 9.000301361083984375e-06 1.522898674011230469e-05 8.344650268554687500e-07 1.248717308044433594e-05 2.238154411315917969e-05 -3.278255462646484375e-07
1.483457928200913933e+00 2.855062484741210938e-05 3.740191459655761719e-05 3.609061241149902344e-05 3.457069396972656250e-05 4.726648330688476562e-05 2.327561378479003906e-05 3.734230995178222656e-05 4.133582115173339844e-05 3.463029861450195312e-05 3.829598426818847656e-05
1.489910690186301734e+00 -4.872679710388183594e-05 -5.441904067993164062e-05 -4.559755325317382812e-05 -3.913044929504394531e-05 -5.507469177246093750e-05 -4.225969314575195312e-05 -3.793835639953613281e-05 -3.623962402343750000e-05 -3.185868263244628906e-05 -4.312396049499511719e-05
1.496363452171689756e+00 3.355741500854492188e-05 2.977252006530761719e-05 2.548098564147949219e-05 2.086162567138671875e-05 2.697110176086425781e-05 1.281499862670898438e-05 3.379583358764648438e-05 2.634525299072265625e-05 2.691149711608886719e-05 1.350045204162597656e-05
1.502816214157077557e+00 2.393126487731933594e-05 3.549456596374511719e-05 1.862645149230957031e-05 2.816319465637207031e-05 2.467632293701171875e-05 2.965331077575683594e-05 2.831220626831054688e-05 1.510977745056152344e-05 3.448128700256347656e-05 3.007054328918457031e-05
1.509268976142465579e+00 -5.358457565307617188e-05 -3.948807716369628906e-05 -4.345178604125976562e-05 -3.165006637573242188e-05 -4.097819328308105469e-05 -3.212690353393554688e-05 -4.336237907409667969e-05 -3.966689109802246094e-05 -4.664063453674316406e-05 -4.053115844726562500e-05
1.515721738127853380e+00 9.804964065551757812e-06 1.019239425659179688e-05 4.410743713378906250e-06 1.490116119384765625e-05 1.969933509826660156e-05 2.291798591613769531e-05 1.850724220275878906e-05 1.055002212524414062e-05 9.059906005859375000e-06 1.668930053710937500e-05
1.522174500113241402e+00 4.345178604125976562e-05 4.634261131286621094e-05 3.847479820251464844e-05 4.366040229797363281e-05 3.910064697265625000e-05 2.497434616088867188e-05 3.570318222045898438e-05 4.112720489501953125e-05 3.942847251892089844e-05 3.811717033386230469e-05
1.528627262098629203e+00 -2.649426460266113281e-05 -2.259016036987304688e-05 -2.902746200561523438e-05 -2.869963645935058594e-05 -2.977252006530761719e-05 -4.038214683532714844e-05 -2.536177635192871094e-05 -1.955032348632812500e-05 -2.589821815490722656e-05 -3.272294998168945312e-05
1.535080024084017225e+00 -2.047419548034667969e-05 -1.654028892517089844e-05 -1.600384712219238281e-05 -1.198053359985351562e-05 -4.082918167114257812e-06 -4.172325134277343750e-06 -8.046627044677734375e-07 -6.735324859619140625e-06 -1.353025436401367188e-05 -2.226233482360839844e-05
1.541532786069405025e+00 1.412630081176757812e-05 2.869963645935058594e-05 3.015995025634765625e-05 1.880526542663574219e-05 1.886487007141113281e-05 2.688169479370117188e-05 2.929568290710449219e-05 3.015995025634765625e-05 2.244114875793457031e-05 2.476572990417480469e-05
1.547985548054793048e+00 -3.397464752197265625e-06 -1.603364944458007812e-05 -4.768371582031250000e-07 -7.808208465576171875e-06 -4.112720489501953125e-06 -1.391768455505371094e-05 -9.626150131225585938e-06 3.665685653686523438e-06 -1.218914985656738281e-05 -2.512335777282714844e-05
1.554438310040180848e+00 -3.081560134887695312e-05 -2.664327621459960938e-05 -1.746416091918945312e-05 -1.224875450134277344e-05 -1.916289329528808594e-05 -3.066658973693847656e-05 -1.493096351623535156e-05 -2.816319465637207031e-05 -1.400709152221679688e-05 -2.020597457885742188e-05
1.560891072025568649e+00 8.386373519897460938e-05 8.594989776611328125e-05 8.174777030944824219e-05 7.656216621398925781e-05 7.945299148559570312e-05 9.602308273315429688e-05 8.323788642883300781e-05 9.077787399291992188e-05 9.036064147949218750e-05 8.341670036315917969e-05
1.567343834010956671e+00 -8.094310760498046875e-05 -6.973743438720703125e-05 -6.923079490661621094e-05 -6.815791130065917969e-05 -6.219744682312011719e-05 -6.860494613647460938e-05 -7.548928260803222656e-05 -7.015466690063476562e-05 -6.145238876342773438e-05 -6.020069122314453125e-05
1.573796595996344472e+00 -1.779198646545410156e-05 -1.901388168334960938e-05 -1.823902130126953125e-05 -2.136826515197753906e-05 -1.969933509826660156e-05 -2.250075340270996094e-05 -2.712011337280273438e-05 -3.197789192199707031e-05 -1.525878906250000000e-05 -1.820921897888183594e-05
1.580249357981732494e+00 9.754300117492675781e-05 8.827447891235351562e-05 9.697675704956054688e-05 7.468461990356445312e-05 8.204579353332519531e-05 9.346008300781250000e-05 1.001358032226562500e-04 1.011192798614501953e-04 8.866190910339355469e-05 8.937716484069824219e-05
1.586702119967120295e+00 -1.652538776397705078e-04 -1.657009124755859375e-04 -1.676976680755615234e-04 -1.577436923980712891e-04 -1.553297042846679688e-04 -1.560747623443603516e-04 -1.519322395324707031e-04 -1.573860645294189453e-04 -1.645088195800781250e-04 -1.654922962188720703e-04
1.593154881952508317e+00 1.008510589599609375e-04 8.231401443481445312e-05 9.787082672119140625e-05 9.289383888244628906e-05 1.035928726196289062e-04 1.043975353240966797e-04 1.000165939331054688e-04 1.044869422912597656e-04 9.787082672119140625e-05 9.191036224365234375e-05
1.599607643937896118e+00 4.321336746215820312e-05 5.656480789184570312e-05 5.325675010681152344e-05 5.257129669189453125e-05 3.787875175476074219e-05 4.875659942626953125e-05 3.898143768310546875e-05 6.002187728881835938e-05 5.140900611877441406e-05 4.583597183227539062e-05
1.606060405923284140e+00 -1.622736454010009766e-04 -1.702904701232910156e-04 -1.581013202667236328e-04 -1.564323902130126953e-04 -1.677572727203369141e-04 -1.666843891143798828e-04 -1.740157604217529297e-04 -1.696050167083740234e-04 -1.667737960815429688e-04 -1.771748065948486328e-04
1.612513167908671941e+00 1.960694789886474609e-04 1.955926418304443359e-04 1.854598522186279297e-04 1.943111419677734375e-04 1.931786537170410156e-04 1.913905143737792969e-04 1.992881298065185547e-04 2.041161060333251953e-04 1.989006996154785156e-04 1.935660839080810547e-04
1.618965929894059963e+00 -9.107589721679687500e-05 -1.019835472106933594e-04 -9.343028068542480469e-05 -9.405612945556640625e-05 -9.542703628540039062e-05 -9.888410568237304688e-05 -9.354948997497558594e-05 -9.578466415405273438e-05 -1.064538955688476562e-04 -9.775161743164062500e-05
1.625418691879447763e+00 -6.422400474548339844e-05 -7.528066635131835938e-05 -6.893277168273925781e-05 -7.408857345581054688e-05 -8.329749107360839844e-05 -6.636977195739746094e-05 -7.963180541992187500e-05 -7.665157318115234375e-05 -6.508827209472656250e-05 -8.246302604675292969e-05
1.631871453864835786e+00 1.553893089294433594e-04 1.597106456756591797e-04 1.482963562011718750e-04 1.438260078430175781e-04 1.471936702728271484e-04 1.536309719085693359e-04 1.548826694488525391e-04 1.486539840698242188e-04 1.586973667144775391e-04 1.592636108398437500e-04
1.638324215850223586e+00 -1.266598701477050781e-04 -1.214146614074707031e-04 -1.344084739685058594e-04 -1.230537891387939453e-04 -1.195371150970458984e-04 -1.269280910491943359e-04 -1.206099987030029297e-04 -1.279413700103759766e-04 -1.315474510192871094e-04 -1.174211502075195312e-04
1.644776977835611609e+00 1.895427703857421875e-05 2.241134643554687500e-05 3.114342689514160156e-05 2.285838127136230469e-05 2.282857894897460938e-05 2.804398536682128906e-05 2.112984657287597656e-05 2.777576446533203125e-05 3.603100776672363281e-05 2.661347389221191406e-05
1.651229739820999409e+00 7.584691047668457031e-05 8.025765419006347656e-05 7.694959640502929688e-05 9.006261825561523438e-05 7.992982864379882812e-05 7.921457290649414062e-05 7.724761962890625000e-05 8.043646812438964844e-05 9.110569953918457031e-05 9.325146675109863281e-05
1.657682501806387210e+00 -5.620718002319335938e-05 -4.264712333679199219e-05 -4.914402961730957031e-05 -4.327297210693359375e-05 -2.571940422058105469e-05 -3.439188003540039062e-05 -4.595518112182617188e-05 -4.380941390991210938e-05 -5.447864532470703125e-05 -5.173683166503906250e-05
1.664135263791775232e+00 6.923079490661621094e-05 5.003809928894042969e-05 5.617737770080566406e-05 5.185604095458984375e-05 5.531311035156250000e-05 5.751848220825195312e-05 5.355477333068847656e-05 6.362795829772949219e-05 5.576014518737792969e-05 5.483627319335937500e-05
1.670588025777163033e+00 -5.447864532470703125e-05 -6.067752838134765625e-05 -7.429718971252441406e-05 -6.234645843505859375e-05 -6.315112113952636719e-05 -6.705522537231445312e-05 -6.154179573059082031e-05 -6.452202796936035156e-05 -6.935000419616699219e-05 -7.322430610656738281e-05
1.677040787762551055e+00 6.526708602905273438e-06 4.380941390991210938e-06 1.847743988037109375e-05 1.773238182067871094e-05 2.449750900268554688e-05 2.044439315795898438e-05 1.814961433410644531e-05 7.033348083496093750e-06 1.028180122375488281e-05 1.174211502075195312e-05
1.683493549747938856e+00 -7.393956184387207031e-05 -6.464123725891113281e-05 -6.982684135437011719e-05 -6.863474845886230469e-05 -7.602572441101074219e-05 -7.164478302001953125e-05 -6.398558616638183594e-05 -5.373358726501464844e-05 -7.456541061401367188e-05 -6.571412086486816406e-05
1.689946311733326878e+00 1.523196697235107422e-04 1.392066478729248047e-04 1.507401466369628906e-04 1.379549503326416016e-04 1.412332057952880859e-04 1.480281352996826172e-04 1.383125782012939453e-04 1.469850540161132812e-04 1.597106456756591797e-04 1.485943794250488281e-04
1.696399073718714678e+00 9.608268737792968750e-05 1.076161861419677734e-04 9.852647781372070312e-05 9.649991989135742188e-05 1.003146171569824219e-04 1.043677330017089844e-04 9.170174598693847656e-05 9.948015213012695312e-05 1.012086868286132812e-04 9.927153587341308594e-05
1.702851835704102701e+00 -2.731382846832275391e-04 -2.718865871429443359e-04 -2.819597721099853516e-04 -2.750158309936523438e-04 -2.671182155609130859e-04 -2.895295619964599609e-04 -2.718567848205566406e-04 -2.707242965698242188e-04 -2.618730068206787109e-04 -2.700984477996826172e-04
1.709304597689490501e+00 1.842975616455078125e-04 1.795291900634765625e-04 1.923739910125732422e-04 1.845657825469970703e-04 1.822710037231445312e-04 1.844465732574462891e-04 1.855790615081787109e-04 1.692771911621093750e-04 1.870393753051757812e-04 1.845657825469970703e-04
1.715757359674878524e+00 -1.525878906250000000e-05 -1.236796379089355469e-05 -7.718801498413085938e-06 -2.360343933105468750e-05 -5.871057510375976562e-06 -1.382827758789062500e-05 -1.764297485351562500e-05 -2.279877662658691406e-05 -1.484155654907226562e-05 -9.834766387939453125e-06
1.722210121660266324e+00 -1.989305019378662109e-04 -1.914799213409423828e-04 -1.953542232513427734e-04 -1.981854438781738281e-04 -2.016425132751464844e-04 -1.897811889648437500e-04 -2.047121524810791016e-04 -1.888871192932128906e-04 -1.894533634185791016e-04 -1.872777938842773438e-04
1.728662883645654347e+00 2.785921096801757812e-04 2.900958061218261719e-04 2.790093421936035156e-04 2.713799476623535156e-04 2.842843532562255859e-04 2.695620059967041016e-04 2.810359001159667969e-04 2.726614475250244141e-04 2.662837505340576172e-04 2.664029598236083984e-04
1.735115645631042147e+00 -1.417100429534912109e-04 -1.331865787506103516e-04 -1.463294029235839844e-04 -1.375377178192138672e-04 -1.446902751922607422e-04 -1.452267169952392578e-04 -1.299977302551269531e-04 -1.440048217773437500e-04 -1.298487186431884766e-04 -1.210272312164306641e-04
1.741568407616429948e+00 -9.825825691223144531e-05 -9.545683860778808594e-05 -9.936094284057617188e-05 -8.687376976013183594e-05 -9.265542030334472656e-05 -9.474158287048339844e-05 -9.372830390930175781e-05 -9.822845458984375000e-05 -8.907914161682128906e-05 -9.533762931823730469e-05
1.748021169601817970e+00 2.592206001281738281e-04 2.579092979431152344e-04 2.571344375610351562e-04 2.596378326416015625e-04 2.623200416564941406e-04 2.651512622833251953e-04 2.547204494476318359e-04 2.600848674774169922e-04 2.573728561401367188e-04 2.625882625579833984e-04
1.754473931587205771e+00 -1.457929611206054688e-04 -1.456141471862792969e-04 -1.489818096160888672e-04 -1.396834850311279297e-04 -1.547038555145263672e-04 -1.558065414428710938e-04 -1.487135887145996094e-04 -1.626610755920410156e-04 -1.508593559265136719e-04 -1.434087753295898438e-04
1.760926693572593793e+00 2.545118331909179688e-05 1.272559165954589844e-05 1.618266105651855469e-05 2.467632293701171875e-05 2.345442771911621094e-05 6.765127182006835938e-06 7.420778274536132812e-06 1.358985900878906250e-05 1.341104507446289062e-05 9.745359420776367188e-06
1.767379455557981593e+00 2.339184284210205078e-04 2.435445785522460938e-04 2.293288707733154297e-04 2.249777317047119141e-04 2.268254756927490234e-04 2.386271953582763672e-04 2.348124980926513672e-04 2.375245094299316406e-04 2.278983592987060547e-04 2.408027648925781250e-04
1.773832217543369616e+00 -1.575350761413574219e-04 -1.693964004516601562e-04 -1.714229583740234375e-04 -1.774728298187255859e-04 -1.699328422546386719e-04 -1.704096794128417969e-04 -1.670718193054199219e-04 -1.688301563262939453e-04 -1.725256443023681641e-04 -1.629590988159179688e-04
1.780284979528757416e+00 3.975629806518554688e-05 5.331635475158691406e-05 3.558397293090820312e-05 4.419684410095214844e-05 4.363059997558593750e-05 4.810094833374023438e-05 4.208087921142578125e-05 4.690885543823242188e-05 4.130601882934570312e-05 4.723668098449707031e-05
1.786737741514145439e+00 4.035234451293945312e-05 4.476308822631835938e-05 4.696846008300781250e-05 4.196166992187500000e-05 4.190206527709960938e-05 4.956126213073730469e-05 4.434585571289062500e-05 3.570318222045898438e-05 3.412365913391113281e-05 4.294514656066894531e-05
1.793190503499533239e+00 -1.366734504699707031e-04 -1.464784145355224609e-04 -1.523196697235107422e-04 -1.517534255981445312e-04 -1.280903816223144531e-04 -1.368224620819091797e-04 -1.431703567504882812e-04 -1.509487628936767578e-04 -1.559853553771972656e-04 -1.431405544281005859e-04
1.799643265484921262e+00 1.763999462127685547e-04 1.931190490722656250e-04 1.842975616455078125e-04 1.960694789886474609e-04 1.996159553527832031e-04 1.808404922485351562e-04 1.847445964813232422e-04 1.890957355499267578e-04 1.965165138244628906e-04 1.936852931976318359e-04
1.806096027470309062e+00 8.854269981384277344e-05 8.296966552734375000e-05 9.498000144958496094e-05 8.520483970642089844e-05 8.738040924072265625e-05 9.337067604064941406e-05 8.869171142578125000e-05 9.015202522277832031e-05 8.144974708557128906e-05 9.605288505554199219e-05
1.812548789455697085e+00 -1.280605792999267578e-04 -1.317858695983886719e-04 -1.249909400939941406e-04 -1.245439052581787109e-04 -1.143515110015869141e-04 -1.252591609954833984e-04 -1.270174980163574219e-04 -1.324415206909179688e-04 -1.343488693237304688e-04 -1.317262649536132812e-04
1.819001551441084885e+00 1.183152198791503906e-04 1.191198825836181641e-04 1.105666160583496094e-04 1.161098480224609375e-04 1.157820224761962891e-04 1.164674758911132812e-04 1.144111156463623047e-04 1.210272312164306641e-04 1.201927661895751953e-04 1.271963119506835938e-04
1.825454313426472908e+00 -3.635883331298828125e-05 -2.235174179077148438e-05 -2.381205558776855469e-05 -2.691149711608886719e-05 -1.826882362365722656e-05 -2.765655517578125000e-05 -2.735853195190429688e-05 -2.312660217285156250e-05 -2.953410148620605469e-05 -2.011656761169433594e-05
1.831907075411860708e+00 -1.147091388702392578e-04 -1.122951507568359375e-04 -1.084506511688232422e-04 -1.196563243865966797e-04 -1.054406166076660156e-04 -1.086592674255371094e-04 -1.146495342254638672e-04 -1.165866851806640625e-04 -1.171529293060302734e-04 -1.200735569000244141e-04
1.838359837397248508e+00 1.226365566253662109e-04 1.199841499328613281e-04 1.168847084045410156e-04 1.106858253479003906e-04 1.071691513061523438e-04 1.206696033477783203e-04 1.175105571746826172e-04 1.148283481597900391e-04 1.285672187805175781e-04 1.245737075805664062e-04
1.844812599382636531e+00 -5.516409873962402344e-05 -4.595518112182617188e-05 -2.855062484741210938e-05 -4.464387893676757812e-05 -4.953145980834960938e-05 -3.907084465026855469e-05 -4.816055297851562500e-05 -4.023313522338867188e-05 -3.579258918762207031e-05 -4.354119300842285156e-05
1.851265361368024331e+00 -3.904104232788085938e-05 -2.542138099670410156e-05 -3.418326377868652344e-05 -4.181265830993652344e-05 -3.689527511596679688e-05 -4.377961158752441406e-05 -2.756714820861816406e-05 -3.659725189208984375e-05 -2.875924110412597656e-05 -3.165006637573242188e-05
1.857718123353412354e+00 7.894635200500488281e-05 6.633996963500976562e-05 6.553530693054199219e-05 6.791949272155761719e-05 6.493926048278808594e-05 6.750226020812988281e-05 6.568431854248046875e-05 6.726384162902832031e-05 6.896257400512695312e-05 6.654858589172363281e-05
1.864170885338800154e+00 -4.881620407104492188e-05 -3.653764724731445312e-05 -5.415081977844238281e-05 -5.853176116943359375e-05 -4.950165748596191406e-05 -4.529953002929687500e-05 -5.331635475158691406e-05 -5.075335502624511719e-05 -4.687905311584472656e-05 -5.751848220825195312e-05
1.870623647324188177e+00 7.092952728271484375e-06 1.192092895507812500e-07 1.129508018493652344e-05 4.976987838745117188e-06 6.526708602905273438e-06 -3.367662429809570312e-06 -3.218650817871093750e-06 -4.619359970092773438e-06 -3.635883331298828125e-06 -6.109476089477539062e-06
1.877076409309575977e+00 2.339482307434082031e-05 3.468990325927734375e-05 3.436207771301269531e-05 2.297759056091308594e-05 3.236532211303710938e-05 4.440546035766601562e-05 3.367662429809570312e-05 2.664327621459960938e-05 2.878904342651367188e-05 3.701448440551757812e-05
1.883529171294964000e+00 -5.769729614257812500e-05 -6.619095802307128906e-05 -4.306435585021972656e-05 -4.506111145019531250e-05 -5.224347114562988281e-05 -5.540251731872558594e-05 -4.488229751586914062e-05 -5.748867988586425781e-05 -6.443262100219726562e-05 -5.507469177246093750e-05
1.889981933280351800e+00 1.063942909240722656e-05 5.215406417846679688e-06 8.285045623779296875e-06 -1.907348632812500000e-06 1.400709152221679688e-06 1.373887062072753906e-05 2.920627593994140625e-06 6.854534149169921875e-06 1.493096351623535156e-05 -7.748603820800781250e-06
1.896434695265739823e+00 -1.537799835205078125e-05 2.592802047729492188e-06 -1.507997512817382812e-05 -1.540780067443847656e-05 -1.215934753417968750e-05 -2.163648605346679688e-05 -8.195638656616210938e-06 -1.117587089538574219e-05 -1.591444015502929688e-05 -1.603364944458007812e-05
1.902887457251127623e+00 1.817941665649414062e-05 2.411007881164550781e-05 2.512335777282714844e-05 2.202391624450683594e-05 2.616643905639648438e-05 2.086162567138671875e-05 1.794099807739257812e-05 2.399086952209472656e-05 2.297759056091308594e-05 1.609325408935546875e-05
1.909340219236515646e+00 7.629394531250000000e-06 1.490116119384765625e-07 1.236796379089355469e-05 1.081824302673339844e-05 2.771615982055664062e-06 1.168251037597656250e-05 1.165270805358886719e-05 1.695752143859863281e-05 1.966953277587890625e-06 2.920627593994140625e-06
1.915792981221903446e+00 -1.338124275207519531e-05 -9.775161743164062500e-06 -4.768371582031250000e-07 -9.953975677490234375e-06 7.867813110351562500e-06 -1.561641693115234375e-05 -9.596347808837890625e-06 -1.937150955200195312e-06 -7.003545761108398438e-06 -9.894371032714843750e-06
1.922245743207291468e+00 2.127885818481445312e-05 5.543231964111328125e-06 1.260638236999511719e-05 6.318092346191406250e-06 1.853704452514648438e-05 6.377696990966796875e-06 7.569789886474609375e-06 -7.152557373046875000e-07 9.953975677490234375e-06 8.463859558105468750e-06
1.928698505192679269e+00 -1.215934753417968750e-05 -1.630187034606933594e-05 -2.169609069824218750e-05 -8.851289749145507812e-06 -8.285045623779296875e-06 -1.350045204162597656e-05 -1.278519630432128906e-05 -1.683831214904785156e-05 1.490116119384765625e-06 -1.007318496704101562e-05
1.935151267178067069e+00 7.402896881103515625e-05 5.558133125305175781e-05 5.695223808288574219e-05 5.453824996948242188e-05 5.114078521728515625e-05 6.213784217834472656e-05 6.341934204101562500e-05 5.906820297241210938e-05 5.462765693664550781e-05 5.730986595153808594e-05
1.941604029163455092e+00 9.775161743164062500e-06 6.854534149169921875e-06 1.958012580871582031e-05 2.112984657287597656e-05 2.273917198181152344e-05 2.783536911010742188e-05 9.864568710327148438e-06 1.758337020874023438e-05 1.677870750427246094e-05 2.562999725341796875e-05
1.948056791148842892e+00 -1.704692840576171875e-05 -2.098083496093750000e-05 -2.154707908630371094e-05 -1.701712608337402344e-05 -2.208352088928222656e-05 -1.689791679382324219e-05 -8.404254913330078125e-06 -1.388788223266601562e-05 -2.589821815490722656e-05 -2.524256706237792969e-05
1.954509553134230915e+00 -1.019239425659179688e-05 -1.448392868041992188e-05 -1.582503318786621094e-05 -1.943111419677734375e-05 -5.394220352172851562e-06 -8.046627044677734375e-06 -1.528859138488769531e-05 -1.311302185058593750e-05 -1.516938209533691406e-05 -7.212162017822265625e-06
1.960962315119618715e+00 4.434585571289062500e-05 2.792477607727050781e-05 5.561113357543945312e-05 5.444884300231933594e-05 5.602836608886718750e-05 4.214048385620117188e-05 6.136298179626464844e-05 4.848837852478027344e-05 3.719329833984375000e-05 4.097819328308105469e-05
1.967415077105006738e+00 -2.795457839965820312e-05 -1.883506774902343750e-05 -2.646446228027343750e-05 -4.023313522338867188e-05 -2.411007881164550781e-05 -1.853704452514648438e-05 -2.974271774291992188e-05 -1.680850982666015625e-05 -2.562999725341796875e-05 -4.887580871582031250e-06
1.973867839090394538e+00 1.442432403564453125e-05 8.463859558105468750e-06 8.970499038696289062e-06 1.132488250732421875e-05 1.507997512817382812e-05 -3.665685653686523438e-06 5.304813385009765625e-06 7.778406143188476562e-06 8.761882781982421875e-06 5.662441253662109375e-06
1.980320601075782561e+00 1.254677772521972656e-05 9.268522262573242188e-06 1.031160354614257812e-05 4.470348358154296875e-06 7.182359695434570312e-06 1.993775367736816406e-05 1.043081283569335938e-05 1.001358032226562500e-05 1.844763755798339844e-05 2.235174179077148438e-05
1.986773363061170361e+00 -7.167458534240722656e-05 -7.137656211853027344e-05 -6.920099258422851562e-05 -7.227063179016113281e-05 -7.939338684082031250e-05 -8.255243301391601562e-05 -8.305907249450683594e-05 -8.252263069152832031e-05 -8.004903793334960938e-05 -7.018446922302246094e-05
1.993226125046558384e+00 5.137920379638671875e-05 7.006525993347167969e-05 6.020069122314453125e-05 6.839632987976074219e-05 5.888938903808593750e-05 6.350874900817871094e-05 4.670023918151855469e-05 6.648898124694824219e-05 4.482269287109375000e-05 3.871321678161621094e-05
1.999678887031946184e+00 9.572505950927734375e-05 9.483098983764648438e-05 1.013278961181640625e-04 9.748339653015136719e-05 9.471178054809570312e-05 9.948015213012695312e-05 9.757280349731445312e-05 8.830428123474121094e-05 9.343028068542480469e-05 1.116394996643066406e-04
2.006131649017333984e+00 -2.723932266235351562e-05 -1.639127731323242188e-05 -2.381205558776855469e-05 -1.919269561767578125e-05 -2.080202102661132812e-05 -3.248453140258789062e-05 -3.033876419067382812e-05 -2.613663673400878906e-05 -4.312396049499511719e-05 -2.717971801757812500e-05
