#Range[m] 0 1 2 3 4 5 6 7 8 9
1.800000071525573730e-01 -7.698386907577514648e-03 -7.698506116867065430e-03 -7.684260606765747070e-03 -7.675975561141967773e-03 -7.669806480407714844e-03 -7.677584886550903320e-03 -7.699042558670043945e-03 -7.708430290222167969e-03 -7.681220769882202148e-03 -7.690757513046264648e-03
1.864527691379452845e-01 4.728257656097412109e-03 4.731953144073486328e-03 4.721730947494506836e-03 4.724562168121337891e-03 4.738330841064453125e-03 4.691958427429199219e-03 4.770308732986450195e-03 4.714667797088623047e-03 4.768431186676025391e-03 4.759043455123901367e-03
1.929055311233331682e-01 1.999378204345703125e-03 1.981288194656372070e-03 1.999229192733764648e-03 1.978248357772827148e-03 1.939743757247924805e-03 2.003699541091918945e-03 1.926094293594360352e-03 1.950323581695556641e-03 1.947909593582153320e-03 1.908779144287109375e-03
1.993582931087210797e-01 -6.188690662384033203e-03 -6.186068058013916016e-03 -6.207495927810668945e-03 -6.181955337524414062e-03 -6.197422742843627930e-03 -6.243020296096801758e-03 -6.168216466903686523e-03 -6.174892187118530273e-03 -6.211191415786743164e-03 -6.152123212814331055e-03
2.058110550941089911e-01 7.076472043991088867e-03 7.080137729644775391e-03 7.085353136062622070e-03 7.089525461196899414e-03 7.076501846313476562e-03 7.079690694808959961e-03 7.100433111190795898e-03 7.073670625686645508e-03 7.093667984008789062e-03 7.088333368301391602e-03
2.122638170794968748e-01 -4.306286573410034180e-03 -4.317343235015869141e-03 -4.283636808395385742e-03 -4.305124282836914062e-03 -4.317641258239746094e-03 -4.257082939147949219e-03 -4.344969987869262695e-03 -4.357963800430297852e-03 -4.334807395935058594e-03 -4.392325878143310547e-03
2.187165790648847863e-01 8.624792098999023438e-05 6.166100502014160156e-05 2.762675285339355469e-05 7.218122482299804688e-05 9.065866470336914062e-05 1.624226570129394531e-05 1.170933246612548828e-04 1.283288002014160156e-04 8.535385131835937500e-05 1.561641693115234375e-04
2.251693410502726977e-01 4.743039608001708984e-03 4.701793193817138672e-03 4.743933677673339844e-03 4.707932472229003906e-03 4.688590764999389648e-03 4.774123430252075195e-03 4.703223705291748047e-03 4.715621471405029297e-03 4.724025726318359375e-03 4.656612873077392578e-03
2.316221030356606092e-01 -1.083862781524658203e-02 -1.084300875663757324e-02 -1.085016131401062012e-02 -1.083967089653015137e-02 -1.083198189735412598e-02 -1.082149147987365723e-02 -1.082485914230346680e-02 -1.083958148956298828e-02 -1.084727048873901367e-02 -1.083278656005859375e-02
2.380748650210485207e-01 1.024979352951049805e-02 1.027050614356994629e-02 1.021018624305725098e-02 1.021286845207214355e-02 1.025485992431640625e-02 1.016008853912353516e-02 1.027742028236389160e-02 1.026988029479980469e-02 1.027169823646545410e-02 1.029518246650695801e-02
2.445276270064364044e-01 -3.332108259201049805e-03 -3.463387489318847656e-03 -3.378152847290039062e-03 -3.327578306198120117e-03 -3.401696681976318359e-03 -3.270775079727172852e-03 -3.399819135665893555e-03 -3.370463848114013672e-03 -3.385394811630249023e-03 -3.459393978118896484e-03
2.509803889918242881e-01 -1.021578907966613770e-02 -1.021888852119445801e-02 -1.023307442665100098e-02 -1.016426086425781250e-02 -1.013648509979248047e-02 -1.025837659835815430e-02 -1.012361049652099609e-02 -1.019188761711120605e-02 -1.015636324882507324e-02 -1.005572080612182617e-02
2.574331509772121995e-01 2.061656117439270020e-02 2.062770724296569824e-02 2.064418792724609375e-02 2.061763405799865723e-02 2.062636613845825195e-02 2.061757445335388184e-02 2.065479755401611328e-02 2.064979076385498047e-02 2.061814069747924805e-02 2.064400911331176758e-02
2.638859129626001110e-01 -1.876664161682128906e-02 -1.874580979347229004e-02 -1.875868439674377441e-02 -1.878261566162109375e-02 -1.880234479904174805e-02 -1.866608858108520508e-02 -1.885315775871276855e-02 -1.878431439399719238e-02 -1.881939172744750977e-02 -1.889809966087341309e-02
2.703386749479880224e-01 -5.883574485778808594e-04 -5.243718624114990234e-04 -5.827844142913818359e-04 -5.141794681549072266e-04 -4.023313522338867188e-04 -6.883442401885986328e-04 -4.357397556304931641e-04 -4.093647003173828125e-04 -4.866719245910644531e-04 -3.030598163604736328e-04
2.767914369333759339e-01 2.291503548622131348e-02 2.290460467338562012e-02 2.296721935272216797e-02 2.288177609443664551e-02 2.289339900016784668e-02 2.308648824691772461e-02 2.287399768829345703e-02 2.283704280853271484e-02 2.289909124374389648e-02 2.275341749191284180e-02
2.832441989187638454e-01 -3.326034545898437500e-02 -3.324893116950988770e-02 -3.328090906143188477e-02 -3.326001763343811035e-02 -3.328341245651245117e-02 -3.324857354164123535e-02 -3.328680992126464844e-02 -3.326401114463806152e-02 -3.328844904899597168e-02 -3.327280282974243164e-02
2.896969609041517568e-01 2.043756842613220215e-02 2.038726210594177246e-02 2.034360170364379883e-02 2.044546604156494141e-02 2.052542567253112793e-02 2.022728323936462402e-02 2.057442069053649902e-02 2.061048150062561035e-02 2.049398422241210938e-02 2.076259255409240723e-02
2.961497228895396683e-01 7.234960794448852539e-03 7.328927516937255859e-03 7.489562034606933594e-03 7.313936948776245117e-03 7.261097431182861328e-03 7.681339979171752930e-03 7.151037454605102539e-03 7.119268178939819336e-03 7.331520318984985352e-03 7.002919912338256836e-03
3.026024848749275242e-01 -2.972587943077087402e-02 -2.972069382667541504e-02 -2.988332509994506836e-02 -2.968934178352355957e-02 -2.964028716087341309e-02 -2.992725372314453125e-02 -2.969086170196533203e-02 -2.966862916946411133e-02 -2.966547012329101562e-02 -2.952715754508972168e-02
3.090552468603154357e-01 4.047819972038269043e-02 4.044061899185180664e-02 4.043239355087280273e-02 4.048696160316467285e-02 4.046759009361267090e-02 4.040485620498657227e-02 4.052373766899108887e-02 4.053005576133728027e-02 4.050809144973754883e-02 4.054698348045349121e-02
3.155080088457033471e-01 -1.629805564880371094e-02 -1.636794209480285645e-02 -1.624912023544311523e-02 -1.625764369964599609e-02 -1.638588309288024902e-02 -1.599502563476562500e-02 -1.651045680046081543e-02 -1.652082800865173340e-02 -1.642292737960815430e-02 -1.663607358932495117e-02
3.219607708310912586e-01 -1.542857289314270020e-02 -1.518648862838745117e-02 -1.549208164215087891e-02 -1.544970273971557617e-02 -1.535195112228393555e-02 -1.578986644744873047e-02 -1.532688736915588379e-02 -1.532739400863647461e-02 -1.544564962387084961e-02 -1.515129208564758301e-02
3.284135328164791701e-01 3.896403312683105469e-02 3.897237777709960938e-02 3.906241059303283691e-02 3.900995850563049316e-02 3.892871737480163574e-02 3.908690810203552246e-02 3.894570469856262207e-02 3.898528218269348145e-02 3.895926475524902344e-02 3.887265920639038086e-02
3.348662948018670260e-01 -3.224158287048339844e-02 -3.222322463989257812e-02 -3.214159607887268066e-02 -3.223109245300292969e-02 -3.229343891143798828e-02 -3.208100795745849609e-02 -3.234243392944335938e-02 -3.229013085365295410e-02 -3.224843740463256836e-02 -3.241252899169921875e-02
3.413190567872549375e-01 7.332950830459594727e-03 7.310956716537475586e-03 7.207572460174560547e-03 7.338941097259521484e-03 7.343441247940063477e-03 7.038921117782592773e-03 7.444858551025390625e-03 7.426470518112182617e-03 7.402479648590087891e-03 7.595360279083251953e-03
3.477718187726428489e-01 2.460747957229614258e-02 2.460122108459472656e-02 2.472433447837829590e-02 2.458646893501281738e-02 2.445814013481140137e-02 2.477657794952392578e-02 2.451646327972412109e-02 2.455145120620727539e-02 2.455776929855346680e-02 2.441120147705078125e-02
3.542245807580307604e-01 -3.274527192115783691e-02 -3.276997804641723633e-02 -3.272235393524169922e-02 -3.272449970245361328e-02 -3.271159529685974121e-02 -3.269636631011962891e-02 -3.273454308509826660e-02 -3.276044130325317383e-02 -3.272226452827453613e-02 -3.273153305053710938e-02
3.606773427434186718e-01 1.875644922256469727e-02 1.877000927925109863e-02 1.869300007820129395e-02 1.876547932624816895e-02 1.882761716842651367e-02 1.860448718070983887e-02 1.883980631828308105e-02 1.885730028152465820e-02 1.881811022758483887e-02 1.893767714500427246e-02
3.671301047288065833e-01 7.822036743164062500e-03 7.868766784667968750e-03 7.925063371658325195e-03 7.830739021301269531e-03 7.782697677612304688e-03 7.981389760971069336e-03 7.738709449768066406e-03 7.735610008239746094e-03 7.755190134048461914e-03 7.577300071716308594e-03
3.735828667141944948e-01 -2.353328466415405273e-02 -2.354168891906738281e-02 -2.359753847122192383e-02 -2.353033423423767090e-02 -2.347919344902038574e-02 -2.360910177230834961e-02 -2.349680662155151367e-02 -2.353903651237487793e-02 -2.351742982864379883e-02 -2.346828579902648926e-02
3.800356286995824062e-01 2.172791957855224609e-02 2.174887061119079590e-02 2.169552445411682129e-02 2.172878384590148926e-02 2.173665165901184082e-02 2.168115973472595215e-02 2.176940441131591797e-02 2.172115445137023926e-02 2.173507213592529297e-02 2.177819609642028809e-02
3.864883906849703177e-01 -3.477275371551513672e-03 -3.439426422119140625e-03 -3.395467996597290039e-03 -3.458887338638305664e-03 -3.429949283599853516e-03 -3.314644098281860352e-03 -3.528267145156860352e-03 -3.494769334793090820e-03 -3.498435020446777344e-03 -3.585755825042724609e-03
3.929411526703582291e-01 -1.440778374671936035e-02 -1.439791917800903320e-02 -1.443216204643249512e-02 -1.441857218742370605e-02 -1.439958810806274414e-02 -1.450598239898681641e-02 -1.436045765876770020e-02 -1.436749100685119629e-02 -1.439890265464782715e-02 -1.432663202285766602e-02
3.993939146557460851e-01 1.737603545188903809e-02 1.738277077674865723e-02 1.736772060394287109e-02 1.738604903221130371e-02 1.737287640571594238e-02 1.736122369766235352e-02 1.738551259040832520e-02 1.739764213562011719e-02 1.737841963768005371e-02 1.737731695175170898e-02
4.058466766411339965e-01 -6.989598274230957031e-03 -6.927818059921264648e-03 -6.921768188476562500e-03 -6.985187530517578125e-03 -7.012188434600830078e-03 -6.873130798339843750e-03 -7.042288780212402344e-03 -7.055252790451049805e-03 -6.978452205657958984e-03 -7.110029458999633789e-03
4.122994386265219080e-01 -8.301049470901489258e-03 -8.282870054244995117e-03 -8.342176675796508789e-03 -8.313506841659545898e-03 -8.251339197158813477e-03 -8.336871862411499023e-03 -8.250653743743896484e-03 -8.301764726638793945e-03 -8.277088403701782227e-03 -8.227646350860595703e-03
4.187522006119098195e-01 1.422852277755737305e-02 1.422280073165893555e-02 1.424121856689453125e-02 1.424300670623779297e-02 1.422333717346191406e-02 1.422560214996337891e-02 1.421433687210083008e-02 1.421618461608886719e-02 1.422014832496643066e-02 1.418676972389221191e-02
4.252049625972976754e-01 -9.009003639221191406e-03 -9.032577276229858398e-03 -9.006589651107788086e-03 -9.028047323226928711e-03 -9.071946144104003906e-03 -8.962750434875488281e-03 -9.044915437698364258e-03 -9.063392877578735352e-03 -9.026497602462768555e-03 -9.072989225387573242e-03
4.316577245826856424e-01 -2.199858427047729492e-03 -2.210497856140136719e-03 -2.242147922515869141e-03 -2.188622951507568359e-03 -2.214342355728149414e-03 -2.334237098693847656e-03 -2.154767513275146484e-03 -2.168476581573486328e-03 -2.209097146987915039e-03 -2.126663923263549805e-03
4.381104865680734983e-01 9.276241064071655273e-03 9.267330169677734375e-03 9.314984083175659180e-03 9.297043085098266602e-03 9.245753288269042969e-03 9.298056364059448242e-03 9.256750345230102539e-03 9.269833564758300781e-03 9.255260229110717773e-03 9.237498044967651367e-03
4.445632485534614098e-01 -9.021222591400146484e-03 -9.024500846862792969e-03 -9.012192487716674805e-03 -9.032219648361206055e-03 -9.035468101501464844e-03 -9.002983570098876953e-03 -9.033381938934326172e-03 -9.041249752044677734e-03 -9.028136730194091797e-03 -9.058684110641479492e-03
4.510160105388493212e-01 3.049939870834350586e-03 3.028601408004760742e-03 2.987623214721679688e-03 3.028154373168945312e-03 3.040224313735961914e-03 2.969950437545776367e-03 3.082513809204101562e-03 3.060966730117797852e-03 3.048390150070190430e-03 3.084063529968261719e-03
4.574687725242372327e-01 2.912998199462890625e-03 2.880722284317016602e-03 2.918899059295654297e-03 2.884179353713989258e-03 2.857744693756103516e-03 2.931118011474609375e-03 2.851277589797973633e-03 2.881824970245361328e-03 2.886861562728881836e-03 2.832233905792236328e-03
4.639215345096251442e-01 -6.837159395217895508e-03 -6.826400756835937500e-03 -6.836056709289550781e-03 -6.839483976364135742e-03 -6.829828023910522461e-03 -6.832987070083618164e-03 -6.812274456024169922e-03 -6.829917430877685547e-03 -6.848365068435668945e-03 -6.815671920776367188e-03
4.703742964950130556e-01 3.789514303207397461e-03 3.824174404144287109e-03 3.798574209213256836e-03 3.797829151153564453e-03 3.815084695816040039e-03 3.795802593231201172e-03 3.834396600723266602e-03 3.817945718765258789e-03 3.810077905654907227e-03 3.848403692245483398e-03
4.768270584804009671e-01 5.256533622741699219e-04 4.986524581909179688e-04 5.257725715637207031e-04 5.356669425964355469e-04 5.081295967102050781e-04 5.480647087097167969e-04 5.024373531341552734e-04 5.179643630981445312e-04 5.221366882324218750e-04 5.025863647460937500e-04
4.832798204657888230e-01 -3.320574760437011719e-03 -3.319859504699707031e-03 -3.311008214950561523e-03 -3.305226564407348633e-03 -3.311902284622192383e-03 -3.324240446090698242e-03 -3.295630216598510742e-03 -3.298580646514892578e-03 -3.303587436676025391e-03 -3.281474113464355469e-03
4.897325824511767345e-01 2.795875072479248047e-03 2.797693014144897461e-03 2.791941165924072266e-03 2.797961235046386719e-03 2.780675888061523438e-03 2.773642539978027344e-03 2.810627222061157227e-03 2.801239490509033203e-03 2.788394689559936523e-03 2.791792154312133789e-03
4.961853444365646459e-01 -1.119583845138549805e-03 -1.115679740905761719e-03 -1.121312379837036133e-03 -1.113116741180419922e-03 -1.127868890762329102e-03 -1.088678836822509766e-03 -1.117855310440063477e-03 -1.113414764404296875e-03 -1.128107309341430664e-03 -1.123458147048950195e-03
5.026381064219525019e-01 -1.347720623016357422e-03 -1.345753669738769531e-03 -1.355171203613281250e-03 -1.334160566329956055e-03 -1.340627670288085938e-03 -1.356244087219238281e-03 -1.328647136688232422e-03 -1.327246427536010742e-03 -1.332968473434448242e-03 -1.331418752670288086e-03
5.090908684073405244e-01 1.661330461502075195e-03 1.658707857131958008e-03 1.656174659729003906e-03 1.644462347030639648e-03 1.644402742385864258e-03 1.660257577896118164e-03 1.647055149078369141e-03 1.641899347305297852e-03 1.657515764236450195e-03 1.636832952499389648e-03
5.155436303927283248e-01 -7.426738739013671875e-04 -7.365345954895019531e-04 -7.444620132446289062e-04 -7.546246051788330078e-04 -7.402300834655761719e-04 -7.301270961761474609e-04 -7.368624210357666016e-04 -7.438361644744873047e-04 -7.515847682952880859e-04 -7.588565349578857422e-04
5.219963923781163473e-01 -5.394220352172851562e-04 -5.366504192352294922e-04 -5.302131175994873047e-04 -5.213320255279541016e-04 -5.366504192352294922e-04 -5.312561988830566406e-04 -5.201101303100585938e-04 -5.263686180114746094e-04 -5.367398262023925781e-04 -5.122423171997070312e-04
5.284491543635041477e-01 5.500912666320800781e-04 5.509853363037109375e-04 5.463659763336181641e-04 5.476474761962890625e-04 5.471706390380859375e-04 5.485415458679199219e-04 5.450546741485595703e-04 5.538463592529296875e-04 5.420148372650146484e-04 5.368590354919433594e-04
5.349019163488920592e-01 -3.063380718231201172e-04 -3.115832805633544922e-04 -3.069043159484863281e-04 -3.009438514709472656e-04 -3.157556056976318359e-04 -2.978444099426269531e-04 -3.029108047485351562e-04 -3.020763397216796875e-04 -3.000199794769287109e-04 -3.027319908142089844e-04
5.413546783342799706e-01 1.247823238372802734e-04 1.138448715209960938e-04 1.308023929595947266e-04 1.242160797119140625e-04 1.212358474731445312e-04 1.146793365478515625e-04 1.167654991149902344e-04 1.194477081298828125e-04 1.133382320404052734e-04 1.257956027984619141e-04
5.478074403196678821e-01 1.790523529052734375e-04 1.885890960693359375e-04 1.759529113769531250e-04 1.936256885528564453e-04 1.892745494842529297e-04 1.932680606842041016e-04 1.954436302185058594e-04 1.803338527679443359e-04 1.829862594604492188e-04 2.022683620452880859e-04
5.542602023050557936e-01 1.515150070190429688e-04 1.501142978668212891e-04 1.536607742309570312e-04 1.488626003265380859e-04 1.474022865295410156e-04 1.606047153472900391e-04 1.524090766906738281e-04 1.487433910369873047e-04 1.443624496459960938e-04 1.457929611206054688e-04
5.607129642904437050e-01 -3.442168235778808594e-04 -3.647506237030029297e-04 -3.572106361389160156e-04 -3.539621829986572266e-04 -3.571808338165283203e-04 -3.605484962463378906e-04 -3.538131713867187500e-04 -3.573894500732421875e-04 -3.656446933746337891e-04 -3.643631935119628906e-04
5.671657262758316165e-01 -2.810955047607421875e-04 -2.872943878173828125e-04 -2.946257591247558594e-04 -2.850592136383056641e-04 -2.731382846832275391e-04 -2.867579460144042969e-04 -2.759099006652832031e-04 -2.812445163726806641e-04 -2.690851688385009766e-04 -2.739131450653076172e-04
5.736184882612194169e-01 8.582174777984619141e-04 8.660852909088134766e-04 8.619725704193115234e-04 8.549094200134277344e-04 8.717775344848632812e-04 8.616149425506591797e-04 8.675754070281982422e-04 8.575022220611572266e-04 8.691251277923583984e-04 8.681416511535644531e-04
5.800712502466074394e-01 -5.504190921783447266e-04 -5.483925342559814453e-04 -5.494952201843261719e-04 -5.649030208587646484e-04 -5.566477775573730469e-04 -5.510151386260986328e-04 -5.686581134796142578e-04 -5.638003349304199219e-04 -5.535781383514404297e-04 -5.623102188110351562e-04
5.865240122319952398e-01 -1.316964626312255859e-04 -1.293122768402099609e-04 -1.330971717834472656e-04 -1.473128795623779297e-04 -1.324713230133056641e-04 -1.443922519683837891e-04 -1.316368579864501953e-04 -1.303851604461669922e-04 -1.428425312042236328e-04 -1.317560672760009766e-04
5.929767742173832623e-01 6.380975246429443359e-04 6.421208381652832031e-04 6.444156169891357422e-04 6.476044654846191406e-04 6.377100944519042969e-04 6.377696990966796875e-04 6.553828716278076172e-04 6.374120712280273438e-04 6.389617919921875000e-04 6.507337093353271484e-04
5.994295362027710627e-01 -1.005858182907104492e-03 -1.018077135086059570e-03 -1.014411449432373047e-03 -1.001089811325073242e-03 -1.006156206130981445e-03 -1.004725694656372070e-03 -1.015037298202514648e-03 -1.018881797790527344e-03 -1.006454229354858398e-03 -1.014292240142822266e-03
6.058822981881590852e-01 7.933974266052246094e-04 7.752478122711181641e-04 7.795095443725585938e-04 7.900595664978027344e-04 7.828474044799804688e-04 7.764697074890136719e-04 7.839202880859375000e-04 7.921159267425537109e-04 7.832050323486328125e-04 7.887780666351318359e-04
6.123350601735468857e-01 3.579258918762207031e-05 2.843141555786132812e-05 4.321336746215820312e-05 3.570318222045898438e-05 3.865361213684082031e-05 3.278255462646484375e-05 1.367926597595214844e-05 3.117322921752929688e-05 2.261996269226074219e-05 1.817941665649414062e-05
6.187878221589347971e-01 -8.622109889984130859e-04 -8.706152439117431641e-04 -8.696317672729492188e-04 -8.578002452850341797e-04 -8.755624294281005859e-04 -8.765161037445068359e-04 -8.547008037567138672e-04 -8.602440357208251953e-04 -8.660554885864257812e-04 -8.647143840789794922e-04
6.252405841443227086e-01 7.198750972747802734e-04 7.219016551971435547e-04 7.137954235076904297e-04 7.058382034301757812e-04 7.212758064270019531e-04 7.137358188629150391e-04 7.064342498779296875e-04 7.144510746002197266e-04 7.175207138061523438e-04 7.327497005462646484e-04
6.316933461297106200e-01 -3.472864627838134766e-04 -3.660321235656738281e-04 -3.594160079956054688e-04 -3.588795661926269531e-04 -3.585219383239746094e-04 -3.488361835479736328e-04 -3.482401371002197266e-04 -3.542304039001464844e-04 -3.593564033508300781e-04 -3.601312637329101562e-04
6.381461081150985315e-01 -1.171529293060302734e-04 -1.069903373718261719e-04 -1.235604286193847656e-04 -1.189410686492919922e-04 -1.055300235748291016e-04 -1.207888126373291016e-04 -1.095533370971679688e-04 -1.230835914611816406e-04 -1.159608364105224609e-04 -1.079440116882324219e-04
6.445988701004864430e-01 5.585551261901855469e-04 5.569159984588623047e-04 5.555450916290283203e-04 5.506575107574462891e-04 5.607306957244873047e-04 5.627870559692382812e-04 5.598366260528564453e-04 5.594789981842041016e-04 5.635023117065429688e-04 5.493760108947753906e-04
6.510516320858743544e-01 -5.027055740356445312e-04 -5.125701427459716797e-04 -5.055367946624755859e-04 -5.097389221191406250e-04 -5.005896091461181641e-04 -4.978477954864501953e-04 -5.135834217071533203e-04 -5.084872245788574219e-04 -5.109310150146484375e-04 -5.028545856475830078e-04
6.575043940712622659e-01 2.267956733703613281e-05 2.714991569519042969e-05 2.202391624450683594e-05 3.623962402343750000e-05 2.345442771911621094e-05 3.105401992797851562e-05 2.738833427429199219e-05 2.056360244750976562e-05 2.738833427429199219e-05 3.591179847717285156e-05
6.639571560566501773e-01 7.903575897216796875e-05 6.800889968872070312e-05 6.595253944396972656e-05 6.732344627380371094e-05 6.106495857238769531e-05 6.601214408874511719e-05 6.648898124694824219e-05 7.411837577819824219e-05 7.769465446472167969e-05 6.252527236938476562e-05
6.704099180420379778e-01 -1.400709152221679688e-05 -2.115964889526367188e-06 -2.089142799377441406e-05 -8.791685104370117188e-06 -2.852082252502441406e-05 -1.648068428039550781e-05 -1.052021980285644531e-05 -1.057982444763183594e-05 -1.507997512817382812e-05 -1.555681228637695312e-05
6.768626800274260003e-01 2.133548259735107422e-04 2.173483371734619141e-04 2.204477787017822266e-04 2.179145812988281250e-04 2.098381519317626953e-04 2.092421054840087891e-04 2.050995826721191406e-04 2.073049545288085938e-04 2.135038375854492188e-04 2.123117446899414062e-04
6.833154420128139117e-01 -3.110468387603759766e-04 -3.082454204559326172e-04 -2.948045730590820312e-04 -3.088712692260742188e-04 -3.041923046112060547e-04 -3.069043159484863281e-04 -3.062188625335693359e-04 -3.188848495483398438e-04 -3.143846988677978516e-04 -3.060698509216308594e-04
6.897682039982017121e-01 1.733601093292236328e-04 1.866221427917480469e-04 1.884698867797851562e-04 1.843869686126708984e-04 1.891255378723144531e-04 1.784563064575195312e-04 1.792311668395996094e-04 1.829862594604492188e-04 1.833438873291015625e-04 1.995265483856201172e-04
6.962209659835896236e-01 -5.814433097839355469e-05 -5.653500556945800781e-05 -4.643201828002929688e-05 -5.030632019042968750e-05 -3.594160079956054688e-05 -3.933906555175781250e-05 -4.249811172485351562e-05 -3.626942634582519531e-05 -4.208087921142578125e-05 -4.971027374267578125e-05
7.026737279689775351e-01 -8.755922317504882812e-05 -8.302927017211914062e-05 -8.684396743774414062e-05 -9.149312973022460938e-05 -9.080767631530761719e-05 -8.592009544372558594e-05 -7.846951484680175781e-05 -8.341670036315917969e-05 -7.280707359313964844e-05 -8.627772331237792969e-05
7.091264899543654465e-01 4.555881023406982422e-04 4.740953445434570312e-04 4.593729972839355469e-04 4.579424858093261719e-04 4.584193229675292969e-04 4.609227180480957031e-04 4.507899284362792969e-04 4.607141017913818359e-04 4.563033580780029297e-04 4.652440547943115234e-04
7.155792519397533580e-01 -4.180967807769775391e-04 -4.126727581024169922e-04 -4.025101661682128906e-04 -4.007816314697265625e-04 -4.089474678039550781e-04 -4.000663757324218750e-04 -4.026591777801513672e-04 -4.054307937622070312e-04 -4.172623157501220703e-04 -4.176795482635498047e-04
7.220320139251412694e-01 -1.739263534545898438e-04 -1.705288887023925781e-04 -1.646578311920166016e-04 -1.639723777770996094e-04 -1.505315303802490234e-04 -1.651644706726074219e-04 -1.610219478607177734e-04 -1.639723777770996094e-04 -1.614689826965332031e-04 -1.608133316040039062e-04
7.284847759105291809e-01 4.509091377258300781e-04 4.403591156005859375e-04 4.496276378631591797e-04 4.588961601257324219e-04 4.502236843109130859e-04 4.510283470153808594e-04 4.653036594390869141e-04 4.528462886810302734e-04 4.432499408721923828e-04 4.549026489257812500e-04
7.349375378959170924e-01 -3.207027912139892578e-04 -3.336966037750244141e-04 -3.248155117034912109e-04 -3.260672092437744141e-04 -3.311932086944580078e-04 -3.259778022766113281e-04 -3.302097320556640625e-04 -3.371238708496093750e-04 -3.275871276855468750e-04 -3.233253955841064453e-04
7.413902998813050038e-01 2.136826515197753906e-04 2.103447914123535156e-04 1.911520957946777344e-04 2.066493034362792969e-04 1.994073390960693359e-04 2.108812332153320312e-04 2.009868621826171875e-04 2.104640007019042969e-04 1.954436302185058594e-04 2.069771289825439453e-04
7.478430618666929153e-01 -3.290176391601562500e-05 -4.544854164123535156e-05 -4.523992538452148438e-05 -3.349781036376953125e-05 -4.017353057861328125e-05 -3.254413604736328125e-05 -3.567337989807128906e-05 -3.796815872192382812e-05 -3.206729888916015625e-05 -4.091858863830566406e-05
7.542958238520808267e-01 -5.087852478027343750e-04 -5.092024803161621094e-04 -5.097687244415283203e-04 -5.063414573669433594e-04 -5.050301551818847656e-04 -4.993975162506103516e-04 -5.069673061370849609e-04 -5.095303058624267578e-04 -5.028247833251953125e-04 -4.991888999938964844e-04
7.607485858374687382e-01 4.006326198577880859e-04 4.006624221801757812e-04 4.167854785919189453e-04 4.040300846099853516e-04 3.974735736846923828e-04 3.942847251892089844e-04 4.025101661682128906e-04 3.952383995056152344e-04 3.988742828369140625e-04 3.977417945861816406e-04
7.672013478228566496e-01 2.257227897644042969e-04 2.315640449523925781e-04 2.347230911254882812e-04 2.359449863433837891e-04 2.366900444030761719e-04 2.442598342895507812e-04 2.415478229522705078e-04 2.325475215911865234e-04 2.323389053344726562e-04 2.266168594360351562e-04
7.736541098082445611e-01 -1.618266105651855469e-04 -1.603662967681884766e-04 -1.668035984039306641e-04 -1.610815525054931641e-04 -1.518428325653076172e-04 -1.531839370727539062e-04 -1.624524593353271484e-04 -1.551508903503417969e-04 -1.621842384338378906e-04 -1.602470874786376953e-04
7.801068717936323615e-01 2.637207508087158203e-04 2.660751342773437500e-04 2.712011337280273438e-04 2.628564834594726562e-04 2.743005752563476562e-04 2.610385417938232422e-04 2.653896808624267578e-04 2.581775188446044922e-04 2.552866935729980469e-04 2.652704715728759766e-04
7.865596337790202730e-01 6.559491157531738281e-05 7.539987564086914062e-05 8.049607276916503906e-05 8.806586265563964844e-05 7.364153861999511719e-05 8.153915405273437500e-05 7.820129394531250000e-05 8.019804954528808594e-05 8.818507194519042969e-05 7.393956184387207031e-05
7.930123957644081845e-01 -9.626150131225585938e-05 -8.961558341979980469e-05 -8.174777030944824219e-05 -9.664893150329589844e-05 -7.894635200500488281e-05 -8.985400199890136719e-05 -9.357929229736328125e-05 -8.642673492431640625e-05 -8.174777030944824219e-05 -7.522106170654296875e-05
7.994651577497960959e-01 2.283155918121337891e-04 2.203881740570068359e-04 2.218186855316162109e-04 2.163350582122802734e-04 2.271831035614013672e-04 2.245306968688964844e-04 2.229809761047363281e-04 2.354681491851806641e-04 2.188980579376220703e-04 2.222955226898193359e-04
8.059179197351840074e-01 -5.317330360412597656e-04 -5.293190479278564453e-04 -5.256235599517822266e-04 -5.211830139160156250e-04 -5.310475826263427734e-04 -5.165040493011474609e-04 -5.331635475158691406e-04 -5.283355712890625000e-04 -5.258321762084960938e-04 -5.300343036651611328e-04
8.123706817205719188e-01 -4.675388336181640625e-04 -4.425644874572753906e-04 -4.559457302093505859e-04 -4.525184631347656250e-04 -4.585087299346923828e-04 -4.498660564422607422e-04 -4.518926143646240234e-04 -4.521608352661132812e-04 -4.446506500244140625e-04 -4.441142082214355469e-04
8.188234437059598303e-01 7.074475288391113281e-04 6.954371929168701172e-04 6.990730762481689453e-04 6.915032863616943359e-04 7.096827030181884766e-04 6.978213787078857422e-04 6.964504718780517578e-04 7.071197032928466797e-04 6.976723670959472656e-04 6.894767284393310547e-04
8.252762056913477418e-01 -4.529953002929687500e-04 -4.703104496002197266e-04 -4.532933235168457031e-04 -4.554688930511474609e-04 -4.590153694152832031e-04 -4.571378231048583984e-04 -4.730820655822753906e-04 -4.813075065612792969e-04 -4.692375659942626953e-04 -4.773437976837158203e-04
8.317289676767356532e-01 -4.909932613372802734e-04 -4.839897155761718750e-04 -4.854500293731689453e-04 -4.765391349792480469e-04 -4.706084728240966797e-04 -4.833042621612548828e-04 -4.737675189971923828e-04 -4.700422286987304688e-04 -4.867017269134521484e-04 -4.775524139404296875e-04
8.381817296621235647e-01 9.324550628662109375e-04 9.319484233856201172e-04 9.360313415527343750e-04 9.306669235229492188e-04 9.426176548004150391e-04 9.372830390930175781e-04 9.316802024841308594e-04 9.362697601318359375e-04 9.362101554870605469e-04 9.328424930572509766e-04
8.446344916475114761e-01 -4.463195800781250000e-04 -4.390478134155273438e-04 -4.397034645080566406e-04 -4.527568817138671875e-04 -4.405975341796875000e-04 -4.476606845855712891e-04 -4.442632198333740234e-04 -4.506707191467285156e-04 -4.408955574035644531e-04 -4.630684852600097656e-04
8.510872536328993876e-01 -1.106560230255126953e-04 -1.015663146972656250e-04 -1.054406166076660156e-04 -9.441375732421875000e-05 -1.097619533538818359e-04 -1.056790351867675781e-04 -1.122355461120605469e-04 -1.007616519927978516e-04 -1.138150691986083984e-04 -1.095533370971679688e-04
8.575400156182872990e-01 3.753602504730224609e-04 3.921985626220703125e-04 3.768801689147949219e-04 3.895759582519531250e-04 3.846585750579833984e-04 3.831386566162109375e-04 3.845095634460449219e-04 3.730952739715576172e-04 3.738105297088623047e-04 3.772377967834472656e-04
8.639927776036752105e-01 -5.651414394378662109e-04 -5.564987659454345703e-04 -5.652904510498046875e-04 -5.727410316467285156e-04 -5.692541599273681641e-04 -5.692541599273681641e-04 -5.680024623870849609e-04 -5.714893341064453125e-04 -5.641877651214599609e-04 -5.714893341064453125e-04
8.704455395890630109e-01 3.114342689514160156e-05 3.844499588012695312e-05 3.468990325927734375e-05 4.151463508605957031e-05 2.932548522949218750e-05 1.984834671020507812e-05 4.768371582031250000e-05 3.165006637573242188e-05 3.370642662048339844e-05 3.907084465026855469e-05
8.768983015744509224e-01 2.740025520324707031e-04 2.791881561279296875e-04 2.927780151367187500e-04 2.749264240264892578e-04 2.801120281219482422e-04 2.748072147369384766e-04 2.730786800384521484e-04 2.848803997039794922e-04 2.794563770294189453e-04 2.789497375488281250e-04
8.833510635598388339e-01 -2.539455890655517578e-04 -2.630352973937988281e-04 -2.561807632446289062e-04 -2.556443214416503906e-04 -2.490580081939697266e-04 -2.612769603729248047e-04 -2.580285072326660156e-04 -2.631247043609619141e-04 -2.503395080566406250e-04 -2.554357051849365234e-04
8.898038255452267453e-01 1.920163631439208984e-04 1.658201217651367188e-04 1.836419105529785156e-04 1.846253871917724609e-04 1.894533634185791016e-04 1.867413520812988281e-04 1.891255378723144531e-04 1.849830150604248047e-04 1.935064792633056641e-04 1.846253871917724609e-04
8.962565875306146568e-01 7.218122482299804688e-05 6.571412086486816406e-05 5.716085433959960938e-05 5.361437797546386719e-05 5.933642387390136719e-05 6.097555160522460938e-05 6.765127182006835938e-05 6.064772605895996094e-05 7.158517837524414062e-05 6.586313247680664062e-05
9.027093495160025682e-01 -2.392828464508056641e-04 -2.476572990417480469e-04 -2.358555793762207031e-04 -2.368986606597900391e-04 -2.425909042358398438e-04 -2.474486827850341797e-04 -2.495944499969482422e-04 -2.357661724090576172e-04 -2.350211143493652344e-04 -2.388060092926025391e-04
9.091621115013904797e-01 2.019405364990234375e-04 2.001523971557617188e-04 1.945793628692626953e-04 1.854300498962402344e-04 1.936554908752441406e-04 1.955032348632812500e-04 1.902282238006591797e-04 1.932382583618164062e-04 1.912415027618408203e-04 1.917481422424316406e-04
9.156148734867783912e-01 6.797909736633300781e-05 7.095932960510253906e-05 8.371472358703613281e-05 8.669495582580566406e-05 7.882714271545410156e-05 7.271766662597656250e-05 7.271766662597656250e-05 8.991360664367675781e-05 7.230043411254882812e-05 7.969141006469726562e-05
9.220676354721663026e-01 -2.866685390472412109e-04 -2.869069576263427734e-04 -2.952516078948974609e-04 -2.870559692382812500e-04 -2.925097942352294922e-04 -2.980828285217285156e-04 -2.902448177337646484e-04 -2.984702587127685547e-04 -2.874433994293212891e-04 -2.813041210174560547e-04
9.285203974575542141e-01 2.016127109527587891e-04 2.017915248870849609e-04 2.103745937347412109e-04 2.115070819854736328e-04 2.107024192810058594e-04 1.993477344512939453e-04 2.070367336273193359e-04 2.128779888153076172e-04 2.219974994659423828e-04 2.044141292572021484e-04
9.349731594429421255e-01 9.900331497192382812e-05 1.025795936584472656e-04 1.097023487091064453e-04 9.346008300781250000e-05 1.037418842315673828e-04 1.025497913360595703e-04 1.065731048583984375e-04 1.055002212524414062e-04 1.039505004882812500e-04 1.021921634674072266e-04
9.414259214283300370e-01 -2.706646919250488281e-04 -2.571642398834228516e-04 -2.623498439788818359e-04 -2.562105655670166016e-04 -2.576112747192382812e-04 -2.569556236267089844e-04 -2.660453319549560547e-04 -2.709329128265380859e-04 -2.675354480743408203e-04 -2.672970294952392578e-04
9.478786834137179484e-01 3.520846366882324219e-04 3.449618816375732422e-04 3.508031368255615234e-04 3.423392772674560547e-04 3.438591957092285156e-04 3.506541252136230469e-04 3.612339496612548828e-04 3.546774387359619141e-04 3.538727760314941406e-04 3.585517406463623047e-04
9.543314453991058599e-01 -1.287460327148437500e-04 -1.292526721954345703e-04 -1.270473003387451172e-04 -1.423954963684082031e-04 -1.258254051208496094e-04 -1.184344291687011719e-04 -1.405477523803710938e-04 -1.306831836700439453e-04 -1.235902309417724609e-04 -1.258254051208496094e-04
9.607842073844936603e-01 -2.044141292572021484e-04 -1.902878284454345703e-04 -2.144575119018554688e-04 -2.074837684631347656e-04 -2.028644084930419922e-04 -1.972019672393798828e-04 -1.825988292694091797e-04 -2.056062221527099609e-04 -1.955926418304443359e-04 -1.990795135498046875e-04
9.672369693698815718e-01 3.174543380737304688e-04 3.124475479125976562e-04 3.308355808258056641e-04 3.220438957214355469e-04 3.111362457275390625e-04 3.234148025512695312e-04 3.167986869812011719e-04 3.223419189453125000e-04 3.150999546051025391e-04 3.167092800140380859e-04
9.736897313552694833e-01 -1.761615276336669922e-04 -1.800954341888427734e-04 -1.781582832336425781e-04 -1.835227012634277344e-04 -1.786947250366210938e-04 -1.843571662902832031e-04 -1.876354217529296875e-04 -1.774132251739501953e-04 -1.822113990783691406e-04 -1.799464225769042969e-04
9.801424933406573947e-01 -1.621246337890625000e-05 -2.235174179077148438e-05 -2.479553222656250000e-05 -1.403689384460449219e-05 -1.874566078186035156e-05 -2.044439315795898438e-05 -2.419948577880859375e-05 -1.463294029235839844e-05 -2.196431159973144531e-05 -2.050399780273437500e-05
9.865952553260453062e-01 1.718997955322265625e-04 1.890659332275390625e-04 1.885294914245605469e-04 1.753568649291992188e-04 1.820623874664306641e-04 1.740753650665283203e-04 1.903772354125976562e-04 1.716315746307373047e-04 1.781582832336425781e-04 1.744329929351806641e-04
9.930480173114332176e-01 -2.192854881286621094e-04 -2.245306968688964844e-04 -2.216994762420654297e-04 -2.331435680389404297e-04 -2.352297306060791016e-04 -2.335309982299804688e-04 -2.349913120269775391e-04 -2.377629280090332031e-04 -2.331137657165527344e-04 -2.279579639434814453e-04
9.995007792968211291e-01 1.310408115386962891e-04 1.271069049835205078e-04 1.332163810729980469e-04 1.290440559387207031e-04 1.310110092163085938e-04 1.335144042968750000e-04 1.339018344879150391e-04 1.367330551147460938e-04 1.345574855804443359e-04 1.440644264221191406e-04
1.005953541282209152e+00 8.946657180786132812e-05 9.468197822570800781e-05 9.050965309143066406e-05 9.065866470336914062e-05 9.012222290039062500e-05 9.313225746154785156e-05 9.459257125854492188e-05 9.348988533020019531e-05 9.331107139587402344e-05 1.038610935211181641e-04
1.012406303267596952e+00 -1.217722892761230469e-04 -1.231133937835693359e-04 -1.109838485717773438e-04 -1.232326030731201172e-04 -1.286566257476806641e-04 -1.337528228759765625e-04 -1.208484172821044922e-04 -1.118779182434082031e-04 -1.154243946075439453e-04 -1.291632652282714844e-04
1.018859065252984752e+00 7.334351539611816406e-05 7.098913192749023438e-05 6.079673767089843750e-05 6.791949272155761719e-05 7.200241088867187500e-05 6.091594696044921875e-05 7.033348083496093750e-05 6.562471389770507812e-05 7.241964340209960938e-05 6.496906280517578125e-05
1.025311827238372775e+00 -6.347894668579101562e-06 -8.672475814819335938e-06 -4.053115844726562500e-06 1.281499862670898438e-06 -3.874301910400390625e-06 -1.257658004760742188e-05 -3.516674041748046875e-06 -4.112720489501953125e-06 -6.347894668579101562e-06 -6.556510925292968750e-07
1.031764589223760797e+00 -5.346536636352539062e-05 -5.596876144409179688e-05 -5.534291267395019531e-05 -6.294250488281250000e-05 -5.719065666198730469e-05 -5.266070365905761719e-05 -4.658102989196777344e-05 -4.160404205322265625e-05 -4.616379737854003906e-05 -6.082653999328613281e-05
1.038217351209148598e+00 1.158714294433593750e-04 1.108348369598388672e-04 1.243948936462402344e-04 1.132488250732421875e-04 1.186132431030273438e-04 1.183450222015380859e-04 1.141130924224853516e-04 1.128911972045898438e-04 1.195967197418212891e-04 1.216828823089599609e-04
1.044670113194536398e+00 1.552104949951171875e-04 1.603364944458007812e-04 1.534521579742431641e-04 1.448988914489746094e-04 1.495778560638427734e-04 1.583397388458251953e-04 1.505911350250244141e-04 1.464486122131347656e-04 1.434683799743652344e-04 1.489818096160888672e-04
1.051122875179924421e+00 -1.769363880157470703e-04 -1.803934574127197266e-04 -1.637935638427734375e-04 -1.779496669769287109e-04 -1.770257949829101562e-04 -1.752078533172607422e-04 -1.756846904754638672e-04 -1.772046089172363281e-04 -1.714825630187988281e-04 -1.827180385589599609e-04
1.057575637165312221e+00 -2.680718898773193359e-04 -2.530217170715332031e-04 -2.747774124145507812e-04 -2.674162387847900391e-04 -2.849400043487548828e-04 -2.734959125518798828e-04 -2.827644348144531250e-04 -2.655088901519775391e-04 -2.792179584503173828e-04 -2.873241901397705078e-04
1.064028399150700022e+00 1.116693019866943359e-04 1.025199890136718750e-04 1.213550567626953125e-04 1.338422298431396484e-04 1.185238361358642578e-04 1.111626625061035156e-04 1.226663589477539062e-04 1.139938831329345703e-04 1.167654991149902344e-04 1.172125339508056641e-04
1.070481161136088044e+00 -2.195835113525390625e-04 -2.142488956451416016e-04 -2.273321151733398438e-04 -2.292394638061523438e-04 -2.292990684509277344e-04 -2.368390560150146484e-04 -2.277791500091552734e-04 -2.180933952331542969e-04 -2.219974994659423828e-04 -2.287626266479492188e-04
1.076933923121476067e+00 -1.366734504699707031e-04 -1.482963562011718750e-04 -1.561939716339111328e-04 -1.440048217773437500e-04 -1.513361930847167969e-04 -1.593828201293945312e-04 -1.513063907623291016e-04 -1.545846462249755859e-04 -1.505315303802490234e-04 -1.417398452758789062e-04
1.083386685106863867e+00 5.629658699035644531e-05 7.823109626770019531e-05 8.499622344970703125e-05 7.906556129455566406e-05 9.220838546752929688e-05 9.003281593322753906e-05 8.100271224975585938e-05 7.876753807067871094e-05 8.460879325866699219e-05 9.021162986755371094e-05
1.089839447092251667e+00 -3.072619438171386719e-05 -3.305077552795410156e-05 -3.451108932495117188e-05 -3.287196159362792969e-05 -3.984570503234863281e-05 -3.254413604736328125e-05 -2.136826515197753906e-05 -4.348158836364746094e-05 -3.296136856079101562e-05 -3.814697265625000000e-05
1.096292209077639690e+00 -3.269314765930175781e-05 -2.205371856689453125e-05 -4.842877388000488281e-05 -4.157423973083496094e-05 -3.862380981445312500e-05 -4.482269287109375000e-05 -4.506111145019531250e-05 -3.296136856079101562e-05 -4.661083221435546875e-05 -4.383921623229980469e-05
1.102744971063027712e+00 -1.540780067443847656e-04 -1.483261585235595703e-04 -1.626014709472656250e-04 -1.616477966308593750e-04 -1.551210880279541016e-04 -1.618862152099609375e-04 -1.541078090667724609e-04 -1.591145992279052734e-04 -1.613795757293701172e-04 -1.502931118011474609e-04
1.109197733048415513e+00 -1.063942909240722656e-05 -8.612871170043945312e-06 -1.847743988037109375e-06 -1.189112663269042969e-05 -1.555681228637695312e-05 -7.331371307373046875e-06 -5.662441253662109375e-06 -6.645917892456054688e-06 -2.112984657287597656e-05 -2.151727676391601562e-05
1.115650495033803313e+00 -4.665553569793701172e-04 -4.664659500122070312e-04 -4.612207412719726562e-04 -4.521608352661132812e-04 -4.665255546569824219e-04 -4.583895206451416016e-04 -4.562139511108398438e-04 -4.623532295227050781e-04 -4.590451717376708984e-04 -4.635751247406005859e-04
1.122103257019191336e+00 -1.102685928344726562e-06 1.919269561767578125e-05 8.255243301391601562e-06 2.360343933105468750e-05 1.519918441772460938e-05 2.625584602355957031e-05 1.880526542663574219e-05 2.142786979675292969e-05 2.115964889526367188e-05 4.211068153381347656e-05
1.128556019004579358e+00 5.796551704406738281e-05 6.860494613647460938e-05 6.982684135437011719e-05 6.353855133056640625e-05 6.583333015441894531e-05 7.110834121704101562e-05 6.824731826782226562e-05 5.027651786804199219e-05 4.777312278747558594e-05 6.058812141418457031e-05
1.135008780989967159e+00 -6.159842014312744141e-04 -6.260275840759277344e-04 -6.161332130432128906e-04 -6.222426891326904297e-04 -6.130039691925048828e-04 -6.210803985595703125e-04 -6.078183650970458984e-04 -6.033778190612792969e-04 -6.035566329956054688e-04 -5.996525287628173828e-04
1.141461542975354959e+00 5.879700183868408203e-04 5.985796451568603516e-04 5.974471569061279297e-04 6.057024002075195312e-04 6.020069122314453125e-04 5.949437618255615234e-04 5.974769592285156250e-04 5.953013896942138672e-04 5.991160869598388672e-04 5.890727043151855469e-04
1.147914304960742982e+00 -6.783008575439453125e-05 -7.137656211853027344e-05 -6.365776062011718750e-05 -6.863474845886230469e-05 -7.334351539611816406e-05 -6.702542304992675781e-05 -8.040666580200195312e-05 -8.139014244079589844e-05 -6.887316703796386719e-05 -7.581710815429687500e-05
1.154367066946130782e+00 3.886222839355468750e-05 4.318356513977050781e-05 3.612041473388671875e-05 3.170967102050781250e-05 4.327297210693359375e-05 3.579258918762207031e-05 2.729892730712890625e-05 2.074241638183593750e-05 3.045797348022460938e-05 4.324316978454589844e-05
1.160819828931518582e+00 6.135404109954833984e-04 6.014704704284667969e-04 6.187260150909423828e-04 6.164312362670898438e-04 6.096065044403076172e-04 6.189942359924316406e-04 6.071329116821289062e-04 6.119310855865478516e-04 6.053447723388671875e-04 6.068348884582519531e-04
1.167272590916906605e+00 -6.559491157531738281e-04 -6.634891033172607422e-04 -6.587803363800048828e-04 -6.575882434844970703e-04 -6.574988365173339844e-04 -6.597936153411865234e-04 -6.668865680694580078e-04 -6.568431854248046875e-04 -6.639659404754638672e-04 -6.641745567321777344e-04
1.173725352902294627e+00 3.852248191833496094e-04 3.816783428192138672e-04 3.767609596252441406e-04 3.781616687774658203e-04 3.688037395477294922e-04 3.746747970581054688e-04 3.737807273864746094e-04 3.825426101684570312e-04 3.834664821624755859e-04 3.806650638580322266e-04
1.180178114887682428e+00 2.664029598236083984e-04 2.676248550415039062e-04 2.675354480743408203e-04 2.571940422058105469e-04 2.650916576385498047e-04 2.729594707489013672e-04 2.562403678894042969e-04 2.433359622955322266e-04 2.542436122894287109e-04 2.453625202178955078e-04
1.186630876873070450e+00 -7.414221763610839844e-04 -7.349550724029541016e-04 -7.416009902954101562e-04 -7.493495941162109375e-04 -7.470846176147460938e-04 -7.434785366058349609e-04 -7.362961769104003906e-04 -7.447898387908935547e-04 -7.472634315490722656e-04 -7.442235946655273438e-04
1.193083638858458251e+00 8.862018585205078125e-04 8.928477764129638672e-04 8.726119995117187500e-04 8.749961853027343750e-04 8.895993232727050781e-04 8.860528469085693359e-04 8.818805217742919922e-04 8.770525455474853516e-04 8.964836597442626953e-04 8.827149868011474609e-04
1.199536400843846051e+00 -2.288818359375000000e-04 -2.291798591613769531e-04 -2.213120460510253906e-04 -2.174973487854003906e-04 -2.299249172210693359e-04 -2.140104770660400391e-04 -2.363622188568115234e-04 -2.259910106658935547e-04 -2.344250679016113281e-04 -2.326369285583496094e-04
1.205989162829234074e+00 -4.497468471527099609e-04 -4.501938819885253906e-04 -4.447698593139648438e-04 -4.452764987945556641e-04 -4.498362541198730469e-04 -4.592239856719970703e-04 -4.303455352783203125e-04 -4.360079765319824219e-04 -4.397928714752197266e-04 -4.474520683288574219e-04
1.212441924814621874e+00 8.156299591064453125e-04 8.258521556854248047e-04 8.204877376556396484e-04 8.203685283660888672e-04 8.205473423004150391e-04 8.243918418884277344e-04 8.141696453094482422e-04 8.328855037689208984e-04 8.195340633392333984e-04 8.125603199005126953e-04
1.218894686800009897e+00 -5.495250225067138672e-04 -5.540847778320312500e-04 -5.599558353424072266e-04 -5.456507205963134766e-04 -5.522072315216064453e-04 -5.393624305725097656e-04 -5.573332309722900391e-04 -5.492269992828369141e-04 -5.431175231933593750e-04 -5.564689636230468750e-04
1.225347448785397697e+00 1.616775989532470703e-04 1.660883426666259766e-04 1.442730426788330078e-04 1.631975173950195312e-04 1.634359359741210938e-04 1.591145992279052734e-04 1.624822616577148438e-04 1.640617847442626953e-04 1.676976680755615234e-04 1.693964004516601562e-04
1.231800210770785720e+00 1.842975616455078125e-04 1.826286315917968750e-04 1.808702945709228516e-04 1.731812953948974609e-04 1.708567142486572266e-04 1.811385154724121094e-04 1.825392246246337891e-04 1.803040504455566406e-04 1.682639122009277344e-04 1.809597015380859375e-04
1.238252972756173520e+00 -5.332231521606445312e-04 -5.440115928649902344e-04 -5.319416522979736328e-04 -5.351006984710693359e-04 -5.215108394622802734e-04 -5.321502685546875000e-04 -5.258321762084960938e-04 -5.383491516113281250e-04 -5.392432212829589844e-04 -5.269050598144531250e-04
1.244705734741561542e+00 2.892613410949707031e-04 2.908408641815185547e-04 2.949535846710205078e-04 2.802312374114990234e-04 2.948343753814697266e-04 2.801418304443359375e-04 2.863705158233642578e-04 2.801120281219482422e-04 2.872645854949951172e-04 2.928376197814941406e-04
1.251158496726949343e+00 -1.502037048339843750e-05 -1.466274261474609375e-05 -3.224611282348632812e-05 -1.007318496704101562e-05 -1.972913742065429688e-05 -1.257658004760742188e-05 -2.589821815490722656e-05 -1.609325408935546875e-05 -1.007318496704101562e-05 -1.913309097290039062e-05
1.257611258712337365e+00 -2.326667308807373047e-04 -2.439022064208984375e-04 -2.427995204925537109e-04 -2.416670322418212891e-04 -2.428889274597167969e-04 -2.428889274597167969e-04 -2.214312553405761719e-04 -2.494156360626220703e-04 -2.334415912628173828e-04 -2.346038818359375000e-04
1.264064020697725166e+00 2.222955226898193359e-04 2.300739288330078125e-04 2.315044403076171875e-04 2.332329750061035156e-04 2.231597900390625000e-04 2.359151840209960938e-04 2.378225326538085938e-04 2.344250679016113281e-04 2.318322658538818359e-04 2.414286136627197266e-04
1.270516782683113188e+00 -1.038312911987304688e-04 -1.146495342254638672e-04 -1.133978366851806641e-04 -9.575486183166503906e-05 -1.181662082672119141e-04 -1.059472560882568359e-04 -1.010596752166748047e-04 -1.091361045837402344e-04 -1.178681850433349609e-04 -1.164674758911132812e-04
1.276969544668500989e+00 -1.781284809112548828e-04 -1.740157604217529297e-04 -1.810491085052490234e-04 -1.811087131500244141e-04 -1.813769340515136719e-04 -1.869797706604003906e-04 -1.875460147857666016e-04 -1.778900623321533203e-04 -1.907050609588623047e-04 -1.924335956573486328e-04
1.283422306653888789e+00 2.006292343139648438e-04 1.933574676513671875e-04 1.885592937469482422e-04 1.912713050842285156e-04 2.020299434661865234e-04 1.974105834960937500e-04 2.043843269348144531e-04 1.938343048095703125e-04 1.904666423797607422e-04 1.939833164215087891e-04
1.289875068639276812e+00 1.883506774902343750e-05 2.452731132507324219e-05 2.673268318176269531e-05 1.439452171325683594e-05 1.460313796997070312e-05 1.949071884155273438e-05 1.519918441772460938e-05 1.376867294311523438e-05 1.379847526550292969e-05 1.388788223266601562e-05
1.296327830624664612e+00 -2.015531063079833984e-04 -2.036988735198974609e-04 -2.025067806243896484e-04 -2.058744430541992188e-04 -2.038180828094482422e-04 -2.030134201049804688e-04 -2.092421054840087891e-04 -1.959204673767089844e-04 -2.056956291198730469e-04 -2.062916755676269531e-04
1.302780592610052635e+00 2.207159996032714844e-04 2.194344997406005859e-04 2.174675464630126953e-04 2.196431159973144531e-04 2.195835113525390625e-04 2.169609069824218750e-04 2.360939979553222656e-04 2.187490463256835938e-04 2.270936965942382812e-04 2.269744873046875000e-04
1.309233354595440435e+00 -1.225769519805908203e-04 -1.164674758911132812e-04 -1.242756843566894531e-04 -1.116394996643066406e-04 -1.207590103149414062e-04 -1.235604286193847656e-04 -1.222491264343261719e-04 -1.375079154968261719e-04 -1.292526721954345703e-04 -1.218020915985107422e-04
1.315686116580828458e+00 -1.759231090545654297e-04 -1.713931560516357422e-04 -1.806020736694335938e-04 -1.786947250366210938e-04 -1.583993434906005859e-04 -1.744627952575683594e-04 -1.769661903381347656e-04 -1.736581325531005859e-04 -1.683533191680908203e-04 -1.749992370605468750e-04
1.322138878566216258e+00 3.501772880554199219e-04 3.542602062225341797e-04 3.540813922882080078e-04 3.408789634704589844e-04 3.546178340911865234e-04 3.458857536315917969e-04 3.494918346405029297e-04 3.427565097808837891e-04 3.378689289093017578e-04 3.603696823120117188e-04
1.328591640551604280e+00 -1.925826072692871094e-04 -1.948177814483642578e-04 -2.005100250244140625e-04 -2.025365829467773438e-04 -2.051889896392822266e-04 -1.904070377349853516e-04 -1.967251300811767578e-04 -2.022385597229003906e-04 -2.030730247497558594e-04 -1.953840255737304688e-04
1.335044402536992081e+00 -1.628994941711425781e-04 -1.644492149353027344e-04 -1.616775989532470703e-04 -1.659989356994628906e-04 -1.704990863800048828e-04 -1.615583896636962891e-04 -1.599788665771484375e-04 -1.657307147979736328e-04 -1.714527606964111328e-04 -1.620948314666748047e-04
1.341497164522380103e+00 3.660619258880615234e-04 3.681778907775878906e-04 3.674030303955078125e-04 3.804266452789306641e-04 3.573000431060791016e-04 3.819465637207031250e-04 3.749430179595947266e-04 3.766119480133056641e-04 3.680884838104248047e-04 3.681480884552001953e-04
1.347949926507767904e+00 -2.964437007904052734e-04 -2.882480621337890625e-04 -2.918541431427001953e-04 -2.869963645935058594e-04 -2.920329570770263672e-04 -2.942085266113281250e-04 -3.042221069335937500e-04 -2.909302711486816406e-04 -2.930164337158203125e-04 -2.924203872680664062e-04
1.354402688493155926e+00 4.905462265014648438e-05 5.429983139038085938e-05 5.272030830383300781e-05 5.897879600524902344e-05 4.845857620239257812e-05 6.124377250671386719e-05 5.483627319335937500e-05 6.282329559326171875e-05 5.951523780822753906e-05 5.704164505004882812e-05
1.360855450478543727e+00 1.462399959564208984e-04 1.598894596099853516e-04 1.516938209533691406e-04 1.526772975921630859e-04 1.635253429412841797e-04 1.603364944458007812e-04 1.580417156219482422e-04 1.597404479980468750e-04 1.423060894012451172e-04 1.546144485473632812e-04
1.367308212463931749e+00 -2.843737602233886719e-04 -2.782642841339111328e-04 -2.732276916503906250e-04 -2.650320529937744141e-04 -2.794861793518066406e-04 -2.815127372741699219e-04 -2.816617488861083984e-04 -2.659559249877929688e-04 -2.733767032623291016e-04 -2.813041210174560547e-04
1.373760974449319550e+00 1.491010189056396484e-04 1.525878906250000000e-04 1.446008682250976562e-04 1.565814018249511719e-04 1.469254493713378906e-04 1.530349254608154297e-04 1.372992992401123047e-04 1.542866230010986328e-04 1.533329486846923828e-04 1.429617404937744141e-04
1.380213736434707350e+00 1.291036605834960938e-04 1.311898231506347656e-04 1.337826251983642578e-04 1.322031021118164062e-04 1.289248466491699219e-04 1.390576362609863281e-04 1.514554023742675781e-04 1.307129859924316406e-04 1.391172409057617188e-04 1.288354396820068359e-04
1.386666498420095373e+00 -1.334547996520996094e-04 -1.387894153594970703e-04 -1.302957534790039062e-04 -1.464784145355224609e-04 -1.391470432281494141e-04 -1.345872879028320312e-04 -1.431107521057128906e-04 -1.346468925476074219e-04 -1.389980316162109375e-04 -1.328289508819580078e-04
1.393119260405483173e+00 9.942054748535156250e-05 1.114606857299804688e-04 1.198053359985351562e-04 1.132190227508544922e-04 1.212358474731445312e-04 1.065433025360107422e-04 1.132786273956298828e-04 1.200735569000244141e-04 1.044571399688720703e-04 1.113116741180419922e-04
1.399572022390871195e+00 -1.540780067443847656e-05 -1.624226570129394531e-05 -1.898407936096191406e-05 -5.394220352172851562e-06 -1.302361488342285156e-05 -1.460313796997070312e-05 -2.169609069824218750e-05 -6.169080734252929688e-06 -2.065300941467285156e-05 -1.335144042968750000e-05
1.406024784376258996e+00 -1.674890518188476562e-05 -1.636147499084472656e-05 -1.689791679382324219e-05 -1.361966133117675781e-05 -1.803040504455566406e-05 -1.046061515808105469e-05 -2.118945121765136719e-05 -1.430511474609375000e-05 -1.192092895507812500e-05 -1.907348632812500000e-06
1.412477546361647018e+00 -6.362795829772949219e-05 -5.230307579040527344e-05 -6.338953971862792969e-05 -4.690885543823242188e-05 -4.369020462036132812e-05 -5.617737770080566406e-05 -5.283951759338378906e-05 -5.096197128295898438e-05 -4.941225051879882812e-05 -4.541873931884765625e-05
1.418930308347034819e+00 7.310509681701660156e-05 5.921721458435058594e-05 7.036328315734863281e-05 6.982684135437011719e-05 7.036328315734863281e-05 6.565451622009277344e-05 6.806850433349609375e-05 6.645917892456054688e-05 7.209181785583496094e-05 7.215142250061035156e-05
1.425383070332422841e+00 4.753470420837402344e-05 4.154443740844726562e-05 4.035234451293945312e-05 3.573298454284667969e-05 3.927946090698242188e-05 5.033612251281738281e-05 4.175305366516113281e-05 4.991888999938964844e-05 4.097819328308105469e-05 4.684925079345703125e-05
1.431835832317810642e+00 -2.061426639556884766e-04 -2.069175243377685547e-04 -2.162158489227294922e-04 -2.135038375854492188e-04 -2.048313617706298828e-04 -2.085864543914794922e-04 -2.035200595855712891e-04 -2.149939537048339844e-04 -2.050995826721191406e-04 -2.185702323913574219e-04
1.438288594303198664e+00 2.755224704742431641e-04 2.678930759429931641e-04 2.679228782653808594e-04 2.585053443908691406e-04 2.702772617340087891e-04 2.664923667907714844e-04 2.691149711608886719e-04 2.651810646057128906e-04 2.711415290832519531e-04 2.603232860565185547e-04
1.444741356288586465e+00 -1.387894153594970703e-04 -1.294016838073730469e-04 -1.233518123626708984e-04 -1.192092895507812500e-04 -1.293420791625976562e-04 -1.273155212402343750e-04 -1.352727413177490234e-04 -1.292526721954345703e-04 -1.279711723327636719e-04 -1.267194747924804688e-04
1.451194118273974487e+00 -2.766549587249755859e-04 -2.822279930114746094e-04 -2.827048301696777344e-04 -2.807080745697021484e-04 -2.863705158233642578e-04 -2.837479114532470703e-04 -2.810657024383544922e-04 -2.768039703369140625e-04 -2.867579460144042969e-04 -2.879500389099121094e-04
1.457646880259362288e+00 6.974935531616210938e-04 6.889998912811279297e-04 6.959438323974609375e-04 6.950795650482177734e-04 6.819665431976318359e-04 6.799697875976562500e-04 6.912648677825927734e-04 6.906688213348388672e-04 7.105469703674316406e-04 6.930232048034667969e-04
1.464099642244750310e+00 -6.926655769348144531e-04 -6.802678108215332031e-04 -6.791055202484130859e-04 -6.650090217590332031e-04 -6.889402866363525391e-04 -6.814897060394287109e-04 -6.960630416870117188e-04 -6.889998912811279297e-04 -6.843507289886474609e-04 -6.831586360931396484e-04
1.470552404230138110e+00 -2.178549766540527344e-05 -3.129243850708007812e-05 -3.430247306823730469e-05 -2.649426460266113281e-05 -2.619624137878417969e-05 -3.519654273986816406e-05 -2.709031105041503906e-05 -1.949071884155273438e-05 -3.230571746826171875e-05 -1.952052116394042969e-05
1.477005166215525911e+00 7.969737052917480469e-04 7.919669151306152344e-04 7.891654968261718750e-04 8.010268211364746094e-04 8.015930652618408203e-04 7.974803447723388672e-04 7.929205894470214844e-04 7.953941822052001953e-04 7.921755313873291016e-04 8.001923561096191406e-04
1.483457928200913933e+00 -1.103907823562622070e-03 -1.108050346374511719e-03 -1.104474067687988281e-03 -1.096636056900024414e-03 -1.094281673431396484e-03 -1.107096672058105469e-03 -1.099199056625366211e-03 -1.100212335586547852e-03 -1.110762357711791992e-03 -1.104384660720825195e-03
1.489910690186301734e+00 5.377829074859619141e-04 5.463957786560058594e-04 5.365312099456787109e-04 5.398094654083251953e-04 5.448162555694580078e-04 5.235373973846435547e-04 5.465447902679443359e-04 5.401372909545898438e-04 5.320608615875244141e-04 5.561709403991699219e-04
1.496363452171689756e+00 6.974041461944580078e-04 6.864666938781738281e-04 6.952583789825439453e-04 6.896555423736572266e-04 6.911158561706542969e-04 6.943643093109130859e-04 6.800591945648193359e-04 7.015466690063476562e-04 6.963312625885009766e-04 6.955564022064208984e-04
1.502816214157077557e+00 -1.427918672561645508e-03 -1.429051160812377930e-03 -1.432776451110839844e-03 -1.429319381713867188e-03 -1.435160636901855469e-03 -1.427412033081054688e-03 -1.432120800018310547e-03 -1.442044973373413086e-03 -1.432150602340698242e-03 -1.434922218322753906e-03
1.509268976142465579e+00 1.233845949172973633e-03 1.240551471710205078e-03 1.237362623214721680e-03 1.235246658325195312e-03 1.243084669113159180e-03 1.235544681549072266e-03 1.221567392349243164e-03 1.238316297531127930e-03 1.243144273757934570e-03 1.248300075531005859e-03
1.515721738127853380e+00 -3.388524055480957031e-05 -3.990530967712402344e-05 -2.312660217285156250e-05 -3.328919410705566406e-05 -2.744793891906738281e-05 -1.883506774902343750e-05 -4.318356513977050781e-05 -1.868605613708496094e-05 -2.807378768920898438e-05 -4.479289054870605469e-05
1.522174500113241402e+00 -1.316517591476440430e-03 -1.305967569351196289e-03 -1.313358545303344727e-03 -1.301586627960205078e-03 -1.313567161560058594e-03 -1.328676939010620117e-03 -1.302987337112426758e-03 -1.295119524002075195e-03 -1.308858394622802734e-03 -1.306056976318359375e-03
1.528627262098629203e+00 1.788616180419921875e-03 1.793384552001953125e-03 1.800119876861572266e-03 1.794755458831787109e-03 1.791417598724365234e-03 1.789242029190063477e-03 1.801133155822753906e-03 1.794934272766113281e-03 1.804083585739135742e-03 1.793801784515380859e-03
1.535080024084017225e+00 -1.160770654678344727e-03 -1.155316829681396484e-03 -1.141965389251708984e-03 -1.166939735412597656e-03 -1.169979572296142578e-03 -1.153469085693359375e-03 -1.160830259323120117e-03 -1.174271106719970703e-03 -1.159965991973876953e-03 -1.175969839096069336e-03
1.541532786069405025e+00 -2.095401287078857422e-04 -2.143681049346923828e-04 -2.124309539794921875e-04 -2.078413963317871094e-04 -1.930594444274902344e-04 -2.191960811614990234e-04 -2.031028270721435547e-04 -2.075135707855224609e-04 -1.983344554901123047e-04 -1.822710037231445312e-04
1.547985548054793048e+00 1.909524202346801758e-03 1.904070377349853516e-03 1.921087503433227539e-03 1.914680004119873047e-03 1.912266016006469727e-03 1.905977725982666016e-03 1.905292272567749023e-03 1.901507377624511719e-03 1.916229724884033203e-03 1.910001039505004883e-03
1.554438310040180848e+00 -1.846224069595336914e-03 -1.856118440628051758e-03 -1.846224069595336914e-03 -1.843780279159545898e-03 -1.857846975326538086e-03 -1.829773187637329102e-03 -1.860618591308593750e-03 -1.842319965362548828e-03 -1.833260059356689453e-03 -1.860022544860839844e-03
1.560891072025568649e+00 5.870461463928222656e-04 6.014108657836914062e-04 5.896687507629394531e-04 5.889832973480224609e-04 5.987286567687988281e-04 5.749166011810302734e-04 5.923509597778320312e-04 6.015598773956298828e-04 5.912780761718750000e-04 6.167590618133544922e-04
1.567343834010956671e+00 1.398205757141113281e-03 1.397639513015747070e-03 1.410692930221557617e-03 1.381129026412963867e-03 1.396089792251586914e-03 1.413047313690185547e-03 1.394301652908325195e-03 1.385778188705444336e-03 1.406818628311157227e-03 1.374155282974243164e-03
1.573796595996344472e+00 -2.331525087356567383e-03 -2.322643995285034180e-03 -2.328276634216308594e-03 -2.323210239410400391e-03 -2.338856458663940430e-03 -2.318680286407470703e-03 -2.334117889404296875e-03 -2.333611249923706055e-03 -2.328425645828247070e-03 -2.327948808670043945e-03
1.580249357981732494e+00 1.606702804565429688e-03 1.615345478057861328e-03 1.613765954971313477e-03 1.605987548828125000e-03 1.606583595275878906e-03 1.589775085449218750e-03 1.616209745407104492e-03 1.616239547729492188e-03 1.626044511795043945e-03 1.628756523132324219e-03
1.586702119967120295e+00 4.417598247528076172e-04 4.287958145141601562e-04 4.550218582153320312e-04 4.363954067230224609e-04 4.285275936126708984e-04 4.537403583526611328e-04 4.479289054870605469e-04 4.249811172485351562e-04 4.291236400604248047e-04 4.184842109680175781e-04
1.593154881952508317e+00 -1.962125301361083984e-03 -1.955896615982055664e-03 -1.952916383743286133e-03 -1.941114664077758789e-03 -1.947879791259765625e-03 -1.963734626770019531e-03 -1.933395862579345703e-03 -1.935690641403198242e-03 -1.940131187438964844e-03 -1.935899257659912109e-03
1.599607643937896118e+00 2.160876989364624023e-03 2.166301012039184570e-03 2.176344394683837891e-03 2.171546220779418945e-03 2.178758382797241211e-03 2.166658639907836914e-03 2.175867557525634766e-03 2.178877592086791992e-03 2.164155244827270508e-03 2.179175615310668945e-03
1.606060405923284140e+00 -5.661249160766601562e-04 -5.695521831512451172e-04 -5.673468112945556641e-04 -5.654990673065185547e-04 -5.759000778198242188e-04 -5.550384521484375000e-04 -5.762577056884765625e-04 -5.757212638854980469e-04 -5.723237991333007812e-04 -5.826354026794433594e-04
1.612513167908671941e+00 -1.077651977539062500e-03 -1.074284315109252930e-03 -1.083850860595703125e-03 -1.080483198165893555e-03 -1.082450151443481445e-03 -1.097023487091064453e-03 -1.072973012924194336e-03 -1.075267791748046875e-03 -1.080662012100219727e-03 -1.066029071807861328e-03
1.618965929894059963e+00 1.816421747207641602e-03 1.805692911148071289e-03 1.814514398574829102e-03 1.812815666198730469e-03 1.802802085876464844e-03 1.822084188461303711e-03 1.812547445297241211e-03 1.801073551177978516e-03 1.811683177947998047e-03 1.811385154724121094e-03
1.625418691879447763e+00 -1.256018877029418945e-03 -1.241177320480346680e-03 -1.256585121154785156e-03 -1.241117715835571289e-03 -1.246362924575805664e-03 -1.246333122253417969e-03 -1.245200634002685547e-03 -1.253873109817504883e-03 -1.253068447113037109e-03 -1.252532005310058594e-03
1.631871453864835786e+00 -2.553164958953857422e-04 -2.506673336029052734e-04 -2.447366714477539062e-04 -2.406835556030273438e-04 -2.439320087432861328e-04 -2.513229846954345703e-04 -2.385973930358886719e-04 -2.498328685760498047e-04 -2.376437187194824219e-04 -2.357363700866699219e-04
1.638324215850223586e+00 1.226902008056640625e-03 1.221776008605957031e-03 1.222044229507446289e-03 1.219481229782104492e-03 1.228511333465576172e-03 1.231551170349121094e-03 1.214176416397094727e-03 1.221984624862670898e-03 1.214563846588134766e-03 1.216083765029907227e-03
1.644776977835611609e+00 -1.250118017196655273e-03 -1.250147819519042969e-03 -1.239866018295288086e-03 -1.238286495208740234e-03 -1.242965459823608398e-03 -1.233786344528198242e-03 -1.261919736862182617e-03 -1.258164644241333008e-03 -1.246601343154907227e-03 -1.253455877304077148e-03
1.651229739820999409e+00 2.388358116149902344e-04 2.424716949462890625e-04 2.354383468627929688e-04 2.485215663909912109e-04 2.563595771789550781e-04 2.241730690002441406e-04 2.487599849700927734e-04 2.546608448028564453e-04 2.554357051849365234e-04 2.431273460388183594e-04
1.657682501806387210e+00 6.978511810302734375e-04 7.076859474182128906e-04 7.046163082122802734e-04 7.076561450958251953e-04 7.023513317108154297e-04 7.085502147674560547e-04 6.974637508392333984e-04 6.918609142303466797e-04 7.004737854003906250e-04 7.029771804809570312e-04
1.664135263791775232e+00 -1.029372215270996094e-03 -1.023322343826293945e-03 -1.029700040817260742e-03 -1.020759344100952148e-03 -1.017063856124877930e-03 -1.023590564727783203e-03 -1.024842262268066406e-03 -1.023799180984497070e-03 -1.035392284393310547e-03 -1.019716262817382812e-03
1.670588025777163033e+00 4.223883152008056641e-04 4.025101661682128906e-04 4.127621650695800781e-04 4.094839096069335938e-04 4.213750362396240234e-04 4.048943519592285156e-04 4.109144210815429688e-04 4.090070724487304688e-04 4.156529903411865234e-04 4.101991653442382812e-04
1.677040787762551055e+00 2.147257328033447266e-04 2.195835113525390625e-04 2.269744873046875000e-04 2.239048480987548828e-04 2.219974994659423828e-04 2.337694168090820312e-04 2.189278602600097656e-04 2.239346504211425781e-04 2.237558364868164062e-04 2.157688140869140625e-04
1.683493549747938856e+00 -7.585287094116210938e-04 -7.526576519012451172e-04 -7.641017436981201172e-04 -7.594227790832519531e-04 -7.594823837280273438e-04 -7.582604885101318359e-04 -7.523000240325927734e-04 -7.608830928802490234e-04 -7.644593715667724609e-04 -7.583498954772949219e-04
1.689946311733326878e+00 7.499456405639648438e-04 7.504224777221679688e-04 7.595717906951904297e-04 7.648468017578125000e-04 7.580816745758056641e-04 7.524192333221435547e-04 7.530450820922851562e-04 7.588863372802734375e-04 7.590651512145996094e-04 7.595121860504150391e-04
1.696399073718714678e+00 -1.175403594970703125e-04 -1.232028007507324219e-04 -1.235008239746093750e-04 -1.171827316284179688e-04 -1.142024993896484375e-04 -1.121461391448974609e-04 -1.248717308044433594e-04 -1.268982887268066406e-04 -1.188516616821289062e-04 -1.275241374969482422e-04
1.702851835704102701e+00 -4.956126213073730469e-04 -5.002021789550781250e-04 -5.002319812774658203e-04 -4.950165748596191406e-04 -5.006194114685058594e-04 -4.880428314208984375e-04 -4.870593547821044922e-04 -4.957616329193115234e-04 -5.002319812774658203e-04 -4.933476448059082031e-04
1.709304597689490501e+00 4.812479019165039062e-04 4.914999008178710938e-04 4.864931106567382812e-04 4.799664020538330078e-04 4.909932613372802734e-04 4.777610301971435547e-04 4.886686801910400391e-04 4.885494709014892578e-04 4.858374595642089844e-04 4.853606224060058594e-04
1.715757359674878524e+00 -1.952052116394042969e-04 -1.859664916992187500e-04 -1.965463161468505859e-04 -1.945495605468750000e-04 -1.906454563140869141e-04 -1.790523529052734375e-04 -1.882910728454589844e-04 -1.879632472991943359e-04 -1.877248287200927734e-04 -1.934170722961425781e-04
1.722210121660266324e+00 -2.484917640686035156e-04 -2.393722534179687500e-04 -2.525746822357177734e-04 -2.421438694000244141e-04 -2.358257770538330078e-04 -2.446174621582031250e-04 -2.586841583251953125e-04 -2.445280551910400391e-04 -2.529621124267578125e-04 -2.543032169342041016e-04
1.728662883645654347e+00 3.765225410461425781e-04 3.805160522460937500e-04 3.688037395477294922e-04 3.666877746582031250e-04 3.730356693267822266e-04 3.641247749328613281e-04 3.862977027893066406e-04 3.687143325805664062e-04 3.686249256134033203e-04 3.723502159118652344e-04
1.735115645631042147e+00 -1.743733882904052734e-04 -1.811385154724121094e-04 -1.839995384216308594e-04 -1.783370971679687500e-04 -1.763701438903808594e-04 -1.790821552276611328e-04 -1.826882362365722656e-04 -1.919567584991455078e-04 -1.840889453887939453e-04 -1.827776432037353516e-04
1.741568407616429948e+00 -1.125037670135498047e-04 -1.290142536163330078e-04 -1.268684864044189453e-04 -1.234114170074462891e-04 -1.233816146850585938e-04 -1.196861267089843750e-04 -1.166164875030517578e-04 -1.201927661895751953e-04 -1.214742660522460938e-04 -1.170039176940917969e-04
1.748021169601817970e+00 2.657473087310791016e-04 2.616047859191894531e-04 2.632737159729003906e-04 2.725422382354736328e-04 2.673864364624023438e-04 2.715289592742919922e-04 2.637803554534912109e-04 2.630949020385742188e-04 2.609789371490478516e-04 2.633631229400634766e-04
1.754473931587205771e+00 -1.047551631927490234e-04 -1.119375228881835938e-04 -1.079738140106201172e-04 -1.083910465240478516e-04 -1.150965690612792969e-04 -1.127123832702636719e-04 -1.030266284942626953e-04 -1.139044761657714844e-04 -1.212358474731445312e-04 -9.980797767639160156e-05
1.760926693572593793e+00 -3.439188003540039062e-05 -5.200505256652832031e-05 -4.249811172485351562e-05 -4.047155380249023438e-05 -5.125999450683593750e-05 -4.622340202331542969e-05 -3.868341445922851562e-05 -3.853440284729003906e-05 -4.208087921142578125e-05 -4.139542579650878906e-05
1.767379455557981593e+00 2.049803733825683594e-04 2.042353153228759766e-04 2.107620239257812500e-04 1.876652240753173828e-04 2.141892910003662109e-04 2.086162567138671875e-04 2.108216285705566406e-04 2.081394195556640625e-04 2.056658267974853516e-04 2.184808254241943359e-04
1.773832217543369616e+00 -1.086294651031494141e-04 -1.191198825836181641e-04 -1.052618026733398438e-04 -1.128911972045898438e-04 -1.250207424163818359e-04 -1.184940338134765625e-04 -1.086890697479248047e-04 -1.046955585479736328e-04 -1.161396503448486328e-04 -1.251995563507080078e-04
1.780284979528757416e+00 -1.692771911621093750e-05 -1.594424247741699219e-05 -2.962350845336914062e-05 -1.055002212524414062e-05 -1.248717308044433594e-05 -2.682209014892578125e-06 -1.019239425659179688e-05 -1.394748687744140625e-05 -9.626150131225585938e-06 -1.490116119384765625e-07
1.786737741514145439e+00 3.287196159362792969e-05 3.883242607116699219e-05 3.015995025634765625e-05 2.536177635192871094e-05 2.679228782653808594e-05 2.345442771911621094e-05 3.528594970703125000e-05 2.968311309814453125e-05 3.269314765930175781e-05 2.634525299072265625e-05
1.793190503499533239e+00 -7.218122482299804688e-05 -6.574392318725585938e-05 -6.207823753356933594e-05 -4.971027374267578125e-05 -6.675720214843750000e-05 -5.948543548583984375e-05 -5.695223808288574219e-05 -6.458163261413574219e-05 -6.920099258422851562e-05 -6.884336471557617188e-05
1.799643265484921262e+00 9.772181510925292969e-05 9.536743164062500000e-05 9.250640869140625000e-05 9.408593177795410156e-05 9.325146675109863281e-05 9.846687316894531250e-05 8.401274681091308594e-05 9.503960609436035156e-05 8.869171142578125000e-05 9.405612945556640625e-05
1.806096027470309062e+00 8.064508438110351562e-05 9.688735008239746094e-05 8.466839790344238281e-05 9.632110595703125000e-05 9.068846702575683594e-05 9.885430335998535156e-05 9.676814079284667969e-05 9.498000144958496094e-05 9.620189666748046875e-05 9.107589721679687500e-05
1.812548789455697085e+00 -3.454089164733886719e-05 -4.875659942626953125e-05 -4.732608795166015625e-05 -4.556775093078613281e-05 -4.783272743225097656e-05 -4.541873931884765625e-05 -5.188584327697753906e-05 -4.714727401733398438e-05 -4.118680953979492188e-05 -4.574656486511230469e-05
1.819001551441084885e+00 -1.150369644165039062e-05 -1.546740531921386719e-05 -1.549720764160156250e-05 -1.373887062072753906e-05 -2.387166023254394531e-05 -1.704692840576171875e-05 -8.970499038696289062e-06 -1.651048660278320312e-05 -8.523464202880859375e-06 -1.162290573120117188e-05
1.825454313426472908e+00 6.622076034545898438e-05 5.912780761718750000e-05 5.701184272766113281e-05 5.179643630981445312e-05 5.692243576049804688e-05 4.822015762329101562e-05 4.869699478149414062e-05 5.653500556945800781e-05 5.424022674560546875e-05 3.874301910400390625e-05
1.831907075411860708e+00 -1.019835472106933594e-04 -1.021027565002441406e-04 -1.073181629180908203e-04 -1.000463962554931641e-04 -9.942054748535156250e-05 -1.010298728942871094e-04 -9.632110595703125000e-05 -1.013278961181640625e-04 -9.286403656005859375e-05 -9.566545486450195312e-05
1.838359837397248508e+00 9.387731552124023438e-06 7.361173629760742188e-06 6.645917892456054688e-06 1.490116119384765625e-06 1.528859138488769531e-05 1.502037048339843750e-05 -1.072883605957031250e-06 -2.235174179077148438e-06 2.604722976684570312e-05 1.788139343261718750e-05
1.844812599382636531e+00 9.253621101379394531e-05 7.796287536621093750e-05 7.644295692443847656e-05 8.419156074523925781e-05 8.222460746765136719e-05 9.259581565856933594e-05 8.943676948547363281e-05 8.866190910339355469e-05 7.852911949157714844e-05 7.674098014831542969e-05
1.851265361368024331e+00 -1.242458820343017578e-04 -1.102983951568603516e-04 -1.178383827209472656e-04 -1.223087310791015625e-04 -1.239478588104248047e-04 -1.130700111389160156e-04 -1.135468482971191406e-04 -1.107454299926757812e-04 -1.181662082672119141e-04 -1.236796379089355469e-04
1.857718123353412354e+00 4.959106445312500000e-05 5.236268043518066406e-05 4.997849464416503906e-05 5.218386650085449219e-05 5.373358726501464844e-05 4.187226295471191406e-05 4.518032073974609375e-05 5.635619163513183594e-05 5.885958671569824219e-05 5.379319190979003906e-05
1.864170885338800154e+00 3.597140312194824219e-05 4.646182060241699219e-05 4.056096076965332031e-05 3.913044929504394531e-05 4.488229751586914062e-05 3.817677497863769531e-05 4.106760025024414062e-05 2.875924110412597656e-05 2.926588058471679688e-05 3.945827484130859375e-05
1.870623647324188177e+00 -1.061260700225830078e-04 -8.296966552734375000e-05 -9.778141975402832031e-05 -8.705258369445800781e-05 -9.092688560485839844e-05 -8.723139762878417969e-05 -9.864568710327148438e-05 -7.569789886474609375e-05 -8.878111839294433594e-05 -8.258223533630371094e-05
1.877076409309575977e+00 7.015466690063476562e-05 6.085634231567382812e-05 6.085634231567382812e-05 8.291006088256835938e-05 6.341934204101562500e-05 5.716085433959960938e-05 6.756186485290527344e-05 6.780028343200683594e-05 7.003545761108398438e-05 5.227327346801757812e-05
1.883529171294964000e+00 -2.455711364746093750e-05 -2.312660217285156250e-05 -2.202391624450683594e-05 -1.981854438781738281e-05 -2.118945121765136719e-05 -3.579258918762207031e-05 -3.373622894287109375e-05 -1.740455627441406250e-05 -9.745359420776367188e-06 -2.092123031616210938e-05
1.889981933280351800e+00 -4.532933235168457031e-05 -4.842877388000488281e-05 -5.188584327697753906e-05 -4.902482032775878906e-05 -4.738569259643554688e-05 -4.899501800537109375e-05 -4.586577415466308594e-05 -5.632638931274414062e-05 -4.795193672180175781e-05 -5.239248275756835938e-05
1.896434695265739823e+00 4.583597183227539062e-05 4.082918167114257812e-05 3.969669342041015625e-05 3.921985626220703125e-05 3.761053085327148438e-05 3.805756568908691406e-05 4.607439041137695312e-05 3.150105476379394531e-05 3.156065940856933594e-05 3.525614738464355469e-05
1.902887457251127623e+00 7.808208465576171875e-06 1.662969589233398438e-05 5.751848220825195312e-06 9.328126907348632812e-06 2.524256706237792969e-05 6.973743438720703125e-06 1.877546310424804688e-05 2.077221870422363281e-05 9.000301361083984375e-06 1.695752143859863281e-05
1.909340219236515646e+00 -1.472234725952148438e-05 -1.460313796997070312e-05 -1.910328865051269531e-05 -1.451373100280761719e-05 -1.254677772521972656e-05 -2.020597457885742188e-05 -9.804964065551757812e-06 -1.734495162963867188e-05 -1.296401023864746094e-05 -1.132488250732421875e-05
1.915792981221903446e+00 1.958012580871582031e-05 2.413988113403320312e-05 2.390146255493164062e-05 1.183152198791503906e-05 1.552700996398925781e-05 6.377696990966796875e-06 1.421570777893066406e-05 1.597404479980468750e-05 5.304813385009765625e-06 8.642673492431640625e-06
1.922245743207291468e+00 -4.857778549194335938e-06 8.016824722290039062e-06 -5.275011062622070312e-06 1.206994056701660156e-05 -3.278255462646484375e-06 -8.672475814819335938e-06 2.175569534301757812e-06 8.940696716308593750e-06 -3.010034561157226562e-06 1.132488250732421875e-05
1.928698505192679269e+00 -3.060698509216308594e-05 -4.199147224426269531e-05 -3.316998481750488281e-05 -1.290440559387207031e-05 -3.042817115783691406e-05 -7.927417755126953125e-06 -2.548098564147949219e-05 -2.169609069824218750e-05 -1.981854438781738281e-05 -2.411007881164550781e-05
1.935151267178067069e+00 6.908178329467773438e-05 7.492303848266601562e-05 5.978345870971679688e-05 8.308887481689453125e-05 7.373094558715820312e-05 6.264448165893554688e-05 8.016824722290039062e-05 6.070733070373535156e-05 6.803870201110839844e-05 6.902217864990234375e-05
1.941604029163455092e+00 1.513957977294921875e-05 3.018975257873535156e-05 1.904368400573730469e-05 2.771615982055664062e-05 2.327561378479003906e-05 2.548098564147949219e-05 2.139806747436523438e-05 3.463029861450195312e-05 1.806020736694335938e-05 3.215670585632324219e-05
1.948056791148842892e+00 -4.756450653076171875e-05 -4.160404205322265625e-05 -5.075335502624511719e-05 -4.476308822631835938e-05 -4.485249519348144531e-05 -4.827976226806640625e-05 -4.377961158752441406e-05 -5.203485488891601562e-05 -4.968047142028808594e-05 -4.550814628601074219e-05
1.954509553134230915e+00 9.894371032714843750e-06 2.980232238769531250e-06 3.665685653686523438e-06 6.616115570068359375e-06 2.044439315795898438e-05 8.910894393920898438e-06 1.785159111022949219e-05 1.272559165954589844e-05 1.415610313415527344e-05 1.391768455505371094e-05
1.960962315119618715e+00 3.412365913391113281e-05 4.488229751586914062e-05 3.445148468017578125e-05 3.662705421447753906e-05 4.816055297851562500e-05 4.506111145019531250e-05 4.255771636962890625e-05 5.260109901428222656e-05 4.056096076965332031e-05 4.851818084716796875e-05
1.967415077105006738e+00 -3.942847251892089844e-05 -4.056096076965332031e-05 -4.044175148010253906e-05 -5.063414573669433594e-05 -4.592537879943847656e-05 -4.732608795166015625e-05 -4.097819328308105469e-05 -5.075335502624511719e-05 -4.649162292480468750e-05 -5.152821540832519531e-05
1.973867839090394538e+00 5.242228507995605469e-05 4.678964614868164062e-05 4.443526268005371094e-05 5.662441253662109375e-05 3.892183303833007812e-05 3.811717033386230469e-05 5.006790161132812500e-05 5.483627319335937500e-05 5.054473876953125000e-05 4.294514656066894531e-05
1.980320601075782561e+00 -3.427267074584960938e-06 -1.525878906250000000e-05 -7.092952728271484375e-06 -8.553266525268554688e-06 -7.301568984985351562e-06 -2.980232238769531250e-06 -1.138448715209960938e-05 -1.323223114013671875e-05 -8.195638656616210938e-06 -1.817941665649414062e-06
1.986773363061170361e+00 -8.487701416015625000e-05 -9.179115295410156250e-05 -9.274482727050781250e-05 -8.603930473327636719e-05 -9.271502494812011719e-05 -1.005232334136962891e-04 -8.803606033325195312e-05 -8.732080459594726562e-05 -8.159875869750976562e-05 -8.389353752136230469e-05
1.993226125046558384e+00 1.015365123748779297e-04 8.976459503173828125e-05 9.870529174804687500e-05 1.055300235748291016e-04 9.015202522277832031e-05 9.131431579589843750e-05 9.196996688842773438e-05 9.822845458984375000e-05 9.733438491821289062e-05 1.118183135986328125e-04
1.999678887031946184e+00 6.312131881713867188e-05 7.167458534240722656e-05 6.219744682312011719e-05 5.829334259033203125e-05 5.596876144409179688e-05 5.933642387390136719e-05 6.458163261413574219e-05 6.064772605895996094e-05 6.324052810668945312e-05 5.882978439331054688e-05
2.006131649017333984e+00 -2.169609069824218750e-05 -9.894371032714843750e-06 -1.361966133117675781e-05 -1.889467239379882812e-05 -9.298324584960937500e-06 -1.934170722961425781e-05 -1.841783523559570312e-05 -1.877546310424804688e-05 -2.142786979675292969e-05 -1.850724220275878906e-05
