#Range[m] 0 1 2 3 4 5 6 7 8 9
1.800000071525573730e-01 -7.693171501159667969e-03 -7.683336734771728516e-03 -7.676154375076293945e-03 -7.700681686401367188e-03 -7.706016302108764648e-03 -7.716655731201171875e-03 -7.688671350479125977e-03 -7.685750722885131836e-03 -7.695287466049194336e-03 -7.684022188186645508e-03
1.864527691379452845e-01 4.667252302169799805e-03 4.693865776062011719e-03 4.705876111984252930e-03 4.700064659118652344e-03 4.739791154861450195e-03 4.743874073028564453e-03 4.736840724945068359e-03 4.740566015243530273e-03 4.762113094329833984e-03 4.713535308837890625e-03
1.929055311233331682e-01 2.044886350631713867e-03 1.999348402023315430e-03 1.990318298339843750e-03 1.983791589736938477e-03 1.926779747009277344e-03 1.923024654388427734e-03 2.000749111175537109e-03 1.945078372955322266e-03 1.942276954650878906e-03 1.950144767761230469e-03
1.993582931087210797e-01 -6.263732910156250000e-03 -6.195157766342163086e-03 -6.239354610443115234e-03 -6.196141242980957031e-03 -6.177783012390136719e-03 -6.164878606796264648e-03 -6.202399730682373047e-03 -6.202191114425659180e-03 -6.217122077941894531e-03 -6.198376417160034180e-03
2.058110550941089911e-01 7.072806358337402344e-03 7.080882787704467773e-03 7.097065448760986328e-03 7.092684507369995117e-03 7.078737020492553711e-03 7.083088159561157227e-03 7.088452577590942383e-03 7.090866565704345703e-03 7.108837366104125977e-03 7.095128297805786133e-03
2.122638170794968748e-01 -4.214227199554443359e-03 -4.229247570037841797e-03 -4.244387149810791016e-03 -4.275321960449218750e-03 -4.324108362197875977e-03 -4.324674606323242188e-03 -4.258155822753906250e-03 -4.329890012741088867e-03 -4.303216934204101562e-03 -4.317492246627807617e-03
2.187165790648847863e-01 -5.412101745605468750e-05 -1.296401023864746094e-05 -2.536177635192871094e-05 2.643465995788574219e-05 7.349252700805664062e-05 1.065731048583984375e-04 1.016259193420410156e-05 7.927417755126953125e-05 7.176399230957031250e-05 1.014471054077148438e-04
2.251693410502726977e-01 4.827588796615600586e-03 4.789650440216064453e-03 4.819869995117187500e-03 4.778474569320678711e-03 4.707455635070800781e-03 4.675358533859252930e-03 4.756033420562744141e-03 4.721134901046752930e-03 4.724413156509399414e-03 4.734426736831665039e-03
2.316221030356606092e-01 -1.085221767425537109e-02 -1.085689663887023926e-02 -1.086515188217163086e-02 -1.086512207984924316e-02 -1.082023978233337402e-02 -1.084548234939575195e-02 -1.082000136375427246e-02 -1.082786917686462402e-02 -1.083293557167053223e-02 -1.084735989570617676e-02
2.380748650210485207e-01 1.007071137428283691e-02 1.014408469200134277e-02 1.009848713874816895e-02 1.017645001411437988e-02 1.023676991462707520e-02 1.023080945014953613e-02 1.014903187751770020e-02 1.021096110343933105e-02 1.020321249961853027e-02 1.017111539840698242e-02
2.445276270064364044e-01 -3.151357173919677734e-03 -3.212898969650268555e-03 -3.213137388229370117e-03 -3.235608339309692383e-03 -3.378868103027343750e-03 -3.462344408035278320e-03 -3.312826156616210938e-03 -3.321081399917602539e-03 -3.327697515487670898e-03 -3.242909908294677734e-03
2.509803889918242881e-01 -1.037174463272094727e-02 -1.030477881431579590e-02 -1.028633117675781250e-02 -1.023772358894348145e-02 -1.016461849212646484e-02 -1.011180877685546875e-02 -1.026278734207153320e-02 -1.015269756317138672e-02 -1.016843318939208984e-02 -1.019856333732604980e-02
2.574331509772121995e-01 2.062323689460754395e-02 2.063268423080444336e-02 2.061024308204650879e-02 2.062958478927612305e-02 2.060654759407043457e-02 2.065011858940124512e-02 2.061814069747924805e-02 2.063274383544921875e-02 2.063187956809997559e-02 2.061870694160461426e-02
2.638859129626001110e-01 -1.858100295066833496e-02 -1.865231990814208984e-02 -1.861619949340820312e-02 -1.868680119514465332e-02 -1.878780126571655273e-02 -1.885074377059936523e-02 -1.872888207435607910e-02 -1.879498362541198730e-02 -1.876875758171081543e-02 -1.869288086891174316e-02
2.703386749479880224e-01 -9.096264839172363281e-04 -7.482767105102539062e-04 -7.475018501281738281e-04 -6.238818168640136719e-04 -4.284977912902832031e-04 -4.124343395233154297e-04 -7.086992263793945312e-04 -5.663931369781494141e-04 -5.970597267150878906e-04 -5.722939968109130859e-04
2.767914369333759339e-01 2.316379547119140625e-02 2.310022711753845215e-02 2.311664819717407227e-02 2.295911312103271484e-02 2.286440134048461914e-02 2.283683419227600098e-02 2.298450469970703125e-02 2.291452884674072266e-02 2.290654182434082031e-02 2.297395467758178711e-02
2.832441989187638454e-01 -3.318750858306884766e-02 -3.323575854301452637e-02 -3.325363993644714355e-02 -3.324270248413085938e-02 -3.325799107551574707e-02 -3.327137231826782227e-02 -3.326031565666198730e-02 -3.326869010925292969e-02 -3.330171108245849609e-02 -3.328439593315124512e-02
2.896969609041517568e-01 1.995381712913513184e-02 2.011427283287048340e-02 1.999637484550476074e-02 2.027952671051025391e-02 2.047923207283020020e-02 2.058580517768859863e-02 2.025225758552551270e-02 2.045601606369018555e-02 2.037113904953002930e-02 2.036923170089721680e-02
2.961497228895396683e-01 7.992774248123168945e-03 7.696539163589477539e-03 7.820665836334228516e-03 7.629483938217163086e-03 7.352411746978759766e-03 7.197499275207519531e-03 7.610350847244262695e-03 7.353663444519042969e-03 7.382273674011230469e-03 7.293641567230224609e-03
3.026024848749275242e-01 -3.009942173957824707e-02 -2.993556857109069824e-02 -3.000554442405700684e-02 -2.987846732139587402e-02 -2.966755628585815430e-02 -2.955225110054016113e-02 -2.988779544830322266e-02 -2.968874573707580566e-02 -2.976933121681213379e-02 -2.976641058921813965e-02
3.090552468603154357e-01 4.028153419494628906e-02 4.036074876785278320e-02 4.029196500778198242e-02 4.036879539489746094e-02 4.044258594512939453e-02 4.049301147460937500e-02 4.038619995117187500e-02 4.045525193214416504e-02 4.045739769935607910e-02 4.045754671096801758e-02
3.155080088457033471e-01 -1.567089557647705078e-02 -1.583400368690490723e-02 -1.571938395500183105e-02 -1.603156328201293945e-02 -1.624175906181335449e-02 -1.633024215698242188e-02 -1.592984795570373535e-02 -1.618969440460205078e-02 -1.605138182640075684e-02 -1.601031422615051270e-02
3.219607708310912586e-01 -1.601976156234741211e-02 -1.591730117797851562e-02 -1.597464084625244141e-02 -1.581913232803344727e-02 -1.542058587074279785e-02 -1.520839333534240723e-02 -1.563322544097900391e-02 -1.564034819602966309e-02 -1.563963294029235840e-02 -1.584708690643310547e-02
3.284135328164791701e-01 3.913104534149169922e-02 3.906968235969543457e-02 3.907984495162963867e-02 3.903383016586303711e-02 3.892320394515991211e-02 3.893175721168518066e-02 3.903177380561828613e-02 3.899163007736206055e-02 3.896105289459228516e-02 3.904479742050170898e-02
3.348662948018670260e-01 -3.185117244720458984e-02 -3.200894594192504883e-02 -3.192722797393798828e-02 -3.207975625991821289e-02 -3.223085403442382812e-02 -3.231072425842285156e-02 -3.209319710731506348e-02 -3.215077519416809082e-02 -3.222271800041198730e-02 -3.221303224563598633e-02
3.413190567872549375e-01 6.899297237396240234e-03 7.008671760559082031e-03 6.926894187927246094e-03 7.085531949996948242e-03 7.395654916763305664e-03 7.456988096237182617e-03 7.127195596694946289e-03 7.283657789230346680e-03 7.243454456329345703e-03 7.147461175918579102e-03
3.477718187726428489e-01 2.491956949234008789e-02 2.477243542671203613e-02 2.481541037559509277e-02 2.468734979629516602e-02 2.449154853820800781e-02 2.448862791061401367e-02 2.471452951431274414e-02 2.465394139289855957e-02 2.461928129196166992e-02 2.465742826461791992e-02
3.542245807580307604e-01 -3.265544772148132324e-02 -3.269797563552856445e-02 -3.267061710357666016e-02 -3.267371654510498047e-02 -3.270539641380310059e-02 -3.274342417716979980e-02 -3.271248936653137207e-02 -3.269201517105102539e-02 -3.272104263305664062e-02 -3.273084759712219238e-02
3.606773427434186718e-01 1.844662427902221680e-02 1.854655146598815918e-02 1.848739385604858398e-02 1.864320039749145508e-02 1.879823207855224609e-02 1.889225840568542480e-02 1.868185400962829590e-02 1.878049969673156738e-02 1.874744892120361328e-02 1.874083280563354492e-02
3.671301047288065833e-01 8.202403783798217773e-03 8.096188306808471680e-03 8.139789104461669922e-03 7.953643798828125000e-03 7.789611816406250000e-03 7.790058851242065430e-03 7.960677146911621094e-03 7.796049118041992188e-03 7.876515388488769531e-03 7.913738489151000977e-03
3.735828667141944948e-01 -2.367919683456420898e-02 -2.363348007202148438e-02 -2.366188168525695801e-02 -2.363395690917968750e-02 -2.355685830116271973e-02 -2.357122302055358887e-02 -2.358770370483398438e-02 -2.353808283805847168e-02 -2.352616190910339355e-02 -2.353346347808837891e-02
3.800356286995824062e-01 2.162167429924011230e-02 2.163544297218322754e-02 2.165576815605163574e-02 2.167323231697082520e-02 2.172890305519104004e-02 2.172973752021789551e-02 2.168509364128112793e-02 2.171340584754943848e-02 2.169865369796752930e-02 2.171772718429565430e-02
3.864883906849703177e-01 -3.129482269287109375e-03 -3.230482339859008789e-03 -3.205955028533935547e-03 -3.302454948425292969e-03 -3.455251455307006836e-03 -3.488153219223022461e-03 -3.304123878479003906e-03 -3.457337617874145508e-03 -3.371208906173706055e-03 -3.356873989105224609e-03
3.929411526703582291e-01 -1.460218429565429688e-02 -1.459023356437683105e-02 -1.457417011260986328e-02 -1.449778676033020020e-02 -1.445716619491577148e-02 -1.442706584930419922e-02 -1.451423764228820801e-02 -1.443725824356079102e-02 -1.449725031852722168e-02 -1.450604200363159180e-02
3.993939146557460851e-01 1.733982563018798828e-02 1.734095811843872070e-02 1.733225584030151367e-02 1.735445857048034668e-02 1.738086342811584473e-02 1.740747690200805664e-02 1.736775040626525879e-02 1.736408472061157227e-02 1.735043525695800781e-02 1.738092303276062012e-02
4.058466766411339965e-01 -6.788909435272216797e-03 -6.836414337158203125e-03 -6.810128688812255859e-03 -6.917238235473632812e-03 -6.971359252929687500e-03 -7.024824619293212891e-03 -6.895214319229125977e-03 -6.980568170547485352e-03 -6.966054439544677734e-03 -6.938070058822631836e-03
4.122994386265219080e-01 -8.471459150314331055e-03 -8.396208286285400391e-03 -8.399784564971923828e-03 -8.394658565521240234e-03 -8.277326822280883789e-03 -8.288979530334472656e-03 -8.369207382202148438e-03 -8.299708366394042969e-03 -8.265584707260131836e-03 -8.307904005050659180e-03
4.187522006119098195e-01 1.426056027412414551e-02 1.425719261169433594e-02 1.426216959953308105e-02 1.422622799873352051e-02 1.419696211814880371e-02 1.420792937278747559e-02 1.422920823097229004e-02 1.421931385993957520e-02 1.421210169792175293e-02 1.423141360282897949e-02
4.252049625972976754e-01 -8.875638246536254883e-03 -8.930861949920654297e-03 -8.936047554016113281e-03 -8.964866399765014648e-03 -9.042352437973022461e-03 -9.047508239746093750e-03 -8.953422307968139648e-03 -9.007215499877929688e-03 -8.993119001388549805e-03 -8.974343538284301758e-03
4.316577245826856424e-01 -2.402186393737792969e-03 -2.334833145141601562e-03 -2.329140901565551758e-03 -2.285569906234741211e-03 -2.192556858062744141e-03 -2.199083566665649414e-03 -2.255767583847045898e-03 -2.217620611190795898e-03 -2.220422029495239258e-03 -2.249926328659057617e-03
4.381104865680734983e-01 9.368211030960083008e-03 9.338825941085815430e-03 9.310662746429443359e-03 9.297609329223632812e-03 9.257704019546508789e-03 9.252876043319702148e-03 9.292989969253540039e-03 9.276866912841796875e-03 9.281992912292480469e-03 9.282529354095458984e-03
4.445632485534614098e-01 -8.963584899902343750e-03 -8.978307247161865234e-03 -8.959472179412841797e-03 -8.990496397018432617e-03 -9.021371603012084961e-03 -9.041160345077514648e-03 -8.992463350296020508e-03 -9.015977382659912109e-03 -9.009003639221191406e-03 -9.006112813949584961e-03
4.510160105388493212e-01 2.910614013671875000e-03 2.951264381408691406e-03 2.960324287414550781e-03 2.965778112411499023e-03 3.015965223312377930e-03 3.031551837921142578e-03 2.962976694107055664e-03 3.015667200088500977e-03 3.019034862518310547e-03 3.003388643264770508e-03
4.574687725242372327e-01 2.973675727844238281e-03 2.942830324172973633e-03 2.948224544525146484e-03 2.925336360931396484e-03 2.885133028030395508e-03 2.859145402908325195e-03 2.893626689910888672e-03 2.859026193618774414e-03 2.866119146347045898e-03 2.907186746597290039e-03
4.639215345096251442e-01 -6.846576929092407227e-03 -6.834268569946289062e-03 -6.839066743850708008e-03 -6.847321987152099609e-03 -6.800830364227294922e-03 -6.839364767074584961e-03 -6.814658641815185547e-03 -6.817489862442016602e-03 -6.815850734710693359e-03 -6.833523511886596680e-03
4.703742964950130556e-01 3.752201795578002930e-03 3.772825002670288086e-03 3.764122724533081055e-03 3.777354955673217773e-03 3.783404827117919922e-03 3.793269395828247070e-03 3.759205341339111328e-03 3.800332546234130859e-03 3.814995288848876953e-03 3.798604011535644531e-03
4.768270584804009671e-01 6.134510040283203125e-04 5.854964256286621094e-04 5.781650543212890625e-04 5.771517753601074219e-04 5.439519882202148438e-04 5.191266536712646484e-04 5.518794059753417969e-04 5.521774291992187500e-04 5.368888378143310547e-04 5.724430084228515625e-04
4.832798204657888230e-01 -3.335058689117431641e-03 -3.339231014251708984e-03 -3.329515457153320312e-03 -3.317624330520629883e-03 -3.305882215499877930e-03 -3.291189670562744141e-03 -3.314346075057983398e-03 -3.298819065093994141e-03 -3.303527832031250000e-03 -3.303587436676025391e-03
4.897325824511767345e-01 2.776116132736206055e-03 2.801805734634399414e-03 2.781867980957031250e-03 2.786904573440551758e-03 2.790123224258422852e-03 2.784311771392822266e-03 2.784162759780883789e-03 2.793163061141967773e-03 2.801656723022460938e-03 2.781987190246582031e-03
4.961853444365646459e-01 -1.073151826858520508e-03 -1.088589429855346680e-03 -1.086413860321044922e-03 -1.100391149520874023e-03 -1.112908124923706055e-03 -1.109242439270019531e-03 -1.097381114959716797e-03 -1.121670007705688477e-03 -1.107662916183471680e-03 -1.102864742279052734e-03
5.026381064219525019e-01 -1.340270042419433594e-03 -1.323461532592773438e-03 -1.340270042419433594e-03 -1.338332891464233398e-03 -1.318454742431640625e-03 -1.316845417022705078e-03 -1.345276832580566406e-03 -1.330584287643432617e-03 -1.338005065917968750e-03 -1.324474811553955078e-03
5.090908684073405244e-01 1.651883125305175781e-03 1.658529043197631836e-03 1.671612262725830078e-03 1.659989356994628906e-03 1.650989055633544922e-03 1.641869544982910156e-03 1.630812883377075195e-03 1.649856567382812500e-03 1.657724380493164062e-03 1.658767461776733398e-03
5.155436303927283248e-01 -7.187724113464355469e-04 -7.245242595672607422e-04 -7.307231426239013672e-04 -7.401406764984130859e-04 -7.329881191253662109e-04 -7.356107234954833984e-04 -7.247626781463623047e-04 -7.355213165283203125e-04 -7.394254207611083984e-04 -7.329285144805908203e-04
5.219963923781163473e-01 -5.519688129425048828e-04 -5.443394184112548828e-04 -5.427300930023193359e-04 -5.442500114440917969e-04 -5.328357219696044922e-04 -5.485117435455322266e-04 -5.485713481903076172e-04 -5.323886871337890625e-04 -5.365908145904541016e-04 -5.503892898559570312e-04
5.284491543635041477e-01 5.562603473663330078e-04 5.487501621246337891e-04 5.509555339813232422e-04 5.541443824768066406e-04 5.397200584411621094e-04 5.501806735992431641e-04 5.469024181365966797e-04 5.499720573425292969e-04 5.495548248291015625e-04 5.532503128051757812e-04
5.349019163488920592e-01 -2.997815608978271484e-04 -3.106296062469482422e-04 -2.974271774291992188e-04 -2.936422824859619141e-04 -3.078281879425048828e-04 -3.053247928619384766e-04 -2.988874912261962891e-04 -3.052055835723876953e-04 -2.958476543426513672e-04 -2.940297126770019531e-04
5.413546783342799706e-01 1.123547554016113281e-04 1.167356967926025391e-04 1.152455806732177734e-04 1.199841499328613281e-04 1.226067543029785156e-04 1.201331615447998047e-04 1.178979873657226562e-04 1.234710216522216797e-04 1.122355461120605469e-04 1.262128353118896484e-04
5.478074403196678821e-01 1.867413520812988281e-04 1.921951770782470703e-04 1.883506774902343750e-04 1.850128173828125000e-04 1.815855503082275391e-04 1.893639564514160156e-04 1.823008060455322266e-04 1.920461654663085938e-04 1.784265041351318359e-04 1.876950263977050781e-04
5.542602023050557936e-01 1.558661460876464844e-04 1.541674137115478516e-04 1.593828201293945312e-04 1.594722270965576172e-04 1.575648784637451172e-04 1.557469367980957031e-04 1.530647277832031250e-04 1.590251922607421875e-04 1.632571220397949219e-04 1.613497734069824219e-04
5.607129642904437050e-01 -3.603398799896240234e-04 -3.511309623718261719e-04 -3.488957881927490234e-04 -3.549754619598388672e-04 -3.519356250762939453e-04 -3.722310066223144531e-04 -3.545284271240234375e-04 -3.416538238525390625e-04 -3.568530082702636719e-04 -3.562867641448974609e-04
5.671657262758316165e-01 -2.916753292083740234e-04 -2.855062484741210938e-04 -2.902150154113769531e-04 -2.958476543426513672e-04 -2.826452255249023438e-04 -2.895295619964599609e-04 -2.921819686889648438e-04 -3.020167350769042969e-04 -2.931952476501464844e-04 -2.764761447906494141e-04
5.736184882612194169e-01 8.670687675476074219e-04 8.615851402282714844e-04 8.688867092132568359e-04 8.593797683715820312e-04 8.595287799835205078e-04 8.644759654998779297e-04 8.698701858520507812e-04 8.755326271057128906e-04 8.689463138580322266e-04 8.601546287536621094e-04
5.800712502466074394e-01 -5.465447902679443359e-04 -5.507171154022216797e-04 -5.510151386260986328e-04 -5.582273006439208984e-04 -5.581676959991455078e-04 -5.603134632110595703e-04 -5.376935005187988281e-04 -5.559921264648437500e-04 -5.585253238677978516e-04 -5.615055561065673828e-04
5.865240122319952398e-01 -1.607239246368408203e-04 -1.513063907623291016e-04 -1.516044139862060547e-04 -1.442134380340576172e-04 -1.327395439147949219e-04 -1.327395439147949219e-04 -1.425445079803466797e-04 -1.316666603088378906e-04 -1.481771469116210938e-04 -1.365840435028076172e-04
5.929767742173832623e-01 6.545484066009521484e-04 6.603300571441650391e-04 6.612539291381835938e-04 6.506741046905517578e-04 6.494522094726562500e-04 6.474852561950683594e-04 6.377398967742919922e-04 6.414949893951416016e-04 6.412863731384277344e-04 6.318390369415283203e-04
5.994295362027710627e-01 -9.979307651519775391e-04 -1.003384590148925781e-03 -1.007050275802612305e-03 -1.019299030303955078e-03 -1.015365123748779297e-03 -1.018583774566650391e-03 -1.004368066787719727e-03 -1.013427972793579102e-03 -1.016587018966674805e-03 -1.018792390823364258e-03
6.058822981881590852e-01 7.832050323486328125e-04 7.772743701934814453e-04 7.833242416381835938e-04 7.965862751007080078e-04 7.888674736022949219e-04 7.934868335723876953e-04 7.799565792083740234e-04 7.868409156799316406e-04 7.822811603546142578e-04 7.821023464202880859e-04
6.123350601735468857e-01 3.612041473388671875e-05 4.702806472778320312e-05 5.671381950378417969e-05 4.062056541442871094e-05 3.686547279357910156e-05 2.935528755187988281e-05 4.020333290100097656e-05 3.761053085327148438e-05 3.346800804138183594e-05 3.764033317565917969e-05
6.187878221589347971e-01 -8.719861507415771484e-04 -8.780956268310546875e-04 -8.698999881744384766e-04 -8.711814880371093750e-04 -8.651614189147949219e-04 -8.709430694580078125e-04 -8.711218833923339844e-04 -8.705854415893554688e-04 -8.648335933685302734e-04 -8.713603019714355469e-04
6.252405841443227086e-01 7.151961326599121094e-04 7.204413414001464844e-04 7.117092609405517578e-04 7.225871086120605469e-04 7.260441780090332031e-04 7.220208644866943359e-04 7.063448429107666016e-04 7.153153419494628906e-04 7.225871086120605469e-04 7.212460041046142578e-04
6.316933461297106200e-01 -3.554522991180419922e-04 -3.597438335418701172e-04 -3.475844860076904297e-04 -3.328621387481689453e-04 -3.612041473388671875e-04 -3.654658794403076172e-04 -3.548860549926757812e-04 -3.534555435180664062e-04 -3.613233566284179688e-04 -3.513395786285400391e-04
6.381461081150985315e-01 -1.278817653656005859e-04 -1.268982887268066406e-04 -1.274347305297851562e-04 -1.200437545776367188e-04 -1.118481159210205078e-04 -1.104176044464111328e-04 -1.176297664642333984e-04 -1.139342784881591797e-04 -1.255273818969726562e-04 -1.240372657775878906e-04
6.445988701004864430e-01 5.701184272766113281e-04 5.553066730499267578e-04 5.677938461303710938e-04 5.678236484527587891e-04 5.569159984588623047e-04 5.676150321960449219e-04 5.705058574676513672e-04 5.531013011932373047e-04 5.579888820648193359e-04 5.587339401245117188e-04
6.510516320858743544e-01 -5.109906196594238281e-04 -5.108416080474853516e-04 -5.109906196594238281e-04 -5.115866661071777344e-04 -5.082786083221435547e-04 -5.009770393371582031e-04 -5.062818527221679688e-04 -5.005300045013427734e-04 -5.136132240295410156e-04 -5.154609680175781250e-04
6.575043940712622659e-01 1.561641693115234375e-05 2.348423004150390625e-05 2.551078796386718750e-05 2.521276473999023438e-05 2.881884574890136719e-05 1.794099807739257812e-05 2.142786979675292969e-05 3.385543823242187500e-05 4.163384437561035156e-05 1.761317253112792969e-05
6.639571560566501773e-01 7.739663124084472656e-05 7.611513137817382812e-05 8.156895637512207031e-05 8.326768875122070312e-05 6.842613220214843750e-05 7.614493370056152344e-05 7.775425910949707031e-05 7.295608520507812500e-05 7.015466690063476562e-05 7.253885269165039062e-05
6.704099180420379778e-01 -1.546740531921386719e-05 -1.451373100280761719e-05 -5.543231964111328125e-06 -1.737475395202636719e-05 -2.166628837585449219e-05 -2.220273017883300781e-05 -1.984834671020507812e-05 -7.271766662597656250e-06 -1.600384712219238281e-05 -6.914138793945312500e-06
6.768626800274260003e-01 2.191066741943359375e-04 2.053081989288330078e-04 2.161860466003417969e-04 2.022087574005126953e-04 2.185106277465820312e-04 2.172589302062988281e-04 2.140700817108154297e-04 2.228021621704101562e-04 2.135038375854492188e-04 2.245306968688964844e-04
6.833154420128139117e-01 -3.139972686767578125e-04 -2.968311309814453125e-04 -3.090202808380126953e-04 -3.049075603485107422e-04 -3.047585487365722656e-04 -3.134310245513916016e-04 -3.070235252380371094e-04 -2.954304218292236328e-04 -2.978742122650146484e-04 -3.094673156738281250e-04
6.897682039982017121e-01 1.756548881530761719e-04 1.829564571380615234e-04 1.856088638305664062e-04 1.859962940216064453e-04 1.927614212036132812e-04 1.894831657409667969e-04 1.901686191558837891e-04 1.865029335021972656e-04 1.731514930725097656e-04 1.832246780395507812e-04
6.962209659835896236e-01 -3.489851951599121094e-05 -4.100799560546875000e-05 -3.901124000549316406e-05 -5.164742469787597656e-05 -5.358457565307617188e-05 -5.090236663818359375e-05 -4.729628562927246094e-05 -3.448128700256347656e-05 -4.526972770690917969e-05 -3.731250762939453125e-05
7.026737279689775351e-01 -9.128451347351074219e-05 -8.624792098999023438e-05 -8.794665336608886719e-05 -8.371472358703613281e-05 -8.839368820190429688e-05 -8.663535118103027344e-05 -8.440017700195312500e-05 -8.854269981384277344e-05 -7.981061935424804688e-05 -8.761882781982421875e-05
7.091264899543654465e-01 4.678666591644287109e-04 4.787743091583251953e-04 4.764497280120849609e-04 4.679560661315917969e-04 4.687309265136718750e-04 4.695057868957519531e-04 4.588663578033447266e-04 4.670321941375732422e-04 4.629492759704589844e-04 4.642009735107421875e-04
7.155792519397533580e-01 -3.971457481384277344e-04 -4.028975963592529297e-04 -3.967881202697753906e-04 -4.128813743591308594e-04 -4.096329212188720703e-04 -4.114806652069091797e-04 -4.079639911651611328e-04 -4.156231880187988281e-04 -4.137158393859863281e-04 -3.986060619354248047e-04
7.220320139251412694e-01 -1.795589923858642578e-04 -1.678168773651123047e-04 -1.825988292694091797e-04 -1.736879348754882812e-04 -1.673102378845214844e-04 -1.694560050964355469e-04 -1.653432846069335938e-04 -1.617670059204101562e-04 -1.663863658905029297e-04 -1.624524593353271484e-04
7.284847759105291809e-01 4.535317420959472656e-04 4.589557647705078125e-04 4.604458808898925781e-04 4.465579986572265625e-04 4.473924636840820312e-04 4.566907882690429688e-04 4.496574401855468750e-04 4.616677761077880859e-04 4.592537879943847656e-04 4.527270793914794922e-04
7.349375378959170924e-01 -3.272891044616699219e-04 -3.160536289215087891e-04 -3.353953361511230469e-04 -3.254711627960205078e-04 -3.269314765930175781e-04 -3.349483013153076172e-04 -3.310143947601318359e-04 -3.249943256378173828e-04 -3.363788127899169922e-04 -3.282725811004638672e-04
7.413902998813050038e-01 1.960098743438720703e-04 1.876354217529296875e-04 1.935660839080810547e-04 1.809000968933105469e-04 1.984536647796630859e-04 1.938641071319580078e-04 1.910030841827392578e-04 2.133548259735107422e-04 1.997649669647216797e-04 1.900494098663330078e-04
7.478430618666929153e-01 -3.176927566528320312e-05 -3.606081008911132812e-05 -3.519654273986816406e-05 -3.018975257873535156e-05 -3.716349601745605469e-05 -4.118680953979492188e-05 -3.528594970703125000e-05 -2.682209014892578125e-05 -4.354119300842285156e-05 -4.947185516357421875e-05
7.542958238520808267e-01 -5.129277706146240234e-04 -4.979968070983886719e-04 -5.028545856475830078e-04 -5.106925964355468750e-04 -4.924237728118896484e-04 -5.025267601013183594e-04 -5.015432834625244141e-04 -4.980862140655517578e-04 -5.041658878326416016e-04 -5.037188529968261719e-04
7.607485858374687382e-01 3.978610038757324219e-04 4.038214683532714844e-04 4.016160964965820312e-04 4.028975963592529297e-04 3.948509693145751953e-04 4.056394100189208984e-04 4.003643989562988281e-04 3.917217254638671875e-04 3.944337368011474609e-04 3.966689109802246094e-04
7.672013478228566496e-01 2.438724040985107422e-04 2.547502517700195312e-04 2.416968345642089844e-04 2.321302890777587891e-04 2.344250679016113281e-04 2.433061599731445312e-04 2.373158931732177734e-04 2.290606498718261719e-04 2.475082874298095703e-04 2.344846725463867188e-04
7.736541098082445611e-01 -1.616477966308593750e-04 -1.622140407562255859e-04 -1.668035984039306641e-04 -1.515746116638183594e-04 -1.555085182189941406e-04 -1.521706581115722656e-04 -1.625716686248779297e-04 -1.603066921234130859e-04 -1.573264598846435547e-04 -1.603960990905761719e-04
7.801068717936323615e-01 2.584457397460937500e-04 2.570152282714843750e-04 2.605617046356201172e-04 2.632141113281250000e-04 2.603232860565185547e-04 2.746880054473876953e-04 2.712011337280273438e-04 2.600550651550292969e-04 2.629458904266357422e-04 2.593696117401123047e-04
7.865596337790202730e-01 1.032948493957519531e-04 1.037418842315673828e-04 1.021325588226318359e-04 9.456276893615722656e-05 8.136034011840820312e-05 8.323788642883300781e-05 9.825825691223144531e-05 1.035332679748535156e-04 9.706616401672363281e-05 1.061260700225830078e-04
7.930123957644081845e-01 -9.348988533020019531e-05 -9.077787399291992188e-05 -8.696317672729492188e-05 -8.174777030944824219e-05 -9.062886238098144531e-05 -8.678436279296875000e-05 -8.273124694824218750e-05 -8.207559585571289062e-05 -8.204579353332519531e-05 -7.322430610656738281e-05
7.994651577497960959e-01 2.112686634063720703e-04 2.204477787017822266e-04 2.113878726959228516e-04 2.271831035614013672e-04 2.208054065704345703e-04 2.270340919494628906e-04 2.187490463256835938e-04 2.259910106658935547e-04 2.300441265106201172e-04 2.174973487854003906e-04
8.059179197351840074e-01 -5.143880844116210938e-04 -5.243122577667236328e-04 -5.287528038024902344e-04 -5.367994308471679688e-04 -5.179643630981445312e-04 -5.334913730621337891e-04 -5.205869674682617188e-04 -5.282461643218994141e-04 -5.289912223815917969e-04 -5.147159099578857422e-04
8.123706817205719188e-01 -4.293322563171386719e-04 -4.299879074096679688e-04 -4.299283027648925781e-04 -4.332363605499267578e-04 -4.312396049499511719e-04 -4.317462444305419922e-04 -4.213452339172363281e-04 -4.312694072723388672e-04 -4.423260688781738281e-04 -4.324316978454589844e-04
8.188234437059598303e-01 6.887912750244140625e-04 6.892383098602294922e-04 7.030963897705078125e-04 6.932318210601806641e-04 6.996393203735351562e-04 6.849765777587890625e-04 6.809532642364501953e-04 6.966292858123779297e-04 6.909668445587158203e-04 6.862878799438476562e-04
8.252762056913477418e-01 -4.515647888183593750e-04 -4.522800445556640625e-04 -4.518926143646240234e-04 -4.561543464660644531e-04 -4.505515098571777344e-04 -4.632174968719482422e-04 -4.523396492004394531e-04 -4.487335681915283203e-04 -4.577338695526123047e-04 -4.410445690155029297e-04
8.317289676767356532e-01 -4.887282848358154297e-04 -4.896819591522216797e-04 -4.918277263641357422e-04 -4.947185516357421875e-04 -4.912316799163818359e-04 -4.858076572418212891e-04 -4.885196685791015625e-04 -4.794001579284667969e-04 -4.877150058746337891e-04 -4.831552505493164062e-04
8.381817296621235647e-01 9.446740150451660156e-04 9.415447711944580078e-04 9.369552135467529297e-04 9.241104125976562500e-04 9.355545043945312500e-04 9.407103061676025391e-04 9.360313415527343750e-04 9.282827377319335938e-04 9.389221668243408203e-04 9.304285049438476562e-04
8.446344916475114761e-01 -4.477500915527343750e-04 -4.412531852722167969e-04 -4.372000694274902344e-04 -4.472136497497558594e-04 -4.528164863586425781e-04 -4.548728466033935547e-04 -4.346072673797607422e-04 -4.456639289855957031e-04 -4.452168941497802734e-04 -4.421472549438476562e-04
8.510872536328993876e-01 -1.215338706970214844e-04 -1.151859760284423828e-04 -1.160800457000732422e-04 -1.057386398315429688e-04 -1.160800457000732422e-04 -1.100897789001464844e-04 -1.169443130493164062e-04 -1.092851161956787109e-04 -1.116394996643066406e-04 -1.111328601837158203e-04
8.575400156182872990e-01 3.961324691772460938e-04 3.884732723236083984e-04 3.793835639953613281e-04 3.938674926757812500e-04 3.786087036132812500e-04 3.738999366760253906e-04 3.874301910400390625e-04 3.818273544311523438e-04 3.984570503234863281e-04 3.802180290222167969e-04
8.639927776036752105e-01 -5.860626697540283203e-04 -5.582869052886962891e-04 -5.663037300109863281e-04 -5.632638931274414062e-04 -5.734860897064208984e-04 -5.667805671691894531e-04 -5.753636360168457031e-04 -5.588531494140625000e-04 -5.734264850616455078e-04 -5.696415901184082031e-04
8.704455395890630109e-01 2.333521842956542969e-05 2.694129943847656250e-05 2.261996269226074219e-05 2.679228782653808594e-05 3.236532211303710938e-05 2.527236938476562500e-05 2.717971801757812500e-05 3.013014793395996094e-05 2.953410148620605469e-05 2.846121788024902344e-05
8.768983015744509224e-01 2.864003181457519531e-04 2.910494804382324219e-04 2.869963645935058594e-04 2.784132957458496094e-04 2.825856208801269531e-04 2.796947956085205078e-04 2.882778644561767578e-04 2.937018871307373047e-04 2.743303775787353516e-04 2.709329128265380859e-04
8.833510635598388339e-01 -2.493858337402343750e-04 -2.574920654296875000e-04 -2.534687519073486328e-04 -2.497434616088867188e-04 -2.565085887908935547e-04 -2.453029155731201172e-04 -2.681016921997070312e-04 -2.529025077819824219e-04 -2.512931823730468750e-04 -2.546012401580810547e-04
8.898038255452267453e-01 1.818239688873291016e-04 1.700222492218017578e-04 1.816153526306152344e-04 1.818537712097167969e-04 1.811385154724121094e-04 1.696050167083740234e-04 1.865029335021972656e-04 1.777708530426025391e-04 1.814365386962890625e-04 1.744627952575683594e-04
8.962565875306146568e-01 6.526708602905273438e-05 6.493926048278808594e-05 6.979703903198242188e-05 6.866455078125000000e-05 5.435943603515625000e-05 7.316470146179199219e-05 7.176399230957031250e-05 6.139278411865234375e-05 6.467103958129882812e-05 6.511807441711425781e-05
9.027093495160025682e-01 -2.272129058837890625e-04 -2.371072769165039062e-04 -2.480745315551757812e-04 -2.347230911254882812e-04 -2.361834049224853516e-04 -2.289116382598876953e-04 -2.276301383972167969e-04 -2.377629280090332031e-04 -2.348124980926513672e-04 -2.433657646179199219e-04
9.091621115013904797e-01 1.893341541290283203e-04 1.870989799499511719e-04 1.953542232513427734e-04 1.903474330902099609e-04 1.898705959320068359e-04 1.947581768035888672e-04 1.942813396453857422e-04 1.853108406066894531e-04 2.008676528930664062e-04 1.948475837707519531e-04
9.156148734867783912e-01 8.267164230346679688e-05 7.665157318115234375e-05 8.320808410644531250e-05 8.729100227355957031e-05 7.072091102600097656e-05 7.396936416625976562e-05 8.079409599304199219e-05 6.812810897827148438e-05 6.887316703796386719e-05 8.416175842285156250e-05
9.220676354721663026e-01 -2.894103527069091797e-04 -2.952218055725097656e-04 -3.035962581634521484e-04 -2.963244915008544922e-04 -2.914071083068847656e-04 -2.948641777038574219e-04 -2.972781658172607422e-04 -2.968013286590576172e-04 -2.917349338531494141e-04 -2.899765968322753906e-04
9.285203974575542141e-01 1.912713050842285156e-04 2.062916755676269531e-04 2.076923847198486328e-04 2.000927925109863281e-04 2.011656761169433594e-04 2.108514308929443359e-04 2.093315124511718750e-04 2.115666866302490234e-04 2.028048038482666016e-04 2.167820930480957031e-04
9.349731594429421255e-01 1.057982444763183594e-04 1.105070114135742188e-04 1.120567321777343750e-04 1.053512096405029297e-04 9.700655937194824219e-05 1.070499420166015625e-04 9.825825691223144531e-05 1.077055931091308594e-04 1.055598258972167969e-04 1.081228256225585938e-04
9.414259214283300370e-01 -2.730488777160644531e-04 -2.683103084564208984e-04 -2.523064613342285156e-04 -2.654194831848144531e-04 -2.677738666534423828e-04 -2.568662166595458984e-04 -2.651512622833251953e-04 -2.724826335906982422e-04 -2.608001232147216797e-04 -2.653896808624267578e-04
9.478786834137179484e-01 3.563463687896728516e-04 3.480911254882812500e-04 3.466606140136718750e-04 3.511309623718261719e-04 3.713965415954589844e-04 3.555715084075927734e-04 3.569424152374267578e-04 3.535151481628417969e-04 3.442466259002685547e-04 3.608763217926025391e-04
9.543314453991058599e-01 -1.311898231506347656e-04 -1.235902309417724609e-04 -1.245737075805664062e-04 -1.296401023864746094e-04 -1.247823238372802734e-04 -1.297593116760253906e-04 -1.410543918609619141e-04 -1.283884048461914062e-04 -1.354217529296875000e-04 -1.325011253356933594e-04
9.607842073844936603e-01 -2.066195011138916016e-04 -2.023875713348388672e-04 -2.009868621826171875e-04 -2.060532569885253906e-04 -2.037286758422851562e-04 -1.912415027618408203e-04 -2.138614654541015625e-04 -1.953840255737304688e-04 -2.190470695495605469e-04 -1.945197582244873047e-04
9.672369693698815718e-01 3.124773502349853516e-04 3.165304660797119141e-04 3.253519535064697266e-04 3.190040588378906250e-04 3.141462802886962891e-04 3.212988376617431641e-04 3.187060356140136719e-04 3.125071525573730469e-04 3.153085708618164062e-04 3.265142440795898438e-04
9.736897313552694833e-01 -1.865625381469726562e-04 -1.750290393829345703e-04 -1.804232597351074219e-04 -1.806020736694335938e-04 -1.809895038604736328e-04 -1.856088638305664062e-04 -1.793801784515380859e-04 -1.823008060455322266e-04 -1.751482486724853516e-04 -1.823902130126953125e-04
9.801424933406573947e-01 -1.665949821472167969e-05 -2.029538154602050781e-05 -2.527236938476562500e-05 -1.934170722961425781e-05 -1.689791679382324219e-05 -7.092952728271484375e-06 -2.685189247131347656e-05 -2.241134643554687500e-05 -2.110004425048828125e-05 -2.506375312805175781e-05
9.865952553260453062e-01 1.859068870544433594e-04 1.819431781768798828e-04 1.817941665649414062e-04 1.733303070068359375e-04 1.916289329528808594e-04 1.711547374725341797e-04 1.886487007141113281e-04 1.822412014007568359e-04 1.800954341888427734e-04 1.824498176574707031e-04
9.930480173114332176e-01 -2.228915691375732422e-04 -2.350807189941406250e-04 -2.368986606597900391e-04 -2.330839633941650391e-04 -2.202093601226806641e-04 -2.264678478240966797e-04 -2.226829528808593750e-04 -2.351105213165283203e-04 -2.365112304687500000e-04 -2.232491970062255859e-04
9.995007792968211291e-01 1.348555088043212891e-04 1.316666603088378906e-04 1.375973224639892578e-04 1.305043697357177734e-04 1.261830329895019531e-04 1.180469989776611328e-04 1.294016838073730469e-04 1.372694969177246094e-04 1.304149627685546875e-04 1.254975795745849609e-04
1.005953541282209152e+00 9.796023368835449219e-05 1.011490821838378906e-04 1.088976860046386719e-04 1.022219657897949219e-04 9.417533874511718750e-05 8.961558341979980469e-05 1.026093959808349609e-04 9.754300117492675781e-05 8.302927017211914062e-05 9.423494338989257812e-05
1.012406303267596952e+00 -1.284182071685791016e-04 -1.239776611328125000e-04 -1.303553581237792969e-04 -1.220703125000000000e-04 -1.315176486968994141e-04 -1.145005226135253906e-04 -1.285970211029052734e-04 -1.266002655029296875e-04 -1.213252544403076172e-04 -1.288652420043945312e-04
1.018859065252984752e+00 6.332993507385253906e-05 6.923079490661621094e-05 7.855892181396484375e-05 5.754828453063964844e-05 7.638335227966308594e-05 7.131695747375488281e-05 7.158517837524414062e-05 6.312131881713867188e-05 8.031725883483886719e-05 6.669759750366210938e-05
1.025311827238372775e+00 -4.500150680541992188e-06 -3.516674041748046875e-06 -5.573034286499023438e-06 4.231929779052734375e-06 -2.801418304443359375e-06 -4.380941390991210938e-06 3.993511199951171875e-06 -4.738569259643554688e-06 8.046627044677734375e-07 -5.871057510375976562e-06
1.031764589223760797e+00 -5.897879600524902344e-05 -4.935264587402343750e-05 -5.221366882324218750e-05 -5.188584327697753906e-05 -6.294250488281250000e-05 -5.635619163513183594e-05 -6.198883056640625000e-05 -4.976987838745117188e-05 -5.450844764709472656e-05 -5.558133125305175781e-05
1.038217351209148598e+00 1.139640808105468750e-04 1.212060451507568359e-04 1.243948936462402344e-04 1.281201839447021484e-04 1.224577426910400391e-04 1.304149627685546875e-04 1.211166381835937500e-04 1.125335693359375000e-04 1.094341278076171875e-04 1.277625560760498047e-04
1.044670113194536398e+00 1.536905765533447266e-04 1.432299613952636719e-04 1.503825187683105469e-04 1.467764377593994141e-04 1.423358917236328125e-04 1.530647277832031250e-04 1.390278339385986328e-04 1.365542411804199219e-04 1.550912857055664062e-04 1.522600650787353516e-04
1.051122875179924421e+00 -1.910030841827392578e-04 -1.838505268096923828e-04 -1.857578754425048828e-04 -1.912713050842285156e-04 -1.765787601470947266e-04 -1.787841320037841797e-04 -1.810491085052490234e-04 -1.902282238006591797e-04 -1.775026321411132812e-04 -1.872479915618896484e-04
1.057575637165312221e+00 -2.724528312683105469e-04 -2.695620059967041016e-04 -2.749860286712646484e-04 -2.814531326293945312e-04 -2.894699573516845703e-04 -2.940893173217773438e-04 -2.807974815368652344e-04 -2.735257148742675781e-04 -2.864003181457519531e-04 -2.730786800384521484e-04
1.064028399150700022e+00 1.210272312164306641e-04 1.235604286193847656e-04 1.346766948699951172e-04 1.263320446014404297e-04 1.191198825836181641e-04 1.172125339508056641e-04 1.302957534790039062e-04 1.248717308044433594e-04 1.256465911865234375e-04 1.334249973297119141e-04
1.070481161136088044e+00 -2.292096614837646484e-04 -2.205371856689453125e-04 -2.199709415435791016e-04 -2.246499061584472656e-04 -2.212822437286376953e-04 -2.152919769287109375e-04 -2.163350582122802734e-04 -2.285838127136230469e-04 -2.296864986419677734e-04 -2.251267433166503906e-04
1.076933923121476067e+00 -1.397132873535156250e-04 -1.542270183563232422e-04 -1.507997512817382812e-04 -1.390576362609863281e-04 -1.307725906372070312e-04 -1.422464847564697266e-04 -1.455843448638916016e-04 -1.509487628936767578e-04 -1.550912857055664062e-04 -1.384317874908447266e-04
1.083386685106863867e+00 8.028745651245117188e-05 7.566809654235839844e-05 7.575750350952148438e-05 8.347630500793457031e-05 7.277727127075195312e-05 6.744265556335449219e-05 7.992982864379882812e-05 8.425116539001464844e-05 7.787346839904785156e-05 8.457899093627929688e-05
1.089839447092251667e+00 -2.709031105041503906e-05 -3.787875175476074219e-05 -4.145503044128417969e-05 -4.273653030395507812e-05 -3.314018249511718750e-05 -5.036592483520507812e-05 -4.264712333679199219e-05 -5.215406417846679688e-05 -4.068017005920410156e-05 -4.026293754577636719e-05
1.096292209077639690e+00 -4.830956459045410156e-05 -5.167722702026367188e-05 -5.683302879333496094e-05 -5.781650543212890625e-05 -5.680322647094726562e-05 -5.033612251281738281e-05 -4.389882087707519531e-05 -4.601478576660156250e-05 -5.364418029785156250e-05 -4.515051841735839844e-05
1.102744971063027712e+00 -1.651942729949951172e-04 -1.567304134368896484e-04 -1.638829708099365234e-04 -1.504123210906982422e-04 -1.588761806488037109e-04 -1.382231712341308594e-04 -1.544654369354248047e-04 -1.603662967681884766e-04 -1.417696475982666016e-04 -1.614987850189208984e-04
1.109197733048415513e+00 -3.606081008911132812e-06 -5.483627319335937500e-06 -1.052021980285644531e-05 -1.946091651916503906e-05 -1.618266105651855469e-05 -1.040101051330566406e-05 -6.556510925292968750e-06 -1.287460327148437500e-05 -1.341104507446289062e-05 -1.513957977294921875e-05
1.115650495033803313e+00 -4.688501358032226562e-04 -4.537999629974365234e-04 -4.596710205078125000e-04 -4.611015319824218750e-04 -4.647076129913330078e-04 -4.703104496002197266e-04 -4.661977291107177734e-04 -4.554092884063720703e-04 -4.703104496002197266e-04 -4.635155200958251953e-04
1.122103257019191336e+00 2.455711364746093750e-05 4.276633262634277344e-05 4.512071609497070312e-05 3.710389137268066406e-05 3.641843795776367188e-05 3.618001937866210938e-05 3.439188003540039062e-05 4.103779792785644531e-05 3.591179847717285156e-05 4.607439041137695312e-05
1.128556019004579358e+00 7.942318916320800781e-05 7.364153861999511719e-05 8.520483970642089844e-05 7.227063179016113281e-05 6.392598152160644531e-05 6.979703903198242188e-05 6.678700447082519531e-05 6.392598152160644531e-05 7.104873657226562500e-05 6.076693534851074219e-05
1.135008780989967159e+00 -6.307959556579589844e-04 -6.191134452819824219e-04 -6.231367588043212891e-04 -6.161034107208251953e-04 -6.110072135925292969e-04 -6.136000156402587891e-04 -6.132423877716064453e-04 -6.141066551208496094e-04 -6.146132946014404297e-04 -6.106197834014892578e-04
1.141461542975354959e+00 5.815923213958740234e-04 5.944371223449707031e-04 5.871355533599853516e-04 6.001591682434082031e-04 5.951821804046630859e-04 5.933344364166259766e-04 5.933940410614013672e-04 6.034374237060546875e-04 6.033480167388916016e-04 5.888640880584716797e-04
1.147914304960742982e+00 -6.222724914550781250e-05 -6.967782974243164062e-05 -6.103515625000000000e-05 -7.253885269165039062e-05 -7.957220077514648438e-05 -7.206201553344726562e-05 -7.575750350952148438e-05 -6.526708602905273438e-05 -7.817149162292480469e-05 -6.377696990966796875e-05
1.154367066946130782e+00 1.758337020874023438e-05 2.688169479370117188e-05 3.859400749206542969e-05 2.828240394592285156e-05 3.549456596374511719e-05 3.421306610107421875e-05 3.978610038757324219e-05 3.322958946228027344e-05 3.260374069213867188e-05 1.233816146850585938e-05
1.160819828931518582e+00 6.122887134552001953e-04 6.228089332580566406e-04 6.060004234313964844e-04 6.243586540222167969e-04 6.115138530731201172e-04 6.088912487030029297e-04 6.070137023925781250e-04 6.147623062133789062e-04 6.143748760223388672e-04 6.096959114074707031e-04
1.167272590916906605e+00 -6.729662418365478516e-04 -6.653070449829101562e-04 -6.497800350189208984e-04 -6.675720214843750000e-04 -6.687045097351074219e-04 -6.743967533111572266e-04 -6.621479988098144531e-04 -6.654858589172363281e-04 -6.601214408874511719e-04 -6.717443466186523438e-04
1.173725352902294627e+00 3.652572631835937500e-04 3.647804260253906250e-04 3.596544265747070312e-04 3.650486469268798828e-04 3.710687160491943359e-04 3.667771816253662109e-04 3.641545772552490234e-04 3.611147403717041016e-04 3.799796104431152344e-04 3.604292869567871094e-04
1.180178114887682428e+00 2.691447734832763672e-04 2.659261226654052734e-04 2.713799476623535156e-04 2.571642398834228516e-04 2.586543560028076172e-04 2.533197402954101562e-04 2.700090408325195312e-04 2.695918083190917969e-04 2.620518207550048828e-04 2.612769603729248047e-04
1.186630876873070450e+00 -7.534325122833251953e-04 -7.483363151550292969e-04 -7.415115833282470703e-04 -7.464587688446044922e-04 -7.459521293640136719e-04 -7.426142692565917969e-04 -7.448196411132812500e-04 -7.455050945281982422e-04 -7.434487342834472656e-04 -7.434189319610595703e-04
1.193083638858458251e+00 8.809566497802734375e-04 8.743703365325927734e-04 8.846223354339599609e-04 8.846819400787353516e-04 8.817911148071289062e-04 8.783936500549316406e-04 8.857846260070800781e-04 8.844137191772460938e-04 8.866786956787109375e-04 8.885562419891357422e-04
1.199536400843846051e+00 -2.255439758300781250e-04 -2.333819866180419922e-04 -2.346634864807128906e-04 -2.324581146240234375e-04 -2.382099628448486328e-04 -2.512931823730468750e-04 -2.326071262359619141e-04 -2.366602420806884766e-04 -2.343952655792236328e-04 -2.322196960449218750e-04
1.205989162829234074e+00 -4.596114158630371094e-04 -4.487931728363037109e-04 -4.599988460540771484e-04 -4.549622535705566406e-04 -4.539191722869873047e-04 -4.554390907287597656e-04 -4.457831382751464844e-04 -4.507005214691162109e-04 -4.432499408721923828e-04 -4.542768001556396484e-04
1.212441924814621874e+00 8.251368999481201172e-04 8.243322372436523438e-04 8.160471916198730469e-04 8.310675621032714844e-04 8.253753185272216797e-04 8.167922496795654297e-04 8.269250392913818359e-04 8.238852024078369141e-04 8.183419704437255859e-04 8.215904235839843750e-04
1.218894686800009897e+00 -5.421638488769531250e-04 -5.443692207336425781e-04 -5.525350570678710938e-04 -5.528032779693603516e-04 -5.465447902679443359e-04 -5.567073822021484375e-04 -5.443990230560302734e-04 -5.466938018798828125e-04 -5.544424057006835938e-04 -5.583465099334716797e-04
1.225347448785397697e+00 1.542270183563232422e-04 1.625418663024902344e-04 1.531839370727539062e-04 1.641511917114257812e-04 1.618862152099609375e-04 1.607835292816162109e-04 1.662671566009521484e-04 1.582503318786621094e-04 1.576244831085205078e-04 1.646280288696289062e-04
1.231800210770785720e+00 1.897811889648437500e-04 1.882910728454589844e-04 1.921653747558593750e-04 1.916289329528808594e-04 1.762807369232177734e-04 1.707971096038818359e-04 1.837015151977539062e-04 1.786351203918457031e-04 1.958012580871582031e-04 1.850426197052001953e-04
1.238252972756173520e+00 -5.220174789428710938e-04 -5.341768264770507812e-04 -5.247592926025390625e-04 -5.336105823516845703e-04 -5.266666412353515625e-04 -5.313754081726074219e-04 -5.348622798919677734e-04 -5.322694778442382812e-04 -5.227327346801757812e-04 -5.350708961486816406e-04
1.244705734741561542e+00 2.835392951965332031e-04 3.053843975067138672e-04 2.759993076324462891e-04 2.861917018890380859e-04 2.943575382232666016e-04 2.920329570770263672e-04 2.825856208801269531e-04 2.807378768920898438e-04 2.983808517456054688e-04 2.990663051605224609e-04
1.251158496726949343e+00 -8.285045623779296875e-06 -2.104043960571289062e-05 3.844499588012695312e-06 -8.642673492431640625e-06 -1.615285873413085938e-05 -1.385807991027832031e-05 -2.831220626831054688e-06 -7.212162017822265625e-06 -3.516674041748046875e-06 -8.910894393920898438e-06
1.257611258712337365e+00 -2.388060092926025391e-04 -2.413094043731689453e-04 -2.394318580627441406e-04 -2.404153347015380859e-04 -2.326071262359619141e-04 -2.461671829223632812e-04 -2.448260784149169922e-04 -2.156198024749755859e-04 -2.320110797882080078e-04 -2.278089523315429688e-04
1.264064020697725166e+00 2.336800098419189453e-04 2.319514751434326172e-04 2.224147319793701172e-04 2.326369285583496094e-04 2.425312995910644531e-04 2.331137657165527344e-04 2.284348011016845703e-04 2.299249172210693359e-04 2.231895923614501953e-04 2.372562885284423828e-04
1.270516782683113188e+00 -1.068115234375000000e-04 -1.053214073181152344e-04 -1.149177551269531250e-04 -1.181364059448242188e-04 -1.050531864166259766e-04 -1.181960105895996094e-04 -1.052021980285644531e-04 -1.103878021240234375e-04 -1.099109649658203125e-04 -1.156032085418701172e-04
1.276969544668500989e+00 -1.870989799499511719e-04 -1.782178878784179688e-04 -1.804232597351074219e-04 -1.793801784515380859e-04 -1.758337020874023438e-04 -1.689195632934570312e-04 -1.842975616455078125e-04 -1.811981201171875000e-04 -1.783370971679687500e-04 -1.856088638305664062e-04
1.283422306653888789e+00 1.983642578125000000e-04 1.936852931976318359e-04 2.072751522064208984e-04 2.021193504333496094e-04 1.908838748931884766e-04 1.959800720214843750e-04 1.964867115020751953e-04 1.990199089050292969e-04 1.987814903259277344e-04 2.080798149108886719e-04
1.289875068639276812e+00 2.035498619079589844e-05 1.746416091918945312e-05 2.333521842956542969e-05 1.552700996398925781e-05 2.297759056091308594e-05 1.990795135498046875e-05 1.221895217895507812e-05 2.184510231018066406e-05 9.506940841674804688e-06 1.373887062072753906e-05
1.296327830624664612e+00 -2.044737339019775391e-04 -2.160668373107910156e-04 -1.985430717468261719e-04 -2.012252807617187500e-04 -2.032816410064697266e-04 -2.083480358123779297e-04 -2.153217792510986328e-04 -2.092123031616210938e-04 -2.155900001525878906e-04 -2.091825008392333984e-04
1.302780592610052635e+00 2.307295799255371094e-04 2.153217792510986328e-04 2.112388610839843750e-04 2.280175685882568359e-04 2.304911613464355469e-04 2.160072326660156250e-04 2.174675464630126953e-04 2.168715000152587891e-04 2.064108848571777344e-04 2.185404300689697266e-04
1.309233354595440435e+00 -1.133978366851806641e-04 -1.237094402313232422e-04 -1.108050346374511719e-04 -1.222789287567138672e-04 -1.253187656402587891e-04 -1.398622989654541016e-04 -1.159310340881347656e-04 -1.218318939208984375e-04 -1.260340213775634766e-04 -1.369416713714599609e-04
1.315686116580828458e+00 -1.688301563262939453e-04 -1.761913299560546875e-04 -1.713335514068603516e-04 -1.751780509948730469e-04 -1.724958419799804688e-04 -1.733005046844482422e-04 -1.665651798248291016e-04 -1.586973667144775391e-04 -1.837313175201416016e-04 -1.741051673889160156e-04
1.322138878566216258e+00 3.374814987182617188e-04 3.533363342285156250e-04 3.484487533569335938e-04 3.537833690643310547e-04 3.525018692016601562e-04 3.389716148376464844e-04 3.468394279479980469e-04 3.502368927001953125e-04 3.570616245269775391e-04 3.596842288970947266e-04
1.328591640551604280e+00 -1.992583274841308594e-04 -1.994967460632324219e-04 -2.016127109527587891e-04 -1.966059207916259766e-04 -2.024769783020019531e-04 -2.031624317169189453e-04 -1.962184906005859375e-04 -2.010166645050048828e-04 -2.085268497467041016e-04 -1.976490020751953125e-04
1.335044402536992081e+00 -1.617074012756347656e-04 -1.639127731323242188e-04 -1.631677150726318359e-04 -1.821517944335937500e-04 -1.609623432159423828e-04 -1.636743545532226562e-04 -1.718699932098388672e-04 -1.603066921234130859e-04 -1.602470874786376953e-04 -1.654028892517089844e-04
1.341497164522380103e+00 3.634393215179443359e-04 3.848373889923095703e-04 3.724396228790283203e-04 3.749132156372070312e-04 3.611445426940917969e-04 3.667175769805908203e-04 3.697872161865234375e-04 3.707706928253173828e-04 3.782510757446289062e-04 3.719627857208251953e-04
1.347949926507767904e+00 -2.981424331665039062e-04 -3.029704093933105469e-04 -2.918839454650878906e-04 -2.969205379486083984e-04 -3.008246421813964844e-04 -2.979636192321777344e-04 -2.935230731964111328e-04 -2.903640270233154297e-04 -2.944171428680419922e-04 -3.012418746948242188e-04
1.354402688493155926e+00 5.739927291870117188e-05 5.492568016052246094e-05 4.586577415466308594e-05 6.338953971862792969e-05 6.592273712158203125e-05 6.493926048278808594e-05 5.733966827392578125e-05 5.817413330078125000e-05 5.730986595153808594e-05 5.778670310974121094e-05
1.360855450478543727e+00 1.635849475860595703e-04 1.552104949951171875e-04 1.545250415802001953e-04 1.451671123504638672e-04 1.465380191802978516e-04 1.528263092041015625e-04 1.547932624816894531e-04 1.596808433532714844e-04 1.478195190429687500e-04 1.569688320159912109e-04
1.367308212463931749e+00 -2.798438072204589844e-04 -2.819597721099853516e-04 -2.859234809875488281e-04 -2.831220626831054688e-04 -2.697706222534179688e-04 -2.737343311309814453e-04 -2.809166908264160156e-04 -2.816319465637207031e-04 -2.827346324920654297e-04 -2.779066562652587891e-04
1.373760974449319550e+00 1.488327980041503906e-04 1.546144485473632812e-04 1.465678215026855469e-04 1.343786716461181641e-04 1.472830772399902344e-04 1.443028450012207031e-04 1.429021358489990234e-04 1.586675643920898438e-04 1.563727855682373047e-04 1.446306705474853516e-04
1.380213736434707350e+00 1.398026943206787109e-04 1.294314861297607422e-04 1.260042190551757812e-04 1.375377178192138672e-04 1.393854618072509766e-04 1.354515552520751953e-04 1.419782638549804688e-04 1.344084739685058594e-04 1.401007175445556641e-04 1.402795314788818359e-04
1.386666498420095373e+00 -1.415908336639404297e-04 -1.316368579864501953e-04 -1.487135887145996094e-04 -1.299381256103515625e-04 -1.406967639923095703e-04 -1.423656940460205078e-04 -1.362860202789306641e-04 -1.336038112640380859e-04 -1.462996006011962891e-04 -1.407265663146972656e-04
1.393119260405483173e+00 1.193284988403320312e-04 1.077055931091308594e-04 1.080036163330078125e-04 1.235008239746093750e-04 1.224279403686523438e-04 1.156628131866455078e-04 1.143217086791992188e-04 1.096129417419433594e-04 1.131892204284667969e-04 1.091361045837402344e-04
1.399572022390871195e+00 -2.235174179077148438e-06 -1.180171966552734375e-05 -7.212162017822265625e-06 -1.528859138488769531e-05 -3.755092620849609375e-06 -1.734495162963867188e-05 -1.019239425659179688e-05 -1.806020736694335938e-05 -1.811981201171875000e-05 -3.784894943237304688e-06
1.406024784376258996e+00 -1.293420791625976562e-05 -5.245208740234375000e-06 -6.556510925292968750e-07 -1.755356788635253906e-05 -1.779198646545410156e-05 -5.602836608886718750e-06 -1.168251037597656250e-05 -1.394748687744140625e-05 -1.698732376098632812e-05 -9.059906005859375000e-06
1.412477546361647018e+00 -5.495548248291015625e-05 -5.573034286499023438e-05 -3.775954246520996094e-05 -5.730986595153808594e-05 -4.756450653076171875e-05 -4.646182060241699219e-05 -6.610155105590820312e-05 -4.982948303222656250e-05 -6.011128425598144531e-05 -5.057454109191894531e-05
1.418930308347034819e+00 6.878376007080078125e-05 5.543231964111328125e-05 6.425380706787109375e-05 6.935000419616699219e-05 6.029009819030761719e-05 6.970763206481933594e-05 7.241964340209960938e-05 7.134675979614257812e-05 7.140636444091796875e-05 5.406141281127929688e-05
1.425383070332422841e+00 4.276633262634277344e-05 3.105401992797851562e-05 5.179643630981445312e-05 3.886222839355468750e-05 4.729628562927246094e-05 5.015730857849121094e-05 6.008148193359375000e-05 4.485249519348144531e-05 4.091858863830566406e-05 4.655122756958007812e-05
1.431835832317810642e+00 -2.027451992034912109e-04 -2.050697803497314453e-04 -2.038776874542236328e-04 -2.070367336273193359e-04 -1.989901065826416016e-04 -2.083778381347656250e-04 -2.110600471496582031e-04 -2.163648605346679688e-04 -2.138316631317138672e-04 -2.057850360870361328e-04
1.438288594303198664e+00 2.652704715728759766e-04 2.578496932983398438e-04 2.711117267608642578e-04 2.739429473876953125e-04 2.702176570892333984e-04 2.624094486236572266e-04 2.635717391967773438e-04 2.701282501220703125e-04 2.654492855072021484e-04 2.551376819610595703e-04
1.444741356288586465e+00 -1.184642314910888672e-04 -1.192092895507812500e-04 -1.302957534790039062e-04 -1.261234283447265625e-04 -1.374185085296630859e-04 -1.186430454254150391e-04 -1.257658004760742188e-04 -1.116394996643066406e-04 -1.352131366729736328e-04 -1.260936260223388672e-04
1.451194118273974487e+00 -2.966523170471191406e-04 -2.998709678649902344e-04 -2.890527248382568359e-04 -2.934336662292480469e-04 -2.800822257995605469e-04 -2.807378768920898438e-04 -2.894997596740722656e-04 -2.730488777160644531e-04 -2.891123294830322266e-04 -2.801716327667236328e-04
1.457646880259362288e+00 7.086396217346191406e-04 7.015764713287353516e-04 6.959140300750732422e-04 6.870925426483154297e-04 6.935000419616699219e-04 6.935000419616699219e-04 6.925165653228759766e-04 6.860494613647460938e-04 7.003545761108398438e-04 6.969273090362548828e-04
1.464099642244750310e+00 -6.766915321350097656e-04 -6.854832172393798828e-04 -6.692409515380859375e-04 -6.866753101348876953e-04 -6.895661354064941406e-04 -6.883442401885986328e-04 -6.844103336334228516e-04 -6.922185420989990234e-04 -6.866157054901123047e-04 -6.833374500274658203e-04
1.470552404230138110e+00 -3.337860107421875000e-05 -3.218650817871093750e-05 -3.594160079956054688e-05 -3.734230995178222656e-05 -3.209710121154785156e-05 -2.884864807128906250e-05 -2.917647361755371094e-05 -2.968311309814453125e-05 -3.314018249511718750e-05 -3.167986869812011719e-05
1.477005166215525911e+00 8.091628551483154297e-04 8.027553558349609375e-04 8.024573326110839844e-04 7.950663566589355469e-04 7.896125316619873047e-04 7.990896701812744141e-04 8.012056350708007812e-04 8.093714714050292969e-04 8.080899715423583984e-04 8.055865764617919922e-04
1.483457928200913933e+00 -1.108318567276000977e-03 -1.118302345275878906e-03 -1.105755567550659180e-03 -1.105695962905883789e-03 -1.110285520553588867e-03 -1.117914915084838867e-03 -1.116842031478881836e-03 -1.110941171646118164e-03 -1.099586486816406250e-03 -1.113265752792358398e-03
1.489910690186301734e+00 5.295276641845703125e-04 5.389153957366943359e-04 5.213022232055664062e-04 5.379319190979003906e-04 5.437135696411132812e-04 5.474090576171875000e-04 5.355179309844970703e-04 5.365014076232910156e-04 5.391240119934082031e-04 5.444884300231933594e-04
1.496363452171689756e+00 7.155239582061767578e-04 7.102191448211669922e-04 7.129013538360595703e-04 7.005333900451660156e-04 6.976425647735595703e-04 6.968379020690917969e-04 7.004737854003906250e-04 7.017254829406738281e-04 6.955862045288085938e-04 7.031857967376708984e-04
1.502816214157077557e+00 -1.431137323379516602e-03 -1.427501440048217773e-03 -1.445800065994262695e-03 -1.436620950698852539e-03 -1.443177461624145508e-03 -1.422554254531860352e-03 -1.426190137863159180e-03 -1.445561647415161133e-03 -1.437395811080932617e-03 -1.433670520782470703e-03
1.509268976142465579e+00 1.217365264892578125e-03 1.226991415023803711e-03 1.232534646987915039e-03 1.230925321578979492e-03 1.236021518707275391e-03 1.232922077178955078e-03 1.231551170349121094e-03 1.235485076904296875e-03 1.232564449310302734e-03 1.237720251083374023e-03
1.515721738127853380e+00 -8.583068847656250000e-06 -1.493096351623535156e-05 -7.241964340209960938e-06 -1.546740531921386719e-05 -4.386901855468750000e-05 -3.558397293090820312e-05 -1.391768455505371094e-05 -2.908706665039062500e-05 -2.020597457885742188e-05 -2.115964889526367188e-05
1.522174500113241402e+00 -1.326352357864379883e-03 -1.336097717285156250e-03 -1.315891742706298828e-03 -1.324981451034545898e-03 -1.317679882049560547e-03 -1.305490732192993164e-03 -1.311480998992919922e-03 -1.308351755142211914e-03 -1.311600208282470703e-03 -1.321792602539062500e-03
1.528627262098629203e+00 1.792997121810913086e-03 1.788347959518432617e-03 1.794546842575073242e-03 1.795917749404907227e-03 1.805901527404785156e-03 1.801550388336181641e-03 1.781582832336425781e-03 1.809686422348022461e-03 1.798003911972045898e-03 1.792997121810913086e-03
1.535080024084017225e+00 -1.133948564529418945e-03 -1.135915517807006836e-03 -1.148343086242675781e-03 -1.159608364105224609e-03 -1.154035329818725586e-03 -1.156657934188842773e-03 -1.149088144302368164e-03 -1.167148351669311523e-03 -1.154303550720214844e-03 -1.153498888015747070e-03
1.541532786069405025e+00 -2.294480800628662109e-04 -2.262890338897705078e-04 -2.262592315673828125e-04 -2.160072326660156250e-04 -2.072751522064208984e-04 -1.901984214782714844e-04 -1.988112926483154297e-04 -1.953840255737304688e-04 -2.160072326660156250e-04 -2.059042453765869141e-04
1.547985548054793048e+00 1.923650503158569336e-03 1.917034387588500977e-03 1.920610666275024414e-03 1.923114061355590820e-03 1.898974180221557617e-03 1.919001340866088867e-03 1.906156539916992188e-03 1.909583806991577148e-03 1.912057399749755859e-03 1.922696828842163086e-03
1.554438310040180848e+00 -1.825302839279174805e-03 -1.844882965087890625e-03 -1.839190721511840820e-03 -1.821309328079223633e-03 -1.820057630538940430e-03 -1.835286617279052734e-03 -1.813054084777832031e-03 -1.837223768234252930e-03 -1.846462488174438477e-03 -1.861095428466796875e-03
1.560891072025568649e+00 5.638897418975830078e-04 5.762279033660888672e-04 5.615353584289550781e-04 5.657672882080078125e-04 5.979835987091064453e-04 6.065070629119873047e-04 5.839467048645019531e-04 5.871951580047607422e-04 5.770027637481689453e-04 5.835890769958496094e-04
1.567343834010956671e+00 1.421213150024414062e-03 1.423716545104980469e-03 1.424372196197509766e-03 1.408845186233520508e-03 1.403868198394775391e-03 1.391202211380004883e-03 1.413345336914062500e-03 1.395791769027709961e-03 1.413077116012573242e-03 1.401722431182861328e-03
1.573796595996344472e+00 -2.340942621231079102e-03 -2.332270145416259766e-03 -2.322614192962646484e-03 -2.328783273696899414e-03 -2.339184284210205078e-03 -2.334743738174438477e-03 -2.331703901290893555e-03 -2.332150936126708984e-03 -2.327680587768554688e-03 -2.327322959899902344e-03
1.580249357981732494e+00 1.584380865097045898e-03 1.592189073562622070e-03 1.589775085449218750e-03 1.592874526977539062e-03 1.629173755645751953e-03 1.615822315216064453e-03 1.618593931198120117e-03 1.615017652511596680e-03 1.608967781066894531e-03 1.600176095962524414e-03
1.586702119967120295e+00 4.637837409973144531e-04 4.550814628601074219e-04 4.599690437316894531e-04 4.481077194213867188e-04 4.227459430694580078e-04 4.210472106933593750e-04 4.505515098571777344e-04 4.443228244781494141e-04 4.456043243408203125e-04 4.439055919647216797e-04
1.593154881952508317e+00 -1.976460218429565430e-03 -1.938670873641967773e-03 -1.970320940017700195e-03 -1.950800418853759766e-03 -1.944035291671752930e-03 -1.947164535522460938e-03 -1.936256885528564453e-03 -1.953184604644775391e-03 -1.949220895767211914e-03 -1.962363719940185547e-03
1.599607643937896118e+00 2.160906791687011719e-03 2.161055803298950195e-03 2.172321081161499023e-03 2.182364463806152344e-03 2.173542976379394531e-03 2.169072628021240234e-03 2.166092395782470703e-03 2.171784639358520508e-03 2.171516418457031250e-03 2.173542976379394531e-03
1.606060405923284140e+00 -5.354285240173339844e-04 -5.532205104827880859e-04 -5.306303501129150391e-04 -5.595684051513671875e-04 -5.674362182617187500e-04 -5.704164505004882812e-04 -5.489289760589599609e-04 -5.783140659332275391e-04 -5.639791488647460938e-04 -5.650818347930908203e-04
1.612513167908671941e+00 -1.109480857849121094e-03 -1.105755567550659180e-03 -1.103967428207397461e-03 -1.086145639419555664e-03 -1.063406467437744141e-03 -1.073271036148071289e-03 -1.078307628631591797e-03 -1.078069210052490234e-03 -1.066267490386962891e-03 -1.076102256774902344e-03
1.618965929894059963e+00 1.804441213607788086e-03 1.825958490371704102e-03 1.814395189285278320e-03 1.822769641876220703e-03 1.819163560867309570e-03 1.810848712921142578e-03 1.812279224395751953e-03 1.811832189559936523e-03 1.807898283004760742e-03 1.810699701309204102e-03
1.625418691879447763e+00 -1.236438751220703125e-03 -1.233994960784912109e-03 -1.230746507644653320e-03 -1.235634088516235352e-03 -1.244932413101196289e-03 -1.252323389053344727e-03 -1.245260238647460938e-03 -1.251846551895141602e-03 -1.251518726348876953e-03 -1.248061656951904297e-03
1.631871453864835786e+00 -2.822279930114746094e-04 -2.679228782653808594e-04 -2.619326114654541016e-04 -2.584755420684814453e-04 -2.548396587371826172e-04 -2.391338348388671875e-04 -2.636313438415527344e-04 -2.515017986297607422e-04 -2.562105655670166016e-04 -2.678036689758300781e-04
1.638324215850223586e+00 1.241594552993774414e-03 1.245677471160888672e-03 1.227021217346191406e-03 1.245409250259399414e-03 1.226335763931274414e-03 1.234531402587890625e-03 1.237243413925170898e-03 1.227229833602905273e-03 1.242667436599731445e-03 1.232177019119262695e-03
1.644776977835611609e+00 -1.253694295883178711e-03 -1.252502202987670898e-03 -1.240551471710205078e-03 -1.247346401214599609e-03 -1.251280307769775391e-03 -1.248300075531005859e-03 -1.253396272659301758e-03 -1.238971948623657227e-03 -1.254141330718994141e-03 -1.241773366928100586e-03
1.651229739820999409e+00 2.297759056091308594e-04 2.310574054718017578e-04 2.330243587493896484e-04 2.305209636688232422e-04 2.444088459014892578e-04 2.290308475494384766e-04 2.273023128509521484e-04 2.418458461761474609e-04 2.408027648925781250e-04 2.387464046478271484e-04
1.657682501806387210e+00 7.023811340332031250e-04 6.978213787078857422e-04 7.146000862121582031e-04 7.055401802062988281e-04 7.058680057525634766e-04 6.978511810302734375e-04 6.991028785705566406e-04 7.084608078002929688e-04 7.095336914062500000e-04 7.063150405883789062e-04
1.664135263791775232e+00 -1.013368368148803711e-03 -1.025110483169555664e-03 -1.036971807479858398e-03 -1.014530658721923828e-03 -1.018524169921875000e-03 -1.015365123748779297e-03 -1.014173030853271484e-03 -1.028895378112792969e-03 -1.020044088363647461e-03 -1.029759645462036133e-03
1.670588025777163033e+00 3.910660743713378906e-04 4.107952117919921875e-04 4.205107688903808594e-04 4.074871540069580078e-04 4.110038280487060547e-04 4.131793975830078125e-04 3.971457481384277344e-04 4.149079322814941406e-04 4.129707813262939453e-04 4.154443740844726562e-04
1.677040787762551055e+00 2.483725547790527344e-04 2.318918704986572266e-04 2.368390560150146484e-04 2.421438694000244141e-04 2.191960811614990234e-04 2.272427082061767578e-04 2.373456954956054688e-04 2.156496047973632812e-04 2.143383026123046875e-04 2.316534519195556641e-04
1.683493549747938856e+00 -7.734000682830810547e-04 -7.533133029937744141e-04 -7.615983486175537109e-04 -7.629990577697753906e-04 -7.638037204742431641e-04 -7.612407207489013672e-04 -7.596313953399658203e-04 -7.638633251190185547e-04 -7.682442665100097656e-04 -7.677972316741943359e-04
1.689946311733326878e+00 7.579922676086425781e-04 7.471442222595214844e-04 7.636845111846923828e-04 7.551014423370361328e-04 7.531940937042236328e-04 7.590055465698242188e-04 7.528960704803466797e-04 7.498860359191894531e-04 7.590055465698242188e-04 7.534623146057128906e-04
1.696399073718714678e+00 -1.130104064941406250e-04 -1.177787780761718750e-04 -1.139342784881591797e-04 -1.191198825836181641e-04 -1.139044761657714844e-04 -1.284182071685791016e-04 -1.149475574493408203e-04 -1.210272312164306641e-04 -1.187324523925781250e-04 -1.099109649658203125e-04
1.702851835704102701e+00 -5.080401897430419922e-04 -5.024075508117675781e-04 -4.983544349670410156e-04 -5.050897598266601562e-04 -4.860758781433105469e-04 -5.048811435699462891e-04 -5.047619342803955078e-04 -4.962086677551269531e-04 -4.894733428955078125e-04 -5.017220973968505859e-04
1.709304597689490501e+00 4.828274250030517578e-04 4.892945289611816406e-04 4.994273185729980469e-04 4.761815071105957031e-04 4.775226116180419922e-04 4.773437976837158203e-04 4.726052284240722656e-04 4.945695400238037109e-04 4.836618900299072266e-04 4.927814006805419922e-04
1.715757359674878524e+00 -1.741349697113037109e-04 -1.887381076812744141e-04 -1.795291900634765625e-04 -1.701116561889648438e-04 -1.831650733947753906e-04 -1.968443393707275391e-04 -1.754760742187500000e-04 -1.760423183441162109e-04 -1.895725727081298828e-04 -1.850426197052001953e-04
1.722210121660266324e+00 -2.662539482116699219e-04 -2.548098564147949219e-04 -2.491176128387451172e-04 -2.369284629821777344e-04 -2.482235431671142578e-04 -2.428293228149414062e-04 -2.433955669403076172e-04 -2.334117889404296875e-04 -2.492964267730712891e-04 -2.427101135253906250e-04
1.728662883645654347e+00 3.764629364013671875e-04 3.766715526580810547e-04 3.810822963714599609e-04 3.781914710998535156e-04 3.718137741088867188e-04 3.705918788909912109e-04 3.761351108551025391e-04 3.854334354400634766e-04 3.816187381744384766e-04 3.677904605865478516e-04
1.735115645631042147e+00 -1.882910728454589844e-04 -1.760125160217285156e-04 -1.718997955322265625e-04 -1.617074012756347656e-04 -1.696944236755371094e-04 -1.826584339141845703e-04 -1.999139785766601562e-04 -1.761317253112792969e-04 -1.722574234008789062e-04 -1.855492591857910156e-04
1.741568407616429948e+00 -1.265108585357666016e-04 -1.108646392822265625e-04 -1.223087310791015625e-04 -1.167356967926025391e-04 -1.108050346374511719e-04 -1.162886619567871094e-04 -1.222193241119384766e-04 -1.249015331268310547e-04 -1.222491264343261719e-04 -1.133382320404052734e-04
1.748021169601817970e+00 2.731084823608398438e-04 2.635717391967773438e-04 2.718865871429443359e-04 2.637207508087158203e-04 2.647340297698974609e-04 2.700388431549072266e-04 2.638101577758789062e-04 2.613067626953125000e-04 2.709627151489257812e-04 2.676546573638916016e-04
1.754473931587205771e+00 -1.136064529418945312e-04 -1.084208488464355469e-04 -9.268522262573242188e-05 -9.974837303161621094e-05 -1.018941402435302734e-04 -9.849667549133300781e-05 -1.004934310913085938e-04 -1.105964183807373047e-04 -1.184046268463134766e-04 -1.081824302673339844e-04
1.760926693572593793e+00 -4.616379737854003906e-05 -4.073977470397949219e-05 -4.062056541442871094e-05 -3.707408905029296875e-05 -3.427267074584960938e-05 -3.784894943237304688e-05 -3.883242607116699219e-05 -4.962086677551269531e-05 -4.002451896667480469e-05 -5.120038986206054688e-05
1.767379455557981593e+00 2.052187919616699219e-04 2.235174179077148438e-04 2.051889896392822266e-04 1.975893974304199219e-04 2.094805240631103516e-04 2.040565013885498047e-04 2.148747444152832031e-04 2.078115940093994141e-04 2.085864543914794922e-04 2.140402793884277344e-04
1.773832217543369616e+00 -1.195371150970458984e-04 -1.083016395568847656e-04 -1.112520694732666016e-04 -1.059174537658691406e-04 -1.178979873657226562e-04 -1.175403594970703125e-04 -1.158118247985839844e-04 -1.069605350494384766e-04 -1.135170459747314453e-04 -1.120865345001220703e-04
1.780284979528757416e+00 -5.960464477539062500e-06 -1.022219657897949219e-05 -2.196431159973144531e-05 -2.223253250122070312e-05 -1.159310340881347656e-05 -7.003545761108398438e-06 -8.016824722290039062e-06 -1.221895217895507812e-05 -4.291534423828125000e-06 -1.668930053710937500e-06
1.786737741514145439e+00 3.817677497863769531e-05 3.319978713989257812e-05 2.524256706237792969e-05 2.303719520568847656e-05 1.838803291320800781e-05 3.167986869812011719e-05 2.840161323547363281e-05 4.300475120544433594e-05 3.534555435180664062e-05 3.260374069213867188e-05
1.793190503499533239e+00 -7.444620132446289062e-05 -6.824731826782226562e-05 -7.146596908569335938e-05 -6.958842277526855469e-05 -6.902217864990234375e-05 -6.395578384399414062e-05 -6.279349327087402344e-05 -7.233023643493652344e-05 -6.568431854248046875e-05 -7.441639900207519531e-05
1.799643265484921262e+00 9.351968765258789062e-05 9.274482727050781250e-05 8.913874626159667969e-05 9.176135063171386719e-05 8.770823478698730469e-05 9.936094284057617188e-05 9.009242057800292969e-05 1.034438610076904297e-04 8.127093315124511719e-05 9.536743164062500000e-05
1.806096027470309062e+00 9.942054748535156250e-05 9.939074516296386719e-05 9.971857070922851562e-05 9.176135063171386719e-05 8.773803710937500000e-05 9.417533874511718750e-05 9.089708328247070312e-05 9.131431579589843750e-05 8.919835090637207031e-05 9.730458259582519531e-05
1.812548789455697085e+00 -5.173683166503906250e-05 -5.415081977844238281e-05 -4.139542579650878906e-05 -4.863739013671875000e-05 -4.366040229797363281e-05 -5.632638931274414062e-05 -5.421042442321777344e-05 -4.658102989196777344e-05 -4.383921623229980469e-05 -4.550814628601074219e-05
1.819001551441084885e+00 -1.946091651916503906e-05 -4.261732101440429688e-06 -1.105666160583496094e-05 -1.788139343261718750e-05 -1.573562622070312500e-05 -1.895427703857421875e-05 -1.075863838195800781e-05 -1.662969589233398438e-05 -1.949071884155273438e-05 -5.304813385009765625e-06
1.825454313426472908e+00 4.875659942626953125e-05 5.981326103210449219e-05 5.358457565307617188e-05 6.514787673950195312e-05 5.403161048889160156e-05 5.227327346801757812e-05 5.844235420227050781e-05 6.058812141418457031e-05 4.914402961730957031e-05 5.584955215454101562e-05
1.831907075411860708e+00 -1.112818717956542969e-04 -9.196996688842773438e-05 -1.054704189300537109e-04 -1.009106636047363281e-04 -1.003146171569824219e-04 -9.256601333618164062e-05 -8.842349052429199219e-05 -1.034736633300781250e-04 -1.053214073181152344e-04 -1.097619533538818359e-04
1.838359837397248508e+00 1.850724220275878906e-05 1.385807991027832031e-05 1.534819602966308594e-05 1.209974288940429688e-05 1.731514930725097656e-05 2.124905586242675781e-05 1.844763755798339844e-05 1.737475395202636719e-05 1.484155654907226562e-05 1.999735832214355469e-05
1.844812599382636531e+00 1.058876514434814453e-04 8.752942085266113281e-05 8.279085159301757812e-05 7.173418998718261719e-05 8.079409599304199219e-05 7.861852645874023438e-05 7.563829421997070312e-05 8.463859558105468750e-05 8.541345596313476562e-05 8.952617645263671875e-05
1.851265361368024331e+00 -1.122057437896728516e-04 -1.122951507568359375e-04 -1.149177551269531250e-04 -1.179575920104980469e-04 -1.286864280700683594e-04 -1.245737075805664062e-04 -1.188814640045166016e-04 -1.202523708343505859e-04 -1.222491264343261719e-04 -1.210570335388183594e-04
1.857718123353412354e+00 5.298852920532226562e-05 5.584955215454101562e-05 5.155801773071289062e-05 5.051493644714355469e-05 4.905462265014648438e-05 5.081295967102050781e-05 4.261732101440429688e-05 5.078315734863281250e-05 5.066394805908203125e-05 5.099177360534667969e-05
1.864170885338800154e+00 3.132224082946777344e-05 3.021955490112304688e-05 3.609061241149902344e-05 2.682209014892578125e-05 3.662705421447753906e-05 3.576278686523437500e-05 4.729628562927246094e-05 2.503395080566406250e-05 3.242492675781250000e-05 3.862380981445312500e-05
1.870623647324188177e+00 -7.665157318115234375e-05 -8.267164230346679688e-05 -8.007884025573730469e-05 -8.466839790344238281e-05 -9.042024612426757812e-05 -7.858872413635253906e-05 -7.513165473937988281e-05 -8.246302604675292969e-05 -8.791685104370117188e-05 -9.265542030334472656e-05
1.877076409309575977e+00 6.943941116333007812e-05 6.523728370666503906e-05 6.577372550964355469e-05 6.943941116333007812e-05 7.504224777221679688e-05 6.204843521118164062e-05 7.313489913940429688e-05 6.803870201110839844e-05 7.066130638122558594e-05 6.544589996337890625e-05
1.883529171294964000e+00 -2.539157867431640625e-05 -3.948807716369628906e-05 -1.084804534912109375e-05 -1.993775367736816406e-05 -3.641843795776367188e-05 -2.291798591613769531e-05 -3.746151924133300781e-05 -2.503395080566406250e-05 -2.163648605346679688e-05 -2.273917198181152344e-05
1.889981933280351800e+00 -4.640221595764160156e-05 -4.538893699645996094e-05 -4.196166992187500000e-05 -3.942847251892089844e-05 -3.671646118164062500e-05 -4.214048385620117188e-05 -3.764033317565917969e-05 -4.804134368896484375e-05 -4.094839096069335938e-05 -5.456805229187011719e-05
1.896434695265739823e+00 3.498792648315429688e-05 4.228949546813964844e-05 4.312396049499511719e-05 3.710389137268066406e-05 3.817677497863769531e-05 4.190206527709960938e-05 3.224611282348632812e-05 3.665685653686523438e-05 3.853440284729003906e-05 3.343820571899414062e-05
1.902887457251127623e+00 1.627206802368164062e-05 2.548098564147949219e-05 1.722574234008789062e-05 8.136034011840820312e-06 1.078844070434570312e-05 1.114606857299804688e-05 1.314282417297363281e-05 1.698732376098632812e-05 1.701712608337402344e-05 1.120567321777343750e-05
1.909340219236515646e+00 -6.943941116333007812e-06 -9.238719940185546875e-06 -1.162290573120117188e-05 -6.884336471557617188e-06 -1.388788223266601562e-05 -1.338124275207519531e-05 -9.149312973022460938e-06 -5.275011062622070312e-06 -2.205371856689453125e-06 -1.797080039978027344e-05
1.915792981221903446e+00 1.087784767150878906e-05 8.910894393920898438e-06 7.390975952148437500e-06 1.358985900878906250e-05 8.076429367065429688e-06 -1.966953277587890625e-06 1.084804534912109375e-05 6.705522537231445312e-06 5.960464477539062500e-07 3.993511199951171875e-06
1.922245743207291468e+00 -1.195073127746582031e-05 -9.596347808837890625e-06 2.861022949218750000e-06 6.526708602905273438e-06 -5.125999450683593750e-06 1.135468482971191406e-05 1.817941665649414062e-06 -7.718801498413085938e-06 -2.384185791015625000e-06 -2.086162567138671875e-07
1.928698505192679269e+00 -1.096725463867187500e-05 -1.767277717590332031e-05 -1.487135887145996094e-05 -2.261996269226074219e-05 -2.849102020263671875e-05 -1.963973045349121094e-05 -1.421570777893066406e-05 -2.220273017883300781e-05 -2.288818359375000000e-05 -1.460313796997070312e-05
1.935151267178067069e+00 5.763769149780273438e-05 6.008148193359375000e-05 5.730986595153808594e-05 6.732344627380371094e-05 5.832314491271972656e-05 5.990266799926757812e-05 7.787346839904785156e-05 7.089972496032714844e-05 7.084012031555175781e-05 6.195902824401855469e-05
1.941604029163455092e+00 1.627206802368164062e-05 2.098083496093750000e-05 2.551078796386718750e-05 1.746416091918945312e-05 1.832842826843261719e-05 2.765655517578125000e-05 2.136826515197753906e-05 1.901388168334960938e-05 1.946091651916503906e-05 2.598762512207031250e-05
1.948056791148842892e+00 -3.302097320556640625e-05 -4.759430885314941406e-05 -4.822015762329101562e-05 -4.500150680541992188e-05 -3.609061241149902344e-05 -3.769993782043457031e-05 -5.227327346801757812e-05 -4.130601882934570312e-05 -4.157423973083496094e-05 -4.714727401733398438e-05
1.954509553134230915e+00 -2.771615982055664062e-06 7.510185241699218750e-06 -3.129243850708007812e-06 1.227855682373046875e-05 1.087784767150878906e-05 1.180171966552734375e-05 1.633167266845703125e-05 9.864568710327148438e-06 1.507997512817382812e-05 -1.102685928344726562e-06
1.960962315119618715e+00 4.595518112182617188e-05 3.829598426818847656e-05 4.285573959350585938e-05 4.255771636962890625e-05 4.109740257263183594e-05 4.273653030395507812e-05 2.980232238769531250e-05 3.930926322937011719e-05 4.777312278747558594e-05 3.972649574279785156e-05
1.967415077105006738e+00 -4.431605339050292969e-05 -3.990530967712402344e-05 -3.796815872192382812e-05 -4.705786705017089844e-05 -5.105137825012207031e-05 -3.880262374877929688e-05 -4.792213439941406250e-05 -4.300475120544433594e-05 -4.214048385620117188e-05 -5.540251731872558594e-05
1.973867839090394538e+00 4.160404205322265625e-05 4.416704177856445312e-05 4.395842552185058594e-05 4.842877388000488281e-05 5.254149436950683594e-05 5.558133125305175781e-05 3.969669342041015625e-05 4.589557647705078125e-05 4.133582115173339844e-05 4.196166992187500000e-05
1.980320601075782561e+00 8.642673492431640625e-07 -9.566545486450195312e-06 8.940696716308593750e-08 2.950429916381835938e-06 -6.556510925292968750e-06 -1.358985900878906250e-05 -7.539987564086914062e-06 -7.957220077514648438e-06 -1.427531242370605469e-05 5.692243576049804688e-06
1.986773363061170361e+00 -8.946657180786132812e-05 -8.258223533630371094e-05 -8.463859558105468750e-05 -9.873509407043457031e-05 -8.016824722290039062e-05 -9.498000144958496094e-05 -8.183717727661132812e-05 -8.139014244079589844e-05 -8.550286293029785156e-05 -8.749961853027343750e-05
1.993226125046558384e+00 9.056925773620605469e-05 9.685754776000976562e-05 9.083747863769531250e-05 9.712576866149902344e-05 1.091063022613525391e-04 1.023411750793457031e-04 9.435415267944335938e-05 8.413195610046386719e-05 9.801983833312988281e-05 9.503960609436035156e-05
1.999678887031946184e+00 6.881356239318847656e-05 5.930662155151367188e-05 5.835294723510742188e-05 6.031990051269531250e-05 5.674362182617187500e-05 6.741285324096679688e-05 5.432963371276855469e-05 6.136298179626464844e-05 6.952881813049316406e-05 7.238984107971191406e-05
2.006131649017333984e+00 -1.302361488342285156e-05 -9.417533874511718750e-06 -2.622604370117187500e-05 -1.579523086547851562e-05 -1.600384712219238281e-05 -2.238154411315917969e-05 -9.924173355102539062e-06 -1.949071884155273438e-05 -1.424551010131835938e-05 -1.356005668640136719e-05
