# Range[m] 0 1 2 3 4 5 6 7 8 9
1.800000071525573730e-01 -6.576180458068847656e-03 -6.567448377609252930e-03 -6.553083658218383789e-03 -6.534039974212646484e-03 -6.595402956008911133e-03 -6.556808948516845703e-03 -6.566375494003295898e-03 -6.547510623931884766e-03 -6.557464599609375000e-03 -6.576180458068847656e-03
1.864527691379452845e-01 2.361297607421875000e-03 2.313673496246337891e-03 2.283930778503417969e-03 2.336055040359497070e-03 2.404153347015380859e-03 2.324104309082031250e-03 2.325356006622314453e-03 2.280205488204956055e-03 2.344161272048950195e-03 2.337276935577392578e-03
1.929055311233331682e-01 3.965437412261962891e-03 4.000455141067504883e-03 4.031300544738769531e-03 3.984361886978149414e-03 3.954797983169555664e-03 4.030317068099975586e-03 4.022717475891113281e-03 4.067718982696533203e-03 4.009366035461425781e-03 3.993153572082519531e-03
1.993582931087210797e-01 -5.699306726455688477e-03 -5.728513002395629883e-03 -5.741357803344726562e-03 -5.703091621398925781e-03 -5.726188421249389648e-03 -5.714178085327148438e-03 -5.731552839279174805e-03 -5.728274583816528320e-03 -5.727410316467285156e-03 -5.717575550079345703e-03
2.058110550941089911e-01 2.988457679748535156e-03 2.926975488662719727e-03 2.939432859420776367e-03 2.971529960632324219e-03 3.013163805007934570e-03 2.941727638244628906e-03 2.926975488662719727e-03 2.901136875152587891e-03 2.948522567749023438e-03 2.961963415145874023e-03
2.122638170794968748e-01 1.702159643173217773e-03 1.759260892868041992e-03 1.773536205291748047e-03 1.764565706253051758e-03 1.724153757095336914e-03 1.775711774826049805e-03 1.797229051589965820e-03 1.796007156372070312e-03 1.750290393829345703e-03 1.735925674438476562e-03
2.187165790648847863e-01 -3.769546747207641602e-03 -3.765255212783813477e-03 -3.783762454986572266e-03 -3.813654184341430664e-03 -3.790825605392456055e-03 -3.798007965087890625e-03 -3.810167312622070312e-03 -3.789007663726806641e-03 -3.785103559494018555e-03 -3.811717033386230469e-03
2.251693410502726977e-01 2.819478511810302734e-03 2.813488245010375977e-03 2.802312374114990234e-03 2.814590930938720703e-03 2.815693616867065430e-03 2.798110246658325195e-03 2.819567918777465820e-03 2.775162458419799805e-03 2.781659364700317383e-03 2.810359001159667969e-03
2.316221030356606092e-01 1.069366931915283203e-03 1.107513904571533203e-03 1.103699207305908203e-03 1.106977462768554688e-03 1.070588827133178711e-03 1.088500022888183594e-03 1.121461391448974609e-03 1.094758510589599609e-03 1.075804233551025391e-03 1.083463430404663086e-03
2.380748650210485207e-01 -3.100156784057617188e-03 -3.085434436798095703e-03 -3.070533275604248047e-03 -3.099471330642700195e-03 -3.107905387878417969e-03 -3.084272146224975586e-03 -3.085523843765258789e-03 -3.080546855926513672e-03 -3.077059984207153320e-03 -3.083080053329467773e-03
2.445276270064364044e-01 1.028984785079956055e-03 9.866058826446533203e-04 9.617209434509277344e-04 9.846389293670654297e-04 1.011759042739868164e-03 9.750723838806152344e-04 9.536147117614746094e-04 9.710788726806640625e-04 9.830296039581298828e-04 1.000940799713134766e-03
2.509803889918242881e-01 3.626197576522827148e-03 3.661662340164184570e-03 3.674358129501342773e-03 3.661990165710449219e-03 3.641724586486816406e-03 3.663152456283569336e-03 3.676950931549072266e-03 3.667831420898437500e-03 3.636568784713745117e-03 3.642410039901733398e-03
2.574331509772121995e-01 -5.750715732574462891e-03 -5.718380212783813477e-03 -5.695283412933349609e-03 -5.683690309524536133e-03 -5.751758813858032227e-03 -5.708277225494384766e-03 -5.688756704330444336e-03 -5.667775869369506836e-03 -5.695998668670654297e-03 -5.710631608963012695e-03
2.638859129626001110e-01 3.451049327850341797e-03 3.373533487319946289e-03 3.314435482025146484e-03 3.323763608932495117e-03 3.417134284973144531e-03 3.340721130371093750e-03 3.319561481475830078e-03 3.302484750747680664e-03 3.374397754669189453e-03 3.382503986358642578e-03
2.703386749479880224e-01 4.179358482360839844e-03 4.255652427673339844e-03 4.299700260162353516e-03 4.252552986145019531e-03 4.220038652420043945e-03 4.281133413314819336e-03 4.287242889404296875e-03 4.298806190490722656e-03 4.209995269775390625e-03 4.184156656265258789e-03
2.767914369333759339e-01 -1.052019000053405762e-02 -1.055154204368591309e-02 -1.056361198425292969e-02 -1.052993535995483398e-02 -1.052814722061157227e-02 -1.053610444068908691e-02 -1.052746176719665527e-02 -1.054891943931579590e-02 -1.053646206855773926e-02 -1.052719354629516602e-02
2.832441989187638454e-01 1.047322154045104980e-02 1.034826040267944336e-02 1.033967733383178711e-02 1.035633683204650879e-02 1.042911410331726074e-02 1.031580567359924316e-02 1.032006740570068359e-02 1.031211018562316895e-02 1.039719581604003906e-02 1.040351390838623047e-02
2.896969609041517568e-01 -5.206763744354248047e-04 -3.945529460906982422e-04 -3.154575824737548828e-04 -3.502368927001953125e-04 -5.138516426086425781e-04 -3.164410591125488281e-04 -3.010928630828857422e-04 -2.869069576263427734e-04 -4.203915596008300781e-04 -4.380941390991210938e-04
2.961497228895396683e-01 -1.137971878051757812e-02 -1.148316264152526855e-02 -1.152479648590087891e-02 -1.150506734848022461e-02 -1.138505339622497559e-02 -1.155591011047363281e-02 -1.156011223793029785e-02 -1.159960031509399414e-02 -1.149055361747741699e-02 -1.148647069931030273e-02
3.026024848749275242e-01 1.749375462532043457e-02 1.753097772598266602e-02 1.754096150398254395e-02 1.750883460044860840e-02 1.749202609062194824e-02 1.751589775085449219e-02 1.755100488662719727e-02 1.752397418022155762e-02 1.750621199607849121e-02 1.751208305358886719e-02
3.090552468603154357e-01 -1.258823275566101074e-02 -1.242563128471374512e-02 -1.236811280250549316e-02 -1.239410042762756348e-02 -1.257464289665222168e-02 -1.241838932037353516e-02 -1.232296228408813477e-02 -1.233202219009399414e-02 -1.249742507934570312e-02 -1.254561543464660645e-02
3.155080088457033471e-01 -4.184365272521972656e-03 -4.356622695922851562e-03 -4.462599754333496094e-03 -4.415392875671386719e-03 -4.187941551208496094e-03 -4.423141479492187500e-03 -4.508763551712036133e-03 -4.535585641860961914e-03 -4.312664270401000977e-03 -4.271119832992553711e-03
3.219607708310912586e-01 1.878252625465393066e-02 1.897266507148742676e-02 1.900768280029296875e-02 1.896351575851440430e-02 1.881548762321472168e-02 1.891925930976867676e-02 1.896247267723083496e-02 1.899442076683044434e-02 1.890155673027038574e-02 1.882353425025939941e-02
3.284135328164791701e-01 -2.230340242385864258e-02 -2.221867442131042480e-02 -2.217534184455871582e-02 -2.221566438674926758e-02 -2.230742573738098145e-02 -2.221187949180603027e-02 -2.218687534332275391e-02 -2.217471599578857422e-02 -2.225357294082641602e-02 -2.228701114654541016e-02
3.348662948018670260e-01 7.280826568603515625e-03 6.977289915084838867e-03 6.831675767898559570e-03 6.848514080047607422e-03 7.223039865493774414e-03 6.790757179260253906e-03 6.770461797714233398e-03 6.616532802581787109e-03 6.881445646286010742e-03 7.032752037048339844e-03
3.413190567872549375e-01 1.040834188461303711e-02 1.073211431503295898e-02 1.084446907043457031e-02 1.076647639274597168e-02 1.051983237266540527e-02 1.077952980995178223e-02 1.080951094627380371e-02 1.081395149230957031e-02 1.062461733818054199e-02 1.054570078849792480e-02
3.477718187726428489e-01 -2.510696649551391602e-02 -2.519029378890991211e-02 -2.523195743560791016e-02 -2.520996332168579102e-02 -2.513077855110168457e-02 -2.519282698631286621e-02 -2.519229054450988770e-02 -2.517592906951904297e-02 -2.514559030532836914e-02 -2.513840794563293457e-02
3.542245807580307604e-01 2.060535550117492676e-02 2.038365602493286133e-02 2.029591798782348633e-02 2.032670378684997559e-02 2.053400874137878418e-02 2.034837007522583008e-02 2.030915021896362305e-02 2.026429772377014160e-02 2.045917510986328125e-02 2.049955725669860840e-02
3.606773427434186718e-01 -3.750026226043701172e-03 -3.433287143707275391e-03 -3.301918506622314453e-03 -3.347069025039672852e-03 -3.639638423919677734e-03 -3.298968076705932617e-03 -3.270655870437622070e-03 -3.224819898605346680e-03 -3.488987684249877930e-03 -3.558069467544555664e-03
3.671301047288065833e-01 -1.810017228126525879e-02 -1.825046539306640625e-02 -1.838386058807373047e-02 -1.830589771270751953e-02 -1.814100146293640137e-02 -1.835557818412780762e-02 -1.837050914764404297e-02 -1.837447285652160645e-02 -1.823499798774719238e-02 -1.818209886550903320e-02
3.735828667141944948e-01 2.482485771179199219e-02 2.481570839881896973e-02 2.481102943420410156e-02 2.482149004936218262e-02 2.482259273529052734e-02 2.481606602668762207e-02 2.475875616073608398e-02 2.478706836700439453e-02 2.483084797859191895e-02 2.483719587326049805e-02
3.800356286995824062e-01 -1.730442047119140625e-02 -1.717171072959899902e-02 -1.703101396560668945e-02 -1.708683371543884277e-02 -1.723572611808776855e-02 -1.708650588989257812e-02 -1.706123352050781250e-02 -1.703563332557678223e-02 -1.718875765800476074e-02 -1.720726490020751953e-02
3.864883906849703177e-01 -4.138320684432983398e-03 -4.376769065856933594e-03 -4.460185766220092773e-03 -4.430532455444335938e-03 -4.125416278839111328e-03 -4.386156797409057617e-03 -4.475712776184082031e-03 -4.505217075347900391e-03 -4.263460636138916016e-03 -4.195570945739746094e-03
3.929411526703582291e-01 1.897767186164855957e-02 1.905176043510437012e-02 1.910218596458435059e-02 1.904055476188659668e-02 1.891070604324340820e-02 1.904982328414916992e-02 1.906284689903259277e-02 1.910212635993957520e-02 1.904013752937316895e-02 1.898220181465148926e-02
3.993939146557460851e-01 -1.804196834564208984e-02 -1.793786883354187012e-02 -1.791417598724365234e-02 -1.793655753135681152e-02 -1.802480220794677734e-02 -1.795083284378051758e-02 -1.794266700744628906e-02 -1.793372631072998047e-02 -1.798558235168457031e-02 -1.803335547447204590e-02
4.058466766411339965e-01 3.790080547332763672e-03 3.612279891967773438e-03 3.498524427413940430e-03 3.519117832183837891e-03 3.713786602020263672e-03 3.589361906051635742e-03 3.555595874786376953e-03 3.511935472488403320e-03 3.672838211059570312e-03 3.727525472640991211e-03
4.122994386265219080e-01 1.218649744987487793e-02 1.233571767807006836e-02 1.240321993827819824e-02 1.234844326972961426e-02 1.222240924835205078e-02 1.243481040000915527e-02 1.241424679756164551e-02 1.249089837074279785e-02 1.239070296287536621e-02 1.228976249694824219e-02
4.187522006119098195e-01 -1.559227705001831055e-02 -1.560083031654357910e-02 -1.559215784072875977e-02 -1.557359099388122559e-02 -1.557740569114685059e-02 -1.557937264442443848e-02 -1.556882262229919434e-02 -1.560282707214355469e-02 -1.560157537460327148e-02 -1.557910442352294922e-02
4.252049625972976754e-01 7.280707359313964844e-03 7.127761840820312500e-03 7.098287343978881836e-03 7.151007652282714844e-03 7.250100374221801758e-03 7.116287946701049805e-03 7.113218307495117188e-03 7.063597440719604492e-03 7.194012403488159180e-03 7.232904434204101562e-03
4.316577245826856424e-01 4.929631948471069336e-03 5.112856626510620117e-03 5.161523818969726562e-03 5.089938640594482422e-03 4.945129156112670898e-03 5.073040723800659180e-03 5.122840404510498047e-03 5.187183618545532227e-03 5.042403936386108398e-03 4.993170499801635742e-03
4.381104865680734983e-01 -1.183897256851196289e-02 -1.189580559730529785e-02 -1.191246509552001953e-02 -1.190450787544250488e-02 -1.187589764595031738e-02 -1.191502809524536133e-02 -1.193007826805114746e-02 -1.194778084754943848e-02 -1.191249489784240723e-02 -1.186853647232055664e-02
4.445632485534614098e-01 9.150475263595581055e-03 9.101778268814086914e-03 9.065568447113037109e-03 9.085923433303833008e-03 9.188532829284667969e-03 9.070038795471191406e-03 9.048521518707275391e-03 9.035974740982055664e-03 9.086251258850097656e-03 9.127706289291381836e-03
4.510160105388493212e-01 -4.466474056243896484e-04 -3.244876861572265625e-04 -2.887845039367675781e-04 -3.329813480377197266e-04 -4.162788391113281250e-04 -2.512931823730468750e-04 -2.555251121520996094e-04 -2.281367778778076172e-04 -3.209114074707031250e-04 -3.758072853088378906e-04
4.574687725242372327e-01 -6.562411785125732422e-03 -6.637781858444213867e-03 -6.672978401184082031e-03 -6.641685962677001953e-03 -6.581038236618041992e-03 -6.663858890533447266e-03 -6.673544645309448242e-03 -6.688684225082397461e-03 -6.622731685638427734e-03 -6.609439849853515625e-03
4.639215345096251442e-01 8.842021226882934570e-03 8.832812309265136719e-03 8.844047784805297852e-03 8.816629648208618164e-03 8.839040994644165039e-03 8.817315101623535156e-03 8.816719055175781250e-03 8.817434310913085938e-03 8.840262889862060547e-03 8.835703134536743164e-03
4.703742964950130556e-01 -3.091871738433837891e-03 -3.025710582733154297e-03 -2.976685762405395508e-03 -2.993315458297729492e-03 -3.097355365753173828e-03 -2.985805273056030273e-03 -2.989977598190307617e-03 -2.991050481796264648e-03 -3.048151731491088867e-03 -3.054201602935791016e-03
4.768270584804009671e-01 -3.109961748123168945e-03 -3.209739923477172852e-03 -3.247618675231933594e-03 -3.214269876480102539e-03 -3.144234418869018555e-03 -3.206431865692138672e-03 -3.209888935089111328e-03 -3.242641687393188477e-03 -3.173351287841796875e-03 -3.138393163681030273e-03
4.832798204657888230e-01 6.555259227752685547e-03 6.594300270080566406e-03 6.591022014617919922e-03 6.559342145919799805e-03 6.569385528564453125e-03 6.574660539627075195e-03 6.570726633071899414e-03 6.579160690307617188e-03 6.576925516128540039e-03 6.580531597137451172e-03
4.897325824511767345e-01 -4.188716411590576172e-03 -4.135519266128540039e-03 -4.096508026123046875e-03 -4.098027944564819336e-03 -4.167526960372924805e-03 -4.110634326934814453e-03 -4.100412130355834961e-03 -4.077374935150146484e-03 -4.115104675292968750e-03 -4.131376743316650391e-03
4.961853444365646459e-01 -2.518296241760253906e-04 -2.984404563903808594e-04 -3.328025341033935547e-04 -3.178715705871582031e-04 -2.684593200683593750e-04 -3.174245357513427734e-04 -3.321766853332519531e-04 -3.370344638824462891e-04 -2.898275852203369141e-04 -2.798438072204589844e-04
5.026381064219525019e-01 3.725469112396240234e-03 3.721445798873901367e-03 3.760337829589843750e-03 3.737896680831909180e-03 3.704965114593505859e-03 3.747403621673583984e-03 3.737598657608032227e-03 3.759413957595825195e-03 3.732323646545410156e-03 3.716737031936645508e-03
5.090908684073405244e-01 -3.194272518157958984e-03 -3.197997808456420898e-03 -3.174006938934326172e-03 -3.154426813125610352e-03 -3.164619207382202148e-03 -3.170073032379150391e-03 -3.168612718582153320e-03 -3.178745508193969727e-03 -3.181397914886474609e-03 -3.185331821441650391e-03
5.155436303927283248e-01 1.037836074829101562e-03 1.010328531265258789e-03 1.007378101348876953e-03 1.008003950119018555e-03 1.035749912261962891e-03 1.002281904220581055e-03 1.006454229354858398e-03 9.839236736297607422e-04 1.005530357360839844e-03 1.021891832351684570e-03
5.219963923781163473e-01 1.821875572204589844e-03 1.834064722061157227e-03 1.830130815505981445e-03 1.822620630264282227e-03 1.801997423171997070e-03 1.826494932174682617e-03 1.821219921112060547e-03 1.842767000198364258e-03 1.822471618652343750e-03 1.819968223571777344e-03
5.284491543635041477e-01 -2.483487129211425781e-03 -2.450674772262573242e-03 -2.482503652572631836e-03 -2.466917037963867188e-03 -2.469360828399658203e-03 -2.467215061187744141e-03 -2.491265535354614258e-03 -2.487123012542724609e-03 -2.489238977432250977e-03 -2.488613128662109375e-03
5.349019163488920592e-01 1.084655523300170898e-03 1.082628965377807617e-03 1.071155071258544922e-03 1.071333885192871094e-03 1.086533069610595703e-03 1.059114933013916016e-03 1.072585582733154297e-03 1.059800386428833008e-03 1.073539257049560547e-03 1.093626022338867188e-03
5.413546783342799706e-01 9.492933750152587891e-04 9.826123714447021484e-04 9.829998016357421875e-04 9.541511535644531250e-04 9.381771087646484375e-04 9.670257568359375000e-04 9.672045707702636719e-04 9.812414646148681641e-04 9.609460830688476562e-04 9.647905826568603516e-04
5.478074403196678821e-01 -1.537203788757324219e-03 -1.543015241622924805e-03 -1.531660556793212891e-03 -1.539587974548339844e-03 -1.551628112792968750e-03 -1.535058021545410156e-03 -1.545041799545288086e-03 -1.551985740661621094e-03 -1.536607742309570312e-03 -1.540303230285644531e-03
5.542602023050557936e-01 6.239712238311767578e-04 6.069242954254150391e-04 6.122887134552001953e-04 6.204247474670410156e-04 6.198287010192871094e-04 6.136894226074218750e-04 6.120502948760986328e-04 6.052553653717041016e-04 6.042420864105224609e-04 6.287097930908203125e-04
5.607129642904437050e-01 5.685389041900634766e-04 5.864202976226806641e-04 5.852878093719482422e-04 5.826354026794433594e-04 5.856752395629882812e-04 5.812048912048339844e-04 5.939900875091552734e-04 6.037354469299316406e-04 5.877315998077392578e-04 5.724430084228515625e-04
5.671657262758316165e-01 -1.299887895584106445e-03 -1.308619976043701172e-03 -1.302540302276611328e-03 -1.294136047363281250e-03 -1.300126314163208008e-03 -1.316845417022705078e-03 -1.307874917984008789e-03 -1.302301883697509766e-03 -1.301795244216918945e-03 -1.307487487792968750e-03
5.736184882612194169e-01 9.871423244476318359e-04 9.863972663879394531e-04 9.728372097015380859e-04 9.799301624298095703e-04 9.889602661132812500e-04 9.855628013610839844e-04 9.709000587463378906e-04 9.676814079284667969e-04 9.685456752777099609e-04 9.765923023223876953e-04
5.800712502466074394e-01 3.594458103179931641e-04 3.667771816253662109e-04 3.774762153625488281e-04 3.669857978820800781e-04 3.559887409210205078e-04 3.719031810760498047e-04 3.749728202819824219e-04 3.697276115417480469e-04 3.684461116790771484e-04 3.653168678283691406e-04
5.865240122319952398e-01 -1.196354627609252930e-03 -1.203030347824096680e-03 -1.199960708618164062e-03 -1.206964254379272461e-03 -1.196295022964477539e-03 -1.194536685943603516e-03 -1.191735267639160156e-03 -1.201391220092773438e-03 -1.201838254928588867e-03 -1.201540231704711914e-03
5.929767742173832623e-01 7.854998111724853516e-04 7.832944393157958984e-04 7.756352424621582031e-04 7.828176021575927734e-04 7.741451263427734375e-04 7.757842540740966797e-04 7.735788822174072266e-04 7.585883140563964844e-04 7.771849632263183594e-04 7.780492305755615234e-04
5.994295362027710627e-01 2.822279930114746094e-05 3.248453140258789062e-05 2.232193946838378906e-05 3.311038017272949219e-05 1.549720764160156250e-05 3.024935722351074219e-05 3.764033317565917969e-05 2.983212471008300781e-05 3.221631050109863281e-05 2.080202102661132812e-05
6.058822981881590852e-01 -5.505383014678955078e-04 -5.494058132171630859e-04 -5.414187908172607422e-04 -5.432963371276855469e-04 -5.399286746978759766e-04 -5.498528480529785156e-04 -5.672276020050048828e-04 -5.550384521484375000e-04 -5.528032779693603516e-04 -5.505681037902832031e-04
6.123350601735468857e-01 9.151995182037353516e-04 9.213984012603759766e-04 9.202361106872558594e-04 9.109079837799072266e-04 9.163320064544677734e-04 9.168684482574462891e-04 9.165406227111816406e-04 8.939504623413085938e-04 9.167492389678955078e-04 9.091198444366455078e-04
6.187878221589347971e-01 -4.351735115051269531e-04 -4.274845123291015625e-04 -4.226267337799072266e-04 -4.308819770812988281e-04 -4.336535930633544922e-04 -4.232227802276611328e-04 -4.190504550933837891e-04 -4.259645938873291016e-04 -4.303157329559326172e-04 -4.378855228424072266e-04
6.252405841443227086e-01 -5.739927291870117188e-04 -5.933642387390136719e-04 -5.938112735748291016e-04 -5.943179130554199219e-04 -5.838274955749511719e-04 -5.831718444824218750e-04 -5.959570407867431641e-04 -5.930960178375244141e-04 -5.942285060882568359e-04 -5.815029144287109375e-04
6.316933461297106200e-01 6.957054138183593750e-04 6.944835186004638672e-04 6.827116012573242188e-04 6.951391696929931641e-04 6.878376007080078125e-04 6.854534149169921875e-04 6.748437881469726562e-04 6.933510303497314453e-04 6.919503211975097656e-04 6.781518459320068359e-04
6.381461081150985315e-01 -2.534091472625732422e-04 -2.455711364746093750e-04 -2.374351024627685547e-04 -2.377331256866455078e-04 -2.469718456268310547e-04 -2.425014972686767578e-04 -2.380907535552978516e-04 -2.327859401702880859e-04 -2.315044403076171875e-04 -2.373158931732177734e-04
6.445988701004864430e-01 -1.599788665771484375e-04 -1.619458198547363281e-04 -1.654326915740966797e-04 -1.582801342010498047e-04 -1.429021358489990234e-04 -1.712441444396972656e-04 -1.621544361114501953e-04 -1.738965511322021484e-04 -1.621246337890625000e-04 -1.584887504577636719e-04
6.510516320858743544e-01 3.523528575897216797e-04 3.448426723480224609e-04 3.447532653808593750e-04 3.381967544555664062e-04 3.251731395721435547e-04 3.332495689392089844e-04 3.450512886047363281e-04 3.434717655181884766e-04 3.432631492614746094e-04 3.491044044494628906e-04
6.575043940712622659e-01 -4.263818264007568359e-04 -4.075765609741210938e-04 -4.219710826873779297e-04 -4.143714904785156250e-04 -4.382133483886718750e-04 -4.275739192962646484e-04 -4.220008850097656250e-04 -4.210174083709716797e-04 -4.325211048126220703e-04 -4.222095012664794922e-04
6.639571560566501773e-01 -3.406405448913574219e-05 -4.693865776062011719e-05 -2.548098564147949219e-05 -2.932548522949218750e-05 -3.027915954589843750e-05 -4.205107688903808594e-05 -3.433227539062500000e-05 -3.382563591003417969e-05 -4.288554191589355469e-05 -2.357363700866699219e-05
6.704099180420379778e-01 3.798305988311767578e-04 3.743767738342285156e-04 3.739595413208007812e-04 3.878474235534667969e-04 3.848075866699218750e-04 3.757476806640625000e-04 3.864169120788574219e-04 3.733038902282714844e-04 3.777146339416503906e-04 3.932118415832519531e-04
6.768626800274260003e-01 -1.477003097534179688e-04 -1.438260078430175781e-04 -1.434981822967529297e-04 -1.527369022369384766e-04 -1.555979251861572266e-04 -1.345276832580566406e-04 -1.397132873535156250e-04 -1.476407051086425781e-04 -1.478791236877441406e-04 -1.637339591979980469e-04
6.833154420128139117e-01 -7.703900337219238281e-05 -7.361173629760742188e-05 -6.797909736633300781e-05 -7.554888725280761719e-05 -8.428096771240234375e-05 -8.139014244079589844e-05 -6.949901580810546875e-05 -8.901953697204589844e-05 -7.990002632141113281e-05 -7.912516593933105469e-05
6.897682039982017121e-01 1.662969589233398438e-05 1.251697540283203125e-05 1.010298728942871094e-05 1.052021980285644531e-05 1.436471939086914062e-05 1.496076583862304688e-05 4.947185516357421875e-06 1.287460327148437500e-05 1.364946365356445312e-05 2.589821815490722656e-05
6.962209659835896236e-01 -3.662705421447753906e-05 -3.385543823242187500e-05 -3.078579902648925781e-05 -4.279613494873046875e-05 -3.430247306823730469e-05 -4.121661186218261719e-05 -3.638863563537597656e-05 -4.017353057861328125e-05 -2.840161323547363281e-05 -4.401803016662597656e-05
7.026737279689775351e-01 1.254677772521972656e-05 2.175569534301757812e-06 1.966953277587890625e-06 1.314282417297363281e-05 1.001358032226562500e-05 1.591444015502929688e-05 6.735324859619140625e-06 1.251697540283203125e-06 3.874301910400390625e-06 7.420778274536132812e-06
7.091264899543654465e-01 1.936554908752441406e-04 1.972019672393798828e-04 1.912415027618408203e-04 1.813173294067382812e-04 1.963973045349121094e-04 1.927614212036132812e-04 1.961588859558105469e-04 2.016723155975341797e-04 1.919269561767578125e-04 1.852214336395263672e-04
7.155792519397533580e-01 -1.380145549774169922e-04 -1.295804977416992188e-04 -1.405775547027587891e-04 -1.335740089416503906e-04 -1.333057880401611328e-04 -1.320838928222656250e-04 -1.293420791625976562e-04 -1.117885112762451172e-04 -1.303553581237792969e-04 -1.221597194671630859e-04
7.220320139251412694e-01 -2.537071704864501953e-04 -2.550482749938964844e-04 -2.529919147491455078e-04 -2.575516700744628906e-04 -2.541542053222656250e-04 -2.516806125640869141e-04 -2.531111240386962891e-04 -2.645552158355712891e-04 -2.563297748565673828e-04 -2.501606941223144531e-04
7.284847759105291809e-01 3.239214420318603516e-04 3.248453140258789062e-04 3.107786178588867188e-04 3.149509429931640625e-04 3.194212913513183594e-04 3.243982791900634766e-04 3.121197223663330078e-04 3.104507923126220703e-04 3.121197223663330078e-04 3.145337104797363281e-04
7.349375378959170924e-01 1.504719257354736328e-04 1.473724842071533203e-04 1.327395439147949219e-04 1.423656940460205078e-04 1.401901245117187500e-04 1.462101936340332031e-04 1.383125782012939453e-04 1.567900180816650391e-04 1.482069492340087891e-04 1.567602157592773438e-04
7.413902998813050038e-01 -2.175569534301757812e-04 -2.327263355255126953e-04 -2.274215221405029297e-04 -2.396404743194580078e-04 -2.160966396331787109e-04 -2.251565456390380859e-04 -2.312958240509033203e-04 -2.343058586120605469e-04 -2.250671386718750000e-04 -2.173185348510742188e-04
7.478430618666929153e-01 6.133317947387695312e-05 6.258487701416015625e-05 5.406141281127929688e-05 7.560849189758300781e-05 5.483627319335937500e-05 6.014108657836914062e-05 5.838274955749511719e-05 6.097555160522460938e-05 4.246830940246582031e-05 6.598234176635742188e-05
7.542958238520808267e-01 -3.249347209930419922e-04 -3.062784671783447266e-04 -2.987384796142578125e-04 -3.153085708618164062e-04 -3.039538860321044922e-04 -3.155171871185302734e-04 -3.160238265991210938e-04 -3.158152103424072266e-04 -3.094375133514404297e-04 -3.214478492736816406e-04
7.607485858374687382e-01 -2.673268318176269531e-05 -3.415346145629882812e-05 -4.771351814270019531e-05 -3.826618194580078125e-05 -3.278255462646484375e-05 -3.543496131896972656e-05 -4.422664642333984375e-05 -4.988908767700195312e-05 -3.924965858459472656e-05 -4.702806472778320312e-05
7.672013478228566496e-01 5.407035350799560547e-04 5.473792552947998047e-04 5.359947681427001953e-04 5.409717559814453125e-04 5.435943603515625000e-04 5.496442317962646484e-04 5.341172218322753906e-04 5.412399768829345703e-04 5.526840686798095703e-04 5.528032779693603516e-04
7.736541098082445611e-01 -1.084208488464355469e-04 -1.066327095031738281e-04 -1.080036163330078125e-04 -1.030862331390380859e-04 -1.101791858673095703e-04 -9.939074516296386719e-05 -1.024305820465087891e-04 -1.102387905120849609e-04 -1.085102558135986328e-04 -1.078844070434570312e-04
7.801068717936323615e-01 -5.549192428588867188e-05 -7.832050323486328125e-05 -7.155537605285644531e-05 -7.632374763488769531e-05 -7.703900337219238281e-05 -7.292628288269042969e-05 -7.292628288269042969e-05 -6.616115570068359375e-05 -7.644295692443847656e-05 -6.395578384399414062e-05
7.865596337790202730e-01 5.447864532470703125e-04 5.662143230438232422e-04 5.541145801544189453e-04 5.411803722381591797e-04 5.461871623992919922e-04 5.466043949127197266e-04 5.488693714141845703e-04 5.459189414978027344e-04 5.412399768829345703e-04 5.321502685546875000e-04
7.930123957644081845e-01 3.606081008911132812e-05 5.811452865600585938e-05 4.863739013671875000e-05 5.200505256652832031e-05 4.982948303222656250e-05 4.157423973083496094e-05 4.184246063232421875e-05 4.872679710388183594e-05 4.798173904418945312e-05 4.485249519348144531e-05
7.994651577497960959e-01 8.463859558105468750e-06 8.165836334228515625e-06 -2.384185791015625000e-07 9.775161743164062500e-06 1.266598701477050781e-05 1.168251037597656250e-05 1.114606857299804688e-05 1.186132431030273438e-05 5.036592483520507812e-06 2.384185791015625000e-07
8.059179197351840074e-01 -1.574754714965820312e-04 -1.440048217773437500e-04 -1.422464847564697266e-04 -1.543760299682617188e-04 -1.624524593353271484e-04 -1.431107521057128906e-04 -1.485645771026611328e-04 -1.443624496459960938e-04 -1.574456691741943359e-04 -1.511275768280029297e-04
8.123706817205719188e-01 -5.465447902679443359e-04 -5.553364753723144531e-04 -5.600154399871826172e-04 -5.572438240051269531e-04 -5.660355091094970703e-04 -5.677640438079833984e-04 -5.765557289123535156e-04 -5.729496479034423828e-04 -5.600452423095703125e-04 -5.800724029541015625e-04
8.188234437059598303e-01 6.156265735626220703e-04 6.242990493774414062e-04 6.309449672698974609e-04 6.184577941894531250e-04 6.078183650970458984e-04 6.044507026672363281e-04 6.169080734252929688e-04 6.188750267028808594e-04 6.260871887207031250e-04 6.254017353057861328e-04
8.252762056913477418e-01 -2.138614654541015625e-04 -2.000927925109863281e-04 -1.890659332275390625e-04 -2.011060714721679688e-04 -1.916885375976562500e-04 -1.848936080932617188e-04 -1.967251300811767578e-04 -1.863539218902587891e-04 -1.954138278961181641e-04 -1.999735832214355469e-04
8.317289676767356532e-01 -7.235109806060791016e-04 -7.203519344329833984e-04 -7.199943065643310547e-04 -7.191002368927001953e-04 -7.175207138061523438e-04 -7.268190383911132812e-04 -7.320046424865722656e-04 -7.311403751373291016e-04 -7.251203060150146484e-04 -7.247924804687500000e-04
8.381817296621235647e-01 8.637309074401855469e-04 8.450746536254882812e-04 8.480548858642578125e-04 8.606016635894775391e-04 8.498132228851318359e-04 8.494853973388671875e-04 8.496940135955810547e-04 8.473992347717285156e-04 8.550286293029785156e-04 8.530020713806152344e-04
8.446344916475114761e-01 -2.318918704986572266e-04 -2.310574054718017578e-04 -2.195537090301513672e-04 -2.221465110778808594e-04 -2.300143241882324219e-04 -2.302527427673339844e-04 -2.221167087554931641e-04 -2.278089523315429688e-04 -2.154707908630371094e-04 -2.151727676391601562e-04
8.510872536328993876e-01 -2.481043338775634766e-04 -2.574324607849121094e-04 -2.626776695251464844e-04 -2.629756927490234375e-04 -2.598464488983154297e-04 -2.578198909759521484e-04 -2.600252628326416016e-04 -2.486109733581542969e-04 -2.575814723968505859e-04 -2.471804618835449219e-04
8.575400156182872990e-01 4.099607467651367188e-04 4.251897335052490234e-04 4.186630249023437500e-04 4.226267337799072266e-04 4.131197929382324219e-04 4.244148731231689453e-04 4.302561283111572266e-04 4.335939884185791016e-04 4.196166992187500000e-04 4.238784313201904297e-04
8.639927776036752105e-01 -5.018413066864013672e-04 -4.993081092834472656e-04 -4.896521568298339844e-04 -4.921555519104003906e-04 -5.027949810028076172e-04 -4.964768886566162109e-04 -4.958212375640869141e-04 -4.902780055999755859e-04 -4.920065402984619141e-04 -4.964768886566162109e-04
8.704455395890630109e-01 -2.021789550781250000e-04 -1.916885375976562500e-04 -2.011358737945556641e-04 -1.919269561767578125e-04 -1.842081546783447266e-04 -1.844763755798339844e-04 -1.932978630065917969e-04 -1.944303512573242188e-04 -1.908540725708007812e-04 -1.940727233886718750e-04
8.768983015744509224e-01 4.342496395111083984e-04 4.190802574157714844e-04 4.275143146514892578e-04 4.295110702514648438e-04 4.380643367767333984e-04 4.451572895050048828e-04 4.278421401977539062e-04 4.344582557678222656e-04 4.323124885559082031e-04 4.400908946990966797e-04
8.833510635598388339e-01 -2.871453762054443359e-04 -2.866089344024658203e-04 -2.784729003906250000e-04 -2.773106098175048828e-04 -2.765655517578125000e-04 -2.796053886413574219e-04 -2.770125865936279297e-04 -2.743899822235107422e-04 -2.863109111785888672e-04 -2.818703651428222656e-04
8.898038255452267453e-01 1.110434532165527344e-04 1.081824302673339844e-04 1.015067100524902344e-04 1.038610935211181641e-04 1.204013824462890625e-04 1.145303249359130859e-04 1.100301742553710938e-04 1.169741153717041016e-04 1.109242439270019531e-04 1.123249530792236328e-04
8.962565875306146568e-01 1.035034656524658203e-04 1.029670238494873047e-04 1.058578491210937500e-04 1.010596752166748047e-04 1.014471054077148438e-04 1.010000705718994141e-04 1.046061515808105469e-04 1.005232334136962891e-04 9.855628013610839844e-05 1.067221164703369141e-04
9.027093495160025682e-01 -3.397762775421142578e-04 -3.353357315063476562e-04 -3.391504287719726562e-04 -3.386735916137695312e-04 -3.316998481750488281e-04 -3.393590450286865234e-04 -3.352165222167968750e-04 -3.532469272613525391e-04 -3.416538238525390625e-04 -3.330409526824951172e-04
9.091621115013904797e-01 2.555251121520996094e-04 2.518892288208007812e-04 2.517402172088623047e-04 2.474784851074218750e-04 2.529919147491455078e-04 2.360939979553222656e-04 2.607405185699462891e-04 2.603530883789062500e-04 2.511739730834960938e-04 2.501606941223144531e-04
9.156148734867783912e-01 7.256865501403808594e-05 5.224347114562988281e-05 6.300210952758789062e-05 6.005167961120605469e-05 5.298852920532226562e-05 7.104873657226562500e-05 6.011128425598144531e-05 5.981326103210449219e-05 6.988644599914550781e-05 5.859136581420898438e-05
9.220676354721663026e-01 -1.960694789886474609e-04 -2.063512802124023438e-04 -1.968443393707275391e-04 -1.958012580871582031e-04 -1.980066299438476562e-04 -2.091825008392333984e-04 -2.076327800750732422e-04 -1.924633979797363281e-04 -1.863837242126464844e-04 -1.980960369110107422e-04
9.285203974575542141e-01 1.299977302551269531e-04 1.300871372222900391e-04 1.321434974670410156e-04 1.270174980163574219e-04 1.341998577117919922e-04 1.466870307922363281e-04 1.389384269714355469e-04 1.373887062072753906e-04 1.243948936462402344e-04 1.327693462371826172e-04
9.349731594429421255e-01 1.487135887145996094e-05 1.266598701477050781e-05 1.448392868041992188e-05 4.261732101440429688e-06 8.255243301391601562e-06 -3.814697265625000000e-06 9.506940841674804688e-06 8.344650268554687500e-07 3.814697265625000000e-06 7.092952728271484375e-06
9.414259214283300370e-01 -9.059906005859375000e-05 -9.551644325256347656e-05 -1.016855239868164062e-04 -1.000165939331054688e-04 -9.280443191528320312e-05 -9.849667549133300781e-05 -1.003742218017578125e-04 -8.466839790344238281e-05 -9.414553642272949219e-05 -8.091330528259277344e-05
9.478786834137179484e-01 2.113580703735351562e-04 2.064406871795654297e-04 2.110898494720458984e-04 2.084672451019287109e-04 1.972615718841552734e-04 2.072751522064208984e-04 2.124905586242675781e-04 1.990795135498046875e-04 2.100467681884765625e-04 2.073347568511962891e-04
9.543314453991058599e-01 -8.350610733032226562e-05 -8.463859558105468750e-05 -8.121132850646972656e-05 -9.235739707946777344e-05 -8.049607276916503906e-05 -7.709860801696777344e-05 -8.326768875122070312e-05 -7.373094558715820312e-05 -7.602572441101074219e-05 -8.523464202880859375e-05
9.607842073844936603e-01 -1.543164253234863281e-04 -1.658499240875244141e-04 -1.712739467620849609e-04 -1.623928546905517578e-04 -1.696348190307617188e-04 -1.518130302429199219e-04 -1.489222049713134766e-04 -1.646876335144042969e-04 -1.599788665771484375e-04 -1.609027385711669922e-04
9.672369693698815718e-01 1.594126224517822266e-04 1.551508903503417969e-04 1.661181449890136719e-04 1.609623432159423828e-04 1.669526100158691406e-04 1.596808433532714844e-04 1.597106456756591797e-04 1.557469367980957031e-04 1.575052738189697266e-04 1.525580883026123047e-04
9.736897313552694833e-01 -5.155801773071289062e-05 -3.564357757568359375e-05 -5.275011062622070312e-05 -4.276633262634277344e-05 -5.155801773071289062e-05 -4.485249519348144531e-05 -5.087256431579589844e-05 -4.807114601135253906e-05 -5.373358726501464844e-05 -5.686283111572265625e-05
9.801424933406573947e-01 -6.520748138427734375e-05 -5.164742469787597656e-05 -5.757808685302734375e-05 -6.923079490661621094e-05 -7.528066635131835938e-05 -6.049871444702148438e-05 -6.538629531860351562e-05 -6.115436553955078125e-05 -6.309151649475097656e-05 -6.690621376037597656e-05
9.865952553260453062e-01 1.369118690490722656e-04 1.332461833953857422e-04 1.357197761535644531e-04 1.249909400939941406e-04 1.379847526550292969e-04 1.365840435028076172e-04 1.408457756042480469e-04 1.282691955566406250e-04 1.471936702728271484e-04 1.317560672760009766e-04
9.930480173114332176e-01 -1.344978809356689453e-04 -1.374483108520507812e-04 -1.232326030731201172e-04 -1.265108585357666016e-04 -1.240372657775878906e-04 -1.396238803863525391e-04 -1.305639743804931641e-04 -1.240968704223632812e-04 -1.336336135864257812e-04 -1.413524150848388672e-04
9.995007792968211291e-01 6.330013275146484375e-05 6.103515625000000000e-05 5.543231964111328125e-05 6.005167961120605469e-05 4.953145980834960938e-05 4.729628562927246094e-05 4.592537879943847656e-05 4.816055297851562500e-05 5.123019218444824219e-05 5.963444709777832031e-05
1.005953541282209152e+00 8.374452590942382812e-05 8.293986320495605469e-05 7.468461990356445312e-05 8.934736251831054688e-05 8.073449134826660156e-05 8.481740951538085938e-05 7.084012031555175781e-05 8.809566497802734375e-05 8.672475814819335938e-05 8.526444435119628906e-05
1.012406303267596952e+00 -5.149841308593750000e-05 -6.207823753356933594e-05 -6.300210952758789062e-05 -4.947185516357421875e-05 -6.046891212463378906e-05 -5.438923835754394531e-05 -5.745887756347656250e-05 -5.543231964111328125e-05 -5.993247032165527344e-05 -5.826354026794433594e-05
1.018859065252984752e+00 5.057454109191894531e-05 4.407763481140136719e-05 4.914402961730957031e-05 4.738569259643554688e-05 4.383921623229980469e-05 3.555417060852050781e-05 3.850460052490234375e-05 4.148483276367187500e-05 4.822015762329101562e-05 4.461407661437988281e-05
1.025311827238372775e+00 -2.816319465637207031e-05 -3.716349601745605469e-05 -1.877546310424804688e-05 -3.170967102050781250e-05 -2.148747444152832031e-05 -2.229213714599609375e-05 -1.457333564758300781e-05 -2.774596214294433594e-05 -2.628564834594726562e-05 -3.147125244140625000e-05
1.031764589223760797e+00 3.162026405334472656e-05 1.963973045349121094e-05 2.294778823852539062e-05 3.096461296081542969e-05 3.537535667419433594e-05 5.513429641723632812e-06 2.995133399963378906e-05 3.272294998168945312e-05 2.408027648925781250e-05 2.929568290710449219e-05
1.038217351209148598e+00 2.828240394592285156e-05 3.278255462646484375e-05 3.835558891296386719e-05 2.992153167724609375e-05 2.756714820861816406e-05 4.515051841735839844e-05 3.868341445922851562e-05 3.999471664428710938e-05 1.770257949829101562e-05 2.413988113403320312e-05
1.044670113194536398e+00 7.799267768859863281e-05 7.981061935424804688e-05 8.571147918701171875e-05 9.134411811828613281e-05 8.118152618408203125e-05 9.158253669738769531e-05 8.332729339599609375e-05 8.109211921691894531e-05 8.600950241088867188e-05 8.493661880493164062e-05
1.051122875179924421e+00 -6.499886512756347656e-05 -7.432699203491210938e-05 -7.373094558715820312e-05 -7.298588752746582031e-05 -6.461143493652343750e-05 -8.177757263183593750e-05 -6.836652755737304688e-05 -7.537007331848144531e-05 -6.699562072753906250e-05 -6.866455078125000000e-05
1.057575637165312221e+00 -3.203749656677246094e-04 -3.364682197570800781e-04 -3.350377082824707031e-04 -3.273487091064453125e-04 -3.308355808258056641e-04 -3.376603126525878906e-04 -3.415048122406005859e-04 -3.292858600616455078e-04 -3.358721733093261719e-04 -3.262162208557128906e-04
1.064028399150700022e+00 1.473724842071533203e-04 1.626610755920410156e-04 1.555681228637695312e-04 1.529157161712646484e-04 1.591742038726806641e-04 1.445114612579345703e-04 1.675784587860107422e-04 1.612007617950439453e-04 1.564621925354003906e-04 1.650154590606689453e-04
1.070481161136088044e+00 -2.255141735076904297e-04 -2.162754535675048828e-04 -2.222359180450439453e-04 -2.061724662780761719e-04 -2.227425575256347656e-04 -2.093315124511718750e-04 -2.154409885406494141e-04 -2.150833606719970703e-04 -2.161562442779541016e-04 -2.157688140869140625e-04
1.076933923121476067e+00 6.213784217834472656e-05 5.367398262023925781e-05 6.428360939025878906e-05 6.127357482910156250e-05 5.021691322326660156e-05 5.960464477539062500e-05 6.726384162902832031e-05 5.942583084106445312e-05 3.963708877563476562e-05 4.437565803527832031e-05
1.083386685106863867e+00 2.734065055847167969e-04 2.721846103668212891e-04 2.722740173339843750e-04 2.723634243011474609e-04 2.745985984802246094e-04 2.593994140625000000e-04 2.666115760803222656e-04 2.635121345520019531e-04 2.707242965698242188e-04 2.718865871429443359e-04
1.089839447092251667e+00 -2.501904964447021484e-04 -2.389550209045410156e-04 -2.379417419433593750e-04 -2.439618110656738281e-04 -2.482235431671142578e-04 -2.376735210418701172e-04 -2.370476722717285156e-04 -2.354085445404052734e-04 -2.298951148986816406e-04 -2.471804618835449219e-04
1.096292209077639690e+00 1.728832721710205078e-04 1.637041568756103516e-04 1.714229583740234375e-04 1.731514930725097656e-04 1.725852489471435547e-04 1.727938652038574219e-04 1.691579818725585938e-04 1.694560050964355469e-04 1.688897609710693359e-04 1.716315746307373047e-04
1.102744971063027712e+00 -1.955628395080566406e-04 -1.785159111022949219e-04 -1.746416091918945312e-04 -1.695156097412109375e-04 -1.879036426544189453e-04 -1.798272132873535156e-04 -1.820325851440429688e-04 -1.827180385589599609e-04 -1.784563064575195312e-04 -1.839995384216308594e-04
1.109197733048415513e+00 -3.822445869445800781e-04 -3.758966922760009766e-04 -3.685057163238525391e-04 -3.775656223297119141e-04 -3.783404827117919922e-04 -3.829896450042724609e-04 -3.773272037506103516e-04 -3.605782985687255859e-04 -3.651976585388183594e-04 -3.715753555297851562e-04
1.115650495033803313e+00 -1.931190490722656250e-05 -2.589821815490722656e-05 -1.648068428039550781e-05 -2.536177635192871094e-05 -3.156065940856933594e-05 -1.975893974304199219e-05 -3.087520599365234375e-05 -3.248453140258789062e-05 -2.431869506835937500e-05 -3.275275230407714844e-05
1.122103257019191336e+00 -1.668035984039306641e-04 -1.645982265472412109e-04 -1.584291458129882812e-04 -2.002120018005371094e-04 -1.737475395202636719e-04 -1.731216907501220703e-04 -1.802444458007812500e-04 -1.912415027618408203e-04 -1.884698867797851562e-04 -1.930892467498779297e-04
1.128556019004579358e+00 -2.052485942840576172e-04 -2.020895481109619141e-04 -2.105534076690673828e-04 -2.120137214660644531e-04 -2.034008502960205078e-04 -2.082288265228271484e-04 -2.020597457885742188e-04 -2.004802227020263672e-04 -2.060830593109130859e-04 -2.128481864929199219e-04
1.135008780989967159e+00 6.034970283508300781e-05 6.818771362304687500e-05 6.601214408874511719e-05 6.031990051269531250e-05 5.507469177246093750e-05 6.869435310363769531e-05 5.641579627990722656e-05 6.267428398132324219e-05 5.561113357543945312e-05 5.897879600524902344e-05
1.141461542975354959e+00 -1.741945743560791016e-04 -1.720190048217773438e-04 -1.777708530426025391e-04 -1.744329929351806641e-04 -1.663267612457275391e-04 -1.840889453887939453e-04 -1.764893531799316406e-04 -1.728832721710205078e-04 -1.684725284576416016e-04 -1.749396324157714844e-04
1.147914304960742982e+00 3.006160259246826172e-04 2.832114696502685547e-04 2.789199352264404297e-04 2.848207950592041016e-04 2.959966659545898438e-04 2.940595149993896484e-04 2.933740615844726562e-04 2.855062484741210938e-04 2.915561199188232422e-04 2.902746200561523438e-04
1.154367066946130782e+00 7.072091102600097656e-05 7.927417755126953125e-05 8.234381675720214844e-05 7.563829421997070312e-05 8.785724639892578125e-05 9.134411811828613281e-05 7.769465446472167969e-05 8.454918861389160156e-05 7.680058479309082031e-05 8.481740951538085938e-05
1.160819828931518582e+00 -3.447532653808593750e-04 -3.522038459777832031e-04 -3.403127193450927734e-04 -3.467500209808349609e-04 -3.542304039001464844e-04 -3.388226032257080078e-04 -3.456473350524902344e-04 -3.418028354644775391e-04 -3.513991832733154297e-04 -3.576278686523437500e-04
1.167272590916906605e+00 3.580152988433837891e-04 3.401935100555419922e-04 3.519058227539062500e-04 3.685951232910156250e-04 3.490746021270751953e-04 3.559887409210205078e-04 3.562569618225097656e-04 3.694891929626464844e-04 3.655254840850830078e-04 3.602504730224609375e-04
1.173725352902294627e+00 -2.014935016632080078e-04 -1.896619796752929688e-04 -1.900494098663330078e-04 -1.930594444274902344e-04 -1.916885375976562500e-04 -1.927614212036132812e-04 -1.889169216156005859e-04 -1.978576183319091797e-04 -1.849830150604248047e-04 -1.973807811737060547e-04
1.180178114887682428e+00 -1.469850540161132812e-04 -1.577734947204589844e-04 -1.722872257232666016e-04 -1.604855060577392578e-04 -1.530647277832031250e-04 -1.696050167083740234e-04 -1.524090766906738281e-04 -1.547038555145263672e-04 -1.556277275085449219e-04 -1.626312732696533203e-04
1.186630876873070450e+00 5.219280719757080078e-04 5.271732807159423828e-04 5.226135253906250000e-04 5.094408988952636719e-04 5.137324333190917969e-04 5.192756652832031250e-04 5.247592926025390625e-04 5.203783512115478516e-04 5.174279212951660156e-04 5.194842815399169922e-04
1.193083638858458251e+00 -3.086924552917480469e-04 -3.133416175842285156e-04 -3.046393394470214844e-04 -3.036260604858398438e-04 -3.118813037872314453e-04 -3.068149089813232422e-04 -3.111064434051513672e-04 -3.041625022888183594e-04 -3.075599670410156250e-04 -3.041923046112060547e-04
1.199536400843846051e+00 9.042024612426757812e-05 8.541345596313476562e-05 8.666515350341796875e-05 9.652972221374511719e-05 1.020133495330810547e-04 8.177757263183593750e-05 8.204579353332519531e-05 8.395314216613769531e-05 9.071826934814453125e-05 9.903311729431152344e-05
1.205989162829234074e+00 1.937747001647949219e-04 2.009868621826171875e-04 2.123713493347167969e-04 2.057552337646484375e-04 1.965761184692382812e-04 2.084374427795410156e-04 1.925230026245117188e-04 2.058148384094238281e-04 1.960098743438720703e-04 1.977384090423583984e-04
1.212441924814621874e+00 -3.608465194702148438e-04 -3.565847873687744141e-04 -3.712177276611328125e-04 -3.644824028015136719e-04 -3.679394721984863281e-04 -3.609061241149902344e-04 -3.689527511596679688e-04 -3.675818443298339844e-04 -3.710091114044189453e-04 -3.567934036254882812e-04
1.218894686800009897e+00 3.599226474761962891e-04 3.595650196075439453e-04 3.575682640075683594e-04 3.629028797149658203e-04 3.598630428314208984e-04 3.549456596374511719e-04 3.527700901031494141e-04 3.484487533569335938e-04 3.600120544433593750e-04 3.542006015777587891e-04
1.225347448785397697e+00 -5.993247032165527344e-05 -5.811452865600585938e-05 -6.628036499023437500e-05 -6.815791130065917969e-05 -6.315112113952636719e-05 -5.525350570678710938e-05 -5.382299423217773438e-05 -5.716085433959960938e-05 -5.477666854858398438e-05 -6.380677223205566406e-05
1.231800210770785720e+00 -1.930296421051025391e-04 -2.044439315795898438e-04 -2.003014087677001953e-04 -1.965165138244628906e-04 -1.946687698364257812e-04 -1.910626888275146484e-04 -1.831054687500000000e-04 -2.010166645050048828e-04 -1.947879791259765625e-04 -2.071857452392578125e-04
1.238252972756173520e+00 3.105998039245605469e-04 3.046989440917968750e-04 3.153979778289794922e-04 3.120005130767822266e-04 3.138780593872070312e-04 3.140568733215332031e-04 3.024637699127197266e-04 3.107190132141113281e-04 3.119409084320068359e-04 2.995729446411132812e-04
1.244705734741561542e+00 -1.798272132873535156e-04 -1.851320266723632812e-04 -1.845061779022216797e-04 -1.854002475738525391e-04 -1.998245716094970703e-04 -1.834034919738769531e-04 -1.749396324157714844e-04 -1.837313175201416016e-04 -1.873672008514404297e-04 -1.859366893768310547e-04
1.251158496726949343e+00 -2.881884574890136719e-05 -3.328919410705566406e-05 -3.919005393981933594e-05 -2.518296241760253906e-05 -3.629922866821289062e-05 -3.659725189208984375e-05 -4.455447196960449219e-05 -3.322958946228027344e-05 -3.463029861450195312e-05 -3.170967102050781250e-05
1.257611258712337365e+00 1.997649669647216797e-04 2.114474773406982422e-04 2.033710479736328125e-04 2.044439315795898438e-04 1.987814903259277344e-04 2.051591873168945312e-04 1.972317695617675781e-04 1.970827579498291016e-04 2.090930938720703125e-04 2.042353153228759766e-04
1.264064020697725166e+00 -1.956224441528320312e-04 -2.045631408691406250e-04 -1.921653747558593750e-04 -1.864135265350341797e-04 -1.997351646423339844e-04 -1.986622810363769531e-04 -2.028048038482666016e-04 -1.995563507080078125e-04 -2.005398273468017578e-04 -1.986920833587646484e-04
1.270516782683113188e+00 -2.577900886535644531e-05 -4.175305366516113281e-05 -4.485249519348144531e-05 -2.714991569519042969e-05 -3.498792648315429688e-05 -4.395842552185058594e-05 -3.468990325927734375e-05 -3.314018249511718750e-05 -2.834200859069824219e-05 -3.278255462646484375e-05
1.276969544668500989e+00 1.125633716583251953e-04 1.042485237121582031e-04 1.060664653778076172e-04 1.015365123748779297e-04 1.109242439270019531e-04 1.062750816345214844e-04 1.022815704345703125e-04 1.094639301300048828e-04 1.086294651031494141e-04 1.019835472106933594e-04
1.283422306653888789e+00 -1.038908958435058594e-04 -8.323788642883300781e-05 -9.906291961669921875e-05 -8.881092071533203125e-05 -1.042485237121582031e-04 -9.697675704956054688e-05 -9.492039680480957031e-05 -9.444355964660644531e-05 -9.506940841674804688e-05 -9.509921073913574219e-05
1.289875068639276812e+00 5.280971527099609375e-05 5.516409873962402344e-05 4.965066909790039062e-05 4.687905311584472656e-05 5.111098289489746094e-05 5.328655242919921875e-05 4.866719245910644531e-05 4.220008850097656250e-05 4.881620407104492188e-05 5.125999450683593750e-05
1.296327830624664612e+00 1.027584075927734375e-04 1.035332679748535156e-04 9.298324584960937500e-05 1.013576984405517578e-04 1.054704189300537109e-04 1.019239425659179688e-04 1.062154769897460938e-04 9.602308273315429688e-05 1.094043254852294922e-04 9.870529174804687500e-05
1.302780592610052635e+00 -1.589357852935791016e-04 -1.449286937713623047e-04 -1.674592494964599609e-04 -1.560449600219726562e-04 -1.610517501831054688e-04 -1.602172851562500000e-04 -1.483559608459472656e-04 -1.728236675262451172e-04 -1.669228076934814453e-04 -1.609921455383300781e-04
1.309233354595440435e+00 3.376603126525878906e-05 4.473328590393066406e-05 3.287196159362792969e-05 4.699826240539550781e-05 4.118680953979492188e-05 4.288554191589355469e-05 4.556775093078613281e-05 4.157423973083496094e-05 3.826618194580078125e-05 3.907084465026855469e-05
1.315686116580828458e+00 8.913874626159667969e-05 9.915232658386230469e-05 1.050233840942382812e-04 1.038908958435058594e-04 1.089572906494140625e-04 1.072585582733154297e-04 9.739398956298828125e-05 1.153945922851562500e-04 1.004040241241455078e-04 1.009106636047363281e-04
1.322138878566216258e+00 -1.381933689117431641e-04 -1.363754272460937500e-04 -1.329481601715087891e-04 -1.358389854431152344e-04 -1.369416713714599609e-04 -1.342594623565673828e-04 -1.447498798370361328e-04 -1.332461833953857422e-04 -1.351237297058105469e-04 -1.399815082550048828e-04
1.328591640551604280e+00 1.242458820343017578e-04 1.217424869537353516e-04 1.341104507446289062e-04 1.277029514312744141e-04 1.268088817596435547e-04 1.214444637298583984e-04 1.210570335388183594e-04 1.127421855926513672e-04 1.179575920104980469e-04 1.237094402313232422e-04
1.335044402536992081e+00 -5.638599395751953125e-05 -3.880262374877929688e-05 -3.600120544433593750e-05 -3.871321678161621094e-05 -5.045533180236816406e-05 -4.243850708007812500e-05 -4.622340202331542969e-05 -3.877282142639160156e-05 -3.972649574279785156e-05 -4.526972770690917969e-05
1.341497164522380103e+00 -1.221597194671630859e-04 -1.271367073059082031e-04 -1.207292079925537109e-04 -1.166462898254394531e-04 -1.164972782135009766e-04 -1.276433467864990234e-04 -1.221895217895507812e-04 -1.143813133239746094e-04 -1.136958599090576172e-04 -1.146197319030761719e-04
1.347949926507767904e+00 2.007782459259033203e-04 1.911818981170654297e-04 1.845359802246093750e-04 1.909136772155761719e-04 1.982450485229492188e-04 1.973509788513183594e-04 1.857578754425048828e-04 1.761615276336669922e-04 1.957416534423828125e-04 1.856088638305664062e-04
1.354402688493155926e+00 -6.103515625000000000e-05 -6.505846977233886719e-05 -6.279349327087402344e-05 -6.371736526489257812e-05 -7.686018943786621094e-05 -6.943941116333007812e-05 -6.249547004699707031e-05 -6.398558616638183594e-05 -5.084276199340820312e-05 -6.550550460815429688e-05
1.360855450478543727e+00 -5.596876144409179688e-05 -5.120038986206054688e-05 -4.890561103820800781e-05 -5.158782005310058594e-05 -5.662441253662109375e-05 -6.026029586791992188e-05 -5.984306335449218750e-05 -6.455183029174804688e-05 -5.054473876953125000e-05 -5.468726158142089844e-05
1.367308212463931749e+00 1.153349876403808594e-04 1.078248023986816406e-04 9.989738464355468750e-05 1.206398010253906250e-04 1.141726970672607422e-04 1.090764999389648438e-04 1.030862331390380859e-04 1.098513603210449219e-04 1.095533370971679688e-04 1.133084297180175781e-04
1.373760974449319550e+00 -6.037950515747070312e-05 -5.072355270385742188e-05 -5.343556404113769531e-05 -6.625056266784667969e-05 -5.123019218444824219e-05 -4.547834396362304688e-05 -5.418062210083007812e-05 -4.544854164123535156e-05 -5.653500556945800781e-05 -5.620718002319335938e-05
1.380213736434707350e+00 1.410543918609619141e-04 1.507103443145751953e-04 1.303255558013916016e-04 1.318752765655517578e-04 1.490414142608642578e-04 1.479089260101318359e-04 1.306533813476562500e-04 1.414716243743896484e-04 1.321434974670410156e-04 1.310706138610839844e-04
1.386666498420095373e+00 2.181529998779296875e-05 3.248453140258789062e-05 2.166628837585449219e-05 2.375245094299316406e-05 2.813339233398437500e-05 3.111362457275390625e-05 3.328919410705566406e-05 2.822279930114746094e-05 2.366304397583007812e-05 2.658367156982421875e-05
1.393119260405483173e+00 -6.040930747985839844e-05 -5.424022674560546875e-05 -5.546212196350097656e-05 -5.581974983215332031e-05 -6.130337715148925781e-05 -5.251169204711914062e-05 -5.096197128295898438e-05 -5.528330802917480469e-05 -4.869699478149414062e-05 -5.438923835754394531e-05
1.399572022390871195e+00 -1.490116119384765625e-07 1.707673072814941406e-05 2.306699752807617188e-05 4.976987838745117188e-06 1.075863838195800781e-05 3.725290298461914062e-06 1.433491706848144531e-05 2.023577690124511719e-05 1.603364944458007812e-05 5.304813385009765625e-06
1.406024784376258996e+00 4.073977470397949219e-05 4.017353057861328125e-05 3.525614738464355469e-05 3.442168235778808594e-05 3.868341445922851562e-05 2.983212471008300781e-05 3.367662429809570312e-05 3.892183303833007812e-05 3.343820571899414062e-05 3.236532211303710938e-05
1.412477546361647018e+00 -8.106231689453125000e-05 -7.292628288269042969e-05 -7.975101470947265625e-05 -6.940960884094238281e-05 -7.623434066772460938e-05 -6.675720214843750000e-05 -8.130073547363281250e-05 -7.933378219604492188e-05 -8.413195610046386719e-05 -7.411837577819824219e-05
1.418930308347034819e+00 5.269050598144531250e-05 4.479289054870605469e-05 5.173683166503906250e-05 6.487965583801269531e-05 4.523992538452148438e-05 5.373358726501464844e-05 4.300475120544433594e-05 5.394220352172851562e-05 4.920363426208496094e-05 5.319714546203613281e-05
1.425383070332422841e+00 4.270672798156738281e-05 3.340840339660644531e-05 2.780556678771972656e-05 2.864003181457519531e-05 3.436207771301269531e-05 5.021691322326660156e-05 3.248453140258789062e-05 3.978610038757324219e-05 4.163384437561035156e-05 3.623962402343750000e-05
1.431835832317810642e+00 -8.100271224975585938e-05 -7.328391075134277344e-05 -6.628036499023437500e-05 -6.443262100219726562e-05 -7.292628288269042969e-05 -7.754564285278320312e-05 -7.596611976623535156e-05 -6.958842277526855469e-05 -7.325410842895507812e-05 -7.626414299011230469e-05
1.438288594303198664e+00 1.466274261474609375e-05 2.455711364746093750e-05 2.244114875793457031e-05 2.700090408325195312e-05 2.121925354003906250e-05 2.536177635192871094e-05 2.652406692504882812e-05 2.023577690124511719e-05 1.686811447143554688e-05 1.877546310424804688e-05
1.444741356288586465e+00 -2.020597457885742188e-05 -1.454353332519531250e-05 -7.659196853637695312e-06 -2.205371856689453125e-05 -8.910894393920898438e-06 -1.913309097290039062e-05 -1.135468482971191406e-05 -2.294778823852539062e-06 -1.266598701477050781e-05 -1.302361488342285156e-05
1.451194118273974487e+00 -1.606345176696777344e-05 -2.104043960571289062e-05 -1.075863838195800781e-05 -1.311302185058593750e-05 -1.770257949829101562e-05 -2.688169479370117188e-05 -1.707673072814941406e-05 -2.047419548034667969e-05 -2.449750900268554688e-05 -3.543496131896972656e-05
1.457646880259362288e+00 8.979439735412597656e-05 1.029968261718750000e-04 1.039206981658935547e-04 1.050233840942382812e-04 9.772181510925292969e-05 1.049935817718505859e-04 1.132190227508544922e-04 1.134872436523437500e-04 9.638071060180664062e-05 1.076459884643554688e-04
1.464099642244750310e+00 -1.030862331390380859e-04 -1.057982444763183594e-04 -9.208917617797851562e-05 -1.199245452880859375e-04 -1.064836978912353516e-04 -1.024305820465087891e-04 -1.108646392822265625e-04 -1.015067100524902344e-04 -9.924173355102539062e-05 -1.014173030853271484e-04
1.470552404230138110e+00 1.758337020874023438e-05 1.695752143859863281e-05 1.648068428039550781e-05 1.612305641174316406e-05 2.533197402954101562e-05 2.098083496093750000e-05 1.260638236999511719e-05 2.312660217285156250e-05 2.861022949218750000e-06 2.208352088928222656e-05
1.477005166215525911e+00 4.595518112182617188e-05 5.966424942016601562e-05 6.049871444702148438e-05 6.341934204101562500e-05 4.053115844726562500e-05 5.280971527099609375e-05 5.909800529479980469e-05 6.118416786193847656e-05 5.626678466796875000e-05 6.261467933654785156e-05
1.483457928200913933e+00 -1.285970211029052734e-04 -1.269280910491943359e-04 -1.312792301177978516e-04 -1.245439052581787109e-04 -1.318752765655517578e-04 -1.285374164581298828e-04 -1.284778118133544922e-04 -1.250505447387695312e-04 -1.285076141357421875e-04 -1.378953456878662109e-04
1.489910690186301734e+00 1.211762428283691406e-04 1.414418220520019531e-04 1.196563243865966797e-04 1.226961612701416016e-04 1.308023929595947266e-04 1.280903816223144531e-04 1.299083232879638672e-04 1.396238803863525391e-04 1.169443130493164062e-04 1.151263713836669922e-04
1.496363452171689756e+00 3.159046173095703125e-06 1.248717308044433594e-05 -2.086162567138671875e-07 9.983777999877929688e-06 -6.407499313354492188e-06 1.320242881774902344e-05 3.993511199951171875e-06 1.248717308044433594e-05 7.688999176025390625e-06 -1.311302185058593750e-06
1.502816214157077557e+00 -1.449286937713623047e-04 -1.419484615325927734e-04 -1.353919506072998047e-04 -1.362264156341552734e-04 -1.377165317535400391e-04 -1.462399959564208984e-04 -1.311600208282470703e-04 -1.401007175445556641e-04 -1.369416713714599609e-04 -1.394748687744140625e-04
1.509268976142465579e+00 2.210438251495361328e-04 2.094805240631103516e-04 2.147853374481201172e-04 2.093911170959472656e-04 2.101957798004150391e-04 2.070367336273193359e-04 2.101361751556396484e-04 2.209842205047607422e-04 2.203285694122314453e-04 2.169013023376464844e-04
1.515721738127853380e+00 -1.288652420043945312e-04 -1.168251037597656250e-04 -1.162290573120117188e-04 -1.103281974792480469e-04 -1.175403594970703125e-04 -1.132190227508544922e-04 -1.169145107269287109e-04 -1.267492771148681641e-04 -1.225769519805908203e-04 -1.175701618194580078e-04
1.522174500113241402e+00 -3.990530967712402344e-05 -5.331635475158691406e-05 -5.090236663818359375e-05 -5.534291267395019531e-05 -4.279613494873046875e-05 -4.157423973083496094e-05 -5.108118057250976562e-05 -5.254149436950683594e-05 -4.005432128906250000e-05 -4.929304122924804688e-05
1.528627262098629203e+00 2.560615539550781250e-04 2.633631229400634766e-04 2.613961696624755859e-04 2.568364143371582031e-04 2.515614032745361328e-04 2.606213092803955078e-04 2.670586109161376953e-04 2.671480178833007812e-04 2.589821815490722656e-04 2.484619617462158203e-04
1.535080024084017225e+00 -3.134906291961669922e-04 -3.196299076080322266e-04 -3.281235694885253906e-04 -3.196001052856445312e-04 -3.346204757690429688e-04 -3.170967102050781250e-04 -3.144145011901855469e-04 -3.210902214050292969e-04 -3.191828727722167969e-04 -3.205239772796630859e-04
1.541532786069405025e+00 1.811087131500244141e-04 1.608729362487792969e-04 1.645088195800781250e-04 1.648068428039550781e-04 1.678764820098876953e-04 1.721978187561035156e-04 1.707077026367187500e-04 1.710951328277587891e-04 1.742839813232421875e-04 1.797974109649658203e-04
1.547985548054793048e+00 1.853704452514648438e-04 1.911222934722900391e-04 2.011358737945556641e-04 1.910328865051269531e-04 1.817345619201660156e-04 1.790225505828857422e-04 1.794397830963134766e-04 1.964569091796875000e-04 1.783668994903564453e-04 1.827180385589599609e-04
1.554438310040180848e+00 -3.664493560791015625e-04 -3.617107868194580078e-04 -3.739893436431884766e-04 -3.635287284851074219e-04 -3.677308559417724609e-04 -3.643631935119628906e-04 -3.672540187835693359e-04 -3.491342067718505859e-04 -3.658533096313476562e-04 -3.601014614105224609e-04
1.560891072025568649e+00 3.317296504974365234e-04 3.172159194946289062e-04 3.183484077453613281e-04 3.261268138885498047e-04 3.203153610229492188e-04 3.136098384857177734e-04 3.218650817871093750e-04 3.124773502349853516e-04 3.208816051483154297e-04 3.118216991424560547e-04
1.567343834010956671e+00 -1.195073127746582031e-05 -1.680850982666015625e-05 -6.407499313354492188e-06 -1.260638236999511719e-05 -7.241964340209960938e-06 -7.152557373046875000e-06 2.831220626831054688e-06 -8.881092071533203125e-06 -1.448392868041992188e-05 -1.135468482971191406e-05
1.573796595996344472e+00 -3.266036510467529297e-04 -3.194212913513183594e-04 -3.159940242767333984e-04 -3.270506858825683594e-04 -3.275275230407714844e-04 -3.253817558288574219e-04 -3.224015235900878906e-04 -3.294050693511962891e-04 -3.398358821868896484e-04 -3.277957439422607422e-04
1.580249357981732494e+00 3.973543643951416016e-04 4.020631313323974609e-04 3.923475742340087891e-04 3.813505172729492188e-04 4.046857357025146484e-04 4.094243049621582031e-04 3.960430622100830078e-04 3.909170627593994141e-04 3.910660743713378906e-04 3.858506679534912109e-04
1.586702119967120295e+00 -2.133846282958984375e-04 -2.027750015258789062e-04 -2.022683620452880859e-04 -1.964867115020751953e-04 -2.114474773406982422e-04 -2.097487449645996094e-04 -1.938939094543457031e-04 -2.076327800750732422e-04 -2.068281173706054688e-04 -2.046227455139160156e-04
1.593154881952508317e+00 -1.059174537658691406e-04 -1.189112663269042969e-04 -1.250207424163818359e-04 -1.231431961059570312e-04 -1.125037670135498047e-04 -1.279711723327636719e-04 -1.234412193298339844e-04 -1.207590103149414062e-04 -1.258552074432373047e-04 -1.161098480224609375e-04
1.599607643937896118e+00 3.606975078582763672e-04 3.508329391479492188e-04 3.653466701507568359e-04 3.683865070343017578e-04 3.701746463775634766e-04 3.662407398223876953e-04 3.632307052612304688e-04 3.508329391479492188e-04 3.730058670043945312e-04 3.580152988433837891e-04
1.606060405923284140e+00 -2.931952476501464844e-04 -2.785623073577880859e-04 -2.981424331665039062e-04 -2.947151660919189453e-04 -3.073215484619140625e-04 -2.907514572143554688e-04 -2.814233303070068359e-04 -2.932846546173095703e-04 -2.951323986053466797e-04 -2.819597721099853516e-04
1.612513167908671941e+00 8.505582809448242188e-05 8.806586265563964844e-05 7.295608520507812500e-05 7.566809654235839844e-05 8.565187454223632812e-05 7.444620132446289062e-05 8.752942085266113281e-05 7.569789886474609375e-05 8.660554885864257812e-05 7.840991020202636719e-05
1.618965929894059963e+00 1.573562622070312500e-04 1.618862152099609375e-04 1.712739467620849609e-04 1.616477966308593750e-04 1.512467861175537109e-04 1.609921455383300781e-04 1.665353775024414062e-04 1.740455627441406250e-04 1.704990863800048828e-04 1.652240753173828125e-04
1.625418691879447763e+00 -2.783536911010742188e-04 -2.816617488861083984e-04 -2.861917018890380859e-04 -2.861917018890380859e-04 -2.845525741577148438e-04 -2.845525741577148438e-04 -2.892613410949707031e-04 -2.839863300323486328e-04 -2.931058406829833984e-04 -2.976953983306884766e-04
1.631871453864835786e+00 1.665651798248291016e-04 1.610219478607177734e-04 1.585781574249267578e-04 1.594722270965576172e-04 1.637637615203857422e-04 1.656115055084228516e-04 1.564025878906250000e-04 1.654326915740966797e-04 1.561641693115234375e-04 1.620054244995117188e-04
1.638324215850223586e+00 3.138184547424316406e-05 4.372000694274902344e-05 3.570318222045898438e-05 2.923607826232910156e-05 4.240870475769042969e-05 3.945827484130859375e-05 3.868341445922851562e-05 3.075599670410156250e-05 4.148483276367187500e-05 3.579258918762207031e-05
1.644776977835611609e+00 -2.058148384094238281e-04 -1.963376998901367188e-04 -1.935064792633056641e-04 -2.008974552154541016e-04 -1.925230026245117188e-04 -1.977682113647460938e-04 -1.888573169708251953e-04 -1.998841762542724609e-04 -1.966059207916259766e-04 -1.981258392333984375e-04
1.651229739820999409e+00 2.339780330657958984e-04 2.265870571136474609e-04 2.290606498718261719e-04 2.224743366241455078e-04 2.160072326660156250e-04 2.335608005523681641e-04 2.259910106658935547e-04 2.247989177703857422e-04 2.208352088928222656e-04 2.278983592987060547e-04
1.657682501806387210e+00 -5.140900611877441406e-05 -5.403161048889160156e-05 -6.169080734252929688e-05 -6.818771362304687500e-05 -7.182359695434570312e-05 -5.835294723510742188e-05 -5.999207496643066406e-05 -5.793571472167968750e-05 -6.201863288879394531e-05 -6.377696990966796875e-05
1.664135263791775232e+00 -8.365511894226074219e-05 -9.211897850036621094e-05 -8.085370063781738281e-05 -9.384751319885253906e-05 -9.214878082275390625e-05 -8.240342140197753906e-05 -8.717179298400878906e-05 -9.021162986755371094e-05 -9.950995445251464844e-05 -8.842349052429199219e-05
1.670588025777163033e+00 1.254975795745849609e-04 1.170933246612548828e-04 1.155138015747070312e-04 1.228451728820800781e-04 1.169443130493164062e-04 1.179277896881103516e-04 1.206099987030029297e-04 1.085400581359863281e-04 1.208484172821044922e-04 1.336932182312011719e-04
1.677040787762551055e+00 -1.643896102905273438e-04 -1.570880413055419922e-04 -1.508593559265136719e-04 -1.556277275085449219e-04 -1.565217971801757812e-04 -1.522898674011230469e-04 -1.518726348876953125e-04 -1.556873321533203125e-04 -1.519620418548583984e-04 -1.491010189056396484e-04
1.683493549747938856e+00 -9.655952453613281250e-06 -2.238154411315917969e-05 -2.431869506835937500e-05 -1.594424247741699219e-05 -1.713633537292480469e-05 -1.001358032226562500e-05 -1.269578933715820312e-05 -2.357363700866699219e-05 -1.502037048339843750e-05 -1.326203346252441406e-05
1.689946311733326878e+00 2.161860466003417969e-04 2.168118953704833984e-04 2.255141735076904297e-04 2.281367778778076172e-04 2.250969409942626953e-04 2.153515815734863281e-04 2.251863479614257812e-04 2.071261405944824219e-04 2.117455005645751953e-04 2.222061157226562500e-04
1.696399073718714678e+00 -7.528066635131835938e-05 -7.930397987365722656e-05 -8.606910705566406250e-05 -7.554888725280761719e-05 -8.133053779602050781e-05 -8.180737495422363281e-05 -8.586049079895019531e-05 -8.985400199890136719e-05 -8.550286293029785156e-05 -9.185075759887695312e-05
1.702851835704102701e+00 -2.470612525939941406e-05 -2.631545066833496094e-05 -3.343820571899414062e-05 -4.377961158752441406e-05 -3.653764724731445312e-05 -3.650784492492675781e-05 -3.260374069213867188e-05 -2.741813659667968750e-05 -3.880262374877929688e-05 -3.689527511596679688e-05
1.709304597689490501e+00 5.936622619628906250e-05 6.067752838134765625e-05 5.662441253662109375e-05 6.806850433349609375e-05 5.728006362915039062e-05 5.513429641723632812e-05 5.307793617248535156e-05 6.023049354553222656e-05 5.015730857849121094e-05 5.427002906799316406e-05
1.715757359674878524e+00 -6.160140037536621094e-05 -7.009506225585937500e-05 -6.094574928283691406e-05 -7.793307304382324219e-05 -7.492303848266601562e-05 -8.156895637512207031e-05 -6.461143493652343750e-05 -6.487965583801269531e-05 -6.133317947387695312e-05 -8.055567741394042969e-05
1.722210121660266324e+00 4.440546035766601562e-05 4.562735557556152344e-05 3.841519355773925781e-05 2.989172935485839844e-05 3.996491432189941406e-05 3.537535667419433594e-05 4.079937934875488281e-05 4.065036773681640625e-05 2.950429916381835938e-05 3.445148468017578125e-05
1.728662883645654347e+00 1.075863838195800781e-05 1.639127731323242188e-05 1.880526542663574219e-05 2.273917198181152344e-05 2.107024192810058594e-05 1.448392868041992188e-05 1.755356788635253906e-05 1.406669616699218750e-05 2.130866050720214844e-05 1.436471939086914062e-05
1.735115645631042147e+00 -1.868605613708496094e-05 -2.655386924743652344e-05 -2.953410148620605469e-05 -1.761317253112792969e-05 -7.599592208862304688e-06 -1.025199890136718750e-05 -1.597404479980468750e-05 -2.047419548034667969e-05 -2.264976501464843750e-06 -1.528859138488769531e-05
1.741568407616429948e+00 1.975893974304199219e-05 1.716613769531250000e-05 1.147389411926269531e-05 2.712011337280273438e-05 3.084540367126464844e-05 2.998113632202148438e-05 2.637505531311035156e-05 3.197789192199707031e-05 3.033876419067382812e-05 2.834200859069824219e-05
1.748021169601817970e+00 3.919005393981933594e-05 3.999471664428710938e-05 1.889467239379882812e-05 2.583861351013183594e-05 3.054738044738769531e-05 2.327561378479003906e-05 4.193186759948730469e-05 4.026293754577636719e-05 3.880262374877929688e-05 3.072619438171386719e-05
1.754473931587205771e+00 5.981326103210449219e-05 5.704164505004882812e-05 4.988908767700195312e-05 5.638599395751953125e-05 5.763769149780273438e-05 5.957484245300292969e-05 6.058812141418457031e-05 5.859136581420898438e-05 6.529688835144042969e-05 5.996227264404296875e-05
1.760926693572593793e+00 1.877546310424804688e-06 8.046627044677734375e-06 -2.771615982055664062e-06 -1.430511474609375000e-06 -1.609325408935546875e-06 4.798173904418945312e-06 -6.616115570068359375e-06 -5.155801773071289062e-06 9.477138519287109375e-06 -7.152557373046875000e-07
1.767379455557981593e+00 8.463859558105468750e-05 6.836652755737304688e-05 6.577372550964355469e-05 7.179379463195800781e-05 6.183981895446777344e-05 6.216764450073242188e-05 6.678700447082519531e-05 6.145238876342773438e-05 6.923079490661621094e-05 6.508827209472656250e-05
1.773832217543369616e+00 2.413988113403320312e-05 1.633167266845703125e-05 1.886487007141113281e-05 1.487135887145996094e-05 1.794099807739257812e-05 1.773238182067871094e-05 1.171231269836425781e-05 2.276897430419921875e-05 2.115964889526367188e-05 1.803040504455566406e-05
1.780284979528757416e+00 -3.463029861450195312e-05 -2.670288085937500000e-05 -1.955032348632812500e-05 -2.920627593994140625e-05 -2.083182334899902344e-05 -3.206729888916015625e-05 -2.971291542053222656e-05 -2.834200859069824219e-05 -1.931190490722656250e-05 -2.643465995788574219e-05
1.786737741514145439e+00 -4.878640174865722656e-05 -4.625320434570312500e-05 -3.632903099060058594e-05 -3.302097320556640625e-05 -4.106760025024414062e-05 -4.270672798156738281e-05 -3.382563591003417969e-05 -4.851818084716796875e-05 -4.771351814270019531e-05 -4.670023918151855469e-05
1.793190503499533239e+00 1.066923141479492188e-05 6.586313247680664062e-06 1.117587089538574219e-05 -1.758337020874023438e-06 2.539157867431640625e-05 1.391768455505371094e-05 9.834766387939453125e-06 1.645088195800781250e-05 1.358985900878906250e-05 1.999735832214355469e-05
1.799643265484921262e+00 1.052916049957275391e-04 9.679794311523437500e-05 1.016855239868164062e-04 9.450316429138183594e-05 9.456276893615722656e-05 1.101195812225341797e-04 1.019537448883056641e-04 1.027584075927734375e-04 9.810924530029296875e-05 1.035034656524658203e-04
1.806096027470309062e+00 4.643201828002929688e-05 5.006790161132812500e-05 4.601478576660156250e-05 4.264712333679199219e-05 3.719329833984375000e-05 3.650784492492675781e-05 4.431605339050292969e-05 4.783272743225097656e-05 3.400444984436035156e-05 2.479553222656250000e-05
1.812548789455697085e+00 1.174211502075195312e-05 1.817941665649414062e-05 1.817941665649414062e-05 1.469254493713378906e-05 1.594424247741699219e-05 1.391768455505371094e-05 1.460313796997070312e-05 2.342462539672851562e-05 2.032518386840820312e-05 1.412630081176757812e-05
1.819001551441084885e+00 4.380941390991210938e-06 5.781650543212890625e-06 7.688999176025390625e-06 -9.179115295410156250e-06 1.552700996398925781e-05 -3.099441528320312500e-06 -2.741813659667968750e-06 -5.364418029785156250e-07 -4.053115844726562500e-06 2.056360244750976562e-06
1.825454313426472908e+00 -3.245472908020019531e-05 -3.525614738464355469e-05 -2.494454383850097656e-05 -3.284215927124023438e-05 -2.032518386840820312e-05 -2.455711364746093750e-05 -2.661347389221191406e-05 -3.218650817871093750e-05 -3.337860107421875000e-05 -2.363324165344238281e-05
1.831907075411860708e+00 -9.804964065551757812e-06 -9.238719940185546875e-07 -2.142786979675292969e-05 -2.473592758178710938e-06 -6.079673767089843750e-06 -8.732080459594726562e-06 -1.552700996398925781e-05 -1.525878906250000000e-05 -2.324581146240234375e-06 -1.889467239379882812e-05
1.838359837397248508e+00 1.022219657897949219e-05 -3.069639205932617188e-06 1.639127731323242188e-06 -1.251697540283203125e-06 1.361966133117675781e-05 -3.576278686523437500e-06 -8.463859558105468750e-06 7.331371307373046875e-06 -3.099441528320312500e-06 6.616115570068359375e-06
1.844812599382636531e+00 7.003545761108398438e-06 -8.344650268554687500e-07 1.332163810729980469e-05 1.293420791625976562e-05 -2.086162567138671875e-07 1.490116119384765625e-07 4.589557647705078125e-06 -5.066394805908203125e-07 4.649162292480468750e-06 1.573562622070312500e-05
1.851265361368024331e+00 5.662441253662109375e-06 9.089708328247070312e-06 4.798173904418945312e-06 5.662441253662109375e-06 5.841255187988281250e-06 7.867813110351562500e-06 5.334615707397460938e-06 2.145767211914062500e-06 7.122755050659179688e-06 -3.725290298461914062e-06
1.857718123353412354e+00 -1.204013824462890625e-05 -2.232193946838378906e-05 -3.707408905029296875e-05 -2.726912498474121094e-05 -2.866983413696289062e-05 -2.527236938476562500e-05 -1.934170722961425781e-05 -3.424286842346191406e-05 -2.360343933105468750e-05 -2.592802047729492188e-05
1.864170885338800154e+00 -9.536743164062500000e-06 9.208917617797851562e-06 1.013278961181640625e-06 2.950429916381835938e-06 1.084804534912109375e-05 7.718801498413085938e-06 4.202127456665039062e-06 4.917383193969726562e-06 9.149312973022460938e-06 7.182359695434570312e-06
1.870623647324188177e+00 1.755356788635253906e-05 1.153349876403808594e-05 1.117587089538574219e-05 7.808208465576171875e-06 9.149312973022460938e-06 1.341104507446289062e-05 8.553266525268554688e-06 1.221895217895507812e-05 -3.367662429809570312e-06 -4.261732101440429688e-06
1.877076409309575977e+00 -3.144145011901855469e-05 -2.562999725341796875e-05 -3.123283386230468750e-05 -3.781914710998535156e-05 -3.203749656677246094e-05 -2.574920654296875000e-05 -3.027915954589843750e-05 -2.819299697875976562e-05 -3.731250762939453125e-05 -3.570318222045898438e-05
1.883529171294964000e+00 -3.039836883544921875e-06 1.081824302673339844e-05 4.172325134277343750e-06 -6.020069122314453125e-06 1.141428947448730469e-05 -3.278255462646484375e-06 6.645917892456054688e-06 -2.205371856689453125e-06 1.639127731323242188e-06 2.115964889526367188e-06
1.889981933280351800e+00 -2.324581146240234375e-05 -1.588463783264160156e-05 -1.659989356994628906e-05 -1.677870750427246094e-05 -4.798173904418945312e-06 -7.212162017822265625e-06 -1.564621925354003906e-05 -1.385807991027832031e-05 -1.165270805358886719e-05 -1.806020736694335938e-05
1.896434695265739823e+00 -3.087520599365234375e-05 -3.907084465026855469e-05 -3.081560134887695312e-05 -1.737475395202636719e-05 -3.561377525329589844e-05 -3.504753112792968750e-05 -3.361701965332031250e-05 -2.542138099670410156e-05 -2.506375312805175781e-05 -2.953410148620605469e-05
1.902887457251127623e+00 5.364418029785156250e-05 5.498528480529785156e-05 4.774332046508789062e-05 5.635619163513183594e-05 4.151463508605957031e-05 5.319714546203613281e-05 4.041194915771484375e-05 5.102157592773437500e-05 4.535913467407226562e-05 4.971027374267578125e-05
1.909340219236515646e+00 5.066394805908203125e-07 -7.361173629760742188e-06 -1.135468482971191406e-05 -1.046061515808105469e-05 -1.174211502075195312e-05 -1.400709152221679688e-06 -6.616115570068359375e-06 -1.704692840576171875e-05 -1.704692840576171875e-05 -1.487135887145996094e-05
1.915792981221903446e+00 -2.488493919372558594e-05 -1.588463783264160156e-05 -1.409649848937988281e-05 -4.857778549194335938e-06 -1.400709152221679688e-05 -9.477138519287109375e-06 -1.275539398193359375e-05 -2.181529998779296875e-05 -1.487135887145996094e-05 -3.546476364135742188e-06
1.922245743207291468e+00 2.115964889526367188e-05 1.540780067443847656e-05 1.937150955200195312e-05 2.244114875793457031e-05 1.779198646545410156e-05 2.050399780273437500e-05 2.378225326538085938e-05 1.290440559387207031e-05 2.253055572509765625e-05 1.806020736694335938e-05
1.928698505192679269e+00 -1.075863838195800781e-05 -1.493096351623535156e-05 -1.814961433410644531e-05 -2.408027648925781250e-05 -2.032518386840820312e-05 -1.484155654907226562e-05 -2.589821815490722656e-05 -1.010298728942871094e-05 -4.470348358154296875e-06 -1.710653305053710938e-05
1.935151267178067069e+00 6.130337715148925781e-05 5.450844764709472656e-05 6.061792373657226562e-05 5.924701690673828125e-05 6.094574928283691406e-05 6.210803985595703125e-05 4.479289054870605469e-05 6.780028343200683594e-05 4.914402961730957031e-05 5.185604095458984375e-05
1.941604029163455092e+00 1.120567321777343750e-05 1.055002212524414062e-05 2.497434616088867188e-05 1.916289329528808594e-05 6.675720214843750000e-06 1.576542854309082031e-05 1.728534698486328125e-05 6.884336471557617188e-06 1.832842826843261719e-05 1.701712608337402344e-05
1.948056791148842892e+00 -1.516938209533691406e-05 -1.844763755798339844e-05 -1.385807991027832031e-05 -1.966953277587890625e-05 -1.627206802368164062e-05 -2.068281173706054688e-05 -8.255243301391601562e-06 -1.010298728942871094e-05 -2.014636993408203125e-05 -1.916289329528808594e-05
1.954509553134230915e+00 -2.381205558776855469e-05 -6.049871444702148438e-06 -5.871057510375976562e-06 -1.597404479980468750e-05 -7.718801498413085938e-06 -5.334615707397460938e-06 -2.214312553405761719e-05 -4.082918167114257812e-06 -1.186132431030273438e-05 -1.534819602966308594e-05
1.960962315119618715e+00 3.695487976074218750e-05 4.628300666809082031e-05 4.914402961730957031e-05 3.218650817871093750e-05 4.217028617858886719e-05 4.038214683532714844e-05 4.380941390991210938e-05 4.413723945617675781e-05 4.476308822631835938e-05 5.134940147399902344e-05
1.967415077105006738e+00 -2.181529998779296875e-05 -2.464652061462402344e-05 -2.595782279968261719e-05 -1.487135887145996094e-05 -1.740455627441406250e-05 -2.199411392211914062e-05 -1.430511474609375000e-05 -1.734495162963867188e-05 -1.251697540283203125e-05 -1.651048660278320312e-05
1.973867839090394538e+00 1.728534698486328125e-06 7.629394531250000000e-06 3.933906555175781250e-06 3.665685653686523438e-06 4.440546035766601562e-06 1.007318496704101562e-05 8.434057235717773438e-06 9.238719940185546875e-06 9.477138519287109375e-06 4.529953002929687500e-06
1.980320601075782561e+00 2.193450927734375000e-05 3.173947334289550781e-05 1.266598701477050781e-05 1.996755599975585938e-05 1.648068428039550781e-05 1.072883605957031250e-05 5.990266799926757812e-06 5.692243576049804688e-06 1.761317253112792969e-05 1.254677772521972656e-05
1.986773363061170361e+00 -8.681416511535644531e-05 -1.005232334136962891e-04 -8.553266525268554688e-05 -9.191036224365234375e-05 -9.152293205261230469e-05 -8.109211921691894531e-05 -8.466839790344238281e-05 -9.959936141967773438e-05 -8.535385131835937500e-05 -9.602308273315429688e-05
1.993226125046558384e+00 6.949901580810546875e-05 7.349252700805664062e-05 6.431341171264648438e-05 6.648898124694824219e-05 7.212162017822265625e-05 7.113814353942871094e-05 5.567073822021484375e-05 6.461143493652343750e-05 7.227063179016113281e-05 6.577372550964355469e-05
1.999678887031946184e+00 8.520483970642089844e-05 1.041889190673828125e-04 9.223818778991699219e-05 1.083016395568847656e-04 1.002550125122070312e-04 8.463859558105468750e-05 9.912252426147460938e-05 1.021325588226318359e-04 1.014769077301025391e-04 9.489059448242187500e-05
2.006131649017333984e+00 -3.042817115783691406e-05 -4.062056541442871094e-05 -2.676248550415039062e-05 -4.091858863830566406e-05 -3.555417060852050781e-05 -4.035234451293945312e-05 -3.138184547424316406e-05 -4.053115844726562500e-05 -2.342462539672851562e-05 -3.778934478759765625e-05
