#Range[m] 0 1 2 3 4 5 6 7 8 9
1.800000071525573730e-01 -4.685729742050170898e-02 -4.676267504692077637e-02 -4.671233892440795898e-02 -4.662269353866577148e-02 -4.662215709686279297e-02 -4.685434699058532715e-02 -4.680836200714111328e-02 -4.692250490188598633e-02 -4.706314206123352051e-02 -4.668214917182922363e-02
1.864527691379452845e-01 3.574213385581970215e-02 3.575077652931213379e-02 3.580987453460693359e-02 3.581944108009338379e-02 3.581547737121582031e-02 3.570127487182617188e-02 3.576397895812988281e-02 3.562641143798828125e-02 3.554329276084899902e-02 3.566578030586242676e-02
1.929055311233331682e-01 1.029089093208312988e-02 1.032251119613647461e-02 1.017770171165466309e-02 1.027050614356994629e-02 1.013144850730895996e-02 1.024183630943298340e-02 1.023262739181518555e-02 1.037189364433288574e-02 1.059731841087341309e-02 1.037350296974182129e-02
1.993582931087210797e-01 -2.348029613494873047e-02 -2.347010374069213867e-02 -2.347221970558166504e-02 -2.347764372825622559e-02 -2.341812849044799805e-02 -2.346777915954589844e-02 -2.345067262649536133e-02 -2.346608042716979980e-02 -2.356913685798645020e-02 -2.346456050872802734e-02
2.058110550941089911e-01 3.353685140609741211e-03 3.345996141433715820e-03 3.403455018997192383e-03 3.385394811630249023e-03 3.412336111068725586e-03 3.343194723129272461e-03 3.328591585159301758e-03 3.286600112915039062e-03 3.293126821517944336e-03 3.285974264144897461e-03
2.122638170794968748e-01 7.229626178741455078e-03 7.243931293487548828e-03 7.149010896682739258e-03 7.223695516586303711e-03 7.214754819869995117e-03 7.189273834228515625e-03 7.210224866867065430e-03 7.249027490615844727e-03 7.173746824264526367e-03 7.250368595123291016e-03
2.187165790648847863e-01 6.970494985580444336e-03 6.947666406631469727e-03 6.977170705795288086e-03 6.930232048034667969e-03 6.951034069061279297e-03 6.988853216171264648e-03 6.980001926422119141e-03 7.003664970397949219e-03 7.055819034576416016e-03 6.993651390075683594e-03
2.251693410502726977e-01 -1.504379510879516602e-02 -1.504790782928466797e-02 -1.504927873611450195e-02 -1.505240797996520996e-02 -1.503151655197143555e-02 -1.499602198600769043e-02 -1.502963900566101074e-02 -1.503661274909973145e-02 -1.503148674964904785e-02 -1.507219672203063965e-02
2.316221030356606092e-01 -6.213277578353881836e-03 -6.157875061035156250e-03 -6.205022335052490234e-03 -6.166100502014160156e-03 -6.147056818008422852e-03 -6.257683038711547852e-03 -6.213992834091186523e-03 -6.228178739547729492e-03 -6.310224533081054688e-03 -6.175965070724487305e-03
2.380748650210485207e-01 2.528393268585205078e-02 2.526408433914184570e-02 2.524980902671813965e-02 2.527368068695068359e-02 2.526852488517761230e-02 2.524164319038391113e-02 2.524489164352416992e-02 2.524149417877197266e-02 2.525684237480163574e-02 2.522712945938110352e-02
2.445276270064364044e-01 -9.361892938613891602e-03 -9.414762258529663086e-03 -9.446024894714355469e-03 -9.395122528076171875e-03 -9.462475776672363281e-03 -9.322315454483032227e-03 -9.427964687347412109e-03 -9.422034025192260742e-03 -9.290695190429687500e-03 -9.468704462051391602e-03
2.509803889918242881e-01 -2.552077174186706543e-02 -2.546802163124084473e-02 -2.545335888862609863e-02 -2.542468905448913574e-02 -2.541267871856689453e-02 -2.551028132438659668e-02 -2.549517154693603516e-02 -2.554079890251159668e-02 -2.557605504989624023e-02 -2.547910809516906738e-02
2.574331509772121995e-01 2.761206030845642090e-02 2.768915891647338867e-02 2.766272425651550293e-02 2.776339650154113770e-02 2.776592969894409180e-02 2.756091952323913574e-02 2.763566374778747559e-02 2.748987078666687012e-02 2.742546796798706055e-02 2.764734625816345215e-02
2.638859129626001110e-01 6.036549806594848633e-03 5.997717380523681641e-03 5.986452102661132812e-03 5.933165550231933594e-03 5.917698144912719727e-03 6.134241819381713867e-03 6.046950817108154297e-03 6.197929382324218750e-03 6.341814994812011719e-03 6.079375743865966797e-03
2.703386749479880224e-01 -3.711313009262084961e-02 -3.709259629249572754e-02 -3.708067536354064941e-02 -3.707358241081237793e-02 -3.706890344619750977e-02 -3.706416487693786621e-02 -3.708392381668090820e-02 -3.710433840751647949e-02 -3.713667392730712891e-02 -3.707736730575561523e-02
2.767914369333759339e-01 1.838257908821105957e-02 1.844692230224609375e-02 1.841941475868225098e-02 1.845946907997131348e-02 1.847791671752929688e-02 1.829338073730468750e-02 1.830181479454040527e-02 1.821938157081604004e-02 1.812577247619628906e-02 1.831132173538208008e-02
2.832441989187638454e-01 2.096337080001831055e-02 2.088972926139831543e-02 2.092248201370239258e-02 2.090382575988769531e-02 2.084916830062866211e-02 2.103987336158752441e-02 2.101296186447143555e-02 2.106723189353942871e-02 2.119582891464233398e-02 2.099123597145080566e-02
2.896969609041517568e-01 -3.261372447013854980e-02 -3.262174129486083984e-02 -3.261935710906982422e-02 -3.262537717819213867e-02 -3.262558579444885254e-02 -3.254559636116027832e-02 -3.257352113723754883e-02 -3.253307938575744629e-02 -3.248241543769836426e-02 -3.255304694175720215e-02
2.961497228895396683e-01 1.840800046920776367e-03 1.828491687774658203e-03 1.929223537445068359e-03 1.912891864776611328e-03 1.954495906829833984e-03 1.746058464050292969e-03 1.835525035858154297e-03 1.748532056808471680e-03 1.637786626815795898e-03 1.859158277511596680e-03
3.026024848749275242e-01 2.617910504341125488e-02 2.616831660270690918e-02 2.607750892639160156e-02 2.607697248458862305e-02 2.607411146163940430e-02 2.618125081062316895e-02 2.616512775421142578e-02 2.618011832237243652e-02 2.624639868736267090e-02 2.613630890846252441e-02
3.090552468603154357e-01 -2.120351791381835938e-02 -2.118879556655883789e-02 -2.120864391326904297e-02 -2.124035358428955078e-02 -2.123534679412841797e-02 -2.112796902656555176e-02 -2.111837267875671387e-02 -2.107772231101989746e-02 -2.101960778236389160e-02 -2.111339569091796875e-02
3.155080088457033471e-01 -1.285636425018310547e-02 -1.282900571823120117e-02 -1.280444860458374023e-02 -1.278150081634521484e-02 -1.274549961090087891e-02 -1.292961835861206055e-02 -1.286900043487548828e-02 -1.299524307250976562e-02 -1.306205987930297852e-02 -1.291278004646301270e-02
3.219607708310912586e-01 2.494144439697265625e-02 2.493977546691894531e-02 2.493894100189208984e-02 2.494999766349792480e-02 2.490329742431640625e-02 2.492803335189819336e-02 2.492323517799377441e-02 2.491676807403564453e-02 2.491745352745056152e-02 2.491718530654907227e-02
3.284135328164791701e-01 -4.689812660217285156e-03 -4.714161157608032227e-03 -4.718720912933349609e-03 -4.725128412246704102e-03 -4.745572805404663086e-03 -4.636675119400024414e-03 -4.659146070480346680e-03 -4.579752683639526367e-03 -4.489511251449584961e-03 -4.638165235519409180e-03
3.348662948018670260e-01 -1.830706000328063965e-02 -1.828274130821228027e-02 -1.828742027282714844e-02 -1.821848750114440918e-02 -1.823508739471435547e-02 -1.831150054931640625e-02 -1.827645301818847656e-02 -1.832252740859985352e-02 -1.837581396102905273e-02 -1.825582981109619141e-02
3.413190567872549375e-01 1.275011897087097168e-02 1.276022195816040039e-02 1.274839043617248535e-02 1.278921961784362793e-02 1.277458667755126953e-02 1.269266009330749512e-02 1.271843910217285156e-02 1.268574595451354980e-02 1.263272762298583984e-02 1.273462176322937012e-02
3.477718187726428489e-01 8.708149194717407227e-03 8.689910173416137695e-03 8.690088987350463867e-03 8.684545755386352539e-03 8.639305830001831055e-03 8.686304092407226562e-03 8.698880672454833984e-03 8.732020854949951172e-03 8.825123310089111328e-03 8.727639913558959961e-03
3.542245807580307604e-01 -1.327160000801086426e-02 -1.329427957534790039e-02 -1.328280568122863770e-02 -1.328912377357482910e-02 -1.327115297317504883e-02 -1.325738430023193359e-02 -1.326030492782592773e-02 -1.324141025543212891e-02 -1.325815916061401367e-02 -1.326236128807067871e-02
3.606773427434186718e-01 -1.458495855331420898e-03 -1.435458660125732422e-03 -1.404374837875366211e-03 -1.417845487594604492e-03 -1.394927501678466797e-03 -1.499533653259277344e-03 -1.456201076507568359e-03 -1.511007547378540039e-03 -1.543730497360229492e-03 -1.482397317886352539e-03
3.671301047288065833e-01 1.243522763252258301e-02 1.243868470191955566e-02 1.242604851722717285e-02 1.242652535438537598e-02 1.243850588798522949e-02 1.241984963417053223e-02 1.243844628334045410e-02 1.243811845779418945e-02 1.244524121284484863e-02 1.243910193443298340e-02
3.735828667141944948e-01 -3.278255462646484375e-03 -3.268390893936157227e-03 -3.302454948425292969e-03 -3.306239843368530273e-03 -3.327280282974243164e-03 -3.226786851882934570e-03 -3.268331289291381836e-03 -3.230899572372436523e-03 -3.196686506271362305e-03 -3.287315368652343750e-03
3.800356286995824062e-01 -1.003763079643249512e-02 -1.002925634384155273e-02 -1.002144813537597656e-02 -9.987354278564453125e-03 -1.000878214836120605e-02 -1.003703474998474121e-02 -1.005518436431884766e-02 -1.005062460899353027e-02 -1.007166504859924316e-02 -1.004487276077270508e-02
3.864883906849703177e-01 8.541196584701538086e-03 8.520573377609252930e-03 8.522570133209228516e-03 8.562237024307250977e-03 8.535295724868774414e-03 8.502721786499023438e-03 8.503735065460205078e-03 8.490085601806640625e-03 8.455514907836914062e-03 8.524566888809204102e-03
3.929411526703582291e-01 7.079094648361206055e-03 7.069140672683715820e-03 7.076412439346313477e-03 7.051348686218261719e-03 7.048696279525756836e-03 7.105439901351928711e-03 7.083773612976074219e-03 7.133156061172485352e-03 7.155150175094604492e-03 7.092773914337158203e-03
3.993939146557460851e-01 -1.152512431144714355e-02 -1.151677966117858887e-02 -1.155179738998413086e-02 -1.151347160339355469e-02 -1.153463125228881836e-02 -1.150351762771606445e-02 -1.153120398521423340e-02 -1.151725649833679199e-02 -1.151916384696960449e-02 -1.151743531227111816e-02
4.058466766411339965e-01 -1.344323158264160156e-03 -1.327872276306152344e-03 -1.346647739410400391e-03 -1.338452100753784180e-03 -1.304030418395996094e-03 -1.375943422317504883e-03 -1.365333795547485352e-03 -1.399517059326171875e-03 -1.425653696060180664e-03 -1.363575458526611328e-03
4.122994386265219080e-01 1.179045438766479492e-02 1.180523633956909180e-02 1.180601119995117188e-02 1.178988814353942871e-02 1.178032159805297852e-02 1.179930567741394043e-02 1.176613569259643555e-02 1.176643371582031250e-02 1.177060604095458984e-02 1.176336407661437988e-02
4.187522006119098195e-01 -3.650784492492675781e-03 -3.663182258605957031e-03 -3.704011440277099609e-03 -3.698289394378662109e-03 -3.680348396301269531e-03 -3.607213497161865234e-03 -3.630727529525756836e-03 -3.597974777221679688e-03 -3.569990396499633789e-03 -3.637969493865966797e-03
4.252049625972976754e-01 -1.246932148933410645e-02 -1.246047019958496094e-02 -1.243829727172851562e-02 -1.247784495353698730e-02 -1.244509220123291016e-02 -1.244223117828369141e-02 -1.246407628059387207e-02 -1.245167851448059082e-02 -1.247557997703552246e-02 -1.247999072074890137e-02
4.316577245826856424e-01 1.013582944869995117e-02 1.016512513160705566e-02 1.014715433120727539e-02 1.018983125686645508e-02 1.017782092094421387e-02 1.009672880172729492e-02 1.009327173233032227e-02 1.005241274833679199e-02 9.994775056838989258e-03 1.007282733917236328e-02
4.381104865680734983e-01 8.071660995483398438e-03 8.067309856414794922e-03 8.032053709030151367e-03 8.034139871597290039e-03 8.014947175979614258e-03 8.116483688354492188e-03 8.128196001052856445e-03 8.155703544616699219e-03 8.207678794860839844e-03 8.125483989715576172e-03
4.445632485534614098e-01 -1.776123046875000000e-02 -1.777544617652893066e-02 -1.773828268051147461e-02 -1.776632666587829590e-02 -1.776003837585449219e-02 -1.775109767913818359e-02 -1.775676012039184570e-02 -1.772767305374145508e-02 -1.768019795417785645e-02 -1.775997877120971680e-02
4.510160105388493212e-01 3.203511238098144531e-03 3.208309412002563477e-03 3.196001052856445312e-03 3.263741731643676758e-03 3.268629312515258789e-03 3.125548362731933594e-03 3.176808357238769531e-03 3.104478120803833008e-03 2.988189458847045898e-03 3.190398216247558594e-03
4.574687725242372327e-01 1.657876372337341309e-02 1.656720042228698730e-02 1.654863357543945312e-02 1.650029420852661133e-02 1.651778817176818848e-02 1.660972833633422852e-02 1.662477850914001465e-02 1.662355661392211914e-02 1.670369505882263184e-02 1.659920811653137207e-02
4.639215345096251442e-01 -1.832953095436096191e-02 -1.834496855735778809e-02 -1.833906769752502441e-02 -1.835992932319641113e-02 -1.834970712661743164e-02 -1.827812194824218750e-02 -1.829192042350769043e-02 -1.829543709754943848e-02 -1.824948191642761230e-02 -1.833370327949523926e-02
4.703742964950130556e-01 -6.970912218093872070e-03 -6.897687911987304688e-03 -6.936639547348022461e-03 -6.853818893432617188e-03 -6.861269474029541016e-03 -7.010161876678466797e-03 -6.966173648834228516e-03 -7.083237171173095703e-03 -7.163107395172119141e-03 -6.979048252105712891e-03
4.768270584804009671e-01 2.410218119621276855e-02 2.406996488571166992e-02 2.410897612571716309e-02 2.407893538475036621e-02 2.404880523681640625e-02 2.408578991889953613e-02 2.407452464103698730e-02 2.409669756889343262e-02 2.415761351585388184e-02 2.408501505851745605e-02
4.832798204657888230e-01 -1.264068484306335449e-02 -1.270002126693725586e-02 -1.271405816078186035e-02 -1.271331310272216797e-02 -1.272130012512207031e-02 -1.258221268653869629e-02 -1.264217495918273926e-02 -1.256093382835388184e-02 -1.251092553138732910e-02 -1.265835762023925781e-02
4.897325824511767345e-01 -1.593601703643798828e-02 -1.584026217460632324e-02 -1.587057113647460938e-02 -1.573643088340759277e-02 -1.580259203910827637e-02 -1.597163081169128418e-02 -1.588988304138183594e-02 -1.597499847412109375e-02 -1.605752110481262207e-02 -1.580426096916198730e-02
4.961853444365646459e-01 2.326780557632446289e-02 2.325183153152465820e-02 2.326512336730957031e-02 2.324628829956054688e-02 2.327382564544677734e-02 2.320820093154907227e-02 2.323058247566223145e-02 2.320885658264160156e-02 2.321094274520874023e-02 2.324354648590087891e-02
5.026381064219525019e-01 -3.857523202896118164e-03 -3.887116909027099609e-03 -3.931254148483276367e-03 -3.913283348083496094e-03 -3.936022520065307617e-03 -3.874361515045166016e-03 -3.874599933624267578e-03 -3.801465034484863281e-03 -3.672212362289428711e-03 -3.836810588836669922e-03
5.090908684073405244e-01 -1.730033755302429199e-02 -1.722872257232666016e-02 -1.726678013801574707e-02 -1.725369691848754883e-02 -1.721492409706115723e-02 -1.729717850685119629e-02 -1.728850603103637695e-02 -1.732793450355529785e-02 -1.738858222961425781e-02 -1.725935935974121094e-02
5.155436303927283248e-01 1.675236225128173828e-02 1.674878597259521484e-02 1.674506068229675293e-02 1.675227284431457520e-02 1.675117015838623047e-02 1.670646667480468750e-02 1.671355962753295898e-02 1.669928431510925293e-02 1.664975285530090332e-02 1.669356226921081543e-02
5.219963923781163473e-01 2.294063568115234375e-03 2.310603857040405273e-03 2.238899469375610352e-03 2.252429723739624023e-03 2.283990383148193359e-03 2.335041761398315430e-03 2.338111400604248047e-03 2.401113510131835938e-03 2.454847097396850586e-03 2.305746078491210938e-03
5.284491543635041477e-01 -1.452800631523132324e-02 -1.450708508491516113e-02 -1.450607180595397949e-02 -1.448720693588256836e-02 -1.451632380485534668e-02 -1.454457640647888184e-02 -1.452556252479553223e-02 -1.453205943107604980e-02 -1.454821228981018066e-02 -1.450932025909423828e-02
5.349019163488920592e-01 9.414553642272949219e-03 9.421050548553466797e-03 9.439378976821899414e-03 9.430348873138427734e-03 9.447455406188964844e-03 9.390562772750854492e-03 9.406268596649169922e-03 9.383797645568847656e-03 9.384840726852416992e-03 9.404897689819335938e-03
5.413546783342799706e-01 5.335777997970581055e-03 5.344271659851074219e-03 5.327343940734863281e-03 5.314618349075317383e-03 5.288600921630859375e-03 5.358904600143432617e-03 5.362927913665771484e-03 5.366623401641845703e-03 5.382597446441650391e-03 5.347788333892822266e-03
5.478074403196678821e-01 -8.474558591842651367e-03 -8.468061685562133789e-03 -8.490294218063354492e-03 -8.488446474075317383e-03 -8.487403392791748047e-03 -8.449971675872802734e-03 -8.457571268081665039e-03 -8.471757173538208008e-03 -8.447259664535522461e-03 -8.442223072052001953e-03
5.542602023050557936e-01 3.679394721984863281e-04 4.007816314697265625e-04 4.027783870697021484e-04 4.002749919891357422e-04 4.081130027770996094e-04 3.702938556671142578e-04 4.056990146636962891e-04 3.810524940490722656e-04 3.409385681152343750e-04 3.832280635833740234e-04
5.607129642904437050e-01 5.976021289825439453e-03 5.994498729705810547e-03 5.997568368911743164e-03 5.991548299789428711e-03 5.971252918243408203e-03 5.965650081634521484e-03 5.974233150482177734e-03 5.976229906082153320e-03 5.977362394332885742e-03 5.994945764541625977e-03
5.671657262758316165e-01 -1.916944980621337891e-03 -1.929908990859985352e-03 -1.904904842376708984e-03 -1.930981874465942383e-03 -1.917183399200439453e-03 -1.897811889648437500e-03 -1.898944377899169922e-03 -1.876145601272583008e-03 -1.859664916992187500e-03 -1.911133527755737305e-03
5.736184882612194169e-01 -3.892391920089721680e-03 -3.915220499038696289e-03 -3.892511129379272461e-03 -3.866076469421386719e-03 -3.875017166137695312e-03 -3.892123699188232422e-03 -3.893047571182250977e-03 -3.921359777450561523e-03 -3.923565149307250977e-03 -3.919273614883422852e-03
5.800712502466074394e-01 2.875864505767822266e-03 2.886354923248291016e-03 2.890586853027343750e-03 2.903968095779418945e-03 2.867609262466430664e-03 2.879381179809570312e-03 2.889692783355712891e-03 2.859830856323242188e-03 2.841770648956298828e-03 2.881765365600585938e-03
5.865240122319952398e-01 3.286927938461303711e-03 3.256857395172119141e-03 3.280788660049438477e-03 3.248125314712524414e-03 3.255844116210937500e-03 3.305524587631225586e-03 3.275752067565917969e-03 3.293305635452270508e-03 3.289312124252319336e-03 3.271520137786865234e-03
5.929767742173832623e-01 -5.113393068313598633e-03 -5.116701126098632812e-03 -5.098104476928710938e-03 -5.113363265991210938e-03 -5.110412836074829102e-03 -5.099713802337646484e-03 -5.098253488540649414e-03 -5.094915628433227539e-03 -5.094796419143676758e-03 -5.097627639770507812e-03
5.994295362027710627e-01 -1.263976097106933594e-03 -1.276195049285888672e-03 -1.233637332916259766e-03 -1.252263784408569336e-03 -1.265227794647216797e-03 -1.278489828109741211e-03 -1.277029514312744141e-03 -1.293659210205078125e-03 -1.296550035476684570e-03 -1.272082328796386719e-03
6.058822981881590852e-01 6.745815277099609375e-03 6.736993789672851562e-03 6.738394498825073242e-03 6.734997034072875977e-03 6.735414266586303711e-03 6.738662719726562500e-03 6.734490394592285156e-03 6.751686334609985352e-03 6.752163171768188477e-03 6.745070219039916992e-03
6.123350601735468857e-01 -4.279315471649169922e-03 -4.267841577529907227e-03 -4.274785518646240234e-03 -4.280805587768554688e-03 -4.292845726013183594e-03 -4.237204790115356445e-03 -4.264175891876220703e-03 -4.260987043380737305e-03 -4.240512847900390625e-03 -4.274457693099975586e-03
6.187878221589347971e-01 -4.265069961547851562e-03 -4.245698451995849609e-03 -4.260599613189697266e-03 -4.258692264556884766e-03 -4.252731800079345703e-03 -4.281848669052124023e-03 -4.279673099517822266e-03 -4.281461238861083984e-03 -4.294544458389282227e-03 -4.279643297195434570e-03
6.252405841443227086e-01 6.422281265258789062e-03 6.408423185348510742e-03 6.407856941223144531e-03 6.406843662261962891e-03 6.416410207748413086e-03 6.384700536727905273e-03 6.388366222381591797e-03 6.416231393814086914e-03 6.367087364196777344e-03 6.389111280441284180e-03
6.316933461297106200e-01 -1.450479030609130859e-04 -1.757740974426269531e-04 -1.806318759918212891e-04 -1.721680164337158203e-04 -1.862943172454833984e-04 -1.401603221893310547e-04 -1.616179943084716797e-04 -1.678466796875000000e-04 -1.149475574493408203e-04 -1.698732376098632812e-04
6.381461081150985315e-01 -6.360381841659545898e-03 -6.354808807373046875e-03 -6.363958120346069336e-03 -6.354659795761108398e-03 -6.321370601654052734e-03 -6.340056657791137695e-03 -6.351828575134277344e-03 -6.357401609420776367e-03 -6.369918584823608398e-03 -6.365180015563964844e-03
6.445988701004864430e-01 3.838688135147094727e-03 3.838658332824707031e-03 3.840893507003784180e-03 3.843337297439575195e-03 3.837943077087402344e-03 3.822654485702514648e-03 3.828614950180053711e-03 3.794580698013305664e-03 3.787934780120849609e-03 3.845304250717163086e-03
6.510516320858743544e-01 2.573758363723754883e-03 2.565950155258178711e-03 2.550750970840454102e-03 2.535313367843627930e-03 2.548962831497192383e-03 2.586066722869873047e-03 2.563148736953735352e-03 2.594828605651855469e-03 2.611547708511352539e-03 2.575427293777465820e-03
6.575043940712622659e-01 -5.597651004791259766e-03 -5.589902400970458984e-03 -5.595028400421142578e-03 -5.609899759292602539e-03 -5.585074424743652344e-03 -5.593597888946533203e-03 -5.596756935119628906e-03 -5.593240261077880859e-03 -5.571365356445312500e-03 -5.595028400421142578e-03
6.639571560566501773e-01 1.003593206405639648e-03 1.001238822937011719e-03 1.027405261993408203e-03 1.013278961181640625e-03 1.018881797790527344e-03 1.009613275527954102e-03 9.975135326385498047e-04 9.786784648895263672e-04 9.597539901733398438e-04 9.928643703460693359e-04
6.704099180420379778e-01 4.171222448348999023e-03 4.178553819656372070e-03 4.167467355728149414e-03 4.171341657638549805e-03 4.157245159149169922e-03 4.186660051345825195e-03 4.180252552032470703e-03 4.188448190689086914e-03 4.192709922790527344e-03 4.168331623077392578e-03
6.768626800274260003e-01 -3.284871578216552734e-03 -3.270357847213745117e-03 -3.279566764831542969e-03 -3.296524286270141602e-03 -3.300249576568603516e-03 -3.267586231231689453e-03 -3.278136253356933594e-03 -3.268867731094360352e-03 -3.232300281524658203e-03 -3.273814916610717773e-03
6.833154420128139117e-01 -1.576691865921020508e-03 -1.577228307723999023e-03 -1.566529273986816406e-03 -1.573741436004638672e-03 -1.563429832458496094e-03 -1.570373773574829102e-03 -1.567095518112182617e-03 -1.589238643646240234e-03 -1.598089933395385742e-03 -1.575857400894165039e-03
6.897682039982017121e-01 3.488093614578247070e-03 3.475069999694824219e-03 3.482908010482788086e-03 3.488421440124511719e-03 3.490507602691650391e-03 3.477543592453002930e-03 3.498435020446777344e-03 3.489345312118530273e-03 3.495305776596069336e-03 3.499120473861694336e-03
6.962209659835896236e-01 -5.658566951751708984e-04 -5.582571029663085938e-04 -5.633234977722167969e-04 -5.771517753601074219e-04 -5.618631839752197266e-04 -5.542039871215820312e-04 -5.615949630737304688e-04 -5.493462085723876953e-04 -5.276501178741455078e-04 -5.677938461303710938e-04
7.026737279689775351e-01 -2.595096826553344727e-03 -2.570807933807373047e-03 -2.577424049377441406e-03 -2.582132816314697266e-03 -2.571225166320800781e-03 -2.582013607025146484e-03 -2.567052841186523438e-03 -2.590119838714599609e-03 -2.578318119049072266e-03 -2.571076154708862305e-03
7.091264899543654465e-01 1.497536897659301758e-03 1.505941152572631836e-03 1.492559909820556641e-03 1.513570547103881836e-03 1.513987779617309570e-03 1.499265432357788086e-03 1.491338014602661133e-03 1.500099897384643555e-03 1.489669084548950195e-03 1.503705978393554688e-03
7.155792519397533580e-01 1.949489116668701172e-03 1.945346593856811523e-03 1.961082220077514648e-03 1.950472593307495117e-03 1.938194036483764648e-03 1.953512430191040039e-03 1.952916383743286133e-03 1.971602439880371094e-03 1.957237720489501953e-03 1.959919929504394531e-03
7.220320139251412694e-01 -2.383977174758911133e-03 -2.377301454544067383e-03 -2.374351024627685547e-03 -2.373158931732177734e-03 -2.370685338973999023e-03 -2.375453710556030273e-03 -2.379357814788818359e-03 -2.379596233367919922e-03 -2.372086048126220703e-03 -2.372294664382934570e-03
7.284847759105291809e-01 -4.909932613372802734e-04 -4.782676696777343750e-04 -4.708766937255859375e-04 -4.680454730987548828e-04 -4.701018333435058594e-04 -4.844665527343750000e-04 -4.891753196716308594e-04 -5.030632019042968750e-04 -5.000233650207519531e-04 -4.971623420715332031e-04
7.349375378959170924e-01 3.045290708541870117e-03 3.038048744201660156e-03 3.048837184906005859e-03 3.047674894332885742e-03 3.049015998840332031e-03 3.050386905670166016e-03 3.056734800338745117e-03 3.058105707168579102e-03 3.046721220016479492e-03 3.058195114135742188e-03
7.413902998813050038e-01 -1.273721456527709961e-03 -1.273781061172485352e-03 -1.290529966354370117e-03 -1.280307769775390625e-03 -1.280128955841064453e-03 -1.266211271286010742e-03 -1.270383596420288086e-03 -1.250147819519042969e-03 -1.252710819244384766e-03 -1.262724399566650391e-03
7.478430618666929153e-01 -2.400159835815429688e-03 -2.401351928710937500e-03 -2.391040325164794922e-03 -2.388447523117065430e-03 -2.385050058364868164e-03 -2.406030893325805664e-03 -2.391457557678222656e-03 -2.411872148513793945e-03 -2.409696578979492188e-03 -2.393186092376708984e-03
7.542958238520808267e-01 2.642124891281127930e-03 2.648562192916870117e-03 2.633035182952880859e-03 2.661973237991333008e-03 2.662867307662963867e-03 2.644985914230346680e-03 2.646744251251220703e-03 2.644240856170654297e-03 2.636611461639404297e-03 2.630412578582763672e-03
7.607485858374687382e-01 2.969503402709960938e-04 2.952218055725097656e-04 2.920329570770263672e-04 3.007352352142333984e-04 2.887845039367675781e-04 2.947449684143066406e-04 2.936124801635742188e-04 3.134310245513916016e-04 3.201365470886230469e-04 2.929270267486572266e-04
7.672013478228566496e-01 -2.600669860839843750e-03 -2.590388059616088867e-03 -2.595514059066772461e-03 -2.586603164672851562e-03 -2.599745988845825195e-03 -2.586603164672851562e-03 -2.598524093627929688e-03 -2.603888511657714844e-03 -2.617716789245605469e-03 -2.608627080917358398e-03
7.736541098082445611e-01 1.969009637832641602e-03 1.938998699188232422e-03 1.966416835784912109e-03 1.957356929779052734e-03 1.968801021575927734e-03 1.949191093444824219e-03 1.948535442352294922e-03 1.946836709976196289e-03 1.923352479934692383e-03 1.943320035934448242e-03
7.801068717936323615e-01 1.589715480804443359e-03 1.583606004714965820e-03 1.578658819198608398e-03 1.576781272888183594e-03 1.583755016326904297e-03 1.597166061401367188e-03 1.587599515914916992e-03 1.587748527526855469e-03 1.601219177246093750e-03 1.587539911270141602e-03
7.865596337790202730e-01 -2.116739749908447266e-03 -2.099543809890747070e-03 -2.092897891998291016e-03 -2.111554145812988281e-03 -2.094924449920654297e-03 -2.107918262481689453e-03 -2.122968435287475586e-03 -2.097874879837036133e-03 -2.096921205520629883e-03 -2.118080854415893555e-03
7.930123957644081845e-01 7.016658782958984375e-04 6.850659847259521484e-04 6.887316703796386719e-04 7.025897502899169922e-04 6.893575191497802734e-04 6.853938102722167969e-04 6.814301013946533203e-04 6.790161132812500000e-04 6.854832172393798828e-04 6.875693798065185547e-04
7.994651577497960959e-01 1.560628414154052734e-03 1.552969217300415039e-03 1.548707485198974609e-03 1.532375812530517578e-03 1.532852649688720703e-03 1.558125019073486328e-03 1.556426286697387695e-03 1.569271087646484375e-03 1.570016145706176758e-03 1.549005508422851562e-03
8.059179197351840074e-01 -1.499444246292114258e-03 -1.492232084274291992e-03 -1.504123210906982422e-03 -1.500099897384643555e-03 -1.503020524978637695e-03 -1.481592655181884766e-03 -1.482397317886352539e-03 -1.489073038101196289e-03 -1.497417688369750977e-03 -1.491516828536987305e-03
8.123706817205719188e-01 -7.438659667968750000e-04 -7.376670837402343750e-04 -7.472038269042968750e-04 -7.469058036804199219e-04 -7.331371307373046875e-04 -7.530748844146728516e-04 -7.418990135192871094e-04 -7.543563842773437500e-04 -7.566809654235839844e-04 -7.480680942535400391e-04
8.188234437059598303e-01 1.427292823791503906e-03 1.417785882949829102e-03 1.421272754669189453e-03 1.412749290466308594e-03 1.418709754943847656e-03 1.422226428985595703e-03 1.408070325851440430e-03 1.421451568603515625e-03 1.412957906723022461e-03 1.397162675857543945e-03
8.252762056913477418e-01 -3.460943698883056641e-04 -3.516674041748046875e-04 -3.467202186584472656e-04 -3.407299518585205078e-04 -3.382265567779541016e-04 -3.445744514465332031e-04 -3.282129764556884766e-04 -3.438293933868408203e-04 -3.365874290466308594e-04 -3.470480442047119141e-04
8.317289676767356532e-01 -1.085728406906127930e-03 -1.087486743927001953e-03 -1.062363386154174805e-03 -1.097649335861206055e-03 -1.090705394744873047e-03 -1.088112592697143555e-03 -1.093477010726928711e-03 -1.088976860046386719e-03 -1.077830791473388672e-03 -1.078188419342041016e-03
8.381817296621235647e-01 6.781518459320068359e-04 6.640255451202392578e-04 6.814301013946533203e-04 6.733536720275878906e-04 6.774663925170898438e-04 6.658136844635009766e-04 6.667673587799072266e-04 6.650686264038085938e-04 6.738603115081787109e-04 6.717443466186523438e-04
8.446344916475114761e-01 6.408691406250000000e-04 6.404519081115722656e-04 6.439089775085449219e-04 6.400644779205322266e-04 6.417632102966308594e-04 6.360113620758056641e-04 6.460249423980712891e-04 6.385445594787597656e-04 6.313621997833251953e-04 6.442070007324218750e-04
8.510872536328993876e-01 -4.075765609741210938e-04 -4.185140132904052734e-04 -4.170536994934082031e-04 -4.170536994934082031e-04 -4.168748855590820312e-04 -4.197955131530761719e-04 -4.218220710754394531e-04 -4.277527332305908203e-04 -4.088282585144042969e-04 -4.095435142517089844e-04
8.575400156182872990e-01 -5.733966827392578125e-04 -5.556046962738037109e-04 -5.562305450439453125e-04 -5.660653114318847656e-04 -5.683004856109619141e-04 -5.644261837005615234e-04 -5.699396133422851562e-04 -5.721747875213623047e-04 -5.687177181243896484e-04 -5.659461021423339844e-04
8.639927776036752105e-01 4.235208034515380859e-04 4.408955574035644531e-04 4.302263259887695312e-04 4.350244998931884766e-04 4.373788833618164062e-04 4.330277442932128906e-04 4.329085350036621094e-04 4.345774650573730469e-04 4.286468029022216797e-04 4.349350929260253906e-04
8.704455395890630109e-01 1.638233661651611328e-04 1.653134822845458984e-04 1.589655876159667969e-04 1.553595066070556641e-04 1.634359359741210938e-04 1.599788665771484375e-04 1.525580883026123047e-04 1.612007617950439453e-04 1.678466796875000000e-04 1.626908779144287109e-04
8.768983015744509224e-01 -8.036792278289794922e-04 -8.119046688079833984e-04 -8.113086223602294922e-04 -8.008480072021484375e-04 -8.027255535125732422e-04 -8.023679256439208984e-04 -8.058249950408935547e-04 -8.183419704437255859e-04 -8.096098899841308594e-04 -8.101463317871093750e-04
8.833510635598388339e-01 3.971457481384277344e-04 3.864169120788574219e-04 3.881454467773437500e-04 3.860890865325927734e-04 3.961622714996337891e-04 3.896653652191162109e-04 3.917515277862548828e-04 3.922283649444580078e-04 3.776252269744873047e-04 3.937184810638427734e-04
8.898038255452267453e-01 7.131993770599365234e-04 7.230043411254882812e-04 7.114410400390625000e-04 7.117092609405517578e-04 7.149279117584228516e-04 7.196962833404541016e-04 7.185935974121093750e-04 7.172226905822753906e-04 7.390379905700683594e-04 7.278919219970703125e-04
8.962565875306146568e-01 -8.533895015716552734e-04 -8.430778980255126953e-04 -8.475482463836669922e-04 -8.552074432373046875e-04 -8.504390716552734375e-04 -8.474886417388916016e-04 -8.545219898223876953e-04 -8.435845375061035156e-04 -8.401870727539062500e-04 -8.435547351837158203e-04
9.027093495160025682e-01 -2.606809139251708984e-04 -2.530515193939208984e-04 -2.551972866058349609e-04 -2.631545066833496094e-04 -2.597272396087646484e-04 -2.565383911132812500e-04 -2.532303333282470703e-04 -2.642273902893066406e-04 -2.588033676147460938e-04 -2.646744251251220703e-04
9.091621115013904797e-01 8.494853973388671875e-04 8.459091186523437500e-04 8.337199687957763672e-04 8.395612239837646484e-04 8.600056171417236328e-04 8.515715599060058594e-04 8.420348167419433594e-04 8.486509323120117188e-04 8.533596992492675781e-04 8.509755134582519531e-04
9.156148734867783912e-01 -2.017915248870849609e-04 -2.203285694122314453e-04 -2.056360244750976562e-04 -1.961588859558105469e-04 -2.108812332153320312e-04 -2.192258834838867188e-04 -2.061426639556884766e-04 -2.034902572631835938e-04 -2.005100250244140625e-04 -1.909434795379638672e-04
9.220676354721663026e-01 -5.584359169006347656e-04 -5.573630332946777344e-04 -5.494654178619384766e-04 -5.571842193603515625e-04 -5.462765693664550781e-04 -5.536377429962158203e-04 -5.802214145660400391e-04 -5.548596382141113281e-04 -5.630552768707275391e-04 -5.438327789306640625e-04
9.285203974575542141e-01 3.930330276489257812e-04 3.887712955474853516e-04 3.897249698638916016e-04 3.901720046997070312e-04 3.859698772430419922e-04 3.874897956848144531e-04 3.914237022399902344e-04 3.814399242401123047e-04 3.893673419952392578e-04 3.831684589385986328e-04
9.349731594429421255e-01 3.230869770050048828e-04 3.306567668914794922e-04 3.191828727722167969e-04 3.153085708618164062e-04 3.339946269989013672e-04 3.176629543304443359e-04 3.194808959960937500e-04 3.276765346527099609e-04 3.396570682525634766e-04 3.231763839721679688e-04
9.414259214283300370e-01 -5.199611186981201172e-04 -5.177557468414306641e-04 -5.122125148773193359e-04 -5.296170711517333984e-04 -5.187392234802246094e-04 -5.238354206085205078e-04 -5.165338516235351562e-04 -5.154907703399658203e-04 -5.224943161010742188e-04 -5.221664905548095703e-04
9.478786834137179484e-01 -9.626150131225585938e-06 -1.126527786254882812e-05 -1.519918441772460938e-06 2.115964889526367188e-06 1.460313796997070312e-06 -1.326203346252441406e-05 -1.019239425659179688e-05 -1.138448715209960938e-05 -8.791685104370117188e-06 -2.172589302062988281e-05
9.543314453991058599e-01 6.304085254669189453e-04 6.222724914550781250e-04 6.342232227325439453e-04 6.284415721893310547e-04 6.344020366668701172e-04 6.266534328460693359e-04 6.282925605773925781e-04 6.411969661712646484e-04 6.454885005950927734e-04 6.264448165893554688e-04
9.607842073844936603e-01 -3.114640712738037109e-04 -3.140568733215332031e-04 -3.122389316558837891e-04 -3.195703029632568359e-04 -3.275573253631591797e-04 -3.250837326049804688e-04 -3.165304660797119141e-04 -3.130137920379638672e-04 -3.005266189575195312e-04 -3.230571746826171875e-04
9.672369693698815718e-01 -5.583763122558593750e-04 -5.471110343933105469e-04 -5.630850791931152344e-04 -5.593001842498779297e-04 -5.603730678558349609e-04 -5.544424057006835938e-04 -5.491077899932861328e-04 -5.551278591156005859e-04 -5.536377429962158203e-04 -5.616843700408935547e-04
9.736897313552694833e-01 5.795955657958984375e-04 5.621910095214843750e-04 5.636811256408691406e-04 5.681514739990234375e-04 5.679130554199218750e-04 5.692839622497558594e-04 5.710124969482421875e-04 5.659759044647216797e-04 5.637705326080322266e-04 5.546510219573974609e-04
9.801424933406573947e-01 2.565383911132812500e-04 2.707839012145996094e-04 2.589225769042968750e-04 2.563297748565673828e-04 2.513825893402099609e-04 2.585351467132568359e-04 2.657175064086914062e-04 2.558827400207519531e-04 2.708137035369873047e-04 2.673864364624023438e-04
9.865952553260453062e-01 -6.937384605407714844e-04 -6.778240203857421875e-04 -6.739199161529541016e-04 -6.764829158782958984e-04 -6.876885890960693359e-04 -6.860792636871337891e-04 -6.852149963378906250e-04 -6.825625896453857422e-04 -6.856322288513183594e-04 -6.839036941528320312e-04
9.930480173114332176e-01 1.354515552520751953e-04 1.243650913238525391e-04 1.282691955566406250e-04 1.330673694610595703e-04 1.370012760162353516e-04 1.214742660522460938e-04 1.313686370849609375e-04 1.236498355865478516e-04 1.350045204162597656e-04 1.283884048461914062e-04
9.995007792968211291e-01 5.890130996704101562e-04 5.930364131927490234e-04 5.895197391510009766e-04 5.889832973480224609e-04 5.869269371032714844e-04 5.855560302734375000e-04 5.875229835510253906e-04 5.946457386016845703e-04 5.967617034912109375e-04 5.914866924285888672e-04
1.005953541282209152e+00 -5.019307136535644531e-04 -4.861056804656982422e-04 -5.024671554565429688e-04 -4.945099353790283203e-04 -4.934668540954589844e-04 -4.958808422088623047e-04 -4.850924015045166016e-04 -4.928708076477050781e-04 -4.903376102447509766e-04 -4.877448081970214844e-04
1.012406303267596952e+00 -3.350377082824707031e-04 -3.375113010406494141e-04 -3.388226032257080078e-04 -3.280937671661376953e-04 -3.435909748077392578e-04 -3.442168235778808594e-04 -3.399252891540527344e-04 -3.450810909271240234e-04 -3.463923931121826172e-04 -3.424584865570068359e-04
1.018859065252984752e+00 7.600486278533935547e-04 7.787942886352539062e-04 7.783472537994384766e-04 7.683634757995605469e-04 7.666349411010742188e-04 7.655918598175048828e-04 7.584989070892333984e-04 7.676780223846435547e-04 7.663369178771972656e-04 7.655322551727294922e-04
1.025311827238372775e+00 -1.526176929473876953e-04 -1.609623432159423828e-04 -1.442432403564453125e-04 -1.713931560516357422e-04 -1.614689826965332031e-04 -1.596808433532714844e-04 -1.687705516815185547e-04 -1.528561115264892578e-04 -1.499950885772705078e-04 -1.587569713592529297e-04
1.031764589223760797e+00 -7.551908493041992188e-04 -7.424056529998779297e-04 -7.460713386535644531e-04 -7.437467575073242188e-04 -7.448196411132812500e-04 -7.421672344207763672e-04 -7.501244544982910156e-04 -7.541775703430175781e-04 -7.477104663848876953e-04 -7.586777210235595703e-04
1.038217351209148598e+00 6.076395511627197266e-04 5.960762500762939453e-04 6.019771099090576172e-04 6.029009819030761719e-04 6.039142608642578125e-04 6.027519702911376953e-04 5.958676338195800781e-04 5.967319011688232422e-04 5.969405174255371094e-04 6.033182144165039062e-04
1.044670113194536398e+00 5.991756916046142578e-04 5.806088447570800781e-04 5.935132503509521484e-04 5.975067615509033203e-04 5.759000778198242188e-04 6.007850170135498047e-04 6.027817726135253906e-04 6.013214588165283203e-04 5.986094474792480469e-04 6.009340286254882812e-04
1.051122875179924421e+00 -8.146166801452636719e-04 -8.085668087005615234e-04 -8.098781108856201172e-04 -8.119642734527587891e-04 -8.137226104736328125e-04 -8.219480514526367188e-04 -8.100867271423339844e-04 -8.178651332855224609e-04 -8.039176464080810547e-04 -8.282661437988281250e-04
1.057575637165312221e+00 -2.416074275970458984e-04 -2.472996711730957031e-04 -2.478957176208496094e-04 -2.481937408447265625e-04 -2.477169036865234375e-04 -2.385973930358886719e-04 -2.335011959075927734e-04 -2.558827400207519531e-04 -2.590715885162353516e-04 -2.610981464385986328e-04
1.064028399150700022e+00 7.658600807189941406e-04 7.535815238952636719e-04 7.399320602416992188e-04 7.641315460205078125e-04 7.511079311370849609e-04 7.590651512145996094e-04 7.629692554473876953e-04 7.602572441101074219e-04 7.470250129699707031e-04 7.562339305877685547e-04
1.070481161136088044e+00 -6.699264049530029297e-04 -6.622672080993652344e-04 -6.673038005828857422e-04 -6.571114063262939453e-04 -6.673932075500488281e-04 -6.513297557830810547e-04 -6.556808948516845703e-04 -6.648004055023193359e-04 -6.653666496276855469e-04 -6.663799285888671875e-04
1.076933923121476067e+00 -1.038014888763427734e-04 -1.104474067687988281e-04 -8.958578109741210938e-05 -9.557604789733886719e-05 -8.830428123474121094e-05 -9.909272193908691406e-05 -9.688735008239746094e-05 -1.012682914733886719e-04 -1.000463962554931641e-04 -8.255243301391601562e-05
1.083386685106863867e+00 8.356571197509765625e-04 8.255541324615478516e-04 8.334517478942871094e-04 8.341372013092041016e-04 8.311569690704345703e-04 8.429884910583496094e-04 8.483231067657470703e-04 8.316636085510253906e-04 8.305311203002929688e-04 8.416771888732910156e-04
1.089839447092251667e+00 -6.533563137054443359e-04 -6.622672080993652344e-04 -6.599724292755126953e-04 -6.502866744995117188e-04 -6.560981273651123047e-04 -6.549954414367675781e-04 -6.572008132934570312e-04 -6.535649299621582031e-04 -6.447136402130126953e-04 -6.627440452575683594e-04
1.096292209077639690e+00 -5.422532558441162109e-04 -5.407333374023437500e-04 -5.502402782440185547e-04 -5.554258823394775391e-04 -5.497932434082031250e-04 -5.613565444946289062e-04 -5.466639995574951172e-04 -5.455315113067626953e-04 -5.483031272888183594e-04 -5.439519882202148438e-04
1.102744971063027712e+00 4.207789897918701172e-04 4.389882087707519531e-04 4.418492317199707031e-04 4.421770572662353516e-04 4.471540451049804688e-04 4.396140575408935547e-04 4.430413246154785156e-04 4.385709762573242188e-04 4.277825355529785156e-04 4.340410232543945312e-04
1.109197733048415513e+00 9.170174598693847656e-05 9.393692016601562500e-05 8.442997932434082031e-05 9.667873382568359375e-05 9.235739707946777344e-05 8.225440979003906250e-05 9.810924530029296875e-05 1.076757907867431641e-04 1.107454299926757812e-04 9.506940841674804688e-05
1.115650495033803313e+00 -1.036733388900756836e-03 -1.044690608978271484e-03 -1.031726598739624023e-03 -1.051515340805053711e-03 -1.035660505294799805e-03 -1.038372516632080078e-03 -1.032292842864990234e-03 -1.042574644088745117e-03 -1.044273376464843750e-03 -1.047194004058837891e-03
1.122103257019191336e+00 1.912117004394531250e-04 1.896321773529052734e-04 1.952052116394042969e-04 1.921653747558593750e-04 1.810491085052490234e-04 1.561343669891357422e-04 1.548826694488525391e-04 1.568198204040527344e-04 1.912713050842285156e-04 1.693665981292724609e-04
1.128556019004579358e+00 5.130469799041748047e-04 5.180835723876953125e-04 5.274116992950439453e-04 5.290210247039794922e-04 5.253255367279052734e-04 5.183815956115722656e-04 5.252063274383544922e-04 5.308687686920166016e-04 5.279183387756347656e-04 5.205869674682617188e-04
1.135008780989967159e+00 -8.346140384674072266e-04 -8.411109447479248047e-04 -8.481740951538085938e-04 -8.504390716552734375e-04 -8.582174777984619141e-04 -8.529424667358398438e-04 -8.531510829925537109e-04 -8.590221405029296875e-04 -8.405745029449462891e-04 -8.471012115478515625e-04
1.141461542975354959e+00 -9.179115295410156250e-05 -8.153915405273437500e-05 -8.761882781982421875e-05 -8.675456047058105469e-05 -9.128451347351074219e-05 -9.897351264953613281e-05 -9.202957153320312500e-05 -9.176135063171386719e-05 -1.038312911987304688e-04 -8.755922317504882812e-05
1.147914304960742982e+00 7.801651954650878906e-04 7.878839969635009766e-04 7.863044738769531250e-04 7.714629173278808594e-04 7.894337177276611328e-04 7.722675800323486328e-04 7.852315902709960938e-04 7.853507995605468750e-04 7.918179035186767578e-04 7.852017879486083984e-04
1.154367066946130782e+00 -3.194510936737060547e-04 -3.318786621093750000e-04 -3.370046615600585938e-04 -3.217756748199462891e-04 -3.330409526824951172e-04 -3.338456153869628906e-04 -3.360211849212646484e-04 -3.357231616973876953e-04 -3.256797790527343750e-04 -3.393888473510742188e-04
1.160819828931518582e+00 -3.999173641204833984e-04 -3.834366798400878906e-04 -3.901720046997070312e-04 -3.813505172729492188e-04 -4.017055034637451172e-04 -4.024803638458251953e-04 -3.917515277862548828e-04 -3.963410854339599609e-04 -3.906190395355224609e-04 -4.067718982696533203e-04
1.167272590916906605e+00 5.508065223693847656e-04 5.407035350799560547e-04 5.477368831634521484e-04 5.479454994201660156e-04 5.421042442321777344e-04 5.518794059753417969e-04 5.450844764709472656e-04 5.443692207336425781e-04 5.354881286621093750e-04 5.476772785186767578e-04
1.173725352902294627e+00 4.661083221435546875e-05 4.369020462036132812e-05 4.693865776062011719e-05 4.458427429199218750e-05 4.026293754577636719e-05 5.102157592773437500e-05 4.768371582031250000e-05 4.562735557556152344e-05 5.567073822021484375e-05 5.730986595153808594e-05
1.180178114887682428e+00 -5.692243576049804688e-04 -5.580186843872070312e-04 -5.749464035034179688e-04 -5.739927291870117188e-04 -5.762577056884765625e-04 -5.718171596527099609e-04 -5.727708339691162109e-04 -5.842745304107666016e-04 -5.598962306976318359e-04 -5.591809749603271484e-04
1.186630876873070450e+00 3.044605255126953125e-04 3.098249435424804688e-04 3.098845481872558594e-04 3.128051757812500000e-04 3.151893615722656250e-04 3.134608268737792969e-04 3.225505352020263672e-04 3.359019756317138672e-04 3.130137920379638672e-04 3.256797790527343750e-04
1.193083638858458251e+00 4.157423973083496094e-04 4.046559333801269531e-04 3.969371318817138672e-04 3.964602947235107422e-04 4.034340381622314453e-04 4.082024097442626953e-04 3.937780857086181641e-04 4.029572010040283203e-04 4.010498523712158203e-04 3.983378410339355469e-04
1.199536400843846051e+00 -3.816485404968261719e-04 -3.735721111297607422e-04 -3.851950168609619141e-04 -3.755688667297363281e-04 -3.659725189208984375e-04 -3.634095191955566406e-04 -3.808736801147460938e-04 -3.738999366760253906e-04 -3.765523433685302734e-04 -3.695487976074218750e-04
1.205989162829234074e+00 -1.372694969177246094e-04 -1.283884048461914062e-04 -1.417994499206542969e-04 -1.358985900878906250e-04 -1.406669616699218750e-04 -1.395940780639648438e-04 -1.268684864044189453e-04 -1.350939273834228516e-04 -1.345872879028320312e-04 -1.307725906372070312e-04
1.212441924814621874e+00 4.646182060241699219e-04 4.659891128540039062e-04 4.546642303466796875e-04 4.618465900421142578e-04 4.686713218688964844e-04 4.574954509735107422e-04 4.643499851226806641e-04 4.570186138153076172e-04 4.712045192718505859e-04 4.650652408599853516e-04
1.218894686800009897e+00 -1.856684684753417969e-05 -4.258751869201660156e-05 -2.884864807128906250e-05 -1.654028892517089844e-05 -2.363324165344238281e-05 -2.285838127136230469e-05 -2.634525299072265625e-05 -2.515316009521484375e-05 -2.044439315795898438e-05 -2.303719520568847656e-05
1.225347448785397697e+00 -3.116726875305175781e-04 -3.140866756439208984e-04 -3.159940242767333984e-04 -3.112852573394775391e-04 -3.099739551544189453e-04 -3.147125244140625000e-04 -3.285109996795654297e-04 -3.111660480499267578e-04 -3.266334533691406250e-04 -3.193020820617675781e-04
1.231800210770785720e+00 3.218054771423339844e-04 3.331005573272705078e-04 3.298223018646240234e-04 3.302991390228271484e-04 3.390014171600341797e-04 3.234446048736572266e-04 3.347694873809814453e-04 3.339648246765136719e-04 3.443062305450439453e-04 3.307163715362548828e-04
1.238252972756173520e+00 7.891654968261718750e-05 7.602572441101074219e-05 7.531046867370605469e-05 7.390975952148437500e-05 7.775425910949707031e-05 7.727742195129394531e-05 7.396936416625976562e-05 7.599592208862304688e-05 8.410215377807617188e-05 7.572770118713378906e-05
1.244705734741561542e+00 -3.249347209930419922e-04 -3.072619438171386719e-04 -3.113448619842529297e-04 -3.132224082946777344e-04 -3.180205821990966797e-04 -3.153681755065917969e-04 -3.020167350769042969e-04 -3.199577331542968750e-04 -3.246068954467773438e-04 -3.207027912139892578e-04
1.251158496726949343e+00 8.654594421386718750e-05 9.694695472717285156e-05 8.204579353332519531e-05 8.353590965270996094e-05 9.199976921081542969e-05 9.268522262573242188e-05 8.639693260192871094e-05 9.435415267944335938e-05 7.763504981994628906e-05 8.791685104370117188e-05
1.257611258712337365e+00 2.269148826599121094e-04 2.319216728210449219e-04 2.352297306060791016e-04 2.512931823730468750e-04 2.335309982299804688e-04 2.487301826477050781e-04 2.339184284210205078e-04 2.377927303314208984e-04 2.348423004150390625e-04 2.343356609344482422e-04
1.264064020697725166e+00 -2.200603485107421875e-04 -2.147555351257324219e-04 -2.031922340393066406e-04 -2.171397209167480469e-04 -2.124905586242675781e-04 -2.003908157348632812e-04 -2.151727676391601562e-04 -2.133846282958984375e-04 -2.086758613586425781e-04 -2.015829086303710938e-04
1.270516782683113188e+00 -1.954734325408935547e-04 -2.050399780273437500e-04 -2.088844776153564453e-04 -2.125501632690429688e-04 -2.066493034362792969e-04 -2.041757106781005859e-04 -1.969933509826660156e-04 -1.898109912872314453e-04 -2.138316631317138672e-04 -2.063214778900146484e-04
1.276969544668500989e+00 2.398490905761718750e-04 2.471506595611572266e-04 2.479553222656250000e-04 2.506375312805175781e-04 2.419054508209228516e-04 2.391636371612548828e-04 2.522766590118408203e-04 2.406537532806396484e-04 2.495944499969482422e-04 2.494752407073974609e-04
1.283422306653888789e+00 6.589293479919433594e-05 5.951523780822753906e-05 5.701184272766113281e-05 6.148219108581542969e-05 6.160140037536621094e-05 5.713105201721191406e-05 5.128979682922363281e-05 4.789233207702636719e-05 6.002187728881835938e-05 6.577372550964355469e-05
1.289875068639276812e+00 -3.092288970947265625e-04 -3.132522106170654297e-04 -3.087818622589111328e-04 -2.988278865814208984e-04 -3.142058849334716797e-04 -2.970397472381591797e-04 -3.176033496856689453e-04 -3.093183040618896484e-04 -3.052353858947753906e-04 -3.086924552917480469e-04
1.296327830624664612e+00 1.846849918365478516e-04 1.778900623321533203e-04 1.873075962066650391e-04 1.873373985290527344e-04 1.942813396453857422e-04 1.967549324035644531e-04 1.923441886901855469e-04 1.843571662902832031e-04 1.788437366485595703e-04 1.818537712097167969e-04
1.302780592610052635e+00 1.797080039978027344e-04 1.707375049591064453e-04 1.740455627441406250e-04 1.755058765411376953e-04 1.693964004516601562e-04 1.774132251739501953e-04 1.770555973052978516e-04 1.741349697113037109e-04 1.797378063201904297e-04 1.749694347381591797e-04
1.309233354595440435e+00 -3.990232944488525391e-04 -4.066228866577148438e-04 -4.020035266876220703e-04 -3.992915153503417969e-04 -4.058778285980224609e-04 -4.121661186218261719e-04 -4.150271415710449219e-04 -4.020035266876220703e-04 -3.960132598876953125e-04 -4.000365734100341797e-04
1.315686116580828458e+00 1.469552516937255859e-04 1.646876335144042969e-04 1.546442508697509766e-04 1.619756221771240234e-04 1.596808433532714844e-04 1.554787158966064453e-04 1.572072505950927734e-04 1.525282859802246094e-04 1.544058322906494141e-04 1.552999019622802734e-04
1.322138878566216258e+00 2.604126930236816406e-04 2.644062042236328125e-04 2.595186233520507812e-04 2.596974372863769531e-04 2.667605876922607422e-04 2.608597278594970703e-04 2.750754356384277344e-04 2.662539482116699219e-04 2.689063549041748047e-04 2.739727497100830078e-04
1.328591640551604280e+00 -3.229379653930664062e-04 -3.199875354766845703e-04 -3.265440464019775391e-04 -3.204941749572753906e-04 -3.243684768676757812e-04 -3.327131271362304688e-04 -3.248453140258789062e-04 -3.142356872558593750e-04 -3.283917903900146484e-04 -3.258883953094482422e-04
1.335044402536992081e+00 -2.399086952209472656e-05 -2.971291542053222656e-05 -3.370642662048339844e-05 -4.002451896667480469e-05 -3.346800804138183594e-05 -3.045797348022460938e-05 -3.421306610107421875e-05 -3.457069396972656250e-05 -4.002451896667480469e-05 -2.628564834594726562e-05
1.341497164522380103e+00 3.030598163604736328e-04 3.156960010528564453e-04 3.060102462768554688e-04 3.064870834350585938e-04 3.118813037872314453e-04 3.219842910766601562e-04 3.058016300201416016e-04 3.157556056976318359e-04 3.125369548797607422e-04 3.083348274230957031e-04
1.347949926507767904e+00 -1.733005046844482422e-04 -1.728832721710205078e-04 -1.814365386962890625e-04 -1.623928546905517578e-04 -1.804530620574951172e-04 -1.843571662902832031e-04 -1.788437366485595703e-04 -1.694858074188232422e-04 -1.708269119262695312e-04 -1.720190048217773438e-04
1.354402688493155926e+00 -3.361701965332031250e-05 -4.050135612487792969e-05 -4.783272743225097656e-05 -3.704428672790527344e-05 -3.254413604736328125e-05 -3.933906555175781250e-05 -4.509091377258300781e-05 -3.695487976074218750e-05 -4.300475120544433594e-05 -4.333257675170898438e-05
1.360855450478543727e+00 2.005994319915771484e-04 2.015531063079833984e-04 2.005696296691894531e-04 2.133548259735107422e-04 2.072453498840332031e-04 2.152919769287109375e-04 2.101659774780273438e-04 2.048015594482421875e-04 2.095401287078857422e-04 2.088248729705810547e-04
1.367308212463931749e+00 -2.550482749938964844e-04 -2.586245536804199219e-04 -2.477467060089111328e-04 -2.564191818237304688e-04 -2.410411834716796875e-04 -2.512335777282714844e-04 -2.523958683013916016e-04 -2.528429031372070312e-04 -2.382695674896240234e-04 -2.610683441162109375e-04
1.373760974449319550e+00 -3.698468208312988281e-05 -3.126263618469238281e-05 -2.545118331909179688e-05 -2.646446228027343750e-05 -3.290176391601562500e-05 -1.981854438781738281e-05 -1.540780067443847656e-05 -2.709031105041503906e-05 -1.937150955200195312e-05 -2.366304397583007812e-05
1.380213736434707350e+00 1.717805862426757812e-04 1.691281795501708984e-04 1.710355281829833984e-04 1.740455627441406250e-04 1.911818981170654297e-04 1.689791679382324219e-04 1.747012138366699219e-04 1.657307147979736328e-04 1.657605171203613281e-04 1.702904701232910156e-04
1.386666498420095373e+00 -5.701184272766113281e-05 -6.905198097229003906e-05 -6.759166717529296875e-05 -6.556510925292968750e-05 -6.008148193359375000e-05 -7.259845733642578125e-05 -7.045269012451171875e-05 -6.118416786193847656e-05 -6.410479545593261719e-05 -5.757808685302734375e-05
1.393119260405483173e+00 4.744529724121093750e-05 5.632638931274414062e-05 4.726648330688476562e-05 3.945827484130859375e-05 4.222989082336425781e-05 5.233287811279296875e-05 2.992153167724609375e-05 3.921985626220703125e-05 5.441904067993164062e-05 4.214048385620117188e-05
1.399572022390871195e+00 1.570582389831542969e-04 1.287460327148437500e-04 1.387000083923339844e-04 1.522302627563476562e-04 1.464486122131347656e-04 1.370608806610107422e-04 1.423060894012451172e-04 1.445114612579345703e-04 1.369416713714599609e-04 1.378357410430908203e-04
1.406024784376258996e+00 4.640221595764160156e-05 5.385279655456542969e-05 4.523992538452148438e-05 4.488229751586914062e-05 5.236268043518066406e-05 4.449486732482910156e-05 4.664063453674316406e-05 5.722045898437500000e-05 4.768371582031250000e-05 4.318356513977050781e-05
1.412477546361647018e+00 -2.346634864807128906e-04 -2.295970916748046875e-04 -2.219378948211669922e-04 -2.360045909881591797e-04 -2.345144748687744141e-04 -2.312660217285156250e-04 -2.291500568389892578e-04 -2.272427082061767578e-04 -2.281963825225830078e-04 -2.305209636688232422e-04
1.418930308347034819e+00 2.887845039367675781e-05 3.230571746826171875e-05 2.574920654296875000e-05 3.758072853088378906e-05 2.449750900268554688e-05 3.051757812500000000e-05 2.154707908630371094e-05 2.825260162353515625e-05 3.144145011901855469e-05 2.098083496093750000e-05
1.425383070332422841e+00 1.999735832214355469e-04 1.883506774902343750e-04 1.964271068572998047e-04 1.798570156097412109e-04 1.830160617828369141e-04 1.851618289947509766e-04 1.983046531677246094e-04 1.906752586364746094e-04 1.890063285827636719e-04 1.855492591857910156e-04
1.431835832317810642e+00 -6.067752838134765625e-05 -5.295872688293457031e-05 -5.957484245300292969e-05 -5.578994750976562500e-05 -5.188584327697753906e-05 -5.090236663818359375e-05 -5.966424942016601562e-05 -5.641579627990722656e-05 -5.909800529479980469e-05 -6.106495857238769531e-05
1.438288594303198664e+00 -1.764595508575439453e-04 -1.746714115142822266e-04 -1.856088638305664062e-04 -1.742243766784667969e-04 -1.784265041351318359e-04 -1.818537712097167969e-04 -1.704096794128417969e-04 -1.948177814483642578e-04 -1.818835735321044922e-04 -1.721978187561035156e-04
1.444741356288586465e+00 1.318156719207763672e-04 1.449584960937500000e-04 1.439154148101806641e-04 1.334846019744873047e-04 1.290440559387207031e-04 1.393258571624755859e-04 1.430511474609375000e-04 1.407861709594726562e-04 1.452565193176269531e-04 1.361668109893798828e-04
1.451194118273974487e+00 1.120269298553466797e-04 1.001656055450439453e-04 1.153349876403808594e-04 1.020133495330810547e-04 1.038014888763427734e-04 1.044273376464843750e-04 1.000761985778808594e-04 1.080334186553955078e-04 1.040101051330566406e-04 1.035034656524658203e-04
1.457646880259362288e+00 -1.031160354614257812e-04 -1.080036163330078125e-04 -8.732080459594726562e-05 -9.372830390930175781e-05 -1.074075698852539062e-04 -9.903311729431152344e-05 -1.075267791748046875e-04 -1.046657562255859375e-04 -8.982419967651367188e-05 -9.575486183166503906e-05
1.464099642244750310e+00 1.881718635559082031e-04 1.850724220275878906e-04 1.860558986663818359e-04 1.759529113769531250e-04 1.873075962066650391e-04 1.870691776275634766e-04 1.799166202545166016e-04 1.921057701110839844e-04 1.844465732574462891e-04 1.918375492095947266e-04
1.470552404230138110e+00 3.841519355773925781e-05 4.979968070983886719e-05 3.144145011901855469e-05 4.297494888305664062e-05 4.208087921142578125e-05 5.358457565307617188e-05 3.689527511596679688e-05 3.832578659057617188e-05 3.501772880554199219e-05 4.428625106811523438e-05
1.477005166215525911e+00 -1.757740974426269531e-04 -1.737475395202636719e-04 -1.764893531799316406e-04 -1.713633537292480469e-04 -1.693665981292724609e-04 -1.727640628814697266e-04 -1.709163188934326172e-04 -1.726746559143066406e-04 -1.686215400695800781e-04 -1.734495162963867188e-04
1.483457928200913933e+00 3.397464752197265625e-06 9.864568710327148438e-06 7.212162017822265625e-06 2.980232238769531250e-08 4.470348358154296875e-06 2.682209014892578125e-06 6.407499313354492188e-06 1.126527786254882812e-05 9.059906005859375000e-06 2.741813659667968750e-06
1.489910690186301734e+00 1.653134822845458984e-04 1.720190048217773438e-04 1.681745052337646484e-04 1.571178436279296875e-04 1.680254936218261719e-04 1.751184463500976562e-04 1.757144927978515625e-04 1.710951328277587891e-04 1.833140850067138672e-04 1.636147499084472656e-04
1.496363452171689756e+00 -1.297295093536376953e-04 -1.340508460998535156e-04 -1.394748687744140625e-04 -1.311600208282470703e-04 -1.462697982788085938e-04 -1.394748687744140625e-04 -1.353621482849121094e-04 -1.269280910491943359e-04 -1.372396945953369141e-04 -1.250207424163818359e-04
1.502816214157077557e+00 -4.497170448303222656e-05 -5.221366882324218750e-05 -4.580616950988769531e-05 -3.719329833984375000e-05 -3.886222839355468750e-05 -4.050135612487792969e-05 -3.531575202941894531e-05 -4.759430885314941406e-05 -3.516674041748046875e-05 -4.041194915771484375e-05
1.509268976142465579e+00 1.259744167327880859e-04 1.262128353118896484e-04 1.262724399566650391e-04 1.144111156463623047e-04 1.270771026611328125e-04 1.273751258850097656e-04 1.296997070312500000e-04 1.309216022491455078e-04 1.222491264343261719e-04 1.302063465118408203e-04
1.515721738127853380e+00 -5.120038986206054688e-05 -4.747509956359863281e-05 -4.735589027404785156e-05 -6.127357482910156250e-05 -5.245208740234375000e-05 -5.590915679931640625e-05 -4.765391349792480469e-05 -4.029273986816406250e-05 -4.708766937255859375e-05 -4.577636718750000000e-05
1.522174500113241402e+00 -6.911158561706542969e-05 -6.076693534851074219e-05 -7.292628288269042969e-05 -5.266070365905761719e-05 -6.735324859619140625e-05 -7.221102714538574219e-05 -7.072091102600097656e-05 -7.548928260803222656e-05 -7.647275924682617188e-05 -6.690621376037597656e-05
1.528627262098629203e+00 1.125931739807128906e-04 1.158118247985839844e-04 1.125335693359375000e-04 1.189410686492919922e-04 1.020431518554687500e-04 1.167058944702148438e-04 1.223087310791015625e-04 1.141428947448730469e-04 1.140832901000976562e-04 1.156032085418701172e-04
1.535080024084017225e+00 -2.676248550415039062e-05 -2.256035804748535156e-05 -1.615285873413085938e-05 -1.955032348632812500e-05 -2.816319465637207031e-05 -2.127885818481445312e-05 -3.516674041748046875e-05 -2.831220626831054688e-05 -2.244114875793457031e-05 -3.555417060852050781e-05
1.541532786069405025e+00 -1.235306262969970703e-04 -1.277625560760498047e-04 -1.257359981536865234e-04 -1.123249530792236328e-04 -1.232922077178955078e-04 -1.328587532043457031e-04 -1.198649406433105469e-04 -1.275241374969482422e-04 -1.285970211029052734e-04 -1.228153705596923828e-04
1.547985548054793048e+00 1.029968261718750000e-04 9.527802467346191406e-05 9.837746620178222656e-05 9.405612945556640625e-05 1.078248023986816406e-04 1.040697097778320312e-04 1.023113727569580078e-04 1.022219657897949219e-04 9.986758232116699219e-05 9.509921073913574219e-05
1.554438310040180848e+00 2.077221870422363281e-05 2.059340476989746094e-05 2.697110176086425781e-05 3.048777580261230469e-05 2.333521842956542969e-05 1.943111419677734375e-05 1.811981201171875000e-05 2.816319465637207031e-05 2.312660217285156250e-05 2.968311309814453125e-05
1.560891072025568649e+00 -5.224347114562988281e-05 -6.049871444702148438e-05 -5.379319190979003906e-05 -5.745887756347656250e-05 -5.865097045898437500e-05 -5.143880844116210938e-05 -5.900859832763671875e-05 -5.573034286499023438e-05 -7.119774818420410156e-05 -6.213784217834472656e-05
1.567343834010956671e+00 -7.003545761108398438e-06 -1.919269561767578125e-05 -1.868605613708496094e-05 -4.738569259643554688e-06 -3.397464752197265625e-06 -5.394220352172851562e-06 -5.394220352172851562e-06 -1.856684684753417969e-05 -2.068281173706054688e-05 -1.332163810729980469e-05
1.573796595996344472e+00 2.530217170715332031e-05 2.965331077575683594e-05 3.108382225036621094e-05 2.798438072204589844e-05 3.209710121154785156e-05 3.027915954589843750e-05 2.557039260864257812e-05 3.525614738464355469e-05 3.829598426818847656e-05 1.695752143859863281e-05
1.580249357981732494e+00 -5.215406417846679688e-06 -1.162290573120117188e-05 -9.030103683471679688e-06 -1.648068428039550781e-05 -8.463859558105468750e-06 -1.320242881774902344e-05 -2.104043960571289062e-05 -2.208352088928222656e-05 -1.907348632812500000e-05 -7.718801498413085938e-06
1.586702119967120295e+00 -5.355477333068847656e-05 -5.498528480529785156e-05 -4.738569259643554688e-05 -4.011392593383789062e-05 -4.765391349792480469e-05 -4.363059997558593750e-05 -5.304813385009765625e-05 -5.400180816650390625e-05 -5.522370338439941406e-05 -5.087256431579589844e-05
1.593154881952508317e+00 1.823902130126953125e-05 2.726912498474121094e-05 3.141164779663085938e-05 2.664327621459960938e-05 2.932548522949218750e-05 2.372264862060546875e-05 3.010034561157226562e-05 2.086162567138671875e-05 1.659989356994628906e-05 1.695752143859863281e-05
1.599607643937896118e+00 6.884336471557617188e-05 7.826089859008789062e-05 6.756186485290527344e-05 8.237361907958984375e-05 6.699562072753906250e-05 7.736682891845703125e-05 7.542967796325683594e-05 7.140636444091796875e-05 7.548928260803222656e-05 6.991624832153320312e-05
1.606060405923284140e+00 -4.807114601135253906e-05 -4.187226295471191406e-05 -4.953145980834960938e-05 -5.149841308593750000e-05 -3.832578659057617188e-05 -3.436207771301269531e-05 -4.345178604125976562e-05 -4.515051841735839844e-05 -4.330277442932128906e-05 -5.239248275756835938e-05
1.612513167908671941e+00 -8.022785186767578125e-05 -8.776783943176269531e-05 -8.323788642883300781e-05 -7.891654968261718750e-05 -7.504224777221679688e-05 -8.657574653625488281e-05 -7.998943328857421875e-05 -8.332729339599609375e-05 -7.343292236328125000e-05 -8.317828178405761719e-05
1.618965929894059963e+00 1.101493835449218750e-04 1.145303249359130859e-04 1.166164875030517578e-04 1.184344291687011719e-04 1.115202903747558594e-04 1.169443130493164062e-04 1.098513603210449219e-04 1.019835472106933594e-04 1.072883605957031250e-04 1.055002212524414062e-04
1.625418691879447763e+00 2.560019493103027344e-05 4.181265830993652344e-05 4.044175148010253906e-05 2.944469451904296875e-05 3.084540367126464844e-05 4.607439041137695312e-05 2.071261405944824219e-05 2.536177635192871094e-05 2.703070640563964844e-05 3.600120544433593750e-05
1.631871453864835786e+00 -1.857280731201171875e-04 -1.857280731201171875e-04 -1.839101314544677734e-04 -1.789629459381103516e-04 -1.838505268096923828e-04 -1.940131187438964844e-04 -1.758933067321777344e-04 -1.753270626068115234e-04 -1.795291900634765625e-04 -1.816153526306152344e-04
1.638324215850223586e+00 1.511573791503906250e-04 1.316070556640625000e-04 1.463592052459716797e-04 1.517236232757568359e-04 1.435279846191406250e-04 1.421272754669189453e-04 1.389980316162109375e-04 1.438856124877929688e-04 1.479387283325195312e-04 1.399815082550048828e-04
1.644776977835611609e+00 1.152157783508300781e-04 1.199543476104736328e-04 1.209676265716552734e-04 1.220703125000000000e-04 1.223981380462646484e-04 1.328289508819580078e-04 1.123845577239990234e-04 1.133680343627929688e-04 1.221001148223876953e-04 1.354217529296875000e-04
1.651229739820999409e+00 -2.541840076446533203e-04 -2.540349960327148438e-04 -2.568960189819335938e-04 -2.514123916625976562e-04 -2.611577510833740234e-04 -2.642869949340820312e-04 -2.474486827850341797e-04 -2.633929252624511719e-04 -2.522170543670654297e-04 -2.500116825103759766e-04
1.657682501806387210e+00 1.455545425415039062e-04 1.478493213653564453e-04 1.545250415802001953e-04 1.419782638549804688e-04 1.478791236877441406e-04 1.500844955444335938e-04 1.460015773773193359e-04 1.439154148101806641e-04 1.346170902252197266e-04 1.493394374847412109e-04
1.664135263791775232e+00 2.463757991790771484e-04 2.309083938598632812e-04 2.408623695373535156e-04 2.260804176330566406e-04 2.333521842956542969e-04 2.312958240509033203e-04 2.260804176330566406e-04 2.342164516448974609e-04 2.364516258239746094e-04 2.416670322418212891e-04
1.670588025777163033e+00 -3.190636634826660156e-04 -3.302395343780517578e-04 -3.276765346527099609e-04 -3.186166286468505859e-04 -3.189444541931152344e-04 -3.377795219421386719e-04 -3.300011157989501953e-04 -3.292262554168701172e-04 -3.217756748199462891e-04 -3.237128257751464844e-04
1.677040787762551055e+00 2.613663673400878906e-05 3.224611282348632812e-05 3.540515899658203125e-05 3.224611282348632812e-05 3.892183303833007812e-05 2.753734588623046875e-05 3.111362457275390625e-05 2.655386924743652344e-05 3.671646118164062500e-05 2.670288085937500000e-05
1.683493549747938856e+00 3.121197223663330078e-04 3.069341182708740234e-04 2.923309803009033203e-04 3.031194210052490234e-04 3.011226654052734375e-04 2.927482128143310547e-04 2.933144569396972656e-04 2.923905849456787109e-04 2.909302711486816406e-04 2.954304218292236328e-04
1.689946311733326878e+00 -1.975893974304199219e-04 -1.970827579498291016e-04 -2.011954784393310547e-04 -2.100467681884765625e-04 -1.979470252990722656e-04 -1.907050609588623047e-04 -2.029836177825927734e-04 -1.941025257110595703e-04 -1.991093158721923828e-04 -2.002120018005371094e-04
1.696399073718714678e+00 7.569789886474609375e-05 8.976459503173828125e-05 8.124113082885742188e-05 8.839368820190429688e-05 7.772445678710937500e-05 6.788969039916992188e-05 7.981061935424804688e-05 8.529424667358398438e-05 8.878111839294433594e-05 7.179379463195800781e-05
1.702851835704102701e+00 1.899600028991699219e-04 1.894831657409667969e-04 1.881420612335205078e-04 1.855790615081787109e-04 1.881420612335205078e-04 1.874864101409912109e-04 1.932084560394287109e-04 1.961588859558105469e-04 2.013444900512695312e-04 1.993179321289062500e-04
1.709304597689490501e+00 -2.048909664154052734e-04 -2.115368843078613281e-04 -2.089738845825195312e-04 -2.119541168212890625e-04 -2.295374870300292969e-04 -2.157390117645263672e-04 -2.089440822601318359e-04 -2.170801162719726562e-04 -2.093315124511718750e-04 -2.144575119018554688e-04
1.715757359674878524e+00 -1.144409179687500000e-05 -9.417533874511718750e-06 -2.980232238769531250e-08 -6.496906280517578125e-06 -1.358985900878906250e-05 -1.138448715209960938e-05 -1.844763755798339844e-05 -1.174211502075195312e-05 -1.004338264465332031e-05 -4.678964614868164062e-06
1.722210121660266324e+00 1.793801784515380859e-04 1.904368400573730469e-04 1.765191555023193359e-04 1.891851425170898438e-04 1.714229583740234375e-04 1.778900623321533203e-04 1.790821552276611328e-04 1.811087131500244141e-04 1.906454563140869141e-04 1.776516437530517578e-04
1.728662883645654347e+00 -1.188814640045166016e-04 -1.223683357238769531e-04 -1.241862773895263672e-04 -1.166164875030517578e-04 -1.251399517059326172e-04 -1.132786273956298828e-04 -1.189410686492919922e-04 -1.239776611328125000e-04 -1.132488250732421875e-04 -1.252293586730957031e-04
1.735115645631042147e+00 5.960464477539062500e-06 6.198883056640625000e-06 4.619359970092773438e-06 -1.075863838195800781e-05 -1.728534698486328125e-06 5.960464477539062500e-08 8.374452590942382812e-06 -1.317262649536132812e-05 5.692243576049804688e-06 -9.089708328247070312e-06
1.741568407616429948e+00 9.348988533020019531e-05 9.876489639282226562e-05 1.043975353240966797e-04 1.113712787628173828e-04 9.948015213012695312e-05 1.006126403808593750e-04 1.022219657897949219e-04 1.106262207031250000e-04 1.097917556762695312e-04 9.652972221374511719e-05
1.748021169601817970e+00 -5.871057510375976562e-05 -3.492832183837890625e-05 -5.468726158142089844e-05 -4.479289054870605469e-05 -4.354119300842285156e-05 -4.413723945617675781e-05 -6.479024887084960938e-05 -4.732608795166015625e-05 -4.151463508605957031e-05 -4.953145980834960938e-05
1.754473931587205771e+00 8.866190910339355469e-05 7.635354995727539062e-05 8.669495582580566406e-05 8.291006088256835938e-05 8.010864257812500000e-05 8.097290992736816406e-05 7.832050323486328125e-05 8.729100227355957031e-05 8.508563041687011719e-05 8.851289749145507812e-05
1.760926693572593793e+00 -6.347894668579101562e-06 -9.208917617797851562e-06 -1.451373100280761719e-05 -1.925230026245117188e-05 -7.599592208862304688e-06 -3.337860107421875000e-06 -1.159310340881347656e-05 -1.746416091918945312e-05 2.622604370117187500e-06 -1.731514930725097656e-05
1.767379455557981593e+00 6.824731826782226562e-06 3.042817115783691406e-05 1.987814903259277344e-05 6.377696990966796875e-06 1.531839370727539062e-05 2.083182334899902344e-05 1.987814903259277344e-05 9.655952453613281250e-06 2.980232238769531250e-07 2.068281173706054688e-05
1.773832217543369616e+00 1.109242439270019531e-04 9.328126907348632812e-05 1.021623611450195312e-04 1.069009304046630859e-04 9.632110595703125000e-05 9.471178054809570312e-05 1.009106636047363281e-04 9.936094284057617188e-05 1.051723957061767578e-04 1.008510589599609375e-04
1.780284979528757416e+00 -1.010000705718994141e-04 -1.185536384582519531e-04 -1.062154769897460938e-04 -1.103281974792480469e-04 -1.063346862792968750e-04 -1.164376735687255859e-04 -1.031160354614257812e-04 -1.142024993896484375e-04 -1.077055931091308594e-04 -1.185238361358642578e-04
1.786737741514145439e+00 -7.173418998718261719e-05 -5.704164505004882812e-05 -5.596876144409179688e-05 -4.884600639343261719e-05 -5.716085433959960938e-05 -7.325410842895507812e-05 -5.629658699035644531e-05 -6.073713302612304688e-05 -5.692243576049804688e-05 -6.669759750366210938e-05
1.793190503499533239e+00 1.528263092041015625e-04 1.456439495086669922e-04 1.418292522430419922e-04 1.440644264221191406e-04 1.536309719085693359e-04 1.530945301055908203e-04 1.517832279205322266e-04 1.336038112640380859e-04 1.472234725952148438e-04 1.478791236877441406e-04
1.799643265484921262e+00 -7.358193397521972656e-05 -7.733702659606933594e-05 -8.004903793334960938e-05 -8.261203765869140625e-05 -6.097555160522460938e-05 -8.001923561096191406e-05 -7.691979408264160156e-05 -7.608532905578613281e-05 -8.398294448852539062e-05 -8.839368820190429688e-05
1.806096027470309062e+00 1.838803291320800781e-05 3.260374069213867188e-05 1.260638236999511719e-05 2.831220626831054688e-05 2.148747444152832031e-05 1.347064971923828125e-05 2.574920654296875000e-05 5.662441253662109375e-06 1.659989356994628906e-05 3.096461296081542969e-05
1.812548789455697085e+00 1.882016658782958984e-04 1.963973045349121094e-04 1.963078975677490234e-04 1.966655254364013672e-04 1.855790615081787109e-04 1.918673515319824219e-04 1.925230026245117188e-04 1.878142356872558594e-04 1.901090145111083984e-04 1.992285251617431641e-04
1.819001551441084885e+00 -1.703500747680664062e-04 -1.747310161590576172e-04 -1.707971096038818359e-04 -1.722276210784912109e-04 -1.682341098785400391e-04 -1.756548881530761719e-04 -1.857578754425048828e-04 -1.703500747680664062e-04 -1.856386661529541016e-04 -1.679360866546630859e-04
1.825454313426472908e+00 -2.214312553405761719e-05 -2.950429916381835938e-05 -2.276897430419921875e-05 -3.820657730102539062e-05 -2.503395080566406250e-05 -2.488493919372558594e-05 -2.205371856689453125e-05 -3.510713577270507812e-05 -3.486871719360351562e-05 -1.755356788635253906e-05
1.831907075411860708e+00 1.766681671142578125e-04 1.818835735321044922e-04 1.704990863800048828e-04 1.759231090545654297e-04 1.608431339263916016e-04 1.642704010009765625e-04 1.762807369232177734e-04 1.608133316040039062e-04 1.794695854187011719e-04 1.632571220397949219e-04
1.838359837397248508e+00 -1.508295536041259766e-04 -1.501739025115966797e-04 -1.440048217773437500e-04 -1.395940780639648438e-04 -1.581311225891113281e-04 -1.458227634429931641e-04 -1.451075077056884766e-04 -1.545250415802001953e-04 -1.545250415802001953e-04 -1.552402973175048828e-04
1.844812599382636531e+00 -2.369284629821777344e-05 -2.163648605346679688e-05 -2.422928810119628906e-05 -1.642107963562011719e-05 -3.072619438171386719e-05 -2.309679985046386719e-05 -8.851289749145507812e-06 -2.786517143249511719e-05 -1.370906829833984375e-05 -1.841783523559570312e-05
1.851265361368024331e+00 1.387000083923339844e-04 1.469552516937255859e-04 1.502335071563720703e-04 1.483857631683349609e-04 1.451373100280761719e-04 1.550316810607910156e-04 1.504719257354736328e-04 1.496076583862304688e-04 1.449286937713623047e-04 1.586973667144775391e-04
1.857718123353412354e+00 -1.241564750671386719e-04 -1.249909400939941406e-04 -1.295804977416992188e-04 -1.340508460998535156e-04 -1.255571842193603516e-04 -1.336336135864257812e-04 -1.271069049835205078e-04 -1.243650913238525391e-04 -1.227259635925292969e-04 -1.271367073059082031e-04
1.864170885338800154e+00 -5.263090133666992188e-05 -4.753470420837402344e-05 -4.991888999938964844e-05 -5.042552947998046875e-05 -5.370378494262695312e-05 -4.696846008300781250e-05 -5.030632019042968750e-05 -4.729628562927246094e-05 -4.741549491882324219e-05 -3.805756568908691406e-05
1.870623647324188177e+00 1.380443572998046875e-04 1.451373100280761719e-04 1.379251480102539062e-04 1.354813575744628906e-04 1.434981822967529297e-04 1.390576362609863281e-04 1.442134380340576172e-04 1.326799392700195312e-04 1.420974731445312500e-04 1.366734504699707031e-04
1.877076409309575977e+00 -9.545683860778808594e-05 -8.574128150939941406e-05 -9.113550186157226562e-05 -8.669495582580566406e-05 -8.726119995117187500e-05 -7.748603820800781250e-05 -8.556246757507324219e-05 -9.021162986755371094e-05 -8.627772331237792969e-05 -9.903311729431152344e-05
1.883529171294964000e+00 -8.386373519897460938e-05 -8.240342140197753906e-05 -7.310509681701660156e-05 -8.863210678100585938e-05 -7.650256156921386719e-05 -7.903575897216796875e-05 -9.348988533020019531e-05 -8.159875869750976562e-05 -7.191300392150878906e-05 -7.352232933044433594e-05
1.889981933280351800e+00 8.472800254821777344e-05 8.642673492431640625e-05 8.651614189147949219e-05 7.086992263793945312e-05 9.289383888244628906e-05 8.618831634521484375e-05 8.094310760498046875e-05 8.836388587951660156e-05 8.887052536010742188e-05 9.280443191528320312e-05
1.896434695265739823e+00 -1.692771911621093750e-05 -2.068281173706054688e-05 -1.966953277587890625e-05 -2.050399780273437500e-05 -1.248717308044433594e-05 -1.826882362365722656e-05 -2.053380012512207031e-05 -1.749396324157714844e-05 -2.115964889526367188e-05 -2.193450927734375000e-05
1.902887457251127623e+00 -4.783272743225097656e-05 -5.024671554565429688e-05 -3.850460052490234375e-05 -4.234910011291503906e-05 -4.795193672180175781e-05 -4.741549491882324219e-05 -4.708766937255859375e-05 -3.820657730102539062e-05 -4.276633262634277344e-05 -4.208087921142578125e-05
1.909340219236515646e+00 3.612041473388671875e-05 4.768371582031250000e-05 3.194808959960937500e-05 4.109740257263183594e-05 3.859400749206542969e-05 4.246830940246582031e-05 3.874301910400390625e-05 4.750490188598632812e-05 4.372000694274902344e-05 5.131959915161132812e-05
1.915792981221903446e+00 2.959370613098144531e-05 3.835558891296386719e-05 2.405047416687011719e-05 4.583597183227539062e-05 3.647804260253906250e-05 3.990530967712402344e-05 4.670023918151855469e-05 3.695487976074218750e-05 3.701448440551757812e-05 3.698468208312988281e-05
1.922245743207291468e+00 -4.956126213073730469e-05 -5.444884300231933594e-05 -5.215406417846679688e-05 -4.255771636962890625e-05 -5.242228507995605469e-05 -5.140900611877441406e-05 -5.951523780822753906e-05 -4.398822784423828125e-05 -4.497170448303222656e-05 -5.218386650085449219e-05
1.928698505192679269e+00 -6.556510925292968750e-07 -1.260638236999511719e-05 -5.006790161132812500e-06 5.692243576049804688e-06 7.450580596923828125e-07 1.430511474609375000e-06 2.920627593994140625e-06 -3.278255462646484375e-06 -3.606081008911132812e-06 -3.993511199951171875e-06
1.935151267178067069e+00 1.159906387329101562e-04 1.125633716583251953e-04 1.172721385955810547e-04 1.035034656524658203e-04 1.065135002136230469e-04 1.078844070434570312e-04 1.140236854553222656e-04 1.002550125122070312e-04 1.044273376464843750e-04 1.077950000762939453e-04
1.941604029163455092e+00 -1.409649848937988281e-05 -1.361966133117675781e-05 -1.630187034606933594e-05 -1.987814903259277344e-05 -1.153349876403808594e-05 -1.758337020874023438e-05 -1.528859138488769531e-05 -6.794929504394531250e-06 -1.916289329528808594e-05 -2.902746200561523438e-05
1.948056791148842892e+00 -4.380941390991210938e-05 -4.848837852478027344e-05 -4.824995994567871094e-05 -4.896521568298339844e-05 -3.841519355773925781e-05 -4.824995994567871094e-05 -5.090236663818359375e-05 -4.205107688903808594e-05 -4.446506500244140625e-05 -4.202127456665039062e-05
1.954509553134230915e+00 1.275539398193359375e-05 9.059906005859375000e-06 1.442432403564453125e-05 1.981854438781738281e-05 2.214312553405761719e-05 1.809000968933105469e-05 1.758337020874023438e-05 9.447336196899414062e-06 1.293420791625976562e-05 1.871585845947265625e-05
1.960962315119618715e+00 6.398558616638183594e-05 6.017088890075683594e-05 5.993247032165527344e-05 6.937980651855468750e-05 6.169080734252929688e-05 6.526708602905273438e-05 6.690621376037597656e-05 5.519390106201171875e-05 6.154179573059082031e-05 5.605816841125488281e-05
1.967415077105006738e+00 -6.991624832153320312e-05 -5.742907524108886719e-05 -7.501244544982910156e-05 -6.732344627380371094e-05 -7.185339927673339844e-05 -7.545948028564453125e-05 -6.744265556335449219e-05 -7.641315460205078125e-05 -7.089972496032714844e-05 -7.298588752746582031e-05
1.973867839090394538e+00 1.451373100280761719e-05 2.196431159973144531e-05 1.797080039978027344e-05 1.606345176696777344e-05 1.114606857299804688e-05 1.043081283569335938e-05 2.306699752807617188e-05 1.758337020874023438e-05 4.827976226806640625e-06 1.817941665649414062e-06
1.980320601075782561e+00 6.520748138427734375e-05 7.066130638122558594e-05 7.390975952148437500e-05 6.708502769470214844e-05 6.267428398132324219e-05 6.750226020812988281e-05 6.487965583801269531e-05 6.663799285888671875e-05 6.237626075744628906e-05 5.593895912170410156e-05
1.986773363061170361e+00 -1.507401466369628906e-04 -1.376271247863769531e-04 -1.385509967803955078e-04 -1.491606235504150391e-04 -1.624226570129394531e-04 -1.453757286071777344e-04 -1.558661460876464844e-04 -1.536607742309570312e-04 -1.432001590728759766e-04 -1.491010189056396484e-04
1.993226125046558384e+00 2.929568290710449219e-05 2.014636993408203125e-05 2.172589302062988281e-05 2.118945121765136719e-05 1.752376556396484375e-05 2.491474151611328125e-05 2.971291542053222656e-05 2.545118331909179688e-05 1.239776611328125000e-05 1.859664916992187500e-05
1.999678887031946184e+00 1.822710037231445312e-04 1.761615276336669922e-04 1.781284809112548828e-04 1.744329929351806641e-04 1.834332942962646484e-04 1.888573169708251953e-04 1.779496669769287109e-04 1.751184463500976562e-04 1.842379570007324219e-04 1.747906208038330078e-04
2.006131649017333984e+00 -1.105070114135742188e-04 -9.548664093017578125e-05 -9.411573410034179688e-05 -8.454918861389160156e-05 -8.219480514526367188e-05 -8.574128150939941406e-05 -9.396672248840332031e-05 -9.104609489440917969e-05 -8.261203765869140625e-05 -9.703636169433593750e-05
