# Range[m] 0 1 2 3 4 5 6 7 8 9
1.800000071525573730e-01 -7.081389427185058594e-03 -7.062107324600219727e-03 -7.072746753692626953e-03 -7.067918777465820312e-03 -7.036417722702026367e-03 -7.090032100677490234e-03 -7.065534591674804688e-03 -7.048875093460083008e-03 -7.061809301376342773e-03 -7.067024707794189453e-03
1.864527691379452845e-01 3.294557332992553711e-03 3.261417150497436523e-03 3.241062164306640625e-03 3.247380256652832031e-03 3.228783607482910156e-03 3.300011157989501953e-03 3.312915563583374023e-03 3.243207931518554688e-03 3.262668848037719727e-03 3.194928169250488281e-03
1.929055311233331682e-01 3.358870744705200195e-03 3.394037485122680664e-03 3.365218639373779297e-03 3.399074077606201172e-03 3.369659185409545898e-03 3.352254629135131836e-03 3.309607505798339844e-03 3.340303897857666016e-03 3.386288881301879883e-03 3.412991762161254883e-03
1.993582931087210797e-01 -5.876302719116210938e-03 -5.876600742340087891e-03 -5.826354026794433594e-03 -5.868256092071533203e-03 -5.882173776626586914e-03 -5.872398614883422852e-03 -5.885332822799682617e-03 -5.832105875015258789e-03 -5.849331617355346680e-03 -5.871117115020751953e-03
2.058110550941089911e-01 3.917425870895385742e-03 3.888398408889770508e-03 3.893405199050903320e-03 3.878355026245117188e-03 3.877103328704833984e-03 3.908842802047729492e-03 3.910034894943237305e-03 3.897368907928466797e-03 3.890067338943481445e-03 3.848075866699218750e-03
2.122638170794968748e-01 6.673336029052734375e-04 6.968379020690917969e-04 7.003247737884521484e-04 7.108449935913085938e-04 6.861686706542968750e-04 6.675720214843750000e-04 6.504952907562255859e-04 6.577670574188232422e-04 6.740689277648925781e-04 7.196068763732910156e-04
2.187165790648847863e-01 -3.404974937438964844e-03 -3.421962261199951172e-03 -3.390461206436157227e-03 -3.430336713790893555e-03 -3.432184457778930664e-03 -3.384470939636230469e-03 -3.389030694961547852e-03 -3.392398357391357422e-03 -3.371804952621459961e-03 -3.412276506423950195e-03
2.251693410502726977e-01 3.627389669418334961e-03 3.645896911621093750e-03 3.634065389633178711e-03 3.639608621597290039e-03 3.661721944808959961e-03 3.642082214355468750e-03 3.650248050689697266e-03 3.630638122558593750e-03 3.632843494415283203e-03 3.634333610534667969e-03
2.316221030356606092e-01 -1.180469989776611328e-03 -1.157611608505249023e-03 -1.159489154815673828e-03 -1.142293214797973633e-03 -1.161038875579833984e-03 -1.175820827484130859e-03 -1.167356967926025391e-03 -1.198232173919677734e-03 -1.159846782684326172e-03 -1.165539026260375977e-03
2.380748650210485207e-01 -1.296371221542358398e-03 -1.320093870162963867e-03 -1.308113336563110352e-03 -1.311957836151123047e-03 -1.321613788604736328e-03 -1.301199197769165039e-03 -1.288622617721557617e-03 -1.292109489440917969e-03 -1.284062862396240234e-03 -1.306235790252685547e-03
2.445276270064364044e-01 1.320809125900268555e-03 1.311838626861572266e-03 1.340806484222412109e-03 1.325041055679321289e-03 1.333236694335937500e-03 1.332342624664306641e-03 1.316636800765991211e-03 1.344501972198486328e-03 1.327216625213623047e-03 1.341760158538818359e-03
2.509803889918242881e-01 -1.198351383209228516e-04 -9.796023368835449219e-05 -1.182258129119873047e-04 -1.058280467987060547e-04 -9.891390800476074219e-05 -1.130700111389160156e-04 -1.135170459747314453e-04 -1.296103000640869141e-04 -1.192986965179443359e-04 -1.210570335388183594e-04
2.574331509772121995e-01 -7.548928260803222656e-04 -7.453858852386474609e-04 -7.696747779846191406e-04 -7.546842098236083984e-04 -7.871389389038085938e-04 -7.643699645996093750e-04 -7.649958133697509766e-04 -7.747709751129150391e-04 -7.600486278533935547e-04 -7.720589637756347656e-04
2.638859129626001110e-01 2.223551273345947266e-04 2.273917198181152344e-04 2.497136592864990234e-04 2.260208129882812500e-04 2.262890338897705078e-04 2.492666244506835938e-04 2.313554286956787109e-04 2.616047859191894531e-04 2.452731132507324219e-04 2.546310424804687500e-04
2.703386749479880224e-01 8.316636085510253906e-04 8.617341518402099609e-04 8.406639099121093750e-04 8.468329906463623047e-04 8.514225482940673828e-04 8.374750614166259766e-04 8.269846439361572266e-04 8.305609226226806641e-04 8.242726325988769531e-04 8.240640163421630859e-04
2.767914369333759339e-01 -1.584470272064208984e-03 -1.603603363037109375e-03 -1.597464084625244141e-03 -1.600295305252075195e-03 -1.620709896087646484e-03 -1.621514558792114258e-03 -1.625984907150268555e-03 -1.624286174774169922e-03 -1.624643802642822266e-03 -1.614570617675781250e-03
2.832441989187638454e-01 6.338357925415039062e-04 6.039738655090332031e-04 6.268918514251708984e-04 6.148219108581542969e-04 6.136894226074218750e-04 6.410479545593261719e-04 6.413459777832031250e-04 6.444752216339111328e-04 6.471574306488037109e-04 6.240010261535644531e-04
2.896969609041517568e-01 1.579612493515014648e-03 1.603126525878906250e-03 1.597940921783447266e-03 1.609206199645996094e-03 1.616150140762329102e-03 1.614451408386230469e-03 1.584172248840332031e-03 1.604080200195312500e-03 1.594305038452148438e-03 1.610368490219116211e-03
2.961497228895396683e-01 -2.886503934860229492e-03 -2.849847078323364258e-03 -2.873897552490234375e-03 -2.854704856872558594e-03 -2.867192029953002930e-03 -2.852529287338256836e-03 -2.875655889511108398e-03 -2.915233373641967773e-03 -2.870976924896240234e-03 -2.880275249481201172e-03
3.026024848749275242e-01 2.243191003799438477e-03 2.184778451919555664e-03 2.206474542617797852e-03 2.210319042205810547e-03 2.194643020629882812e-03 2.222388982772827148e-03 2.248704433441162109e-03 2.238839864730834961e-03 2.242565155029296875e-03 2.201825380325317383e-03
3.090552468603154357e-01 1.628071069717407227e-03 1.635372638702392578e-03 1.649856567382812500e-03 1.638889312744140625e-03 1.661628484725952148e-03 1.645296812057495117e-03 1.615077257156372070e-03 1.621872186660766602e-03 1.636445522308349609e-03 1.663178205490112305e-03
3.155080088457033471e-01 -5.077987909317016602e-03 -5.096018314361572266e-03 -5.089998245239257812e-03 -5.054950714111328125e-03 -5.045324563980102539e-03 -5.029499530792236328e-03 -5.070358514785766602e-03 -5.077242851257324219e-03 -5.074739456176757812e-03 -5.086690187454223633e-03
3.219607708310912586e-01 5.487561225891113281e-03 5.476504564285278320e-03 5.473494529724121094e-03 5.461215972900390625e-03 5.434662103652954102e-03 5.478352308273315430e-03 5.517393350601196289e-03 5.506843328475952148e-03 5.476981401443481445e-03 5.469024181365966797e-03
3.284135328164791701e-01 -7.035732269287109375e-04 -6.368160247802734375e-04 -6.542503833770751953e-04 -6.357729434967041016e-04 -6.368458271026611328e-04 -7.078647613525390625e-04 -7.526278495788574219e-04 -6.959438323974609375e-04 -6.618201732635498047e-04 -6.034076213836669922e-04
3.348662948018670260e-01 -7.581800222396850586e-03 -7.631778717041015625e-03 -7.635802030563354492e-03 -7.652699947357177734e-03 -7.630795240402221680e-03 -7.600069046020507812e-03 -7.555037736892700195e-03 -7.586181163787841797e-03 -7.604122161865234375e-03 -7.658004760742187500e-03
3.413190567872549375e-01 1.187169551849365234e-02 1.187995076179504395e-02 1.186287403106689453e-02 1.185202598571777344e-02 1.185196638107299805e-02 1.188099384307861328e-02 1.186430454254150391e-02 1.185119152069091797e-02 1.187607645988464355e-02 1.184970140457153320e-02
3.477718187726428489e-01 -8.004009723663330078e-03 -7.922887802124023438e-03 -7.901787757873535156e-03 -7.861763238906860352e-03 -7.879942655563354492e-03 -7.981926202774047852e-03 -8.060187101364135742e-03 -7.971227169036865234e-03 -7.919907569885253906e-03 -7.836610078811645508e-03
3.542245807580307604e-01 -3.491818904876708984e-03 -3.575295209884643555e-03 -3.556162118911743164e-03 -3.622412681579589844e-03 -3.635287284851074219e-03 -3.487795591354370117e-03 -3.420501947402954102e-03 -3.453999757766723633e-03 -3.560066223144531250e-03 -3.680855035781860352e-03
3.606773427434186718e-01 1.535946130752563477e-02 1.544484496116638184e-02 1.539576053619384766e-02 1.547798514366149902e-02 1.546189188957214355e-02 1.535597443580627441e-02 1.530835032463073730e-02 1.533278822898864746e-02 1.538109779357910156e-02 1.542761921882629395e-02
3.671301047288065833e-01 -1.946127414703369141e-02 -1.938545703887939453e-02 -1.939028501510620117e-02 -1.935681700706481934e-02 -1.937824487686157227e-02 -1.944413781166076660e-02 -1.949524879455566406e-02 -1.944240927696228027e-02 -1.939466595649719238e-02 -1.935780048370361328e-02
3.735828667141944948e-01 1.024830341339111328e-02 9.991973638534545898e-03 1.009407639503479004e-02 9.935170412063598633e-03 9.902358055114746094e-03 1.015999913215637207e-02 1.025444269180297852e-02 1.015472412109375000e-02 1.011335849761962891e-02 9.941935539245605469e-03
3.800356286995824062e-01 5.155891180038452148e-03 5.448073148727416992e-03 5.278080701828002930e-03 5.401849746704101562e-03 5.402147769927978516e-03 5.164653062820434570e-03 4.993230104446411133e-03 5.087763071060180664e-03 5.198568105697631836e-03 5.393654108047485352e-03
3.864883906849703177e-01 -2.568364143371582031e-02 -2.575877308845520020e-02 -2.575683593750000000e-02 -2.576342225074768066e-02 -2.580443024635314941e-02 -2.571129798889160156e-02 -2.565643191337585449e-02 -2.566266059875488281e-02 -2.573966979980468750e-02 -2.576163411140441895e-02
3.929411526703582291e-01 2.494260668754577637e-02 2.472624182701110840e-02 2.481791377067565918e-02 2.469611167907714844e-02 2.472329139709472656e-02 2.490559220314025879e-02 2.496451139450073242e-02 2.490404248237609863e-02 2.485731244087219238e-02 2.475151419639587402e-02
3.993939146557460851e-01 -7.999807596206665039e-03 -7.801681756973266602e-03 -7.901102304458618164e-03 -7.801681756973266602e-03 -7.711023092269897461e-03 -7.992744445800781250e-03 -8.182555437088012695e-03 -8.123397827148437500e-03 -7.980793714523315430e-03 -7.932096719741821289e-03
4.058466766411339965e-01 -1.822844147682189941e-02 -1.853394508361816406e-02 -1.835897564888000488e-02 -1.850420236587524414e-02 -1.851862668991088867e-02 -1.828560233116149902e-02 -1.813709735870361328e-02 -1.822271943092346191e-02 -1.838728785514831543e-02 -1.854383945465087891e-02
4.122994386265219080e-01 3.290668129920959473e-02 3.293639421463012695e-02 3.290182352066040039e-02 3.288739919662475586e-02 3.288707137107849121e-02 3.293329477310180664e-02 3.289723396301269531e-02 3.290647268295288086e-02 3.290188312530517578e-02 3.292959928512573242e-02
4.187522006119098195e-01 -2.486297488212585449e-02 -2.461248636245727539e-02 -2.473387122154235840e-02 -2.459332346916198730e-02 -2.458572387695312500e-02 -2.487167716026306152e-02 -2.496150135993957520e-02 -2.484914660453796387e-02 -2.480107545852661133e-02 -2.465766668319702148e-02
4.252049625972976754e-01 -2.134978771209716797e-03 -2.496182918548583984e-03 -2.343684434890747070e-03 -2.537339925765991211e-03 -2.501785755157470703e-03 -2.216845750808715820e-03 -2.011060714721679688e-03 -2.161651849746704102e-03 -2.294927835464477539e-03 -2.514153718948364258e-03
4.316577245826856424e-01 2.517092227935791016e-02 2.532249689102172852e-02 2.527427673339843750e-02 2.530848979949951172e-02 2.537134289741516113e-02 2.514389157295227051e-02 2.501329779624938965e-02 2.510669827461242676e-02 2.526342868804931641e-02 2.538356184959411621e-02
4.381104865680734983e-01 -3.016975522041320801e-02 -3.010761737823486328e-02 -3.011000156402587891e-02 -3.008812665939331055e-02 -3.010845184326171875e-02 -3.017404675483703613e-02 -3.016126155853271484e-02 -3.016030788421630859e-02 -3.014683723449707031e-02 -3.014314174652099609e-02
4.445632485534614098e-01 1.370275020599365234e-02 1.349514722824096680e-02 1.352682709693908691e-02 1.343923807144165039e-02 1.349532604217529297e-02 1.364278793334960938e-02 1.379632949829101562e-02 1.372504234313964844e-02 1.361554861068725586e-02 1.341927051544189453e-02
4.510160105388493212e-01 9.019523859024047852e-03 9.254008531570434570e-03 9.163200855255126953e-03 9.382665157318115234e-03 9.386867284774780273e-03 9.107708930969238281e-03 8.995831012725830078e-03 9.131968021392822266e-03 9.148120880126953125e-03 9.378492832183837891e-03
4.574687725242372327e-01 -2.128550410270690918e-02 -2.145045995712280273e-02 -2.136322855949401855e-02 -2.139469981193542480e-02 -2.140587568283081055e-02 -2.131259441375732422e-02 -2.118846774101257324e-02 -2.128899097442626953e-02 -2.130630612373352051e-02 -2.142846584320068359e-02
4.639215345096251442e-01 1.988613605499267578e-02 1.979464292526245117e-02 1.983374357223510742e-02 1.976910233497619629e-02 1.979553699493408203e-02 1.986506581306457520e-02 1.994147896766662598e-02 1.992216706275939941e-02 1.985761523246765137e-02 1.978057622909545898e-02
4.703742964950130556e-01 -1.412123441696166992e-03 -1.236677169799804688e-03 -1.281380653381347656e-03 -1.175880432128906250e-03 -1.198291778564453125e-03 -1.369684934616088867e-03 -1.529276371002197266e-03 -1.384675502777099609e-03 -1.310497522354125977e-03 -1.171916723251342773e-03
4.768270584804009671e-01 -1.381739974021911621e-02 -1.388606429100036621e-02 -1.389607787132263184e-02 -1.388928294181823730e-02 -1.393234729766845703e-02 -1.385948061943054199e-02 -1.369664072990417480e-02 -1.374468207359313965e-02 -1.381999254226684570e-02 -1.384815573692321777e-02
4.832798204657888230e-01 1.748225092887878418e-02 1.746180653572082520e-02 1.745152473449707031e-02 1.741859316825866699e-02 1.744231581687927246e-02 1.748263835906982422e-02 1.746830344200134277e-02 1.749107241630554199e-02 1.748183369636535645e-02 1.745223999023437500e-02
4.897325824511767345e-01 -5.686044692993164062e-03 -5.590170621871948242e-03 -5.652278661727905273e-03 -5.542635917663574219e-03 -5.518376827239990234e-03 -5.748063325881958008e-03 -5.737394094467163086e-03 -5.711168050765991211e-03 -5.651026964187622070e-03 -5.548298358917236328e-03
4.961853444365646459e-01 -7.031023502349853516e-03 -7.122844457626342773e-03 -7.105261087417602539e-03 -7.169663906097412109e-03 -7.193982601165771484e-03 -7.036656141281127930e-03 -6.948918104171752930e-03 -7.020771503448486328e-03 -7.060647010803222656e-03 -7.176548242568969727e-03
5.026381064219525019e-01 1.455277204513549805e-02 1.453426480293273926e-02 1.456037163734436035e-02 1.454368233680725098e-02 1.456713676452636719e-02 1.455837488174438477e-02 1.453417539596557617e-02 1.452922821044921875e-02 1.456159353256225586e-02 1.457887887954711914e-02
5.090908684073405244e-01 -8.844614028930664062e-03 -8.732140064239501953e-03 -8.759945631027221680e-03 -8.747100830078125000e-03 -8.747518062591552734e-03 -8.842051029205322266e-03 -8.861303329467773438e-03 -8.785814046859741211e-03 -8.779078722000122070e-03 -8.725881576538085938e-03
5.155436303927283248e-01 -1.470983028411865234e-03 -1.576691865921020508e-03 -1.580297946929931641e-03 -1.629650592803955078e-03 -1.651942729949951172e-03 -1.510620117187500000e-03 -1.450538635253906250e-03 -1.497060060501098633e-03 -1.522630453109741211e-03 -1.606822013854980469e-03
5.219963923781163473e-01 1.068162918090820312e-02 1.070433855056762695e-02 1.072338223457336426e-02 1.071915030479431152e-02 1.072746515274047852e-02 1.069003343582153320e-02 1.064833998680114746e-02 1.068982481956481934e-02 1.069307327270507812e-02 1.075106859207153320e-02
5.284491543635041477e-01 -1.081484556198120117e-02 -1.074266433715820312e-02 -1.075476408004760742e-02 -1.073846220970153809e-02 -1.072651147842407227e-02 -1.076638698577880859e-02 -1.080200076103210449e-02 -1.075431704521179199e-02 -1.077783107757568359e-02 -1.073917746543884277e-02
5.349019163488920592e-01 4.960685968399047852e-03 4.842728376388549805e-03 4.907131195068359375e-03 4.862189292907714844e-03 4.854649305343627930e-03 4.931867122650146484e-03 5.002021789550781250e-03 4.941254854202270508e-03 4.926770925521850586e-03 4.858762025833129883e-03
5.413546783342799706e-01 4.991710186004638672e-03 5.035996437072753906e-03 5.031496286392211914e-03 5.059748888015747070e-03 5.046933889389038086e-03 5.008757114410400391e-03 4.935413599014282227e-03 4.982501268386840820e-03 5.012005567550659180e-03 5.085349082946777344e-03
5.478074403196678821e-01 -8.398860692977905273e-03 -8.414417505264282227e-03 -8.417218923568725586e-03 -8.397608995437622070e-03 -8.383363485336303711e-03 -8.374691009521484375e-03 -8.411437273025512695e-03 -8.387833833694458008e-03 -8.395820856094360352e-03 -8.403539657592773438e-03
5.542602023050557936e-01 5.522787570953369141e-03 5.505055189132690430e-03 5.504876375198364258e-03 5.500704050064086914e-03 5.471885204315185547e-03 5.518317222595214844e-03 5.552679300308227539e-03 5.533397197723388672e-03 5.511254072189331055e-03 5.506783723831176758e-03
5.607129642904437050e-01 6.071627140045166016e-04 6.796419620513916016e-04 6.415247917175292969e-04 6.713569164276123047e-04 6.555914878845214844e-04 6.067156791687011719e-04 5.848407745361328125e-04 6.023943424224853516e-04 6.467401981353759766e-04 6.898641586303710938e-04
5.671657262758316165e-01 -5.025267601013183594e-03 -5.043119192123413086e-03 -5.055367946624755859e-03 -5.072474479675292969e-03 -5.074769258499145508e-03 -5.046546459197998047e-03 -5.025029182434082031e-03 -5.022466182708740234e-03 -5.037665367126464844e-03 -5.073666572570800781e-03
5.736184882612194169e-01 4.942297935485839844e-03 4.922896623611450195e-03 4.949480295181274414e-03 4.932314157485961914e-03 4.935801029205322266e-03 4.949033260345458984e-03 4.947334527969360352e-03 4.946917295455932617e-03 4.949748516082763672e-03 4.948228597640991211e-03
5.800712502466074394e-01 -1.064032316207885742e-03 -1.039028167724609375e-03 -1.029342412948608398e-03 -1.004666090011596680e-03 -1.011699438095092773e-03 -1.051783561706542969e-03 -1.075148582458496094e-03 -1.060098409652709961e-03 -1.050949096679687500e-03 -1.003235578536987305e-03
5.865240122319952398e-01 -2.227067947387695312e-03 -2.237886190414428711e-03 -2.232253551483154297e-03 -2.256333827972412109e-03 -2.264559268951416016e-03 -2.236902713775634766e-03 -2.218991518020629883e-03 -2.216339111328125000e-03 -2.243667840957641602e-03 -2.281695604324340820e-03
5.929767742173832623e-01 2.695679664611816406e-03 2.693593502044677734e-03 2.718180418014526367e-03 2.699255943298339844e-03 2.707123756408691406e-03 2.706736326217651367e-03 2.692848443984985352e-03 2.707272768020629883e-03 2.716630697250366211e-03 2.704262733459472656e-03
5.994295362027710627e-01 -8.441507816314697266e-04 -8.252263069152832031e-04 -8.329451084136962891e-04 -8.250474929809570312e-04 -8.244812488555908203e-04 -8.338987827301025391e-04 -8.525848388671875000e-04 -8.473694324493408203e-04 -8.549690246582031250e-04 -8.226037025451660156e-04
6.058822981881590852e-01 -8.977651596069335938e-04 -9.102523326873779297e-04 -9.076893329620361328e-04 -9.079575538635253906e-04 -9.178817272186279297e-04 -8.990466594696044922e-04 -9.037256240844726562e-04 -9.026527404785156250e-04 -8.912980556488037109e-04 -9.176731109619140625e-04
6.123350601735468857e-01 1.640647649765014648e-03 1.642078161239624023e-03 1.627981662750244141e-03 1.625657081604003906e-03 1.647770404815673828e-03 1.626193523406982422e-03 1.625359058380126953e-03 1.638650894165039062e-03 1.633793115615844727e-03 1.626849174499511719e-03
6.187878221589347971e-01 -3.958940505981445312e-04 -3.863573074340820312e-04 -3.821849822998046875e-04 -3.903508186340332031e-04 -3.754794597625732422e-04 -3.953278064727783203e-04 -3.873109817504882812e-04 -4.034340381622314453e-04 -3.864467144012451172e-04 -3.896951675415039062e-04
6.252405841443227086e-01 -1.480996608734130859e-03 -1.482069492340087891e-03 -1.467257738113403320e-03 -1.466065645217895508e-03 -1.474589109420776367e-03 -1.465260982513427734e-03 -1.475751399993896484e-03 -1.467138528823852539e-03 -1.457244157791137695e-03 -1.462608575820922852e-03
6.316933461297106200e-01 1.308321952819824219e-03 1.311361789703369141e-03 1.308888196945190430e-03 1.316696405410766602e-03 1.283586025238037109e-03 1.310169696807861328e-03 1.309573650360107422e-03 1.309454441070556641e-03 1.314640045166015625e-03 1.312315464019775391e-03
6.381461081150985315e-01 8.454918861389160156e-05 9.939074516296386719e-05 8.785724639892578125e-05 9.253621101379394531e-05 9.539723396301269531e-05 8.004903793334960938e-05 8.395314216613769531e-05 8.058547973632812500e-05 9.539723396301269531e-05 9.185075759887695312e-05
6.445988701004864430e-01 -1.536875963211059570e-03 -1.541048288345336914e-03 -1.542657613754272461e-03 -1.552015542984008789e-03 -1.540005207061767578e-03 -1.538455486297607422e-03 -1.539975404739379883e-03 -1.523166894912719727e-03 -1.561284065246582031e-03 -1.545786857604980469e-03
6.510516320858743544e-01 1.451194286346435547e-03 1.433432102203369141e-03 1.440852880477905273e-03 1.444101333618164062e-03 1.431405544281005859e-03 1.435995101928710938e-03 1.454502344131469727e-03 1.440763473510742188e-03 1.446336507797241211e-03 1.444876194000244141e-03
6.575043940712622659e-01 -2.478361129760742188e-04 -2.337694168090820312e-04 -2.382099628448486328e-04 -2.335906028747558594e-04 -2.208352088928222656e-04 -2.394318580627441406e-04 -2.592206001281738281e-04 -2.593100070953369141e-04 -2.332925796508789062e-04 -2.142190933227539062e-04
6.639571560566501773e-01 -1.420289278030395508e-03 -1.420199871063232422e-03 -1.423716545104980469e-03 -1.430779695510864258e-03 -1.448631286621093750e-03 -1.422584056854248047e-03 -1.426100730895996094e-03 -1.424610614776611328e-03 -1.428246498107910156e-03 -1.456022262573242188e-03
6.704099180420379778e-01 1.985639333724975586e-03 1.989096403121948242e-03 1.982003450393676758e-03 1.989066600799560547e-03 1.989573240280151367e-03 1.982152462005615234e-03 1.984238624572753906e-03 1.982808113098144531e-03 1.990139484405517578e-03 1.975625753402709961e-03
6.768626800274260003e-01 -7.317364215850830078e-04 -7.302761077880859375e-04 -7.385909557342529297e-04 -7.187128067016601562e-04 -7.156729698181152344e-04 -7.236003875732421875e-04 -7.411539554595947266e-04 -7.327497005462646484e-04 -7.244050502777099609e-04 -7.089078426361083984e-04
6.833154420128139117e-01 -1.011729240417480469e-03 -1.024067401885986328e-03 -1.026481389999389648e-03 -1.033574342727661133e-03 -1.019716262817382812e-03 -1.007378101348876953e-03 -1.007080078125000000e-03 -1.010745763778686523e-03 -1.012444496154785156e-03 -1.044750213623046875e-03
6.897682039982017121e-01 1.898199319839477539e-03 1.900076866149902344e-03 1.899719238281250000e-03 1.908808946609497070e-03 1.903831958770751953e-03 1.906335353851318359e-03 1.900613307952880859e-03 1.889973878860473633e-03 1.906514167785644531e-03 1.903980970382690430e-03
6.962209659835896236e-01 -1.467585563659667969e-03 -1.455068588256835938e-03 -1.438438892364501953e-03 -1.430362462997436523e-03 -1.445293426513671875e-03 -1.453101634979248047e-03 -1.453816890716552734e-03 -1.460254192352294922e-03 -1.446992158889770508e-03 -1.439899206161499023e-03
7.026737279689775351e-01 -2.003610134124755859e-04 -2.233982086181640625e-04 -2.166628837585449219e-04 -2.333521842956542969e-04 -2.315938472747802734e-04 -2.137422561645507812e-04 -1.953244209289550781e-04 -2.048313617706298828e-04 -2.121329307556152344e-04 -2.329647541046142578e-04
7.091264899543654465e-01 1.624554395675659180e-03 1.642256975173950195e-03 1.636177301406860352e-03 1.641780138015747070e-03 1.645147800445556641e-03 1.633763313293457031e-03 1.619607210159301758e-03 1.620709896087646484e-03 1.616448163986206055e-03 1.644879579544067383e-03
7.155792519397533580e-01 -1.843571662902832031e-03 -1.836091279983520508e-03 -1.835823059082031250e-03 -1.838475465774536133e-03 -1.833260059356689453e-03 -1.842319965362548828e-03 -1.852601766586303711e-03 -1.843869686126708984e-03 -1.819580793380737305e-03 -1.825749874114990234e-03
7.220320139251412694e-01 4.596412181854248047e-04 4.464983940124511719e-04 4.609823226928710938e-04 4.566609859466552734e-04 4.486739635467529297e-04 4.647076129913330078e-04 4.738867282867431641e-04 4.725456237792968750e-04 4.558563232421875000e-04 4.605948925018310547e-04
7.284847759105291809e-01 9.362995624542236328e-04 9.527802467346191406e-04 9.484291076660156250e-04 9.648501873016357422e-04 9.507834911346435547e-04 9.336173534393310547e-04 9.232461452484130859e-04 9.320080280303955078e-04 9.441673755645751953e-04 9.545683860778808594e-04
7.349375378959170924e-01 -1.429498195648193359e-03 -1.432210206985473633e-03 -1.428723335266113281e-03 -1.428514719009399414e-03 -1.427948474884033203e-03 -1.436829566955566406e-03 -1.421332359313964844e-03 -1.409292221069335938e-03 -1.434683799743652344e-03 -1.436263322830200195e-03
7.413902998813050038e-01 8.959472179412841797e-04 8.665919303894042969e-04 8.782148361206054688e-04 8.903443813323974609e-04 8.846521377563476562e-04 8.937120437622070312e-04 8.771717548370361328e-04 9.063184261322021484e-04 8.944869041442871094e-04 8.887052536010742188e-04
7.478430618666929153e-01 -1.544952392578125000e-04 -1.407861709594726562e-04 -1.419484615325927734e-04 -1.474022865295410156e-04 -1.346170902252197266e-04 -1.642405986785888672e-04 -1.693069934844970703e-04 -1.707673072814941406e-04 -1.519918441772460938e-04 -1.552999019622802734e-04
7.542958238520808267e-01 -1.149237155914306641e-03 -1.149177551269531250e-03 -1.165509223937988281e-03 -1.155704259872436523e-03 -1.150459051132202148e-03 -1.149773597717285156e-03 -1.144647598266601562e-03 -1.146078109741210938e-03 -1.152485609054565430e-03 -1.163214445114135742e-03
7.607485858374687382e-01 1.285016536712646484e-03 1.269221305847167969e-03 1.273751258850097656e-03 1.277625560760498047e-03 1.263588666915893555e-03 1.280367374420166016e-03 1.279950141906738281e-03 1.274734735488891602e-03 1.271665096282958984e-03 1.278281211853027344e-03
7.672013478228566496e-01 -3.080368041992187500e-04 -2.995133399963378906e-04 -3.102123737335205078e-04 -2.976357936859130859e-04 -2.966821193695068359e-04 -3.075599670410156250e-04 -3.143846988677978516e-04 -3.127753734588623047e-04 -3.055632114410400391e-04 -2.923309803009033203e-04
7.736541098082445611e-01 -3.679692745208740234e-04 -3.733634948730468750e-04 -3.716349601745605469e-04 -3.691315650939941406e-04 -3.615319728851318359e-04 -3.774464130401611328e-04 -3.619492053985595703e-04 -3.736019134521484375e-04 -3.631114959716796875e-04 -3.859400749206542969e-04
7.801068717936323615e-01 9.047687053680419922e-04 9.076893329620361328e-04 9.130239486694335938e-04 9.036362171173095703e-04 8.923709392547607422e-04 9.040534496307373047e-04 9.052455425262451172e-04 9.135901927947998047e-04 8.986294269561767578e-04 9.013414382934570312e-04
7.865596337790202730e-01 -4.951953887939453125e-04 -4.792511463165283203e-04 -4.838109016418457031e-04 -4.827082157135009766e-04 -4.820227622985839844e-04 -4.765391349792480469e-04 -4.981756210327148438e-04 -4.920363426208496094e-04 -4.761517047882080078e-04 -4.868209362030029297e-04
7.930123957644081845e-01 1.015961170196533203e-04 9.310245513916015625e-05 1.122951507568359375e-04 1.029074192047119141e-04 1.132488250732421875e-04 1.097619533538818359e-04 1.082420349121093750e-04 1.165866851806640625e-04 1.080632209777832031e-04 9.864568710327148438e-05
7.994651577497960959e-01 5.002021789550781250e-04 4.942417144775390625e-04 5.043745040893554688e-04 5.154907703399658203e-04 5.079209804534912109e-04 5.113780498504638672e-04 4.967153072357177734e-04 4.941523075103759766e-04 5.060732364654541016e-04 4.980266094207763672e-04
8.059179197351840074e-01 -1.072019338607788086e-03 -1.075088977813720703e-03 -1.080393791198730469e-03 -1.067698001861572266e-03 -1.076579093933105469e-03 -1.091420650482177734e-03 -1.079410314559936523e-03 -1.082718372344970703e-03 -1.074224710464477539e-03 -1.065909862518310547e-03
8.123706817205719188e-01 -1.871585845947265625e-05 -2.911686897277832031e-05 -2.250075340270996094e-05 -3.495812416076660156e-05 -2.223253250122070312e-05 -2.855062484741210938e-05 -1.746416091918945312e-05 -2.363324165344238281e-05 -2.568960189819335938e-05 -3.027915954589843750e-05
8.188234437059598303e-01 7.966756820678710938e-04 8.024573326110839844e-04 7.939934730529785156e-04 8.158683776855468750e-04 8.064806461334228516e-04 8.033514022827148438e-04 7.925629615783691406e-04 7.961690425872802734e-04 7.964074611663818359e-04 7.970631122589111328e-04
8.252762056913477418e-01 -8.513629436492919922e-04 -8.490085601806640625e-04 -8.457303047180175781e-04 -8.610785007476806641e-04 -8.486807346343994141e-04 -8.445084095001220703e-04 -8.532106876373291016e-04 -8.453428745269775391e-04 -8.516907691955566406e-04 -8.445382118225097656e-04
8.317289676767356532e-01 -8.952617645263671875e-05 -9.918212890625000000e-05 -1.002252101898193359e-04 -8.773803710937500000e-05 -8.049607276916503906e-05 -9.217858314514160156e-05 -9.158253669738769531e-05 -8.454918861389160156e-05 -8.821487426757812500e-05 -1.057982444763183594e-04
8.381817296621235647e-01 4.328489303588867188e-04 4.497766494750976562e-04 4.441440105438232422e-04 4.604160785675048828e-04 4.363954067230224609e-04 4.394054412841796875e-04 4.507005214691162109e-04 4.459917545318603516e-04 4.411935806274414062e-04 4.562139511108398438e-04
8.446344916475114761e-01 -1.284480094909667969e-04 -1.290440559387207031e-04 -1.360774040222167969e-04 -1.246333122253417969e-04 -1.376867294311523438e-04 -1.151263713836669922e-04 -1.221597194671630859e-04 -1.235902309417724609e-04 -1.193284988403320312e-04 -1.307129859924316406e-04
8.510872536328993876e-01 2.157986164093017578e-04 2.035796642303466797e-04 2.192854881286621094e-04 2.216398715972900391e-04 2.198219299316406250e-04 2.205967903137207031e-04 2.185702323913574219e-04 2.305507659912109375e-04 2.300441265106201172e-04 2.180635929107666016e-04
8.575400156182872990e-01 -7.000565528869628906e-05 -6.788969039916992188e-05 -6.395578384399414062e-05 -7.086992263793945312e-05 -7.858872413635253906e-05 -6.219744682312011719e-05 -6.592273712158203125e-05 -7.310509681701660156e-05 -6.303191184997558594e-05 -7.244944572448730469e-05
8.639927776036752105e-01 -1.277625560760498047e-04 -1.513957977294921875e-04 -1.442134380340576172e-04 -1.439154148101806641e-04 -1.344680786132812500e-04 -1.344680786132812500e-04 -1.515448093414306641e-04 -1.532137393951416016e-04 -1.384019851684570312e-04 -1.392960548400878906e-04
8.704455395890630109e-01 -2.237558364868164062e-04 -2.094209194183349609e-04 -2.186298370361328125e-04 -2.093315124511718750e-04 -2.158582210540771484e-04 -2.016425132751464844e-04 -2.117753028869628906e-04 -2.123713493347167969e-04 -2.098083496093750000e-04 -2.087354660034179688e-04
8.768983015744509224e-01 2.535283565521240234e-04 2.492666244506835938e-04 2.569854259490966797e-04 2.528131008148193359e-04 2.588927745819091797e-04 2.530813217163085938e-04 2.532899379730224609e-04 2.548098564147949219e-04 2.657771110534667969e-04 2.548098564147949219e-04
8.833510635598388339e-01 6.616115570068359375e-05 6.860494613647460938e-05 6.967782974243164062e-05 8.150935173034667969e-05 6.657838821411132812e-05 6.204843521118164062e-05 6.145238876342773438e-05 7.650256156921386719e-05 7.134675979614257812e-05 7.203221321105957031e-05
8.898038255452267453e-01 -2.269148826599121094e-04 -2.252757549285888672e-04 -2.305209636688232422e-04 -2.279281616210937500e-04 -2.243816852569580078e-04 -2.295076847076416016e-04 -2.307891845703125000e-04 -2.256035804748535156e-04 -2.217292785644531250e-04 -2.282857894897460938e-04
8.962565875306146568e-01 3.247559070587158203e-04 3.342926502227783203e-04 3.280639648437500000e-04 3.285408020019531250e-04 3.239512443542480469e-04 3.314912319183349609e-04 3.384351730346679688e-04 3.187060356140136719e-04 3.344118595123291016e-04 3.317296504974365234e-04
9.027093495160025682e-01 -4.928708076477050781e-04 -5.043447017669677734e-04 -5.080103874206542969e-04 -4.974007606506347656e-04 -4.980862140655517578e-04 -5.135238170623779297e-04 -5.123913288116455078e-04 -5.067884922027587891e-04 -5.087554454803466797e-04 -4.950761795043945312e-04
9.091621115013904797e-01 1.332163810729980469e-04 1.402795314788818359e-04 1.401305198669433594e-04 1.368224620819091797e-04 1.355707645416259766e-04 1.315772533416748047e-04 1.382529735565185547e-04 1.352727413177490234e-04 1.390278339385986328e-04 1.274943351745605469e-04
9.156148734867783912e-01 5.235671997070312500e-04 5.260407924652099609e-04 5.172789096832275391e-04 5.244910717010498047e-04 5.264878273010253906e-04 5.133450031280517578e-04 5.328357219696044922e-04 5.263090133666992188e-04 5.194544792175292969e-04 5.275607109069824219e-04
9.220676354721663026e-01 -7.597804069519042969e-04 -7.531344890594482422e-04 -7.572472095489501953e-04 -7.721781730651855469e-04 -7.653534412384033203e-04 -7.598400115966796875e-04 -7.628500461578369141e-04 -7.633566856384277344e-04 -7.748901844024658203e-04 -7.615685462951660156e-04
9.285203974575542141e-01 4.303455352783203125e-04 4.165470600128173828e-04 4.273951053619384766e-04 4.080832004547119141e-04 4.118382930755615234e-04 4.137456417083740234e-04 4.116594791412353516e-04 4.270672798156738281e-04 4.270970821380615234e-04 4.251599311828613281e-04
9.349731594429421255e-01 1.042485237121582031e-04 1.083016395568847656e-04 1.013576984405517578e-04 1.014471054077148438e-04 1.077651977539062500e-04 1.035332679748535156e-04 9.316205978393554688e-05 1.021027565002441406e-04 9.247660636901855469e-05 1.021921634674072266e-04
9.414259214283300370e-01 -5.197525024414062500e-04 -5.218088626861572266e-04 -5.220472812652587891e-04 -5.201995372772216797e-04 -5.269646644592285156e-04 -5.291104316711425781e-04 -5.201995372772216797e-04 -5.201101303100585938e-04 -5.178153514862060547e-04 -5.185604095458984375e-04
9.478786834137179484e-01 6.903707981109619141e-04 7.056593894958496094e-04 7.022023200988769531e-04 7.085800170898437500e-04 7.055401802062988281e-04 7.161498069763183594e-04 7.138550281524658203e-04 7.051825523376464844e-04 7.096827030181884766e-04 7.053017616271972656e-04
9.543314453991058599e-01 -3.385841846466064453e-04 -3.389418125152587891e-04 -3.289580345153808594e-04 -3.440380096435546875e-04 -3.376305103302001953e-04 -3.394782543182373047e-04 -3.419518470764160156e-04 -3.415346145629882812e-04 -3.369152545928955078e-04 -3.260970115661621094e-04
9.607842073844936603e-01 -3.096163272857666016e-04 -3.272593021392822266e-04 -3.325045108795166016e-04 -3.253817558288574219e-04 -3.263056278228759766e-04 -3.378093242645263672e-04 -3.025233745574951172e-04 -3.240704536437988281e-04 -3.184080123901367188e-04 -3.354847431182861328e-04
9.672369693698815718e-01 5.300343036651611328e-04 5.380511283874511719e-04 5.230307579040527344e-04 5.416870117187500000e-04 5.438625812530517578e-04 5.348622798919677734e-04 5.251467227935791016e-04 5.239844322204589844e-04 5.388557910919189453e-04 5.390644073486328125e-04
9.736897313552694833e-01 -2.865791320800781250e-04 -2.830028533935546875e-04 -2.737343311309814453e-04 -2.839863300323486328e-04 -2.782940864562988281e-04 -2.786219120025634766e-04 -2.886950969696044922e-04 -2.787411212921142578e-04 -2.735257148742675781e-04 -2.846419811248779297e-04
9.801424933406573947e-01 -2.580881118774414062e-05 -1.779198646545410156e-05 -2.089142799377441406e-05 -1.373887062072753906e-05 -2.604722976684570312e-05 -2.598762512207031250e-05 -1.403689384460449219e-05 -1.895427703857421875e-05 -2.270936965942382812e-05 -2.714991569519042969e-05
9.865952553260453062e-01 3.595054149627685547e-04 3.637671470642089844e-04 3.593564033508300781e-04 3.663599491119384766e-04 3.610253334045410156e-04 3.670752048492431641e-04 3.588199615478515625e-04 3.617107868194580078e-04 3.614127635955810547e-04 3.656446933746337891e-04
9.930480173114332176e-01 -4.395246505737304688e-04 -4.174113273620605469e-04 -4.284679889678955078e-04 -4.386901855468750000e-04 -4.261732101440429688e-04 -4.330575466156005859e-04 -4.340112209320068359e-04 -4.440546035766601562e-04 -4.331767559051513672e-04 -4.343390464782714844e-04
9.995007792968211291e-01 1.285672187805175781e-04 1.062750816345214844e-04 1.206099987030029297e-04 1.178085803985595703e-04 1.144111156463623047e-04 1.250505447387695312e-04 1.273751258850097656e-04 1.139342784881591797e-04 1.150369644165039062e-04 1.217424869537353516e-04
1.005953541282209152e+00 3.792047500610351562e-04 3.949105739593505859e-04 3.794133663177490234e-04 3.885328769683837891e-04 3.870725631713867188e-04 3.904700279235839844e-04 3.890693187713623047e-04 3.804266452789306641e-04 3.845691680908203125e-04 3.928542137145996094e-04
1.012406303267596952e+00 -3.744363784790039062e-04 -3.718435764312744141e-04 -3.826022148132324219e-04 -3.682076930999755859e-04 -3.723800182342529297e-04 -3.720521926879882812e-04 -3.889203071594238281e-04 -3.775060176849365234e-04 -3.780424594879150391e-04 -3.731846809387207031e-04
1.018859065252984752e+00 1.797378063201904297e-04 1.746416091918945312e-04 1.772642135620117188e-04 1.721978187561035156e-04 1.862645149230957031e-04 1.631379127502441406e-04 1.741051673889160156e-04 1.793503761291503906e-04 1.719594001770019531e-04 1.768469810485839844e-04
1.025311827238372775e+00 1.469254493713378906e-04 1.578629016876220703e-04 1.480281352996826172e-04 1.494586467742919922e-04 1.552402973175048828e-04 1.377165317535400391e-04 1.436471939086914062e-04 1.486539840698242188e-04 1.451075077056884766e-04 1.471936702728271484e-04
1.031764589223760797e+00 -3.983676433563232422e-04 -3.933310508728027344e-04 -4.058480262756347656e-04 -3.862679004669189453e-04 -4.055798053741455078e-04 -3.951191902160644531e-04 -3.881752490997314453e-04 -3.904700279235839844e-04 -3.876686096191406250e-04 -3.955662250518798828e-04
1.038217351209148598e+00 4.617869853973388672e-04 4.602670669555664062e-04 4.585683345794677734e-04 4.685521125793457031e-04 4.520714282989501953e-04 4.628002643585205078e-04 4.637837409973144531e-04 4.577338695526123047e-04 4.727840423583984375e-04 4.524588584899902344e-04
1.044670113194536398e+00 -1.728534698486328125e-06 -8.940696716308593750e-07 8.165836334228515625e-06 -3.844499588012695312e-06 9.536743164062500000e-06 1.430511474609375000e-06 -1.254677772521972656e-05 7.301568984985351562e-06 1.698732376098632812e-06 6.854534149169921875e-06
1.051122875179924421e+00 -3.071725368499755859e-04 -3.013908863067626953e-04 -3.055632114410400391e-04 -3.017187118530273438e-04 -3.154575824737548828e-04 -2.903342247009277344e-04 -3.009736537933349609e-04 -3.063678741455078125e-04 -3.069639205932617188e-04 -3.149807453155517578e-04
1.057575637165312221e+00 3.168582916259765625e-04 3.192424774169921875e-04 3.266930580139160156e-04 3.169775009155273438e-04 3.203451633453369141e-04 3.191232681274414062e-04 3.100037574768066406e-04 3.092885017395019531e-04 3.214180469512939453e-04 3.219246864318847656e-04
1.064028399150700022e+00 -2.202391624450683594e-04 -2.239644527435302734e-04 -2.209544181823730469e-04 -2.109408378601074219e-04 -2.197921276092529297e-04 -2.147555351257324219e-04 -2.186298370361328125e-04 -2.190470695495605469e-04 -2.193152904510498047e-04 -2.088248729705810547e-04
1.070481161136088044e+00 -4.124641418457031250e-05 -4.580616950988769531e-05 -3.892183303833007812e-05 -4.422664642333984375e-05 -3.951787948608398438e-05 -3.591179847717285156e-05 -3.629922866821289062e-05 -4.172325134277343750e-05 -4.690885543823242188e-05 -4.291534423828125000e-05
1.076933923121476067e+00 2.542138099670410156e-05 3.391504287719726562e-05 5.990266799926757812e-06 1.287460327148437500e-05 2.583861351013183594e-05 2.735853195190429688e-05 2.607703208923339844e-05 2.452731132507324219e-05 2.655386924743652344e-05 2.142786979675292969e-05
1.083386685106863867e+00 -1.417100429534912109e-04 -1.340210437774658203e-04 -1.486539840698242188e-04 -1.344978809356689453e-04 -1.401305198669433594e-04 -1.451373100280761719e-04 -1.367628574371337891e-04 -1.479089260101318359e-04 -1.407861709594726562e-04 -1.431405544281005859e-04
1.089839447092251667e+00 1.088678836822509766e-04 1.157224178314208984e-04 1.055598258972167969e-04 1.136958599090576172e-04 1.044273376464843750e-04 1.204311847686767578e-04 1.224279403686523438e-04 1.093745231628417969e-04 1.164376735687255859e-04 1.169443130493164062e-04
1.096292209077639690e+00 7.563829421997070312e-05 7.891654968261718750e-05 8.645653724670410156e-05 7.510185241699218750e-05 8.282065391540527344e-05 7.599592208862304688e-05 7.265806198120117188e-05 8.004903793334960938e-05 7.092952728271484375e-05 7.975101470947265625e-05
1.102744971063027712e+00 -1.504719257354736328e-04 -1.551806926727294922e-04 -1.477599143981933594e-04 -1.627802848815917969e-04 -1.581907272338867188e-04 -1.493096351623535156e-04 -1.531243324279785156e-04 -1.566112041473388672e-04 -1.449882984161376953e-04 -1.513957977294921875e-04
1.109197733048415513e+00 1.130998134613037109e-04 1.204013824462890625e-04 1.169741153717041016e-04 1.158416271209716797e-04 1.090466976165771484e-04 1.119375228881835938e-04 1.060664653778076172e-04 1.156926155090332031e-04 1.176893711090087891e-04 1.255273818969726562e-04
1.115650495033803313e+00 -4.436373710632324219e-04 -4.422962665557861328e-04 -4.439353942871093750e-04 -4.434883594512939453e-04 -4.261732101440429688e-04 -4.287660121917724609e-04 -4.268884658813476562e-04 -4.353523254394531250e-04 -4.374086856842041016e-04 -4.416704177856445312e-04
1.122103257019191336e+00 1.162290573120117188e-05 8.046627044677734375e-06 1.636147499084472656e-05 1.126527786254882812e-05 2.539157867431640625e-05 1.907348632812500000e-05 1.630187034606933594e-05 2.300739288330078125e-05 2.825260162353515625e-05 2.366304397583007812e-05
1.128556019004579358e+00 3.466010093688964844e-05 3.540515899658203125e-05 3.427267074584960938e-05 3.623962402343750000e-05 2.530217170715332031e-05 3.147125244140625000e-05 3.322958946228027344e-05 3.269314765930175781e-05 3.182888031005859375e-05 3.391504287719726562e-05
1.135008780989967159e+00 -4.363656044006347656e-04 -4.401206970214843750e-04 -4.478991031646728516e-04 -4.441142082214355469e-04 -4.446804523468017578e-04 -4.365742206573486328e-04 -4.384517669677734375e-04 -4.321634769439697266e-04 -4.417002201080322266e-04 -4.428327083587646484e-04
1.141461542975354959e+00 5.220472812652587891e-04 5.216002464294433594e-04 5.210041999816894531e-04 5.272328853607177734e-04 5.131065845489501953e-04 5.156695842742919922e-04 5.143284797668457031e-04 5.227327346801757812e-04 5.227029323577880859e-04 5.211234092712402344e-04
1.147914304960742982e+00 -1.933872699737548828e-04 -1.766979694366455078e-04 -1.679062843322753906e-04 -1.696050167083740234e-04 -1.821815967559814453e-04 -1.687705516815185547e-04 -1.704096794128417969e-04 -1.837611198425292969e-04 -1.865029335021972656e-04 -1.735389232635498047e-04
1.154367066946130782e+00 -9.924173355102539062e-06 -2.658367156982421875e-05 -1.499056816101074219e-05 -1.922249794006347656e-05 -1.636147499084472656e-05 -9.417533874511718750e-06 -7.569789886474609375e-06 -7.688999176025390625e-06 -1.817941665649414062e-05 -2.524256706237792969e-05
1.160819828931518582e+00 5.296468734741210938e-04 5.215406417846679688e-04 5.263388156890869141e-04 5.333721637725830078e-04 5.261003971099853516e-04 5.189180374145507812e-04 5.208849906921386719e-04 5.268752574920654297e-04 5.280673503875732422e-04 5.275607109069824219e-04
1.167272590916906605e+00 -6.268024444580078125e-04 -6.303191184997558594e-04 -6.211102008819580078e-04 -6.208717823028564453e-04 -6.175935268402099609e-04 -6.241798400878906250e-04 -6.323158740997314453e-04 -6.281435489654541016e-04 -6.271004676818847656e-04 -6.144940853118896484e-04
1.173725352902294627e+00 3.196001052856445312e-04 3.108680248260498047e-04 2.955794334411621094e-04 3.175437450408935547e-04 3.058910369873046875e-04 3.059506416320800781e-04 3.232657909393310547e-04 3.021955490112304688e-04 3.094971179962158203e-04 3.120303153991699219e-04
1.180178114887682428e+00 8.785724639892578125e-05 8.565187454223632812e-05 9.870529174804687500e-05 1.039206981658935547e-04 1.039505004882812500e-04 9.903311729431152344e-05 8.323788642883300781e-05 9.077787399291992188e-05 9.724497795104980469e-05 1.003146171569824219e-04
1.186630876873070450e+00 -6.311833858489990234e-04 -6.207823753356933594e-04 -6.317496299743652344e-04 -6.357431411743164062e-04 -6.248354911804199219e-04 -6.237030029296875000e-04 -6.118118762969970703e-04 -6.259083747863769531e-04 -6.191730499267578125e-04 -6.271302700042724609e-04
1.193083638858458251e+00 8.276104927062988281e-04 8.339285850524902344e-04 8.264780044555664062e-04 8.363127708435058594e-04 8.385777473449707031e-04 8.245706558227539062e-04 8.223950862884521484e-04 8.217096328735351562e-04 8.372068405151367188e-04 8.397996425628662109e-04
1.199536400843846051e+00 -3.727078437805175781e-04 -3.677606582641601562e-04 -3.781914710998535156e-04 -3.748238086700439453e-04 -3.631412982940673828e-04 -3.693997859954833984e-04 -3.764331340789794922e-04 -3.792047500610351562e-04 -3.690123558044433594e-04 -3.637075424194335938e-04
1.205989162829234074e+00 -2.145767211914062500e-04 -2.164840698242187500e-04 -2.141296863555908203e-04 -2.207756042480468750e-04 -2.284348011016845703e-04 -2.113282680511474609e-04 -2.009570598602294922e-04 -2.066493034362792969e-04 -2.103745937347412109e-04 -2.097785472869873047e-04
1.212441924814621874e+00 6.231367588043212891e-04 6.362795829772949219e-04 6.313323974609375000e-04 6.383955478668212891e-04 6.328225135803222656e-04 6.342828273773193359e-04 6.278157234191894531e-04 6.211400032043457031e-04 6.301701068878173828e-04 6.249845027923583984e-04
1.218894686800009897e+00 -5.554258823394775391e-04 -5.468726158142089844e-04 -5.415976047515869141e-04 -5.556046962738037109e-04 -5.348324775695800781e-04 -5.494058132171630859e-04 -5.564987659454345703e-04 -5.476474761962890625e-04 -5.527138710021972656e-04 -5.446076393127441406e-04
1.225347448785397697e+00 2.878010272979736328e-04 2.866089344024658203e-04 2.914965152740478516e-04 2.779960632324218750e-04 2.807080745697021484e-04 2.737641334533691406e-04 2.775788307189941406e-04 2.924203872680664062e-04 2.933740615844726562e-04 2.900063991546630859e-04
1.231800210770785720e+00 1.969933509826660156e-05 1.740455627441406250e-05 9.119510650634765625e-06 2.029538154602050781e-05 1.230835914611816406e-05 1.862645149230957031e-05 7.212162017822265625e-06 1.004338264465332031e-05 1.549720764160156250e-05 1.361966133117675781e-05
1.238252972756173520e+00 -3.367662429809570312e-04 -3.428161144256591797e-04 -3.453791141510009766e-04 -3.426671028137207031e-04 -3.324747085571289062e-04 -3.395974636077880859e-04 -3.251135349273681641e-04 -3.483593463897705078e-04 -3.464221954345703125e-04 -3.409981727600097656e-04
1.244705734741561542e+00 2.861618995666503906e-04 2.784132957458496094e-04 2.858340740203857422e-04 2.820789813995361328e-04 2.909302711486816406e-04 2.800822257995605469e-04 2.745985984802246094e-04 2.870261669158935547e-04 2.923011779785156250e-04 2.899169921875000000e-04
1.251158496726949343e+00 -1.135766506195068359e-04 -9.679794311523437500e-05 -1.155138015747070312e-04 -1.166760921478271484e-04 -1.043379306793212891e-04 -1.178681850433349609e-04 -1.092553138732910156e-04 -1.157522201538085938e-04 -1.156032085418701172e-04 -1.089870929718017578e-04
1.257611258712337365e+00 -1.934170722961425781e-05 -1.564621925354003906e-05 -1.978874206542968750e-05 -2.822279930114746094e-05 -1.722574234008789062e-05 -2.393126487731933594e-05 -1.919269561767578125e-05 -3.811717033386230469e-05 -2.181529998779296875e-05 -2.816319465637207031e-05
1.264064020697725166e+00 1.180469989776611328e-04 1.190900802612304688e-04 1.216232776641845703e-04 1.165270805358886719e-04 1.127123832702636719e-04 1.195371150970458984e-04 1.274943351745605469e-04 1.222789287567138672e-04 1.225471496582031250e-04 1.195669174194335938e-04
1.270516782683113188e+00 -1.508593559265136719e-04 -1.640617847442626953e-04 -1.643598079681396484e-04 -1.717805862426757812e-04 -1.710653305053710938e-04 -1.726746559143066406e-04 -1.733005046844482422e-04 -1.795589923858642578e-04 -1.759231090545654297e-04 -1.651644706726074219e-04
1.276969544668500989e+00 3.159046173095703125e-05 2.607703208923339844e-05 4.103779792785644531e-05 3.987550735473632812e-05 2.902746200561523438e-05 3.102421760559082031e-05 3.707408905029296875e-05 3.349781036376953125e-05 2.551078796386718750e-05 3.865361213684082031e-05
1.283422306653888789e+00 -1.350045204162597656e-05 -1.102685928344726562e-05 -1.809000968933105469e-05 -1.004338264465332031e-05 -2.247095108032226562e-05 -1.850724220275878906e-05 -2.440810203552246094e-05 -1.552700996398925781e-05 -6.467103958129882812e-06 -2.369284629821777344e-05
1.289875068639276812e+00 8.437037467956542969e-05 8.234381675720214844e-05 7.012486457824707031e-05 7.745623588562011719e-05 8.437037467956542969e-05 7.778406143188476562e-05 8.726119995117187500e-05 8.460879325866699219e-05 9.107589721679687500e-05 8.323788642883300781e-05
1.296327830624664612e+00 -3.433227539062500000e-05 -4.807114601135253906e-05 -3.948807716369628906e-05 -3.564357757568359375e-05 -2.700090408325195312e-05 -3.039836883544921875e-05 -4.887580871582031250e-05 -3.537535667419433594e-05 -3.233551979064941406e-05 -3.394484519958496094e-05
1.302780592610052635e+00 -4.392862319946289062e-05 -4.944205284118652344e-05 -4.518032073974609375e-05 -5.093216896057128906e-05 -4.914402961730957031e-05 -3.176927566528320312e-05 -3.960728645324707031e-05 -4.372000694274902344e-05 -5.042552947998046875e-05 -5.015730857849121094e-05
1.309233354595440435e+00 9.813904762268066406e-05 9.149312973022460938e-05 9.468197822570800781e-05 9.179115295410156250e-05 9.724497795104980469e-05 9.360909461975097656e-05 9.715557098388671875e-05 9.104609489440917969e-05 9.384751319885253906e-05 9.554624557495117188e-05
1.315686116580828458e+00 -1.097321510314941406e-04 -1.026391983032226562e-04 -1.167058944702148438e-04 -1.037716865539550781e-04 -1.181364059448242188e-04 -1.025795936584472656e-04 -1.104474067687988281e-04 -1.182854175567626953e-04 -1.014173030853271484e-04 -9.971857070922851562e-05
1.322138878566216258e+00 5.829334259033203125e-05 5.546212196350097656e-05 4.988908767700195312e-05 6.166100502014160156e-05 5.826354026794433594e-05 7.620453834533691406e-05 6.952881813049316406e-05 5.483627319335937500e-05 6.118416786193847656e-05 5.835294723510742188e-05
1.328591640551604280e+00 7.507205009460449219e-05 7.838010787963867188e-05 5.900859832763671875e-05 6.231665611267089844e-05 6.562471389770507812e-05 7.688999176025390625e-05 7.444620132446289062e-05 6.690621376037597656e-05 7.548928260803222656e-05 7.212162017822265625e-05
1.335044402536992081e+00 -2.038180828094482422e-04 -2.142190933227539062e-04 -2.088844776153564453e-04 -2.147555351257324219e-04 -2.059936523437500000e-04 -2.055168151855468750e-04 -2.121925354003906250e-04 -2.217590808868408203e-04 -2.077221870422363281e-04 -2.087652683258056641e-04
1.341497164522380103e+00 1.160800457000732422e-04 1.289844512939453125e-04 1.150071620941162109e-04 1.203119754791259766e-04 1.266002655029296875e-04 1.349449157714843750e-04 1.235902309417724609e-04 1.170933246612548828e-04 1.180171966552734375e-04 1.324713230133056641e-04
1.347949926507767904e+00 5.668401718139648438e-05 4.476308822631835938e-05 5.370378494262695312e-05 5.221366882324218750e-05 5.796551704406738281e-05 5.075335502624511719e-05 4.160404205322265625e-05 4.145503044128417969e-05 4.234910011291503906e-05 4.482269287109375000e-05
1.354402688493155926e+00 -1.215934753417968750e-04 -1.229941844940185547e-04 -1.215338706970214844e-04 -1.196563243865966797e-04 -1.193284988403320312e-04 -1.140236854553222656e-04 -1.091063022613525391e-04 -1.027286052703857422e-04 -1.147985458374023438e-04 -1.181066036224365234e-04
1.360855450478543727e+00 1.010596752166748047e-04 1.064836978912353516e-04 1.039206981658935547e-04 1.080036163330078125e-04 1.105666160583496094e-04 9.942054748535156250e-05 1.235306262969970703e-04 1.080632209777832031e-04 1.093447208404541016e-04 1.144409179687500000e-04
1.367308212463931749e+00 -1.601278781890869141e-04 -1.596510410308837891e-04 -1.524686813354492188e-04 -1.451671123504638672e-04 -1.416802406311035156e-04 -1.587569713592529297e-04 -1.489222049713134766e-04 -1.540780067443847656e-04 -1.507401466369628906e-04 -1.617372035980224609e-04
1.373760974449319550e+00 -5.072355270385742188e-05 -6.425380706787109375e-05 -5.406141281127929688e-05 -5.590915679931640625e-05 -3.850460052490234375e-05 -5.784630775451660156e-05 -5.275011062622070312e-05 -5.313754081726074219e-05 -4.971027374267578125e-05 -4.640221595764160156e-05
1.380213736434707350e+00 2.016127109527587891e-04 2.109706401824951172e-04 2.153515815734863281e-04 2.118945121765136719e-04 2.104938030242919922e-04 2.254545688629150391e-04 2.171397209167480469e-04 1.961886882781982422e-04 2.134144306182861328e-04 2.144277095794677734e-04
1.386666498420095373e+00 -8.800625801086425781e-05 -8.463859558105468750e-05 -8.043646812438964844e-05 -8.374452590942382812e-05 -8.168816566467285156e-05 -8.502602577209472656e-05 -8.872151374816894531e-05 -9.658932685852050781e-05 -8.264183998107910156e-05 -8.782744407653808594e-05
1.393119260405483173e+00 -6.842613220214843750e-05 -6.133317947387695312e-05 -5.194544792175292969e-05 -5.424022674560546875e-05 -5.784630775451660156e-05 -5.522370338439941406e-05 -5.456805229187011719e-05 -5.590915679931640625e-05 -4.550814628601074219e-05 -3.644824028015136719e-05
1.399572022390871195e+00 -9.408593177795410156e-05 -9.170174598693847656e-05 -8.800625801086425781e-05 -9.217858314514160156e-05 -8.574128150939941406e-05 -8.478760719299316406e-05 -9.509921073913574219e-05 -9.140372276306152344e-05 -8.469820022583007812e-05 -8.600950241088867188e-05
1.406024784376258996e+00 4.568696022033691406e-05 4.744529724121093750e-05 4.434585571289062500e-05 3.609061241149902344e-05 3.269314765930175781e-05 3.218650817871093750e-05 3.620982170104980469e-05 4.231929779052734375e-05 4.342198371887207031e-05 4.571676254272460938e-05
1.412477546361647018e+00 -8.523464202880859375e-05 -8.612871170043945312e-05 -9.185075759887695312e-05 -8.478760719299316406e-05 -8.410215377807617188e-05 -9.399652481079101562e-05 -7.474422454833984375e-05 -8.660554885864257812e-05 -8.380413055419921875e-05 -8.982419967651367188e-05
1.418930308347034819e+00 1.613497734069824219e-04 1.619756221771240234e-04 1.572966575622558594e-04 1.541972160339355469e-04 1.558661460876464844e-04 1.565814018249511719e-04 1.613199710845947266e-04 1.600086688995361328e-04 1.482665538787841797e-04 1.546144485473632812e-04
1.425383070332422841e+00 -3.790855407714843750e-05 -3.686547279357910156e-05 -2.977252006530761719e-05 -3.299117088317871094e-05 -3.102421760559082031e-05 -4.592537879943847656e-05 -3.799796104431152344e-05 -3.510713577270507812e-05 -4.538893699645996094e-05 -4.267692565917968750e-05
1.431835832317810642e+00 -2.866983413696289062e-05 -4.252791404724121094e-05 -6.052851676940917969e-05 -5.581974983215332031e-05 -3.686547279357910156e-05 -5.158782005310058594e-05 -4.547834396362304688e-05 -5.745887756347656250e-05 -4.354119300842285156e-05 -4.646182060241699219e-05
1.438288594303198664e+00 -4.687905311584472656e-05 -2.285838127136230469e-05 -3.042817115783691406e-05 -3.245472908020019531e-05 -3.445148468017578125e-05 -4.085898399353027344e-05 -2.110004425048828125e-05 -3.570318222045898438e-05 -3.492832183837890625e-05 -3.501772880554199219e-05
1.444741356288586465e+00 -4.327297210693359375e-05 -5.173683166503906250e-05 -5.707144737243652344e-05 -5.626678466796875000e-05 -5.093216896057128906e-05 -5.528330802917480469e-05 -4.312396049499511719e-05 -5.349516868591308594e-05 -6.982684135437011719e-05 -4.357099533081054688e-05
1.451194118273974487e+00 8.141994476318359375e-05 8.332729339599609375e-05 7.531046867370605469e-05 7.739663124084472656e-05 9.533762931823730469e-05 8.493661880493164062e-05 7.429718971252441406e-05 8.350610733032226562e-05 7.864832878112792969e-05 8.264183998107910156e-05
1.457646880259362288e+00 4.589557647705078125e-05 5.629658699035644531e-05 4.619359970092773438e-05 3.588199615478515625e-05 4.103779792785644531e-05 4.720687866210937500e-05 4.270672798156738281e-05 3.817677497863769531e-05 3.308057785034179688e-05 4.231929779052734375e-05
1.464099642244750310e+00 -1.126527786254882812e-05 -1.156330108642578125e-05 -7.957220077514648438e-06 -2.589821815490722656e-05 -1.505017280578613281e-05 -7.539987564086914062e-06 -2.571940422058105469e-05 -2.154707908630371094e-05 -1.260638236999511719e-05 -8.493661880493164062e-06
1.470552404230138110e+00 6.616115570068359375e-06 1.770257949829101562e-05 8.076429367065429688e-06 1.111626625061035156e-05 4.082918167114257812e-06 1.728534698486328125e-05 1.126527786254882812e-05 2.720952033996582031e-05 5.543231964111328125e-06 5.960464477539062500e-06
1.477005166215525911e+00 2.512335777282714844e-05 2.464652061462402344e-05 3.480911254882812500e-05 3.480911254882812500e-05 2.989172935485839844e-05 3.087520599365234375e-05 3.105401992797851562e-05 4.166364669799804688e-05 3.775954246520996094e-05 3.880262374877929688e-05
1.483457928200913933e+00 -1.794099807739257812e-05 -1.278519630432128906e-05 -1.850724220275878906e-05 -1.674890518188476562e-05 -2.387166023254394531e-05 -1.373887062072753906e-05 -1.603364944458007812e-05 -1.707673072814941406e-05 -1.916289329528808594e-05 -1.513957977294921875e-05
1.489910690186301734e+00 8.207559585571289062e-05 8.392333984375000000e-05 8.928775787353515625e-05 7.772445678710937500e-05 8.165836334228515625e-05 9.101629257202148438e-05 8.016824722290039062e-05 7.900595664978027344e-05 9.706616401672363281e-05 7.858872413635253906e-05
1.496363452171689756e+00 -6.872415542602539062e-05 -6.064772605895996094e-05 -4.699826240539550781e-05 -4.005432128906250000e-05 -5.814433097839355469e-05 -5.656480789184570312e-05 -5.021691322326660156e-05 -4.953145980834960938e-05 -5.751848220825195312e-05 -6.139278411865234375e-05
1.502816214157077557e+00 1.254677772521972656e-05 1.430511474609375000e-06 9.238719940185546875e-07 8.672475814819335938e-06 1.248717308044433594e-05 3.188848495483398438e-06 7.450580596923828125e-07 2.792477607727050781e-05 1.567602157592773438e-05 1.129508018493652344e-05
1.509268976142465579e+00 1.112222671508789062e-04 1.178681850433349609e-04 1.099705696105957031e-04 9.950995445251464844e-05 1.002550125122070312e-04 1.021325588226318359e-04 1.087784767150878906e-04 9.560585021972656250e-05 1.029074192047119141e-04 1.183748245239257812e-04
1.515721738127853380e+00 -1.744329929351806641e-04 -1.728534698486328125e-04 -1.839697360992431641e-04 -1.775622367858886719e-04 -1.696050167083740234e-04 -1.824796199798583984e-04 -1.638829708099365234e-04 -1.736283302307128906e-04 -1.801252365112304688e-04 -1.783370971679687500e-04
1.522174500113241402e+00 2.474486827850341797e-04 2.352893352508544922e-04 2.303123474121093750e-04 2.416074275970458984e-04 2.287030220031738281e-04 2.313256263732910156e-04 2.256631851196289062e-04 2.318322658538818359e-04 2.367794513702392578e-04 2.313852310180664062e-04
1.528627262098629203e+00 -2.640485763549804688e-05 -2.145767211914062500e-05 -4.619359970092773438e-06 -1.055002212524414062e-05 -1.013278961181640625e-05 -1.510977745056152344e-05 -1.963973045349121094e-05 -1.680850982666015625e-05 -2.127885818481445312e-05 -1.773238182067871094e-05
1.535080024084017225e+00 -2.813935279846191406e-04 -2.790391445159912109e-04 -2.825260162353515625e-04 -2.869963645935058594e-04 -2.792477607727050781e-04 -2.738833427429199219e-04 -2.839863300323486328e-04 -2.827644348144531250e-04 -2.802610397338867188e-04 -2.749860286712646484e-04
1.541532786069405025e+00 4.595518112182617188e-04 4.546940326690673828e-04 4.583895206451416016e-04 4.608333110809326172e-04 4.616975784301757812e-04 4.533827304840087891e-04 4.618167877197265625e-04 4.609823226928710938e-04 4.695653915405273438e-04 4.566013813018798828e-04
1.547985548054793048e+00 -3.462731838226318359e-04 -3.322064876556396484e-04 -3.305375576019287109e-04 -3.378689289093017578e-04 -3.419816493988037109e-04 -3.325343132019042969e-04 -3.314018249511718750e-04 -3.503859043121337891e-04 -3.372132778167724609e-04 -3.410279750823974609e-04
1.554438310040180848e+00 -1.159906387329101562e-04 -1.158118247985839844e-04 -1.100003719329833984e-04 -1.277327537536621094e-04 -1.236200332641601562e-04 -1.052320003509521484e-04 -1.137256622314453125e-04 -1.152455806732177734e-04 -1.179575920104980469e-04 -1.212358474731445312e-04
1.560891072025568649e+00 5.752444267272949219e-04 5.856454372406005859e-04 5.872249603271484375e-04 5.917251110076904297e-04 5.862712860107421875e-04 5.674362182617187500e-04 5.676746368408203125e-04 5.856752395629882812e-04 5.733072757720947266e-04 5.722641944885253906e-04
1.567343834010956671e+00 -7.437169551849365234e-04 -7.510781288146972656e-04 -7.339417934417724609e-04 -7.552802562713623047e-04 -7.459819316864013672e-04 -7.560551166534423828e-04 -7.577538490295410156e-04 -7.491111755371093750e-04 -7.561147212982177734e-04 -7.368326187133789062e-04
1.573796595996344472e+00 3.193914890289306641e-04 3.231465816497802734e-04 3.162026405334472656e-04 3.100335597991943359e-04 3.154873847961425781e-04 3.144145011901855469e-04 3.103017807006835938e-04 3.342628479003906250e-04 3.147423267364501953e-04 3.181397914886474609e-04
1.580249357981732494e+00 2.587139606475830078e-04 2.709031105041503906e-04 2.762079238891601562e-04 2.767741680145263672e-04 2.777576446533203125e-04 2.568364143371582031e-04 2.467632293701171875e-04 2.651512622833251953e-04 2.557635307312011719e-04 2.687573432922363281e-04
1.586702119967120295e+00 -9.350478649139404297e-04 -9.659230709075927734e-04 -9.432137012481689453e-04 -9.367763996124267578e-04 -9.528398513793945312e-04 -9.428858757019042969e-04 -9.404718875885009766e-04 -9.415745735168457031e-04 -9.429454803466796875e-04 -9.459853172302246094e-04
1.593154881952508317e+00 9.634494781494140625e-04 9.692311286926269531e-04 9.642243385314941406e-04 9.652972221374511719e-04 9.732246398925781250e-04 9.640455245971679688e-04 9.742081165313720703e-04 9.784400463104248047e-04 9.708702564239501953e-04 9.689927101135253906e-04
1.599607643937896118e+00 -4.654228687286376953e-04 -4.556179046630859375e-04 -4.593133926391601562e-04 -4.361569881439208984e-04 -4.484355449676513672e-04 -4.646182060241699219e-04 -4.690587520599365234e-04 -4.695951938629150391e-04 -4.637241363525390625e-04 -4.551708698272705078e-04
1.606060405923284140e+00 -4.778206348419189453e-04 -5.032718181610107422e-04 -5.047321319580078125e-04 -5.034506320953369141e-04 -4.968941211700439453e-04 -5.006194114685058594e-04 -4.836022853851318359e-04 -4.869997501373291016e-04 -4.917383193969726562e-04 -5.043148994445800781e-04
1.612513167908671941e+00 1.133680343627929688e-03 1.138150691986083984e-03 1.139342784881591797e-03 1.138538122177124023e-03 1.138925552368164062e-03 1.131117343902587891e-03 1.132488250732421875e-03 1.134455204010009766e-03 1.132160425186157227e-03 1.136422157287597656e-03
1.618965929894059963e+00 -1.169949769973754883e-03 -1.165419816970825195e-03 -1.171708106994628906e-03 -1.162260770797729492e-03 -1.170754432678222656e-03 -1.157075166702270508e-03 -1.161962747573852539e-03 -1.170158386230468750e-03 -1.176148653030395508e-03 -1.168042421340942383e-03
1.625418691879447763e+00 4.961788654327392578e-04 5.016326904296875000e-04 4.974007606506347656e-04 4.932284355163574219e-04 5.040764808654785156e-04 5.022883415222167969e-04 5.099475383758544922e-04 4.912316799163818359e-04 5.012750625610351562e-04 4.987418651580810547e-04
1.631871453864835786e+00 4.130303859710693359e-04 4.100501537322998047e-04 4.107058048248291016e-04 4.177093505859375000e-04 4.118680953979492188e-04 4.048645496368408203e-04 4.056990146636962891e-04 4.097819328308105469e-04 4.175305366516113281e-04 4.199147224426269531e-04
1.638324215850223586e+00 -9.596049785614013672e-04 -9.699165821075439453e-04 -9.722709655761718750e-04 -9.679496288299560547e-04 -9.667277336120605469e-04 -9.743571281433105469e-04 -9.488761425018310547e-04 -9.606182575225830078e-04 -9.631514549255371094e-04 -9.644329547882080078e-04
1.644776977835611609e+00 1.038938760757446289e-03 1.042962074279785156e-03 1.019269227981567383e-03 1.033991575241088867e-03 1.042753458023071289e-03 1.030147075653076172e-03 1.041054725646972656e-03 1.037687063217163086e-03 1.037269830703735352e-03 1.018971204757690430e-03
1.651229739820999409e+00 -4.918575286865234375e-04 -4.827380180358886719e-04 -4.970729351043701172e-04 -4.823505878448486328e-04 -4.726648330688476562e-04 -4.909932613372802734e-04 -4.929006099700927734e-04 -4.918873310089111328e-04 -5.028843879699707031e-04 -4.876255989074707031e-04
1.657682501806387210e+00 -7.408857345581054688e-05 -7.385015487670898438e-05 -7.510185241699218750e-05 -8.863210678100585938e-05 -8.845329284667968750e-05 -7.295608520507812500e-05 -6.625056266784667969e-05 -7.122755050659179688e-05 -7.846951484680175781e-05 -9.447336196899414062e-05
1.664135263791775232e+00 8.088052272796630859e-04 8.247196674346923828e-04 8.109509944915771484e-04 8.279085159301757812e-04 8.183419704437255859e-04 8.189380168914794922e-04 8.161067962646484375e-04 8.031427860260009766e-04 8.079409599304199219e-04 8.083581924438476562e-04
1.670588025777163033e+00 -1.021325588226318359e-03 -1.033306121826171875e-03 -1.034617424011230469e-03 -1.038342714309692383e-03 -1.045852899551391602e-03 -1.037418842315673828e-03 -1.041263341903686523e-03 -1.042127609252929688e-03 -1.022279262542724609e-03 -1.029908657073974609e-03
1.677040787762551055e+00 8.322000503540039062e-04 8.186697959899902344e-04 8.198916912078857422e-04 8.208453655242919922e-04 8.209943771362304688e-04 8.314549922943115234e-04 8.231103420257568359e-04 8.389055728912353516e-04 8.312761783599853516e-04 8.119344711303710938e-04
1.683493549747938856e+00 -7.244944572448730469e-05 -6.434321403503417969e-05 -6.744265556335449219e-05 -6.330013275146484375e-05 -6.157159805297851562e-05 -6.657838821411132812e-05 -9.390711784362792969e-05 -6.982684135437011719e-05 -7.107853889465332031e-05 -6.359815597534179688e-05
1.689946311733326878e+00 -5.398392677307128906e-04 -5.505681037902832031e-04 -5.396604537963867188e-04 -5.443692207336425781e-04 -5.512833595275878906e-04 -5.425214767456054688e-04 -5.300045013427734375e-04 -5.420446395874023438e-04 -5.440711975097656250e-04 -5.462169647216796875e-04
1.696399073718714678e+00 9.948015213012695312e-04 1.001894474029541016e-03 9.909570217132568359e-04 9.931027889251708984e-04 1.003473997116088867e-03 9.866952896118164062e-04 9.937882423400878906e-04 9.858310222625732422e-04 9.803175926208496094e-04 9.929835796356201172e-04
1.702851835704102701e+00 -8.867383003234863281e-04 -8.704066276550292969e-04 -8.691847324371337891e-04 -8.626580238342285156e-04 -8.655488491058349609e-04 -8.807182312011718750e-04 -8.630752563476562500e-04 -8.665919303894042969e-04 -8.700788021087646484e-04 -8.713006973266601562e-04
1.709304597689490501e+00 1.308917999267578125e-04 1.304149627685546875e-04 1.311004161834716797e-04 1.084804534912109375e-04 1.101791858673095703e-04 1.261532306671142578e-04 1.305937767028808594e-04 1.331269741058349609e-04 1.156330108642578125e-04 1.138448715209960938e-04
1.715757359674878524e+00 5.420744419097900391e-04 5.404651165008544922e-04 5.407333374023437500e-04 5.503594875335693359e-04 5.354583263397216797e-04 5.339682102203369141e-04 5.353689193725585938e-04 5.422234535217285156e-04 5.380809307098388672e-04 5.332231521606445312e-04
1.722210121660266324e+00 -7.953643798828125000e-04 -7.930994033813476562e-04 -8.035302162170410156e-04 -7.950961589813232422e-04 -7.902979850769042969e-04 -7.990598678588867188e-04 -8.127093315124511719e-04 -8.147656917572021484e-04 -7.996857166290283203e-04 -7.963478565216064453e-04
1.728662883645654347e+00 4.806220531463623047e-04 4.649162292480468750e-04 4.689097404479980469e-04 4.756152629852294922e-04 4.702210426330566406e-04 4.762411117553710938e-04 4.684329032897949219e-04 4.766881465911865234e-04 4.774034023284912109e-04 4.659891128540039062e-04
1.735115645631042147e+00 8.442997932434082031e-05 9.587407112121582031e-05 8.633732795715332031e-05 9.137392044067382812e-05 9.152293205261230469e-05 8.735060691833496094e-05 7.605552673339843750e-05 8.007884025573730469e-05 8.577108383178710938e-05 8.788704872131347656e-05
1.741568407616429948e+00 -5.382895469665527344e-04 -5.307495594024658203e-04 -5.356371402740478516e-04 -5.500018596649169922e-04 -5.332231521606445312e-04 -5.343556404113769531e-04 -5.253553390502929688e-04 -5.361437797546386719e-04 -5.485713481903076172e-04 -5.471408367156982422e-04
1.748021169601817970e+00 5.078613758087158203e-04 5.053877830505371094e-04 5.026161670684814453e-04 4.955828189849853516e-04 5.087256431579589844e-04 5.111098289489746094e-04 5.106627941131591797e-04 5.163550376892089844e-04 5.128979682922363281e-04 5.094707012176513672e-04
1.754473931587205771e+00 -5.373358726501464844e-05 -6.079673767089843750e-05 -4.810094833374023438e-05 -6.321072578430175781e-05 -6.070733070373535156e-05 -6.097555160522460938e-05 -7.319450378417968750e-05 -6.198883056640625000e-05 -6.633996963500976562e-05 -4.765391349792480469e-05
1.760926693572593793e+00 -3.512203693389892578e-04 -3.568530082702636719e-04 -3.611743450164794922e-04 -3.514885902404785156e-04 -3.533959388732910156e-04 -3.429949283599853516e-04 -3.538727760314941406e-04 -3.588199615478515625e-04 -3.457665443420410156e-04 -3.604292869567871094e-04
1.767379455557981593e+00 5.619823932647705078e-04 5.601048469543457031e-04 5.533397197723388672e-04 5.519986152648925781e-04 5.521774291992187500e-04 5.560219287872314453e-04 5.489587783813476562e-04 5.518496036529541016e-04 5.612075328826904297e-04 5.723237991333007812e-04
1.773832217543369616e+00 -2.949237823486328125e-04 -2.934336662292480469e-04 -2.720952033996582031e-04 -2.902746200561523438e-04 -2.848803997039794922e-04 -2.705454826354980469e-04 -2.931058406829833984e-04 -2.923905849456787109e-04 -2.817511558532714844e-04 -2.900660037994384766e-04
1.780284979528757416e+00 -1.903772354125976562e-04 -1.841783523559570312e-04 -1.755058765411376953e-04 -1.780390739440917969e-04 -1.880228519439697266e-04 -1.780688762664794922e-04 -1.844167709350585938e-04 -1.776814460754394531e-04 -1.886487007141113281e-04 -1.963376998901367188e-04
1.786737741514145439e+00 3.677010536193847656e-04 3.735423088073730469e-04 3.716647624969482422e-04 3.781020641326904297e-04 3.783702850341796875e-04 3.785192966461181641e-04 3.654956817626953125e-04 3.777444362640380859e-04 3.730654716491699219e-04 3.691017627716064453e-04
1.793190503499533239e+00 -3.260076045989990234e-04 -3.263056278228759766e-04 -3.228783607482910156e-04 -3.257691860198974609e-04 -3.226101398468017578e-04 -3.376901149749755859e-04 -3.196001052856445312e-04 -3.245770931243896484e-04 -3.257095813751220703e-04 -3.367066383361816406e-04
1.799643265484921262e+00 8.684396743774414062e-05 1.037716865539550781e-04 9.196996688842773438e-05 8.398294448852539062e-05 9.059906005859375000e-05 1.003146171569824219e-04 8.502602577209472656e-05 9.736418724060058594e-05 8.344650268554687500e-05 7.098913192749023438e-05
1.806096027470309062e+00 3.204941749572753906e-04 3.280639648437500000e-04 3.334879875183105469e-04 3.407895565032958984e-04 3.312528133392333984e-04 3.279149532318115234e-04 3.286302089691162109e-04 3.255903720855712891e-04 3.357827663421630859e-04 3.242492675781250000e-04
1.812548789455697085e+00 -3.276765346527099609e-04 -3.210008144378662109e-04 -3.212988376617431641e-04 -3.207921981811523438e-04 -3.141164779663085938e-04 -3.245770931243896484e-04 -2.990663051605224609e-04 -3.165006637573242188e-04 -3.288984298706054688e-04 -3.169178962707519531e-04
1.819001551441084885e+00 1.226365566253662109e-04 1.168251037597656250e-04 1.149773597717285156e-04 1.167356967926025391e-04 1.163184642791748047e-04 1.223981380462646484e-04 1.290738582611083984e-04 1.085996627807617188e-04 1.173019409179687500e-04 1.127123832702636719e-04
1.825454313426472908e+00 1.009404659271240234e-04 1.001656055450439453e-04 1.111924648284912109e-04 1.117289066314697266e-04 1.182854175567626953e-04 1.093149185180664062e-04 9.834766387939453125e-05 1.238882541656494141e-04 1.128911972045898438e-04 1.065731048583984375e-04
1.831907075411860708e+00 -2.655088901519775391e-04 -2.579987049102783203e-04 -2.727806568145751953e-04 -2.646446228027343750e-04 -2.563595771789550781e-04 -2.664029598236083984e-04 -2.820193767547607422e-04 -2.710223197937011719e-04 -2.696812152862548828e-04 -2.729594707489013672e-04
1.838359837397248508e+00 1.561641693115234375e-04 1.483857631683349609e-04 1.585781574249267578e-04 1.569688320159912109e-04 1.557469367980957031e-04 1.537203788757324219e-04 1.611411571502685547e-04 1.460015773773193359e-04 1.622140407562255859e-04 1.637637615203857422e-04
1.844812599382636531e+00 1.695752143859863281e-05 9.000301361083984375e-06 1.484155654907226562e-05 1.415610313415527344e-05 7.838010787963867188e-06 2.378225326538085938e-05 1.639127731323242188e-05 1.162290573120117188e-05 1.057982444763183594e-05 1.958012580871582031e-05
1.851265361368024331e+00 -1.244843006134033203e-04 -1.235008239746093750e-04 -1.279711723327636719e-04 -1.249909400939941406e-04 -1.194775104522705078e-04 -1.284182071685791016e-04 -1.241862773895263672e-04 -1.143217086791992188e-04 -1.196563243865966797e-04 -1.325011253356933594e-04
1.857718123353412354e+00 1.288056373596191406e-04 1.316070556640625000e-04 1.196563243865966797e-04 1.278519630432128906e-04 1.227259635925292969e-04 1.237392425537109375e-04 1.248717308044433594e-04 1.201927661895751953e-04 1.277923583984375000e-04 1.175105571746826172e-04
1.864170885338800154e+00 -3.364682197570800781e-05 -3.173947334289550781e-05 -3.850460052490234375e-05 -2.923607826232910156e-05 -3.814697265625000000e-05 -3.480911254882812500e-05 -4.121661186218261719e-05 -3.057718276977539062e-05 -2.208352088928222656e-05 -3.588199615478515625e-05
1.870623647324188177e+00 -4.312396049499511719e-05 -4.914402961730957031e-05 -5.942583084106445312e-05 -6.350874900817871094e-05 -5.343556404113769531e-05 -5.632638931274414062e-05 -4.070997238159179688e-05 -5.385279655456542969e-05 -4.661083221435546875e-05 -5.164742469787597656e-05
1.877076409309575977e+00 7.665157318115234375e-05 6.985664367675781250e-05 6.696581840515136719e-05 7.519125938415527344e-05 8.031725883483886719e-05 8.273124694824218750e-05 7.608532905578613281e-05 6.154179573059082031e-05 7.978081703186035156e-05 6.562471389770507812e-05
1.883529171294964000e+00 -7.179379463195800781e-05 -7.680058479309082031e-05 -6.213784217834472656e-05 -8.141994476318359375e-05 -6.574392318725585938e-05 -7.042288780212402344e-05 -6.487965583801269531e-05 -7.435679435729980469e-05 -6.619095802307128906e-05 -7.802248001098632812e-05
1.889981933280351800e+00 -3.635883331298828125e-06 -1.221895217895507812e-06 -2.712011337280273438e-06 -1.186132431030273438e-05 -3.576278686523437500e-07 -4.708766937255859375e-06 -6.765127182006835938e-06 2.890825271606445312e-06 -9.179115295410156250e-06 -6.765127182006835938e-06
1.896434695265739823e+00 3.397464752197265625e-06 1.314282417297363281e-05 8.434057235717773438e-06 1.704692840576171875e-05 1.466274261474609375e-05 4.917383193969726562e-06 1.418590545654296875e-05 9.894371032714843750e-06 1.412630081176757812e-05 4.857778549194335938e-06
1.902887457251127623e+00 1.004338264465332031e-05 1.445412635803222656e-05 1.659989356994628906e-05 5.662441253662109375e-07 1.874566078186035156e-05 9.208917617797851562e-06 1.639127731323242188e-05 7.390975952148437500e-06 1.105666160583496094e-05 4.380941390991210938e-06
1.909340219236515646e+00 5.662441253662109375e-06 4.112720489501953125e-06 1.686811447143554688e-05 1.364946365356445312e-05 1.293420791625976562e-05 9.953975677490234375e-06 1.731514930725097656e-05 1.430511474609375000e-05 3.039836883544921875e-06 2.205371856689453125e-05
1.915792981221903446e+00 -7.480382919311523438e-06 -1.505017280578613281e-05 -1.049041748046875000e-05 -1.469254493713378906e-05 -1.296401023864746094e-05 -1.099705696105957031e-05 -1.341104507446289062e-05 -1.102685928344726562e-05 -1.630187034606933594e-05 -7.271766662597656250e-06
1.922245743207291468e+00 8.940696716308593750e-06 2.104043960571289062e-05 9.149312973022460938e-06 7.659196853637695312e-06 1.546740531921386719e-05 1.224875450134277344e-05 1.671910285949707031e-05 1.144409179687500000e-05 2.235174179077148438e-05 1.120567321777343750e-05
1.928698505192679269e+00 -8.881092071533203125e-06 -8.344650268554687500e-07 -5.811452865600585938e-06 -1.049041748046875000e-05 -1.439452171325683594e-05 -2.163648605346679688e-05 -4.440546035766601562e-06 -6.318092346191406250e-06 -1.779198646545410156e-05 -8.493661880493164062e-06
1.935151267178067069e+00 5.111098289489746094e-05 4.535913467407226562e-05 4.673004150390625000e-05 5.057454109191894531e-05 5.394220352172851562e-05 3.504753112792968750e-05 3.495812416076660156e-05 4.643201828002929688e-05 5.200505256652832031e-05 4.839897155761718750e-05
1.941604029163455092e+00 2.813339233398437500e-05 2.667307853698730469e-05 2.822279930114746094e-05 4.220008850097656250e-05 4.026293754577636719e-05 2.777576446533203125e-05 3.051757812500000000e-05 3.656744956970214844e-05 3.057718276977539062e-05 2.923607826232910156e-05
1.948056791148842892e+00 -3.156065940856933594e-05 -3.343820571899414062e-05 -2.306699752807617188e-05 -3.263354301452636719e-05 -2.369284629821777344e-05 -3.322958946228027344e-05 -2.792477607727050781e-05 -2.878904342651367188e-05 -3.683567047119140625e-05 -3.296136856079101562e-05
1.954509553134230915e+00 -2.226233482360839844e-05 -1.788139343261718750e-06 -1.594424247741699219e-05 -1.907348632812500000e-05 -1.087784767150878906e-05 -1.063942909240722656e-05 -7.897615432739257812e-06 -8.851289749145507812e-06 -2.652406692504882812e-05 -9.387731552124023438e-06
1.960962315119618715e+00 5.435943603515625000e-05 5.885958671569824219e-05 5.877017974853515625e-05 6.392598152160644531e-05 5.230307579040527344e-05 4.565715789794921875e-05 4.369020462036132812e-05 4.085898399353027344e-05 6.306171417236328125e-05 4.559755325317382812e-05
1.967415077105006738e+00 -3.156065940856933594e-05 -3.796815872192382812e-05 -2.843141555786132812e-05 -3.284215927124023438e-05 -2.419948577880859375e-05 -2.673268318176269531e-05 -2.402067184448242188e-05 -2.047419548034667969e-05 -3.722310066223144531e-05 -2.682209014892578125e-05
1.973867839090394538e+00 2.875924110412597656e-05 2.363324165344238281e-05 2.086162567138671875e-05 1.654028892517089844e-05 2.598762512207031250e-05 2.419948577880859375e-05 2.390146255493164062e-05 2.065300941467285156e-05 2.771615982055664062e-05 1.969933509826660156e-05
1.980320601075782561e+00 1.847743988037109375e-06 9.655952453613281250e-06 1.132488250732421875e-06 2.038478851318359375e-05 5.304813385009765625e-06 8.523464202880859375e-06 3.695487976074218750e-06 1.364946365356445312e-05 -7.152557373046875000e-07 -4.708766937255859375e-06
1.986773363061170361e+00 -9.018182754516601562e-05 -8.466839790344238281e-05 -8.741021156311035156e-05 -8.997321128845214844e-05 -9.241700172424316406e-05 -9.164214134216308594e-05 -7.957220077514648438e-05 -1.028478145599365234e-04 -8.976459503173828125e-05 -1.011490821838378906e-04
1.993226125046558384e+00 8.866190910339355469e-05 9.337067604064941406e-05 8.893013000488281250e-05 8.219480514526367188e-05 7.688999176025390625e-05 9.825825691223144531e-05 9.009242057800292969e-05 8.463859558105468750e-05 8.928775787353515625e-05 8.574128150939941406e-05
1.999678887031946184e+00 7.280707359313964844e-05 7.045269012451171875e-05 6.011128425598144531e-05 6.610155105590820312e-05 5.707144737243652344e-05 6.687641143798828125e-05 5.793571472167968750e-05 6.097555160522460938e-05 7.721781730651855469e-05 6.341934204101562500e-05
2.006131649017333984e+00 -9.775161743164062500e-06 -1.081824302673339844e-05 -1.707673072814941406e-05 8.672475814819335938e-06 2.443790435791015625e-06 2.920627593994140625e-06 1.519918441772460938e-06 1.356005668640136719e-05 6.645917892456054688e-06 4.351139068603515625e-06
