#Range[m] 0 1 2 3 4 5 6 7 8 9
1.800000071525573730e-01 -6.497114896774291992e-03 -6.475001573562622070e-03 -6.506949663162231445e-03 -6.493091583251953125e-03 -6.519943475723266602e-03 -6.510525941848754883e-03 -6.536334753036499023e-03 -6.554037332534790039e-03 -6.549268960952758789e-03 -6.570219993591308594e-03
1.864527691379452845e-01 2.169966697692871094e-03 2.151280641555786133e-03 2.215385437011718750e-03 2.144396305084228516e-03 2.193808555603027344e-03 2.191931009292602539e-03 2.182006835937500000e-03 2.206772565841674805e-03 2.172023057937622070e-03 2.245634794235229492e-03
1.929055311233331682e-01 4.088610410690307617e-03 4.102975130081176758e-03 4.080057144165039062e-03 4.106611013412475586e-03 4.072934389114379883e-03 4.106104373931884766e-03 4.095762968063354492e-03 4.084676504135131836e-03 4.106879234313964844e-03 4.041522741317749023e-03
1.993582931087210797e-01 -5.740225315093994141e-03 -5.744069814682006836e-03 -5.745351314544677734e-03 -5.769759416580200195e-03 -5.748957395553588867e-03 -5.746573209762573242e-03 -5.794972181320190430e-03 -5.753666162490844727e-03 -5.723953247070312500e-03 -5.734711885452270508e-03
2.058110550941089911e-01 3.188908100128173828e-03 3.172248601913452148e-03 3.195762634277343750e-03 3.165394067764282227e-03 3.205418586730957031e-03 3.204494714736938477e-03 3.178209066390991211e-03 3.184258937835693359e-03 3.172159194946289062e-03 3.209948539733886719e-03
2.122638170794968748e-01 1.391321420669555664e-03 1.388192176818847656e-03 1.387238502502441406e-03 1.435458660125732422e-03 1.390933990478515625e-03 1.386910676956176758e-03 1.396328210830688477e-03 1.365751028060913086e-03 1.379758119583129883e-03 1.337438821792602539e-03
2.187165790648847863e-01 -3.654211759567260742e-03 -3.665298223495483398e-03 -3.670573234558105469e-03 -3.689467906951904297e-03 -3.655374050140380859e-03 -3.649711608886718750e-03 -3.658741712570190430e-03 -3.617584705352783203e-03 -3.615766763687133789e-03 -3.616660833358764648e-03
2.251693410502726977e-01 3.417015075683593750e-03 3.406941890716552734e-03 3.409564495086669922e-03 3.401875495910644531e-03 3.390312194824218750e-03 3.391921520233154297e-03 3.400236368179321289e-03 3.391116857528686523e-03 3.385156393051147461e-03 3.411620855331420898e-03
2.316221030356606092e-01 -6.541907787322998047e-04 -6.398260593414306641e-04 -6.402432918548583984e-04 -6.381273269653320312e-04 -6.588697433471679688e-04 -6.529390811920166016e-04 -6.528794765472412109e-04 -6.863474845886230469e-04 -6.759166717529296875e-04 -6.817579269409179688e-04
2.380748650210485207e-01 -1.571774482727050781e-03 -1.572132110595703125e-03 -1.565337181091308594e-03 -1.567065715789794922e-03 -1.545548439025878906e-03 -1.571863889694213867e-03 -1.559764146804809570e-03 -1.537144184112548828e-03 -1.532226800918579102e-03 -1.528978347778320312e-03
2.445276270064364044e-01 1.309782266616821289e-03 1.289039850234985352e-03 1.272767782211303711e-03 1.263976097106933594e-03 1.268684864044189453e-03 1.277178525924682617e-03 1.264721155166625977e-03 1.264363527297973633e-03 1.266390085220336914e-03 1.276820898056030273e-03
2.509803889918242881e-01 1.321732997894287109e-04 1.553595066070556641e-04 1.648962497711181641e-04 1.569390296936035156e-04 1.499652862548828125e-04 1.395046710968017578e-04 1.541078090667724609e-04 1.196861267089843750e-04 1.223683357238769531e-04 1.273453235626220703e-04
2.574331509772121995e-01 -9.420216083526611328e-04 -9.455680847167968750e-04 -9.256601333618164062e-04 -9.289979934692382812e-04 -9.271204471588134766e-04 -9.151101112365722656e-04 -9.154081344604492188e-04 -9.279847145080566406e-04 -9.116232395172119141e-04 -9.375810623168945312e-04
2.638859129626001110e-01 3.632605075836181641e-04 3.411173820495605469e-04 3.246068954467773438e-04 3.244280815124511719e-04 3.444254398345947266e-04 3.418028354644775391e-04 3.208816051483154297e-04 3.667771816253662109e-04 3.515183925628662109e-04 3.670752048492431641e-04
2.703386749479880224e-01 7.150471210479736328e-04 7.153749465942382812e-04 7.148385047912597656e-04 7.322430610656738281e-04 6.986856460571289062e-04 7.013678550720214844e-04 7.087290287017822266e-04 6.761848926544189453e-04 6.767809391021728516e-04 6.796121597290039062e-04
2.767914369333759339e-01 -1.428693532943725586e-03 -1.403123140335083008e-03 -1.387327909469604492e-03 -1.406937837600708008e-03 -1.404941082000732422e-03 -1.396566629409790039e-03 -1.396745443344116211e-03 -1.404911279678344727e-03 -1.408457756042480469e-03 -1.401007175445556641e-03
2.832441989187638454e-01 6.764829158782958984e-04 6.749927997589111328e-04 6.619095802307128906e-04 6.611049175262451172e-04 6.775259971618652344e-04 6.828904151916503906e-04 6.789267063140869141e-04 7.072687149047851562e-04 7.118582725524902344e-04 7.086694240570068359e-04
2.896969609041517568e-01 7.111430168151855469e-04 7.114410400390625000e-04 6.988346576690673828e-04 7.042884826660156250e-04 7.011294364929199219e-04 7.045865058898925781e-04 6.888806819915771484e-04 6.752312183380126953e-04 6.797909736633300781e-04 6.882250308990478516e-04
2.961497228895396683e-01 -1.121968030929565430e-03 -1.118451356887817383e-03 -1.092731952667236328e-03 -1.096338033676147461e-03 -1.109868288040161133e-03 -1.107245683670043945e-03 -1.109659671783447266e-03 -1.111567020416259766e-03 -1.108825206756591797e-03 -1.122683286666870117e-03
3.026024848749275242e-01 6.732046604156494141e-04 6.620883941650390625e-04 6.705522537231445312e-04 6.735026836395263672e-04 6.792843341827392578e-04 6.599724292755126953e-04 6.736218929290771484e-04 6.971657276153564453e-04 6.895661354064941406e-04 6.864368915557861328e-04
3.090552468603154357e-01 2.271831035614013672e-04 2.449154853820800781e-04 2.142190933227539062e-04 2.132356166839599609e-04 2.226233482360839844e-04 2.296864986419677734e-04 2.157986164093017578e-04 2.105832099914550781e-04 2.066493034362792969e-04 2.158582210540771484e-04
3.155080088457033471e-01 -4.463195800781250000e-04 -4.436075687408447266e-04 -4.363656044006347656e-04 -4.347860813140869141e-04 -4.390478134155273438e-04 -4.428923130035400391e-04 -4.398822784423828125e-04 -4.486739635467529297e-04 -4.480779170989990234e-04 -4.435479640960693359e-04
3.219607708310912586e-01 2.284646034240722656e-04 2.242624759674072266e-04 2.246499061584472656e-04 2.337098121643066406e-04 2.343058586120605469e-04 2.287328243255615234e-04 2.301037311553955078e-04 2.405047416687011719e-04 2.322196960449218750e-04 2.317130565643310547e-04
3.284135328164791701e-01 -1.178383827209472656e-04 -1.206696033477783203e-04 -1.296103000640869141e-04 -1.221597194671630859e-04 -1.281499862670898438e-04 -1.357793807983398438e-04 -1.330375671386718750e-04 -1.257658004760742188e-04 -1.224577426910400391e-04 -1.113116741180419922e-04
3.348662948018670260e-01 4.596412181854248047e-04 4.622340202331542969e-04 4.494488239288330078e-04 4.594624042510986328e-04 4.420876502990722656e-04 4.431605339050292969e-04 4.456639289855957031e-04 4.465281963348388672e-04 4.316866397857666016e-04 4.453361034393310547e-04
3.413190567872549375e-01 -1.081913709640502930e-03 -1.072198152542114258e-03 -1.064151525497436523e-03 -1.063078641891479492e-03 -1.061260700225830078e-03 -1.075208187103271484e-03 -1.062601804733276367e-03 -1.078218221664428711e-03 -1.067101955413818359e-03 -1.076847314834594727e-03
3.477718187726428489e-01 3.794133663177490234e-04 3.852248191833496094e-04 3.735423088073730469e-04 3.607869148254394531e-04 3.964006900787353516e-04 3.800988197326660156e-04 3.987848758697509766e-04 3.972947597503662109e-04 4.009008407592773438e-04 4.194676876068115234e-04
3.542245807580307604e-01 1.900255680084228516e-03 1.903682947158813477e-03 1.863986253738403320e-03 1.889646053314208984e-03 1.872867345809936523e-03 1.871377229690551758e-03 1.876205205917358398e-03 1.867324113845825195e-03 1.868873834609985352e-03 1.858741044998168945e-03
3.606773427434186718e-01 -4.143416881561279297e-03 -4.125654697418212891e-03 -4.109263420104980469e-03 -4.115283489227294922e-03 -4.133045673370361328e-03 -4.128098487854003906e-03 -4.109263420104980469e-03 -4.126042127609252930e-03 -4.133313894271850586e-03 -4.136025905609130859e-03
3.671301047288065833e-01 3.026336431503295898e-03 3.004014492034912109e-03 3.033310174942016602e-03 3.004550933837890625e-03 3.052234649658203125e-03 3.050446510314941406e-03 3.030717372894287109e-03 3.055185079574584961e-03 3.038614988327026367e-03 3.091186285018920898e-03
3.735828667141944948e-01 6.698966026306152344e-04 6.877481937408447266e-04 6.599724292755126953e-04 7.137656211853027344e-04 6.552636623382568359e-04 6.736218929290771484e-04 6.739199161529541016e-04 6.262362003326416016e-04 6.450414657592773438e-04 5.959272384643554688e-04
3.800356286995824062e-01 -5.096971988677978516e-03 -5.113333463668823242e-03 -5.072504281997680664e-03 -5.122393369674682617e-03 -5.075603723526000977e-03 -5.110979080200195312e-03 -5.097985267639160156e-03 -5.074918270111083984e-03 -5.077779293060302734e-03 -5.024462938308715820e-03
3.864883906849703177e-01 8.801817893981933594e-03 8.789300918579101562e-03 8.813381195068359375e-03 8.796483278274536133e-03 8.816570043563842773e-03 8.799791336059570312e-03 8.798569440841674805e-03 8.806616067886352539e-03 8.812785148620605469e-03 8.814543485641479492e-03
3.929411526703582291e-01 -4.645138978958129883e-03 -4.605472087860107422e-03 -4.659324884414672852e-03 -4.568666219711303711e-03 -4.654288291931152344e-03 -4.632115364074707031e-03 -4.643410444259643555e-03 -4.701167345046997070e-03 -4.623502492904663086e-03 -4.739314317703247070e-03
3.993939146557460851e-01 -3.877609968185424805e-03 -3.949314355850219727e-03 -3.883868455886840820e-03 -3.966093063354492188e-03 -3.908455371856689453e-03 -3.865033388137817383e-03 -3.829866647720336914e-03 -3.791183233261108398e-03 -3.830194473266601562e-03 -3.728836774826049805e-03
4.058466766411339965e-01 1.262468099594116211e-02 1.263648271560668945e-02 1.264774799346923828e-02 1.266092061996459961e-02 1.264509558677673340e-02 1.263186335563659668e-02 1.261463761329650879e-02 1.257362961769104004e-02 1.258471608161926270e-02 1.254290342330932617e-02
4.122994386265219080e-01 -1.252299547195434570e-02 -1.246941089630126953e-02 -1.253244280815124512e-02 -1.249247789382934570e-02 -1.255637407302856445e-02 -1.249733567237854004e-02 -1.252934336662292480e-02 -1.252815127372741699e-02 -1.251989603042602539e-02 -1.259845495223999023e-02
4.187522006119098195e-01 4.959821701049804688e-03 4.843324422836303711e-03 4.942923784255981445e-03 4.791498184204101562e-03 4.956781864166259766e-03 4.919618368148803711e-03 4.884153604507446289e-03 5.015045404434204102e-03 4.942804574966430664e-03 5.090236663818359375e-03
4.252049625972976754e-01 9.881615638732910156e-03 9.937554597854614258e-03 9.874522686004638672e-03 1.000162959098815918e-02 9.835481643676757812e-03 9.869754314422607422e-03 9.865432977676391602e-03 9.757906198501586914e-03 9.825199842453002930e-03 9.678661823272705078e-03
4.316577245826856424e-01 -1.791450381278991699e-02 -1.789531111717224121e-02 -1.789686083793640137e-02 -1.790735125541687012e-02 -1.786789298057556152e-02 -1.787444949150085449e-02 -1.786690950393676758e-02 -1.783752441406250000e-02 -1.780915260314941406e-02 -1.784309744834899902e-02
4.381104865680734983e-01 1.466432213783264160e-02 1.456683874130249023e-02 1.463851332664489746e-02 1.452398300170898438e-02 1.466101408004760742e-02 1.463341712951660156e-02 1.462170481681823730e-02 1.465544104576110840e-02 1.466318964958190918e-02 1.476609706878662109e-02
4.445632485534614098e-01 2.436637878417968750e-04 3.264844417572021484e-04 2.034306526184082031e-04 4.074275493621826172e-04 2.119541168212890625e-04 1.971423625946044922e-04 2.231597900390625000e-04 8.574128150939941406e-05 1.518428325653076172e-04 9.745359420776367188e-06
4.510160105388493212e-01 -1.370739936828613281e-02 -1.377788186073303223e-02 -1.370009779930114746e-02 -1.381430029869079590e-02 -1.367744803428649902e-02 -1.368790864944458008e-02 -1.371482014656066895e-02 -1.358392834663391113e-02 -1.364034414291381836e-02 -1.349052786827087402e-02
4.574687725242372327e-01 1.783314347267150879e-02 1.780965924263000488e-02 1.781266927719116211e-02 1.779243350028991699e-02 1.778599619865417480e-02 1.780825853347778320e-02 1.777824759483337402e-02 1.776227355003356934e-02 1.777297258377075195e-02 1.775184273719787598e-02
4.639215345096251442e-01 -1.099237799644470215e-02 -1.092967391014099121e-02 -1.100811362266540527e-02 -1.090717315673828125e-02 -1.105162501335144043e-02 -1.101607084274291992e-02 -1.102289557456970215e-02 -1.115229725837707520e-02 -1.110443472862243652e-02 -1.115989685058593750e-02
4.703742964950130556e-01 -4.131466150283813477e-03 -4.198253154754638672e-03 -4.095584154129028320e-03 -4.234671592712402344e-03 -4.057914018630981445e-03 -4.126936197280883789e-03 -4.105865955352783203e-03 -3.997057676315307617e-03 -4.065454006195068359e-03 -3.931760787963867188e-03
4.768270584804009671e-01 1.361849904060363770e-02 1.366209983825683594e-02 1.361501216888427734e-02 1.364189386367797852e-02 1.361680030822753906e-02 1.358088850975036621e-02 1.356628537178039551e-02 1.354038715362548828e-02 1.356875896453857422e-02 1.348379254341125488e-02
4.832798204657888230e-01 -1.267239451408386230e-02 -1.264026761054992676e-02 -1.266667246818542480e-02 -1.260116696357727051e-02 -1.267954707145690918e-02 -1.266539096832275391e-02 -1.265594363212585449e-02 -1.269599795341491699e-02 -1.266333460807800293e-02 -1.271271705627441406e-02
4.897325824511767345e-01 1.945644617080688477e-03 1.862943172454833984e-03 1.937985420227050781e-03 1.843065023422241211e-03 1.942187547683715820e-03 1.904904842376708984e-03 1.954525709152221680e-03 1.968950033187866211e-03 1.948505640029907227e-03 2.052545547485351562e-03
4.961853444365646459e-01 6.351828575134277344e-03 6.396919488906860352e-03 6.341308355331420898e-03 6.436228752136230469e-03 6.344735622406005859e-03 6.368398666381835938e-03 6.363928318023681641e-03 6.309181451797485352e-03 6.372362375259399414e-03 6.263166666030883789e-03
5.026381064219525019e-01 -1.043474674224853516e-02 -1.043245196342468262e-02 -1.043578982353210449e-02 -1.040926575660705566e-02 -1.042714715003967285e-02 -1.042482256889343262e-02 -1.042848825454711914e-02 -1.041406393051147461e-02 -1.041740179061889648e-02 -1.041093468666076660e-02
5.090908684073405244e-01 5.666166543960571289e-03 5.609035491943359375e-03 5.654215812683105469e-03 5.609065294265747070e-03 5.667328834533691406e-03 5.647718906402587891e-03 5.673140287399291992e-03 5.686730146408081055e-03 5.648672580718994141e-03 5.694806575775146484e-03
5.155436303927283248e-01 1.838713884353637695e-03 1.860082149505615234e-03 1.823753118515014648e-03 1.902610063552856445e-03 1.817286014556884766e-03 1.825779676437377930e-03 1.842081546783447266e-03 1.812011003494262695e-03 1.827597618103027344e-03 1.748323440551757812e-03
5.219963923781163473e-01 -7.098406553268432617e-03 -7.095158100128173828e-03 -7.080584764480590820e-03 -7.129520177841186523e-03 -7.094204425811767578e-03 -7.084190845489501953e-03 -7.091045379638671875e-03 -7.068753242492675781e-03 -7.072299718856811523e-03 -7.055371999740600586e-03
5.284491543635041477e-01 6.110727787017822266e-03 6.103813648223876953e-03 6.104409694671630859e-03 6.090670824050903320e-03 6.127268075942993164e-03 6.115913391113281250e-03 6.122857332229614258e-03 6.112724542617797852e-03 6.128460168838500977e-03 6.149262189865112305e-03
5.349019163488920592e-01 -2.045899629592895508e-03 -2.020776271820068359e-03 -2.049654722213745117e-03 -1.997739076614379883e-03 -2.057760953903198242e-03 -2.041637897491455078e-03 -2.040505409240722656e-03 -2.078145742416381836e-03 -2.051025629043579102e-03 -2.111405134201049805e-03
5.413546783342799706e-01 -3.658801317214965820e-03 -3.675371408462524414e-03 -3.671109676361083984e-03 -3.701686859130859375e-03 -3.650158643722534180e-03 -3.642737865447998047e-03 -3.655672073364257812e-03 -3.604561090469360352e-03 -3.629773855209350586e-03 -3.638982772827148438e-03
5.478074403196678821e-01 5.033433437347412109e-03 5.011022090911865234e-03 4.997640848159790039e-03 5.004435777664184570e-03 5.009382963180541992e-03 5.031943321228027344e-03 5.020171403884887695e-03 5.023300647735595703e-03 5.004733800888061523e-03 5.020558834075927734e-03
5.542602023050557936e-01 -2.490967512130737305e-03 -2.461940050125122070e-03 -2.484947443008422852e-03 -2.465158700942993164e-03 -2.478152513504028320e-03 -2.503514289855957031e-03 -2.490937709808349609e-03 -2.494513988494873047e-03 -2.500504255294799805e-03 -2.539008855819702148e-03
5.607129642904437050e-01 -1.621156930923461914e-03 -1.647323369979858398e-03 -1.635670661926269531e-03 -1.661539077758789062e-03 -1.619040966033935547e-03 -1.627981662750244141e-03 -1.634329557418823242e-03 -1.598387956619262695e-03 -1.621723175048828125e-03 -1.579880714416503906e-03
5.671657262758316165e-01 3.490686416625976562e-03 3.492891788482666016e-03 3.498017787933349609e-03 3.507018089294433594e-03 3.490120172500610352e-03 3.481775522232055664e-03 3.481924533843994141e-03 3.480285406112670898e-03 3.488510847091674805e-03 3.495395183563232422e-03
5.736184882612194169e-01 -2.677559852600097656e-03 -2.658814191818237305e-03 -2.677232027053833008e-03 -2.675265073776245117e-03 -2.683311700820922852e-03 -2.678692340850830078e-03 -2.671927213668823242e-03 -2.679586410522460938e-03 -2.680897712707519531e-03 -2.702772617340087891e-03
5.800712502466074394e-01 2.985596656799316406e-04 2.928078174591064453e-04 3.011822700500488281e-04 2.723932266235351562e-04 3.216266632080078125e-04 3.141760826110839844e-04 3.259479999542236328e-04 3.184676170349121094e-04 3.123581409454345703e-04 3.347098827362060547e-04
5.865240122319952398e-01 1.553118228912353516e-03 1.547217369079589844e-03 1.530587673187255859e-03 1.551955938339233398e-03 1.542925834655761719e-03 1.533567905426025391e-03 1.553475856781005859e-03 1.534283161163330078e-03 1.532047986984252930e-03 1.527696847915649414e-03
5.929767742173832623e-01 -2.082258462905883789e-03 -2.091795206069946289e-03 -2.085596323013305664e-03 -2.094715833663940430e-03 -2.093434333801269531e-03 -2.090066671371459961e-03 -2.086102962493896484e-03 -2.093821763992309570e-03 -2.095520496368408203e-03 -2.088755369186401367e-03
5.994295362027710627e-01 8.628964424133300781e-04 8.597970008850097656e-04 8.702278137207031250e-04 8.636116981506347656e-04 8.631050586700439453e-04 8.655488491058349609e-04 8.685886859893798828e-04 8.650124073028564453e-04 8.492767810821533203e-04 8.725821971893310547e-04
6.058822981881590852e-01 1.788139343261718750e-04 1.955330371856689453e-04 1.741647720336914062e-04 1.806318759918212891e-04 1.812279224395751953e-04 1.814961433410644531e-04 1.759529113769531250e-04 1.814365386962890625e-04 1.882910728454589844e-04 1.791715621948242188e-04
6.123350601735468857e-01 -4.465579986572265625e-04 -4.509389400482177734e-04 -4.489123821258544922e-04 -4.712641239166259766e-04 -4.556179046630859375e-04 -4.610419273376464844e-04 -4.629194736480712891e-04 -4.661083221435546875e-04 -4.546344280242919922e-04 -4.663765430450439453e-04
6.187878221589347971e-01 4.495382308959960938e-04 4.565715789794921875e-04 4.605352878570556641e-04 4.585981369018554688e-04 4.534423351287841797e-04 4.433691501617431641e-04 4.577040672302246094e-04 4.469752311706542969e-04 4.488825798034667969e-04 4.491209983825683594e-04
6.252405841443227086e-01 -3.837049007415771484e-04 -3.880262374877929688e-04 -3.901124000549316406e-04 -3.948509693145751953e-04 -3.932416439056396484e-04 -3.916919231414794922e-04 -3.829896450042724609e-04 -3.859698772430419922e-04 -3.651380538940429688e-04 -3.789365291595458984e-04
6.316933461297106200e-01 3.714859485626220703e-04 3.694891929626464844e-04 3.523528575897216797e-04 3.515481948852539062e-04 3.649890422821044922e-04 3.688037395477294922e-04 3.523528575897216797e-04 3.625452518463134766e-04 3.695487976074218750e-04 3.606677055358886719e-04
6.381461081150985315e-01 -2.956390380859375000e-05 -7.569789886474609375e-06 -1.430511474609375000e-05 -2.115964889526367188e-06 -1.123547554016113281e-05 6.914138793945312500e-06 -3.814697265625000000e-06 -1.075863838195800781e-05 -1.904368400573730469e-05 -2.014636993408203125e-05
6.445988701004864430e-01 -1.863241195678710938e-04 -1.832544803619384766e-04 -1.942217350006103516e-04 -1.904070377349853516e-04 -1.848638057708740234e-04 -1.924335956573486328e-04 -1.842677593231201172e-04 -1.869499683380126953e-04 -1.834332942962646484e-04 -1.926422119140625000e-04
6.510516320858743544e-01 5.499720573425292969e-04 5.496442317962646484e-04 5.502700805664062500e-04 5.485415458679199219e-04 5.508959293365478516e-04 5.417168140411376953e-04 5.445480346679687500e-04 5.459785461425781250e-04 5.528926849365234375e-04 5.389750003814697266e-04
6.575043940712622659e-01 -6.452500820159912109e-04 -6.422996520996093750e-04 -6.611347198486328125e-04 -6.363391876220703125e-04 -6.527602672576904297e-04 -6.452202796936035156e-04 -6.512403488159179688e-04 -6.518959999084472656e-04 -6.476044654846191406e-04 -6.492435932159423828e-04
6.639571560566501773e-01 1.384615898132324219e-04 1.369416713714599609e-04 1.299083232879638672e-04 1.265406608581542969e-04 1.320242881774902344e-04 1.347362995147705078e-04 1.344084739685058594e-04 1.355111598968505859e-04 1.304745674133300781e-04 1.383423805236816406e-04
6.704099180420379778e-01 6.422996520996093750e-04 6.543397903442382812e-04 6.594061851501464844e-04 6.706118583679199219e-04 6.544888019561767578e-04 6.506145000457763672e-04 6.561875343322753906e-04 6.558001041412353516e-04 6.524324417114257812e-04 6.396472454071044922e-04
6.768626800274260003e-01 -8.491277694702148438e-04 -8.277893066406250000e-04 -8.344352245330810547e-04 -8.342564105987548828e-04 -8.360743522644042969e-04 -8.311867713928222656e-04 -8.352398872375488281e-04 -8.280873298645019531e-04 -8.305907249450683594e-04 -8.506476879119873047e-04
6.833154420128139117e-01 5.317926406860351562e-04 5.263090133666992188e-04 5.345344543457031250e-04 5.080103874206542969e-04 5.349218845367431641e-04 5.237758159637451172e-04 5.263090133666992188e-04 5.294978618621826172e-04 5.302429199218750000e-04 5.259513854980468750e-04
6.897682039982017121e-01 -6.020069122314453125e-05 -6.896257400512695312e-05 -7.382035255432128906e-05 -6.037950515747070312e-05 -6.720423698425292969e-05 -5.891919136047363281e-05 -6.768107414245605469e-05 -8.279085159301757812e-05 -7.617473602294921875e-05 -8.568167686462402344e-05
6.962209659835896236e-01 -8.570551872253417969e-04 -8.728504180908203125e-04 -8.556842803955078125e-04 -8.586645126342773438e-04 -8.445978164672851562e-04 -8.547008037567138672e-04 -8.651614189147949219e-04 -8.501708507537841797e-04 -8.605420589447021484e-04 -8.537769317626953125e-04
7.026737279689775351e-01 1.104623079299926758e-03 1.131355762481689453e-03 1.112014055252075195e-03 1.124441623687744141e-03 1.121908426284790039e-03 1.119494438171386719e-03 1.130729913711547852e-03 1.123487949371337891e-03 1.114368438720703125e-03 1.121699810028076172e-03
7.091264899543654465e-01 -4.851818084716796875e-04 -4.746317863464355469e-04 -4.775524139404296875e-04 -4.662275314331054688e-04 -4.704296588897705078e-04 -4.827976226806640625e-04 -4.848837852478027344e-04 -4.712641239166259766e-04 -4.793405532836914062e-04 -5.095899105072021484e-04
7.155792519397533580e-01 -4.808902740478515625e-04 -4.834830760955810547e-04 -4.779100418090820312e-04 -4.898011684417724609e-04 -4.753768444061279297e-04 -4.792809486389160156e-04 -4.956126213073730469e-04 -4.778206348419189453e-04 -4.796683788299560547e-04 -4.623234272003173828e-04
7.220320139251412694e-01 9.934604167938232422e-04 9.949803352355957031e-04 9.939670562744140625e-04 9.988248348236083984e-04 9.900033473968505859e-04 9.993016719818115234e-04 9.990930557250976562e-04 9.986758232116699219e-04 9.951889514923095703e-04 9.841024875640869141e-04
7.284847759105291809e-01 -9.068846702575683594e-04 -9.110271930694580078e-04 -8.963644504547119141e-04 -9.031295776367187500e-04 -9.046792984008789062e-04 -9.200572967529296875e-04 -9.109675884246826172e-04 -9.184181690216064453e-04 -9.052455425262451172e-04 -9.081959724426269531e-04
7.349375378959170924e-01 4.435181617736816406e-04 4.447102546691894531e-04 4.519522190093994141e-04 4.419386386871337891e-04 4.511475563049316406e-04 4.419684410095214844e-04 4.545152187347412109e-04 4.543662071228027344e-04 4.505515098571777344e-04 4.586577415466308594e-04
7.413902998813050038e-01 4.436075687408447266e-04 4.496574401855468750e-04 4.294514656066894531e-04 4.470348358154296875e-04 4.309117794036865234e-04 4.359781742095947266e-04 4.431009292602539062e-04 4.317760467529296875e-04 4.343390464782714844e-04 4.386603832244873047e-04
7.478430618666929153e-01 -1.200556755065917969e-03 -1.203775405883789062e-03 -1.184016466140747070e-03 -1.181542873382568359e-03 -1.188069581985473633e-03 -1.182973384857177734e-03 -1.196831464767456055e-03 -1.185148954391479492e-03 -1.185566186904907227e-03 -1.196950674057006836e-03
7.542958238520808267e-01 4.953145980834960938e-04 4.973411560058593750e-04 4.854202270507812500e-04 4.974007606506347656e-04 4.957914352416992188e-04 4.896521568298339844e-04 4.973709583282470703e-04 4.897415637969970703e-04 5.001723766326904297e-04 5.131065845489501953e-04
7.607485858374687382e-01 -4.258751869201660156e-05 -3.916025161743164062e-05 -4.997849464416503906e-05 -3.170967102050781250e-05 -4.050135612487792969e-05 -3.322958946228027344e-05 -3.507733345031738281e-05 -4.243850708007812500e-05 -4.494190216064453125e-05 -3.823637962341308594e-05
7.672013478228566496e-01 -2.622604370117187500e-05 -2.717971801757812500e-05 -3.015995025634765625e-05 -2.259016036987304688e-05 -2.574920654296875000e-05 -2.214312553405761719e-05 -1.275539398193359375e-05 -2.700090408325195312e-05 -2.920627593994140625e-05 -1.460313796997070312e-05
7.736541098082445611e-01 6.308257579803466797e-04 6.359517574310302734e-04 6.452798843383789062e-04 6.455481052398681641e-04 6.452202796936035156e-04 6.439387798309326172e-04 6.407797336578369141e-04 6.433725357055664062e-04 6.316900253295898438e-04 6.358623504638671875e-04
7.801068717936323615e-01 -3.286004066467285156e-04 -3.296434879302978516e-04 -3.322958946228027344e-04 -3.239512443542480469e-04 -3.359317779541015625e-04 -3.325641155242919922e-04 -3.184080123901367188e-04 -3.262460231781005859e-04 -3.163218498229980469e-04 -3.235638141632080078e-04
7.865596337790202730e-01 1.794993877410888672e-04 1.848340034484863281e-04 1.724660396575927734e-04 1.714229583740234375e-04 1.899898052215576172e-04 2.021789550781250000e-04 1.929104328155517578e-04 1.643896102905273438e-04 1.730620861053466797e-04 1.831352710723876953e-04
7.930123957644081845e-01 5.608201026916503906e-04 5.669295787811279297e-04 5.654394626617431641e-04 5.642473697662353516e-04 5.709230899810791016e-04 5.647540092468261719e-04 5.573034286499023438e-04 5.655884742736816406e-04 5.669891834259033203e-04 5.534887313842773438e-04
7.994651577497960959e-01 -2.866983413696289062e-04 -2.925395965576171875e-04 -2.837777137756347656e-04 -2.918541431427001953e-04 -2.827942371368408203e-04 -2.980530261993408203e-04 -2.886354923248291016e-04 -2.900063991546630859e-04 -2.830922603607177734e-04 -2.921521663665771484e-04
8.059179197351840074e-01 -5.722641944885253906e-04 -5.645453929901123047e-04 -5.670487880706787109e-04 -5.852580070495605469e-04 -5.937218666076660156e-04 -5.865395069122314453e-04 -5.767643451690673828e-04 -5.777776241302490234e-04 -5.933046340942382812e-04 -5.789399147033691406e-04
8.123706817205719188e-01 -2.363324165344238281e-05 -4.947185516357421875e-06 -9.477138519287109375e-06 -5.483627319335937500e-06 -5.930662155151367188e-06 9.089708328247070312e-06 3.635883331298828125e-06 -1.108646392822265625e-05 -5.006790161132812500e-06 2.205371856689453125e-06
8.188234437059598303e-01 3.297030925750732422e-04 3.149509429931640625e-04 3.181695938110351562e-04 3.181993961334228516e-04 3.192722797393798828e-04 3.217458724975585938e-04 3.204941749572753906e-04 3.148913383483886719e-04 3.307461738586425781e-04 3.230273723602294922e-04
8.252762056913477418e-01 -4.196166992187500000e-04 -4.231929779052734375e-04 -4.383921623229980469e-04 -4.367232322692871094e-04 -4.392564296722412109e-04 -4.334747791290283203e-04 -4.405677318572998047e-04 -4.262030124664306641e-04 -4.234910011291503906e-04 -4.206895828247070312e-04
8.317289676767356532e-01 -1.800358295440673828e-04 -1.661777496337890625e-04 -1.727044582366943359e-04 -1.842677593231201172e-04 -1.744627952575683594e-04 -1.693964004516601562e-04 -1.693665981292724609e-04 -1.757740974426269531e-04 -1.848638057708740234e-04 -1.822412014007568359e-04
8.381817296621235647e-01 3.924369812011718750e-04 3.875792026519775391e-04 3.949403762817382812e-04 4.069507122039794922e-04 3.863275051116943359e-04 3.965198993682861328e-04 3.926157951354980469e-04 3.913938999176025391e-04 3.891885280609130859e-04 3.739297389984130859e-04
8.446344916475114761e-01 -9.045004844665527344e-05 -7.539987564086914062e-05 -8.931756019592285156e-05 -7.423758506774902344e-05 -8.004903793334960938e-05 -6.982684135437011719e-05 -8.177757263183593750e-05 -8.317828178405761719e-05 -7.557868957519531250e-05 -9.244680404663085938e-05
8.510872536328993876e-01 1.386404037475585938e-04 1.426637172698974609e-04 1.453459262847900391e-04 1.408457756042480469e-04 1.431703567504882812e-04 1.475512981414794922e-04 1.401007175445556641e-04 1.605451107025146484e-04 1.555681228637695312e-04 1.555979251861572266e-04
8.575400156182872990e-01 -6.714463233947753906e-05 -6.517767906188964844e-05 -6.532669067382812500e-05 -7.075071334838867188e-05 -7.218122482299804688e-05 -7.084012031555175781e-05 -6.708502769470214844e-05 -6.961822509765625000e-05 -6.943941116333007812e-05 -8.377432823181152344e-05
8.639927776036752105e-01 -3.260672092437744141e-04 -3.179609775543212891e-04 -3.157556056976318359e-04 -3.232359886169433594e-04 -3.181099891662597656e-04 -3.295838832855224609e-04 -3.264248371124267578e-04 -3.166794776916503906e-04 -3.235042095184326172e-04 -3.232359886169433594e-04
8.704455395890630109e-01 5.251169204711914062e-05 4.449486732482910156e-05 4.723668098449707031e-05 3.519654273986816406e-05 4.330277442932128906e-05 6.368756294250488281e-05 4.309415817260742188e-05 4.744529724121093750e-05 5.307793617248535156e-05 4.947185516357421875e-05
8.768983015744509224e-01 5.024671554565429688e-05 5.835294723510742188e-05 4.440546035766601562e-05 5.137920379638671875e-05 6.070733070373535156e-05 5.099177360534667969e-05 5.391240119934082031e-05 5.140900611877441406e-05 5.343556404113769531e-05 5.745887756347656250e-05
8.833510635598388339e-01 5.960464477539062500e-07 -7.271766662597656250e-06 -5.453824996948242188e-06 1.010298728942871094e-05 8.642673492431640625e-07 1.460313796997070312e-06 6.020069122314453125e-06 -2.098083496093750000e-05 6.526708602905273438e-06 7.331371307373046875e-06
8.898038255452267453e-01 2.220571041107177734e-04 2.387464046478271484e-04 2.385973930358886719e-04 2.211928367614746094e-04 2.275407314300537109e-04 2.290010452270507812e-04 2.260804176330566406e-04 2.288818359375000000e-04 2.295076847076416016e-04 2.418160438537597656e-04
8.962565875306146568e-01 -2.605617046356201172e-04 -2.453923225402832031e-04 -2.584755420684814453e-04 -2.593100070953369141e-04 -2.526044845581054688e-04 -2.594292163848876953e-04 -2.599060535430908203e-04 -2.544522285461425781e-04 -2.678036689758300781e-04 -2.566576004028320312e-04
9.027093495160025682e-01 -3.969669342041015625e-05 -3.126263618469238281e-05 -3.165006637573242188e-05 -1.862645149230957031e-05 -4.512071609497070312e-05 -3.966689109802246094e-05 -2.345442771911621094e-05 -2.878904342651367188e-05 -2.738833427429199219e-05 -3.209710121154785156e-05
9.091621115013904797e-01 3.291070461273193359e-04 3.483593463897705078e-04 3.307163715362548828e-04 3.470480442047119141e-04 3.364980220794677734e-04 3.410875797271728516e-04 3.404915332794189453e-04 3.409087657928466797e-04 3.368556499481201172e-04 3.365278244018554688e-04
9.156148734867783912e-01 -2.026259899139404297e-04 -2.065598964691162109e-04 -2.026855945587158203e-04 -2.063810825347900391e-04 -2.029538154602050781e-04 -2.010762691497802734e-04 -2.004504203796386719e-04 -2.142190933227539062e-04 -2.023577690124511719e-04 -2.158582210540771484e-04
9.220676354721663026e-01 7.611513137817382812e-05 6.800889968872070312e-05 5.477666854858398438e-05 7.852911949157714844e-05 7.244944572448730469e-05 6.532669067382812500e-05 6.783008575439453125e-05 7.185339927673339844e-05 6.601214408874511719e-05 7.081031799316406250e-05
9.285203974575542141e-01 3.734230995178222656e-05 4.523992538452148438e-05 3.388524055480957031e-05 3.814697265625000000e-05 4.065036773681640625e-05 4.288554191589355469e-05 4.035234451293945312e-05 3.647804260253906250e-05 3.990530967712402344e-05 3.841519355773925781e-05
9.349731594429421255e-01 -1.611411571502685547e-04 -1.649260520935058594e-04 -1.588761806488037109e-04 -1.549422740936279297e-04 -1.378953456878662109e-04 -1.560747623443603516e-04 -1.468956470489501953e-04 -1.578330993652343750e-04 -1.600384712219238281e-04 -1.482665538787841797e-04
9.414259214283300370e-01 1.462996006011962891e-04 1.425743103027343750e-04 1.545846462249755859e-04 1.374185085296630859e-04 1.518130302429199219e-04 1.343786716461181641e-04 1.446902751922607422e-04 1.335740089416503906e-04 1.417994499206542969e-04 1.608133316040039062e-04
9.478786834137179484e-01 6.279349327087402344e-05 6.169080734252929688e-05 6.592273712158203125e-05 6.574392318725585938e-05 7.238984107971191406e-05 6.574392318725585938e-05 6.777048110961914062e-05 6.052851676940917969e-05 5.990266799926757812e-05 6.237626075744628906e-05
9.543314453991058599e-01 -1.226663589477539062e-04 -1.306533813476562500e-04 -1.347661018371582031e-04 -1.315176486968994141e-04 -1.323819160461425781e-04 -1.353323459625244141e-04 -1.281499862670898438e-04 -1.297593116760253906e-04 -1.370906829833984375e-04 -1.273453235626220703e-04
9.607842073844936603e-01 -9.509921073913574219e-05 -1.008510589599609375e-04 -1.042485237121582031e-04 -9.602308273315429688e-05 -9.033083915710449219e-05 -9.521842002868652344e-05 -1.035034656524658203e-04 -1.084208488464355469e-04 -9.995698928833007812e-05 -9.194016456604003906e-05
9.672369693698815718e-01 1.269578933715820312e-05 1.889467239379882812e-05 2.568960189819335938e-05 8.791685104370117188e-06 2.872943878173828125e-05 1.940131187438964844e-05 1.230835914611816406e-05 1.230835914611816406e-05 1.844763755798339844e-05 2.139806747436523438e-05
9.736897313552694833e-01 1.120269298553466797e-04 1.108348369598388672e-04 1.218020915985107422e-04 1.291036605834960938e-04 1.189410686492919922e-04 1.143217086791992188e-04 1.133084297180175781e-04 1.169741153717041016e-04 1.151561737060546875e-04 1.232922077178955078e-04
9.801424933406573947e-01 -1.908838748931884766e-04 -1.881718635559082031e-04 -1.893639564514160156e-04 -1.799464225769042969e-04 -1.858472824096679688e-04 -1.921951770782470703e-04 -1.922845840454101562e-04 -1.937150955200195312e-04 -1.946687698364257812e-04 -1.964271068572998047e-04
9.865952553260453062e-01 1.353025436401367188e-04 1.251697540283203125e-04 1.374781131744384766e-04 1.251995563507080078e-04 1.335740089416503906e-04 1.403987407684326172e-04 1.450181007385253906e-04 1.354813575744628906e-04 1.357793807983398438e-04 1.356303691864013672e-04
9.930480173114332176e-01 -5.644559860229492188e-05 -5.480647087097167969e-05 -4.616379737854003906e-05 -5.412101745605468750e-05 -6.183981895446777344e-05 -5.373358726501464844e-05 -6.812810897827148438e-05 -4.729628562927246094e-05 -5.534291267395019531e-05 -7.137656211853027344e-05
9.995007792968211291e-01 -1.588165760040283203e-04 -1.806318759918212891e-04 -1.613795757293701172e-04 -1.764595508575439453e-04 -1.655220985412597656e-04 -1.693964004516601562e-04 -1.683235168457031250e-04 -1.671612262725830078e-04 -1.630187034606933594e-04 -1.548230648040771484e-04
1.005953541282209152e+00 3.999173641204833984e-04 3.903210163116455078e-04 3.940761089324951172e-04 3.997385501861572266e-04 3.917515277862548828e-04 3.949105739593505859e-04 3.908276557922363281e-04 4.013478755950927734e-04 3.831982612609863281e-04 3.917515277862548828e-04
1.012406303267596952e+00 -1.760721206665039062e-04 -1.836717128753662109e-04 -1.865029335021972656e-04 -1.742243766784667969e-04 -1.844763755798339844e-04 -1.885890960693359375e-04 -1.806616783142089844e-04 -1.899600028991699219e-04 -1.849234104156494141e-04 -1.896321773529052734e-04
1.018859065252984752e+00 -9.277462959289550781e-05 -9.331107139587402344e-05 -9.277462959289550781e-05 -9.492039680480957031e-05 -9.047985076904296875e-05 -9.322166442871093750e-05 -9.456276893615722656e-05 -8.568167686462402344e-05 -8.982419967651367188e-05 -8.100271224975585938e-05
1.025311827238372775e+00 3.036856651306152344e-04 3.086030483245849609e-04 2.946853637695312500e-04 2.970993518829345703e-04 2.977550029754638672e-04 3.055334091186523438e-04 2.962648868560791016e-04 2.997517585754394531e-04 2.990365028381347656e-04 2.951323986053466797e-04
1.031764589223760797e+00 -3.195106983184814453e-04 -3.091394901275634766e-04 -3.089010715484619141e-04 -3.198683261871337891e-04 -3.155171871185302734e-04 -3.273189067840576172e-04 -3.264844417572021484e-04 -3.096759319305419922e-04 -3.265142440795898438e-04 -3.194808959960937500e-04
1.038217351209148598e+00 2.225637435913085938e-04 2.220869064331054688e-04 2.277493476867675781e-04 2.153813838958740234e-04 2.239048480987548828e-04 2.223849296569824219e-04 2.323687076568603516e-04 2.311766147613525391e-04 2.254545688629150391e-04 2.363026142120361328e-04
1.044670113194536398e+00 3.066658973693847656e-04 3.074407577514648438e-04 2.907812595367431641e-04 2.956390380859375000e-04 2.942383289337158203e-04 3.039836883544921875e-04 2.982318401336669922e-04 2.960562705993652344e-04 2.997219562530517578e-04 3.014206886291503906e-04
1.051122875179924421e+00 -5.227923393249511719e-04 -5.051791667938232422e-04 -5.069971084594726562e-04 -5.107820034027099609e-04 -5.173385143280029297e-04 -5.044341087341308594e-04 -5.116462707519531250e-04 -5.038082599639892578e-04 -5.089640617370605469e-04 -5.139410495758056641e-04
1.057575637165312221e+00 3.311932086944580078e-04 3.280043601989746094e-04 3.319382667541503906e-04 3.285408020019531250e-04 3.414452075958251953e-04 3.367960453033447266e-04 3.263950347900390625e-04 3.374516963958740234e-04 3.344714641571044922e-04 3.341734409332275391e-04
1.064028399150700022e+00 1.074075698852539062e-04 1.184940338134765625e-04 1.220703125000000000e-04 1.268684864044189453e-04 1.209676265716552734e-04 1.061856746673583984e-04 1.282393932342529297e-04 1.106858253479003906e-04 1.266598701477050781e-04 1.228749752044677734e-04
1.070481161136088044e+00 -4.340410232543945312e-04 -4.432201385498046875e-04 -4.191100597381591797e-04 -4.334747791290283203e-04 -4.298090934753417969e-04 -4.213452339172363281e-04 -4.355609416961669922e-04 -4.221200942993164062e-04 -4.247128963470458984e-04 -4.141628742218017578e-04
1.076933923121476067e+00 4.271566867828369141e-04 4.387497901916503906e-04 4.373192787170410156e-04 4.330873489379882812e-04 4.320442676544189453e-04 4.349648952484130859e-04 4.343390464782714844e-04 4.428029060363769531e-04 4.376769065856933594e-04 4.399120807647705078e-04
1.083386685106863867e+00 -1.940727233886718750e-04 -2.013742923736572266e-04 -2.075433731079101562e-04 -2.071857452392578125e-04 -1.889765262603759766e-04 -1.994669437408447266e-04 -2.065896987915039062e-04 -2.028346061706542969e-04 -2.038776874542236328e-04 -2.045631408691406250e-04
1.089839447092251667e+00 -3.275275230407714844e-05 -4.357099533081054688e-05 -3.394484519958496094e-05 -4.902482032775878906e-05 -2.184510231018066406e-05 -3.060698509216308594e-05 -3.138184547424316406e-05 -2.133846282958984375e-05 -2.664327621459960938e-05 -3.147125244140625000e-05
1.096292209077639690e+00 3.048181533813476562e-04 2.869367599487304688e-04 3.034770488739013672e-04 3.024041652679443359e-04 2.961456775665283203e-04 3.034770488739013672e-04 2.965629100799560547e-04 2.998411655426025391e-04 2.969801425933837891e-04 3.072917461395263672e-04
1.102744971063027712e+00 -5.370080471038818359e-04 -5.353689193725585938e-04 -5.354583263397216797e-04 -5.378425121307373047e-04 -5.323886871337890625e-04 -5.324780941009521484e-04 -5.396604537963867188e-04 -5.302131175994873047e-04 -5.359947681427001953e-04 -5.350708961486816406e-04
1.109197733048415513e+00 -3.018975257873535156e-05 -2.667307853698730469e-05 -4.252791404724121094e-05 -4.002451896667480469e-05 -3.153085708618164062e-05 -3.027915954589843750e-05 -2.864003181457519531e-05 -2.887845039367675781e-05 -2.697110176086425781e-05 -3.024935722351074219e-05
1.115650495033803313e+00 1.047849655151367188e-04 9.998679161071777344e-05 1.016855239868164062e-04 1.036822795867919922e-04 1.020729541778564453e-04 1.010894775390625000e-04 8.577108383178710938e-05 1.000165939331054688e-04 1.005530357360839844e-04 9.301304817199707031e-05
1.122103257019191336e+00 -5.454421043395996094e-04 -5.565881729125976562e-04 -5.568861961364746094e-04 -5.358755588531494141e-04 -5.347132682800292969e-04 -5.353093147277832031e-04 -5.348920822143554688e-04 -5.620419979095458984e-04 -5.486309528350830078e-04 -5.393326282501220703e-04
1.128556019004579358e+00 3.462731838226318359e-04 3.528594970703125000e-04 3.448426723480224609e-04 3.381073474884033203e-04 3.437697887420654297e-04 3.525316715240478516e-04 3.507137298583984375e-04 3.514885902404785156e-04 3.435015678405761719e-04 3.506839275360107422e-04
1.135008780989967159e+00 -1.476109027862548828e-04 -1.637339591979980469e-04 -1.551210880279541016e-04 -1.458823680877685547e-04 -1.455545425415039062e-04 -1.431107521057128906e-04 -1.460015773773193359e-04 -1.712441444396972656e-04 -1.493096351623535156e-04 -1.594424247741699219e-04
1.141461542975354959e+00 -1.754760742187500000e-04 -1.624226570129394531e-04 -1.713037490844726562e-04 -1.638829708099365234e-04 -1.741349697113037109e-04 -1.667439937591552734e-04 -1.658797264099121094e-04 -1.715719699859619141e-04 -1.719295978546142578e-04 -1.644194126129150391e-04
1.147914304960742982e+00 5.457997322082519531e-04 5.354285240173339844e-04 5.368590354919433594e-04 5.323290824890136719e-04 5.362629890441894531e-04 5.370974540710449219e-04 5.330145359039306641e-04 5.371868610382080078e-04 5.323886871337890625e-04 5.391836166381835938e-04
1.154367066946130782e+00 -3.965497016906738281e-04 -3.935694694519042969e-04 -4.037916660308837891e-04 -4.027485847473144531e-04 -4.098415374755859375e-04 -3.963112831115722656e-04 -3.993511199951171875e-04 -3.899335861206054688e-04 -3.823637962341308594e-04 -4.090070724487304688e-04
1.160819828931518582e+00 1.856982707977294922e-04 1.854002475738525391e-04 1.757740974426269531e-04 1.897513866424560547e-04 1.906454563140869141e-04 1.809298992156982422e-04 1.786947250366210938e-04 1.822412014007568359e-04 1.765489578247070312e-04 1.897215843200683594e-04
1.167272590916906605e+00 1.409649848937988281e-04 1.415312290191650391e-04 1.234710216522216797e-04 1.435279846191406250e-04 1.274943351745605469e-04 1.325905323028564453e-04 1.318454742431640625e-04 1.371502876281738281e-04 1.485049724578857422e-04 1.349151134490966797e-04
1.173725352902294627e+00 -4.205703735351562500e-04 -4.213452339172363281e-04 -4.190504550933837891e-04 -4.219412803649902344e-04 -4.145801067352294922e-04 -4.199445247650146484e-04 -4.200041294097900391e-04 -4.193186759948730469e-04 -4.129707813262939453e-04 -4.133284091949462891e-04
1.180178114887682428e+00 4.321038722991943359e-04 4.449784755706787109e-04 4.361569881439208984e-04 4.394352436065673828e-04 4.263818264007568359e-04 4.253089427947998047e-04 4.242360591888427734e-04 4.259645938873291016e-04 4.332065582275390625e-04 4.344582557678222656e-04
1.186630876873070450e+00 -1.581609249114990234e-04 -1.549422740936279297e-04 -1.630485057830810547e-04 -1.595318317413330078e-04 -1.490414142608642578e-04 -1.629889011383056641e-04 -1.685023307800292969e-04 -1.656711101531982422e-04 -1.689791679382324219e-04 -1.620054244995117188e-04
1.193083638858458251e+00 -1.072883605957031250e-06 -1.099705696105957031e-05 5.066394805908203125e-07 -7.659196853637695312e-06 -8.732080459594726562e-06 -2.861022949218750000e-06 3.278255462646484375e-06 -1.668930053710937500e-06 -9.715557098388671875e-06 6.616115570068359375e-06
1.199536400843846051e+00 3.541707992553710938e-04 3.468394279479980469e-04 3.474354743957519531e-04 3.504455089569091797e-04 3.440380096435546875e-04 3.669559955596923828e-04 3.486573696136474609e-04 3.497004508972167969e-04 3.512799739837646484e-04 3.470778465270996094e-04
1.205989162829234074e+00 -4.870593547821044922e-04 -4.777312278747558594e-04 -4.688203334808349609e-04 -4.865229129791259766e-04 -4.794001579284667969e-04 -4.701614379882812500e-04 -4.733204841613769531e-04 -4.859268665313720703e-04 -4.763901233673095703e-04 -4.830658435821533203e-04
1.212441924814621874e+00 3.276765346527099609e-04 3.280341625213623047e-04 3.194212913513183594e-04 3.175139427185058594e-04 3.170371055603027344e-04 3.192424774169921875e-04 3.248751163482666016e-04 3.314018249511718750e-04 3.179907798767089844e-04 3.223717212677001953e-04
1.218894686800009897e+00 1.117289066314697266e-04 1.135766506195068359e-04 1.130104064941406250e-04 1.165866851806640625e-04 1.144707202911376953e-04 1.169145107269287109e-04 1.106858253479003906e-04 1.130998134613037109e-04 1.198649406433105469e-04 1.107156276702880859e-04
1.225347448785397697e+00 -3.934800624847412109e-04 -3.952682018280029297e-04 -3.916919231414794922e-04 -3.976821899414062500e-04 -3.964602947235107422e-04 -3.826618194580078125e-04 -3.947317600250244141e-04 -3.924965858459472656e-04 -3.895163536071777344e-04 -3.805756568908691406e-04
1.231800210770785720e+00 4.258751869201660156e-04 4.380047321319580078e-04 4.492402076721191406e-04 4.490911960601806641e-04 4.398822784423828125e-04 4.378259181976318359e-04 4.302859306335449219e-04 4.334151744842529297e-04 4.270374774932861328e-04 4.298388957977294922e-04
1.238252972756173520e+00 -2.415776252746582031e-04 -2.377629280090332031e-04 -2.357363700866699219e-04 -2.362430095672607422e-04 -2.454221248626708984e-04 -2.478361129760742188e-04 -2.342462539672851562e-04 -2.332031726837158203e-04 -2.408027648925781250e-04 -2.358257770538330078e-04
1.244705734741561542e+00 -1.753866672515869141e-04 -1.814663410186767578e-04 -1.727044582366943359e-04 -1.792311668395996094e-04 -1.686811447143554688e-04 -1.673996448516845703e-04 -1.760423183441162109e-04 -1.768171787261962891e-04 -1.752078533172607422e-04 -1.656711101531982422e-04
1.251158496726949343e+00 4.113018512725830078e-04 4.056692123413085938e-04 4.013478755950927734e-04 4.034042358398437500e-04 4.111230373382568359e-04 4.116594791412353516e-04 4.058182239532470703e-04 3.983974456787109375e-04 4.073083400726318359e-04 4.012882709503173828e-04
1.257611258712337365e+00 -3.708004951477050781e-04 -3.670752048492431641e-04 -3.752410411834716797e-04 -3.654062747955322266e-04 -3.679990768432617188e-04 -3.622472286224365234e-04 -3.530979156494140625e-04 -3.677904605865478516e-04 -3.596842288970947266e-04 -3.718137741088867188e-04
1.264064020697725166e+00 4.792213439941406250e-05 4.345178604125976562e-05 4.956126213073730469e-05 4.786252975463867188e-05 5.781650543212890625e-05 5.486607551574707031e-05 5.263090133666992188e-05 5.349516868591308594e-05 4.684925079345703125e-05 5.367398262023925781e-05
1.270516782683113188e+00 1.958012580871582031e-04 1.991093158721923828e-04 2.030134201049804688e-04 2.139508724212646484e-04 2.010464668273925781e-04 1.954138278961181641e-04 2.038776874542236328e-04 1.968741416931152344e-04 2.004504203796386719e-04 1.933872699737548828e-04
1.276969544668500989e+00 -4.183948040008544922e-04 -4.194378852844238281e-04 -4.159510135650634766e-04 -4.121661186218261719e-04 -4.153251647949218750e-04 -4.141032695770263672e-04 -4.154145717620849609e-04 -4.190206527709960938e-04 -4.188716411590576172e-04 -4.252791404724121094e-04
1.283422306653888789e+00 2.820193767547607422e-04 2.834796905517578125e-04 2.787709236145019531e-04 2.785027027130126953e-04 2.805292606353759766e-04 2.939105033874511719e-04 2.827048301696777344e-04 2.770423889160156250e-04 2.785027027130126953e-04 2.852082252502441406e-04
1.289875068639276812e+00 7.170438766479492188e-05 6.181001663208007812e-05 7.271766662597656250e-05 6.827712059020996094e-05 5.584955215454101562e-05 7.122755050659179688e-05 7.966160774230957031e-05 6.586313247680664062e-05 6.583333015441894531e-05 6.937980651855468750e-05
1.296327830624664612e+00 -3.417432308197021484e-04 -3.399848937988281250e-04 -3.398954868316650391e-04 -3.426074981689453125e-04 -3.500282764434814453e-04 -3.432035446166992188e-04 -3.398954868316650391e-04 -3.456771373748779297e-04 -3.468096256256103516e-04 -3.380775451660156250e-04
1.302780592610052635e+00 4.077851772308349609e-04 3.936290740966796875e-04 4.108846187591552734e-04 4.064142704010009766e-04 4.091262817382812500e-04 4.106760025024414062e-04 3.937780857086181641e-04 4.079639911651611328e-04 4.026889801025390625e-04 4.084408283233642578e-04
1.309233354595440435e+00 -2.745687961578369141e-04 -2.766251564025878906e-04 -2.663135528564453125e-04 -2.706050872802734375e-04 -2.759397029876708984e-04 -2.722740173339843750e-04 -2.758204936981201172e-04 -2.756714820861816406e-04 -2.711415290832519531e-04 -2.760589122772216797e-04
1.315686116580828458e+00 -1.077055931091308594e-04 -1.023709774017333984e-04 -9.867548942565917969e-05 -8.651614189147949219e-05 -1.119375228881835938e-04 -9.763240814208984375e-05 -1.034736633300781250e-04 -1.005530357360839844e-04 -1.049339771270751953e-04 -9.733438491821289062e-05
1.322138878566216258e+00 3.654062747955322266e-04 3.624558448791503906e-04 3.488063812255859375e-04 3.519654273986816406e-04 3.337562084197998047e-04 3.658533096313476562e-04 3.610849380493164062e-04 3.554821014404296875e-04 3.410279750823974609e-04 3.613531589508056641e-04
1.328591640551604280e+00 -2.799332141876220703e-04 -2.872943878173828125e-04 -2.882778644561767578e-04 -2.886652946472167969e-04 -2.921521663665771484e-04 -3.032684326171875000e-04 -2.919137477874755859e-04 -2.908110618591308594e-04 -2.879798412322998047e-04 -3.001987934112548828e-04
1.335044402536992081e+00 -2.789497375488281250e-05 -2.413988113403320312e-05 -3.206729888916015625e-05 -2.968311309814453125e-05 -3.141164779663085938e-05 -2.312660217285156250e-05 -3.358721733093261719e-05 -3.936886787414550781e-05 -3.021955490112304688e-05 -3.284215927124023438e-05
1.341497164522380103e+00 2.579689025878906250e-04 2.478957176208496094e-04 2.596676349639892578e-04 2.543032169342041016e-04 2.613961696624755859e-04 2.602040767669677734e-04 2.585649490356445312e-04 2.681910991668701172e-04 2.625286579132080078e-04 2.587437629699707031e-04
1.347949926507767904e+00 -2.558529376983642578e-04 -2.528727054595947266e-04 -2.547800540924072266e-04 -2.434551715850830078e-04 -2.526342868804931641e-04 -2.584159374237060547e-04 -2.442002296447753906e-04 -2.538561820983886719e-04 -2.608895301818847656e-04 -2.674758434295654297e-04
1.354402688493155926e+00 1.155436038970947266e-04 1.077651977539062500e-04 1.020729541778564453e-04 1.000761985778808594e-04 1.066625118255615234e-04 9.679794311523437500e-05 1.111924648284912109e-04 1.046657562255859375e-04 1.164376735687255859e-04 1.056492328643798828e-04
1.360855450478543727e+00 8.144974708557128906e-05 9.116530418395996094e-05 8.895993232727050781e-05 8.800625801086425781e-05 9.617209434509277344e-05 8.982419967651367188e-05 7.763504981994628906e-05 8.690357208251953125e-05 9.328126907348632812e-05 7.867813110351562500e-05
1.367308212463931749e+00 -3.199577331542968750e-04 -3.333985805511474609e-04 -3.294646739959716797e-04 -3.250241279602050781e-04 -3.352761268615722656e-04 -3.317296504974365234e-04 -3.242790699005126953e-04 -3.380477428436279297e-04 -3.324151039123535156e-04 -3.148019313812255859e-04
1.373760974449319550e+00 1.930296421051025391e-04 1.980364322662353516e-04 1.901686191558837891e-04 1.816749572753906250e-04 1.979172229766845703e-04 2.013444900512695312e-04 1.878142356872558594e-04 1.951158046722412109e-04 2.025067806243896484e-04 1.972615718841552734e-04
1.380213736434707350e+00 6.082653999328613281e-05 6.419420242309570312e-05 6.401538848876953125e-05 5.301833152770996094e-05 5.581974983215332031e-05 6.648898124694824219e-05 6.234645843505859375e-05 6.496906280517578125e-05 6.720423698425292969e-05 5.772709846496582031e-05
1.386666498420095373e+00 -1.301765441894531250e-04 -1.398622989654541016e-04 -1.357197761535644531e-04 -1.365542411804199219e-04 -1.327395439147949219e-04 -1.306831836700439453e-04 -1.320242881774902344e-04 -1.398026943206787109e-04 -1.249611377716064453e-04 -1.331567764282226562e-04
1.393119260405483173e+00 2.421736717224121094e-04 2.468824386596679688e-04 2.547502517700195312e-04 2.589523792266845703e-04 2.605319023132324219e-04 2.458095550537109375e-04 2.449452877044677734e-04 2.429187297821044922e-04 2.344548702239990234e-04 2.396106719970703125e-04
1.399572022390871195e+00 -1.078546047210693359e-04 -1.099705696105957031e-04 -1.020729541778564453e-04 -1.015067100524902344e-04 -1.012384891510009766e-04 -9.781122207641601562e-05 -1.054108142852783203e-04 -1.083612442016601562e-04 -9.819865226745605469e-05 -1.029074192047119141e-04
1.406024784376258996e+00 -1.165270805358886719e-05 -1.400709152221679688e-05 -8.225440979003906250e-06 -1.174211502075195312e-05 -1.120567321777343750e-05 -1.692771911621093750e-05 -1.341104507446289062e-05 -6.020069122314453125e-06 -8.404254913330078125e-06 -2.124905586242675781e-05
1.412477546361647018e+00 1.371204853057861328e-04 1.275837421417236328e-04 1.446902751922607422e-04 1.371204853057861328e-04 1.422762870788574219e-04 1.294910907745361328e-04 1.454949378967285156e-04 1.410841941833496094e-04 1.303851604461669922e-04 1.387298107147216797e-04
1.418930308347034819e+00 -6.118416786193847656e-05 -5.105137825012207031e-05 -6.303191184997558594e-05 -5.650520324707031250e-05 -5.915760993957519531e-05 -5.897879600524902344e-05 -6.064772605895996094e-05 -6.136298179626464844e-05 -5.403161048889160156e-05 -5.730986595153808594e-05
1.425383070332422841e+00 3.722310066223144531e-05 3.480911254882812500e-05 2.983212471008300781e-05 2.461671829223632812e-05 2.434849739074707031e-05 4.103779792785644531e-05 2.661347389221191406e-05 3.182888031005859375e-05 3.120303153991699219e-05 4.032254219055175781e-05
1.431835832317810642e+00 1.019537448883056641e-04 1.034140586853027344e-04 9.459257125854492188e-05 9.903311729431152344e-05 1.120865345001220703e-04 1.075267791748046875e-04 1.036822795867919922e-04 1.094639301300048828e-04 1.057386398315429688e-04 1.100301742553710938e-04
1.438288594303198664e+00 -1.672208309173583984e-04 -1.754164695739746094e-04 -1.709759235382080078e-04 -1.761019229888916016e-04 -1.743137836456298828e-04 -1.851022243499755859e-04 -1.687109470367431641e-04 -1.758038997650146484e-04 -1.776814460754394531e-04 -1.722574234008789062e-04
1.444741356288586465e+00 4.261732101440429688e-05 4.050135612487792969e-05 5.072355270385742188e-05 4.458427429199218750e-05 4.303455352783203125e-05 3.242492675781250000e-05 4.583597183227539062e-05 4.860758781433105469e-05 4.839897155761718750e-05 3.767013549804687500e-05
1.451194118273974487e+00 7.593631744384765625e-05 6.619095802307128906e-05 7.525086402893066406e-05 8.147954940795898438e-05 7.021427154541015625e-05 8.136034011840820312e-05 7.587671279907226562e-05 6.854534149169921875e-05 7.101893424987792969e-05 6.890296936035156250e-05
1.457646880259362288e+00 -6.970763206481933594e-05 -6.666779518127441406e-05 -5.349516868591308594e-05 -7.247924804687500000e-05 -7.125735282897949219e-05 -7.289648056030273438e-05 -7.495284080505371094e-05 -6.434321403503417969e-05 -5.429983139038085938e-05 -7.101893424987792969e-05
1.464099642244750310e+00 6.541609764099121094e-05 5.295872688293457031e-05 7.459521293640136719e-05 6.154179573059082031e-05 6.785988807678222656e-05 6.064772605895996094e-05 7.861852645874023438e-05 7.012486457824707031e-05 6.586313247680664062e-05 7.110834121704101562e-05
1.470552404230138110e+00 -1.004338264465332031e-05 -1.478195190429687500e-05 -2.908706665039062500e-05 -2.002716064453125000e-05 -9.447336196899414062e-06 -1.433491706848144531e-05 -1.069903373718261719e-05 -2.303719520568847656e-05 -1.159310340881347656e-05 -1.406669616699218750e-05
1.477005166215525911e+00 -5.233287811279296875e-05 -4.914402961730957031e-05 -6.237626075744628906e-05 -5.361437797546386719e-05 -5.367398262023925781e-05 -5.397200584411621094e-05 -4.875659942626953125e-05 -6.163120269775390625e-05 -5.114078521728515625e-05 -5.492568016052246094e-05
1.483457928200913933e+00 5.233287811279296875e-05 6.201863288879394531e-05 5.871057510375976562e-05 6.315112113952636719e-05 5.093216896057128906e-05 6.279349327087402344e-05 5.087256431579589844e-05 5.871057510375976562e-05 5.367398262023925781e-05 6.127357482910156250e-05
1.489910690186301734e+00 1.624226570129394531e-05 2.089142799377441406e-05 1.612305641174316406e-05 2.235174179077148438e-06 5.334615707397460938e-06 7.212162017822265625e-06 1.916289329528808594e-05 1.439452171325683594e-05 1.496076583862304688e-05 4.053115844726562500e-06
1.496363452171689756e+00 -4.544854164123535156e-05 -4.643201828002929688e-05 -4.500150680541992188e-05 -4.708766937255859375e-05 -4.905462265014648438e-05 -4.708766937255859375e-05 -5.283951759338378906e-05 -3.871321678161621094e-05 -4.345178604125976562e-05 -4.327297210693359375e-05
1.502816214157077557e+00 6.690621376037597656e-05 7.203221321105957031e-05 7.453560829162597656e-05 7.304549217224121094e-05 8.684396743774414062e-05 7.057189941406250000e-05 8.729100227355957031e-05 7.158517837524414062e-05 7.036328315734863281e-05 7.796287536621093750e-05
1.509268976142465579e+00 -2.658367156982421875e-05 -2.351403236389160156e-05 -1.582503318786621094e-05 -2.792477607727050781e-05 -2.643465995788574219e-05 -1.922249794006347656e-05 -2.530217170715332031e-05 -2.497434616088867188e-05 -1.913309097290039062e-05 -2.413988113403320312e-05
1.515721738127853380e+00 -4.246830940246582031e-05 -3.921985626220703125e-05 -4.726648330688476562e-05 -2.330541610717773438e-05 -3.874301910400390625e-05 -4.175305366516113281e-05 -4.357099533081054688e-05 -4.827976226806640625e-05 -4.822015762329101562e-05 -3.707408905029296875e-05
1.522174500113241402e+00 1.121759414672851562e-04 1.159310340881347656e-04 1.067221164703369141e-04 1.104772090911865234e-04 1.091063022613525391e-04 9.983777999877929688e-05 1.111924648284912109e-04 1.038610935211181641e-04 1.143813133239746094e-04 9.161233901977539062e-05
1.528627262098629203e+00 -5.289912223815917969e-05 -4.953145980834960938e-05 -6.496906280517578125e-05 -5.871057510375976562e-05 -5.927681922912597656e-05 -5.692243576049804688e-05 -5.790591239929199219e-05 -5.653500556945800781e-05 -6.085634231567382812e-05 -6.398558616638183594e-05
1.535080024084017225e+00 -1.350045204162597656e-05 -1.910328865051269531e-05 -2.157688140869140625e-05 -2.074241638183593750e-05 -1.862645149230957031e-05 -1.299381256103515625e-05 -1.123547554016113281e-05 -2.789497375488281250e-05 -2.279877662658691406e-05 -1.505017280578613281e-05
1.541532786069405025e+00 8.004903793334960938e-05 6.744265556335449219e-05 7.271766662597656250e-05 7.796287536621093750e-05 7.021427154541015625e-05 6.505846977233886719e-05 6.452202796936035156e-05 6.592273712158203125e-05 7.334351539611816406e-05 6.368756294250488281e-05
1.547985548054793048e+00 -9.009242057800292969e-05 -9.891390800476074219e-05 -9.903311729431152344e-05 -8.633732795715332031e-05 -1.016259193420410156e-04 -9.587407112121582031e-05 -9.164214134216308594e-05 -9.080767631530761719e-05 -9.793043136596679688e-05 -9.626150131225585938e-05
1.554438310040180848e+00 3.600120544433593750e-05 4.488229751586914062e-05 3.501772880554199219e-05 4.577636718750000000e-05 4.261732101440429688e-05 3.573298454284667969e-05 4.717707633972167969e-05 3.218650817871093750e-05 3.749132156372070312e-05 3.996491432189941406e-05
1.560891072025568649e+00 7.644295692443847656e-05 6.234645843505859375e-05 5.930662155151367188e-05 6.800889968872070312e-05 5.882978439331054688e-05 6.309151649475097656e-05 5.999207496643066406e-05 8.118152618408203125e-05 7.054209709167480469e-05 6.988644599914550781e-05
1.567343834010956671e+00 -1.588761806488037109e-04 -1.544952392578125000e-04 -1.372098922729492188e-04 -1.449882984161376953e-04 -1.459419727325439453e-04 -1.378655433654785156e-04 -1.440942287445068359e-04 -1.497268676757812500e-04 -1.509487628936767578e-04 -1.495182514190673828e-04
1.573796595996344472e+00 1.150369644165039062e-04 1.219809055328369141e-04 1.205503940582275391e-04 1.079738140106201172e-04 1.145303249359130859e-04 1.206696033477783203e-04 1.180469989776611328e-04 1.286864280700683594e-04 1.187622547149658203e-04 1.188516616821289062e-04
1.580249357981732494e+00 -4.369020462036132812e-05 -3.185868263244628906e-05 -3.847479820251464844e-05 -3.808736801147460938e-05 -3.272294998168945312e-05 -4.148483276367187500e-05 -4.741549491882324219e-05 -4.231929779052734375e-05 -4.851818084716796875e-05 -3.746151924133300781e-05
1.586702119967120295e+00 -1.840591430664062500e-04 -2.009272575378417969e-04 -1.808404922485351562e-04 -1.854300498962402344e-04 -1.866817474365234375e-04 -1.906156539916992188e-04 -1.803040504455566406e-04 -1.817643642425537109e-04 -1.792013645172119141e-04 -1.868605613708496094e-04
1.593154881952508317e+00 2.830922603607177734e-04 2.917349338531494141e-04 2.881884574890136719e-04 2.848803997039794922e-04 2.976655960083007812e-04 2.897977828979492188e-04 2.908110618591308594e-04 2.805292606353759766e-04 2.866983413696289062e-04 2.911388874053955078e-04
1.599607643937896118e+00 -1.950562000274658203e-04 -2.093613147735595703e-04 -1.993179321289062500e-04 -1.971721649169921875e-04 -1.972019672393798828e-04 -2.076625823974609375e-04 -2.095401287078857422e-04 -1.992583274841308594e-04 -2.018213272094726562e-04 -1.996159553527832031e-04
1.606060405923284140e+00 -1.026391983032226562e-04 -1.056194305419921875e-04 -1.038014888763427734e-04 -9.849667549133300781e-05 -9.906291961669921875e-05 -9.942054748535156250e-05 -9.712576866149902344e-05 -7.915496826171875000e-05 -8.934736251831054688e-05 -8.866190910339355469e-05
1.612513167908671941e+00 3.685355186462402344e-04 3.680288791656494141e-04 3.625154495239257812e-04 3.746747970581054688e-04 3.737211227416992188e-04 3.694295883178710938e-04 3.582239151000976562e-04 3.672242164611816406e-04 3.619194030761718750e-04 3.670156002044677734e-04
1.618965929894059963e+00 -4.433989524841308594e-04 -4.555284976959228516e-04 -4.441440105438232422e-04 -4.438161849975585938e-04 -4.494488239288330078e-04 -4.482567310333251953e-04 -4.403293132781982422e-04 -4.526674747467041016e-04 -4.488229751586914062e-04 -4.458725452423095703e-04
1.625418691879447763e+00 1.894831657409667969e-04 1.837015151977539062e-04 1.885890960693359375e-04 1.833140850067138672e-04 1.885592937469482422e-04 1.824200153350830078e-04 1.917779445648193359e-04 1.894831657409667969e-04 1.953840255737304688e-04 1.952648162841796875e-04
1.631871453864835786e+00 2.770125865936279297e-04 2.793073654174804688e-04 2.593696117401123047e-04 2.664923667907714844e-04 2.768039703369140625e-04 2.731382846832275391e-04 2.830922603607177734e-04 2.795755863189697266e-04 2.851784229278564453e-04 2.757012844085693359e-04
1.638324215850223586e+00 -5.765557289123535156e-04 -5.773007869720458984e-04 -5.849599838256835938e-04 -5.770325660705566406e-04 -5.840659141540527344e-04 -5.827248096466064453e-04 -5.800724029541015625e-04 -5.679130554199218750e-04 -5.770325660705566406e-04 -5.832910537719726562e-04
1.644776977835611609e+00 4.930198192596435547e-04 4.912614822387695312e-04 4.928112030029296875e-04 4.796385765075683594e-04 4.972517490386962891e-04 4.941225051879882812e-04 4.953742027282714844e-04 5.022287368774414062e-04 5.019903182983398438e-04 4.959106445312500000e-04
1.651229739820999409e+00 1.040101051330566406e-04 1.048743724822998047e-04 1.099705696105957031e-04 1.106262207031250000e-04 9.921193122863769531e-05 1.055300235748291016e-04 9.533762931823730469e-05 9.173154830932617188e-05 9.077787399291992188e-05 8.904933929443359375e-05
1.657682501806387210e+00 -5.792379379272460938e-04 -5.673170089721679688e-04 -5.773007869720458984e-04 -5.738437175750732422e-04 -5.696415901184082031e-04 -5.675852298736572266e-04 -5.749762058258056641e-04 -5.727410316467285156e-04 -5.673468112945556641e-04 -5.678236484527587891e-04
1.664135263791775232e+00 8.116364479064941406e-04 8.319616317749023438e-04 8.397400379180908203e-04 8.252561092376708984e-04 8.356571197509765625e-04 8.363127708435058594e-04 8.429884910583496094e-04 8.285641670227050781e-04 8.239746093750000000e-04 8.240342140197753906e-04
1.670588025777163033e+00 -4.204511642456054688e-04 -4.296004772186279297e-04 -4.045665264129638672e-04 -4.194974899291992188e-04 -4.354715347290039062e-04 -4.341304302215576172e-04 -4.210174083709716797e-04 -4.275441169738769531e-04 -4.315376281738281250e-04 -4.330873489379882812e-04
1.677040787762551055e+00 -3.768801689147949219e-04 -3.790557384490966797e-04 -3.736913204193115234e-04 -3.792047500610351562e-04 -3.692209720611572266e-04 -3.681778907775878906e-04 -3.850460052490234375e-04 -3.613531589508056641e-04 -3.730952739715576172e-04 -3.718733787536621094e-04
1.683493549747938856e+00 1.010626554489135742e-03 1.004815101623535156e-03 9.991526603698730469e-04 1.020342111587524414e-03 1.018464565277099609e-03 1.022368669509887695e-03 9.988248348236083984e-04 9.908378124237060547e-04 1.012086868286132812e-03 1.005947589874267578e-03
1.689946311733326878e+00 -9.140968322753906250e-04 -9.086430072784423828e-04 -9.192526340484619141e-04 -9.193718433380126953e-04 -9.266734123229980469e-04 -9.139180183410644531e-04 -9.193122386932373047e-04 -9.153783321380615234e-04 -9.323656558990478516e-04 -9.266138076782226562e-04
1.696399073718714678e+00 5.347728729248046875e-04 5.353093147277832031e-04 5.401074886322021484e-04 5.351305007934570312e-04 5.386471748352050781e-04 5.273818969726562500e-04 5.445480346679687500e-04 5.586147308349609375e-04 5.531609058380126953e-04 5.535185337066650391e-04
1.702851835704102701e+00 5.434453487396240234e-04 5.393922328948974609e-04 5.309581756591796875e-04 5.507171154022216797e-04 5.326271057128906250e-04 5.235373973846435547e-04 5.333125591278076172e-04 5.241334438323974609e-04 5.230903625488281250e-04 5.270838737487792969e-04
1.709304597689490501e+00 -1.185476779937744141e-03 -1.190036535263061523e-03 -1.175284385681152344e-03 -1.184016466140747070e-03 -1.178771257400512695e-03 -1.191705465316772461e-03 -1.197963953018188477e-03 -1.187056303024291992e-03 -1.176565885543823242e-03 -1.190245151519775391e-03
1.715757359674878524e+00 1.008391380310058594e-03 1.000583171844482422e-03 1.012265682220458984e-03 9.961128234863281250e-04 1.011759042739868164e-03 1.000463962554931641e-03 1.019448041915893555e-03 1.007884740829467773e-03 1.008838415145874023e-03 1.017779111862182617e-03
1.722210121660266324e+00 -2.539157867431640625e-05 -1.031160354614257812e-05 -2.914667129516601562e-05 -1.335144042968750000e-05 -1.457333564758300781e-05 -2.223253250122070312e-05 -2.419948577880859375e-05 -3.603100776672363281e-05 -3.594160079956054688e-05 -5.176663398742675781e-05
1.728662883645654347e+00 -9.883046150207519531e-04 -1.000076532363891602e-03 -9.949207305908203125e-04 -1.001864671707153320e-03 -1.004844903945922852e-03 -1.002192497253417969e-03 -9.970068931579589844e-04 -9.886920452117919922e-04 -9.879469871520996094e-04 -9.860694408416748047e-04
1.735115645631042147e+00 1.258462667465209961e-03 1.255691051483154297e-03 1.252293586730957031e-03 1.258432865142822266e-03 1.265585422515869141e-03 1.256048679351806641e-03 1.252084970474243164e-03 1.257002353668212891e-03 1.258194446563720703e-03 1.244395971298217773e-03
1.741568407616429948e+00 -6.655752658843994141e-04 -6.535351276397705078e-04 -6.716549396514892578e-04 -6.482899188995361328e-04 -6.623268127441406250e-04 -6.597042083740234375e-04 -6.457865238189697266e-04 -6.578862667083740234e-04 -6.572902202606201172e-04 -6.674528121948242188e-04
1.748021169601817970e+00 -2.577304840087890625e-04 -2.512037754058837891e-04 -2.427995204925537109e-04 -2.641677856445312500e-04 -2.514719963073730469e-04 -2.551674842834472656e-04 -2.542734146118164062e-04 -2.464652061462402344e-04 -2.395808696746826172e-04 -2.184808254241943359e-04
1.754473931587205771e+00 1.000732183456420898e-03 1.001030206680297852e-03 1.003324985504150391e-03 9.997189044952392578e-04 9.960532188415527344e-04 1.019626855850219727e-03 9.995996952056884766e-04 1.002192497253417969e-03 9.862780570983886719e-04 9.929537773132324219e-04
1.760926693572593793e+00 -8.123517036437988281e-04 -8.005797863006591797e-04 -8.172690868377685547e-04 -8.149445056915283203e-04 -8.184611797332763672e-04 -8.189678192138671875e-04 -8.134543895721435547e-04 -8.139908313751220703e-04 -8.081197738647460938e-04 -8.164942264556884766e-04
1.767379455557981593e+00 3.542602062225341797e-04 3.246068954467773438e-04 3.446340560913085938e-04 3.226697444915771484e-04 3.398656845092773438e-04 3.324747085571289062e-04 3.455281257629394531e-04 3.420710563659667969e-04 3.418326377868652344e-04 3.385841846466064453e-04
1.773832217543369616e+00 3.436505794525146484e-04 3.256201744079589844e-04 3.171563148498535156e-04 3.290474414825439453e-04 3.302097320556640625e-04 3.284215927124023438e-04 3.124177455902099609e-04 3.231763839721679688e-04 3.237128257751464844e-04 3.242790699005126953e-04
1.780284979528757416e+00 -7.247030735015869141e-04 -7.159113883972167969e-04 -7.133483886718750000e-04 -7.247924804687500000e-04 -7.233023643493652344e-04 -7.054805755615234375e-04 -7.109940052032470703e-04 -7.027685642242431641e-04 -7.151067256927490234e-04 -7.184743881225585938e-04
1.786737741514145439e+00 3.308355808258056641e-04 3.223121166229248047e-04 3.155767917633056641e-04 3.198683261871337891e-04 3.341734409332275391e-04 3.267824649810791016e-04 3.272891044616699219e-04 3.357529640197753906e-04 3.338158130645751953e-04 3.441274166107177734e-04
1.793190503499533239e+00 9.474158287048339844e-05 1.146495342254638672e-04 1.085996627807617188e-04 1.186430454254150391e-04 9.965896606445312500e-05 1.014769077301025391e-04 8.979439735412597656e-05 9.348988533020019531e-05 9.950995445251464844e-05 9.042024612426757812e-05
1.799643265484921262e+00 -3.927052021026611328e-04 -3.904998302459716797e-04 -4.004538059234619141e-04 -3.929734230041503906e-04 -4.048347473144531250e-04 -3.877282142639160156e-04 -4.009306430816650391e-04 -3.941059112548828125e-04 -3.816187381744384766e-04 -4.002153873443603516e-04
1.806096027470309062e+00 4.616677761077880859e-04 4.490911960601806641e-04 4.611909389495849609e-04 4.619956016540527344e-04 4.678368568420410156e-04 4.601478576660156250e-04 4.567503929138183594e-04 4.541277885437011719e-04 4.529953002929687500e-04 4.603266716003417969e-04
1.812548789455697085e+00 -7.668137550354003906e-05 -5.802512168884277344e-05 -6.449222564697265625e-05 -6.031990051269531250e-05 -7.033348083496093750e-05 -6.389617919921875000e-05 -6.723403930664062500e-05 -5.650520324707031250e-05 -6.437301635742187500e-05 -6.458163261413574219e-05
1.819001551441084885e+00 -3.253817558288574219e-04 -3.266334533691406250e-04 -3.274381160736083984e-04 -3.297328948974609375e-04 -3.267228603363037109e-04 -3.183484077453613281e-04 -3.119707107543945312e-04 -3.097653388977050781e-04 -3.109872341156005859e-04 -3.219544887542724609e-04
1.825454313426472908e+00 3.688037395477294922e-04 3.712177276611328125e-04 3.696382045745849609e-04 3.659427165985107422e-04 3.718137741088867188e-04 3.723800182342529297e-04 3.856420516967773438e-04 3.707706928253173828e-04 3.742277622222900391e-04 3.771483898162841797e-04
1.831907075411860708e+00 -2.127289772033691406e-04 -2.298653125762939453e-04 -2.342164516448974609e-04 -2.308189868927001953e-04 -2.379715442657470703e-04 -2.380609512329101562e-04 -2.264380455017089844e-04 -2.315342426300048828e-04 -2.360045909881591797e-04 -2.380311489105224609e-04
1.838359837397248508e+00 -1.547038555145263672e-04 -1.453161239624023438e-04 -1.527965068817138672e-04 -1.495778560638427734e-04 -1.588761806488037109e-04 -1.606047153472900391e-04 -1.482069492340087891e-04 -1.493692398071289062e-04 -1.613199710845947266e-04 -1.404881477355957031e-04
1.844812599382636531e+00 3.397762775421142578e-04 3.432035446166992188e-04 3.382265567779541016e-04 3.333091735839843750e-04 3.466606140136718750e-04 3.424584865570068359e-04 3.337562084197998047e-04 3.388226032257080078e-04 3.413856029510498047e-04 3.329813480377197266e-04
1.851265361368024331e+00 -2.739727497100830078e-04 -2.696216106414794922e-04 -2.663433551788330078e-04 -2.551972866058349609e-04 -2.622902393341064453e-04 -2.703964710235595703e-04 -2.648830413818359375e-04 -2.713203430175781250e-04 -2.635121345520019531e-04 -2.671480178833007812e-04
1.857718123353412354e+00 2.256035804748535156e-05 6.556510925292968750e-06 1.156330108642578125e-05 3.337860107421875000e-06 1.758337020874023438e-06 2.050399780273437500e-05 6.914138793945312500e-06 -5.483627319335937500e-06 6.288290023803710938e-06 3.844499588012695312e-06
1.864170885338800154e+00 1.681149005889892578e-04 1.665055751800537109e-04 1.730322837829589844e-04 1.665651798248291016e-04 1.648664474487304688e-04 1.670718193054199219e-04 1.573264598846435547e-04 1.749098300933837891e-04 1.722872257232666016e-04 1.592636108398437500e-04
1.870623647324188177e+00 -1.629292964935302734e-04 -1.661777496337890625e-04 -1.680254936218261719e-04 -1.559853553771972656e-04 -1.585185527801513672e-04 -1.735389232635498047e-04 -1.695156097412109375e-04 -1.597702503204345703e-04 -1.662969589233398438e-04 -1.685321331024169922e-04
1.877076409309575977e+00 2.920627593994140625e-05 3.272294998168945312e-05 3.546476364135742188e-05 1.427531242370605469e-05 3.197789192199707031e-05 2.342462539672851562e-05 3.182888031005859375e-05 4.035234451293945312e-05 3.206729888916015625e-05 3.311038017272949219e-05
1.883529171294964000e+00 6.571412086486816406e-05 6.181001663208007812e-05 6.121397018432617188e-05 5.513429641723632812e-05 7.227063179016113281e-05 7.185339927673339844e-05 6.702542304992675781e-05 5.650520324707031250e-05 5.584955215454101562e-05 7.241964340209960938e-05
1.889981933280351800e+00 -8.970499038696289062e-05 -8.824467658996582031e-05 -9.235739707946777344e-05 -7.638335227966308594e-05 -8.413195610046386719e-05 -8.341670036315917969e-05 -9.694695472717285156e-05 -8.505582809448242188e-05 -9.521842002868652344e-05 -9.298324584960937500e-05
1.896434695265739823e+00 -5.394220352172851562e-06 -1.162290573120117188e-06 1.996755599975585938e-06 -4.470348358154296875e-06 -4.231929779052734375e-06 3.516674041748046875e-06 -4.678964614868164062e-06 3.665685653686523438e-06 -9.834766387939453125e-07 -6.556510925292968750e-06
1.902887457251127623e+00 8.559226989746093750e-05 7.387995719909667969e-05 6.639957427978515625e-05 7.310509681701660156e-05 7.393956184387207031e-05 7.650256156921386719e-05 6.368756294250488281e-05 8.153915405273437500e-05 6.762146949768066406e-05 7.182359695434570312e-05
1.909340219236515646e+00 -3.716349601745605469e-05 -3.936886787414550781e-05 -4.389882087707519531e-05 -3.871321678161621094e-05 -5.024671554565429688e-05 -4.437565803527832031e-05 -3.585219383239746094e-05 -3.230571746826171875e-05 -5.704164505004882812e-05 -5.024671554565429688e-05
1.915792981221903446e+00 -6.794929504394531250e-06 -1.370906829833984375e-05 -1.585483551025390625e-05 -8.016824722290039062e-06 -1.478195190429687500e-05 -1.546740531921386719e-05 -1.323223114013671875e-05 -2.086162567138671875e-05 -1.600384712219238281e-05 -4.261732101440429688e-06
1.922245743207291468e+00 6.577372550964355469e-05 6.932020187377929688e-05 6.726384162902832031e-05 7.447600364685058594e-05 8.043646812438964844e-05 6.631016731262207031e-05 8.130073547363281250e-05 7.954239845275878906e-05 7.873773574829101562e-05 7.337331771850585938e-05
1.928698505192679269e+00 -7.662177085876464844e-05 -7.173418998718261719e-05 -6.800889968872070312e-05 -6.401538848876953125e-05 -8.121132850646972656e-05 -6.699562072753906250e-05 -6.413459777832031250e-05 -7.185339927673339844e-05 -6.303191184997558594e-05 -7.662177085876464844e-05
1.935151267178067069e+00 6.735324859619140625e-05 7.328391075134277344e-05 5.903840065002441406e-05 6.863474845886230469e-05 6.100535392761230469e-05 6.401538848876953125e-05 6.937980651855468750e-05 6.684660911560058594e-05 6.803870201110839844e-05 6.422400474548339844e-05
1.941604029163455092e+00 5.492568016052246094e-05 5.853176116943359375e-05 4.073977470397949219e-05 4.795193672180175781e-05 6.386637687683105469e-05 4.482269287109375000e-05 4.929304122924804688e-05 5.978345870971679688e-05 5.409121513366699219e-05 5.266070365905761719e-05
1.948056791148842892e+00 -5.549192428588867188e-05 -4.106760025024414062e-05 -5.605816841125488281e-05 -6.020069122314453125e-05 -6.622076034545898438e-05 -6.425380706787109375e-05 -5.954504013061523438e-05 -5.111098289489746094e-05 -4.655122756958007812e-05 -5.602836608886718750e-05
1.954509553134230915e+00 1.746416091918945312e-05 6.109476089477539062e-06 2.002716064453125000e-05 1.028180122375488281e-05 1.192092895507812500e-05 1.227855682373046875e-05 1.940131187438964844e-05 1.189112663269042969e-05 1.516938209533691406e-05 4.857778549194335938e-06
1.960962315119618715e+00 3.755092620849609375e-05 3.707408905029296875e-05 5.447864532470703125e-05 5.108118057250976562e-05 4.622340202331542969e-05 3.778934478759765625e-05 4.139542579650878906e-05 4.264712333679199219e-05 3.859400749206542969e-05 3.764033317565917969e-05
1.967415077105006738e+00 -3.710389137268066406e-05 -3.686547279357910156e-05 -3.078579902648925781e-05 -4.085898399353027344e-05 -4.133582115173339844e-05 -4.056096076965332031e-05 -3.647804260253906250e-05 -2.989172935485839844e-05 -3.647804260253906250e-05 -3.221631050109863281e-05
1.973867839090394538e+00 4.014372825622558594e-05 4.062056541442871094e-05 3.531575202941894531e-05 3.933906555175781250e-05 3.293156623840332031e-05 3.701448440551757812e-05 4.369020462036132812e-05 3.311038017272949219e-05 4.106760025024414062e-05 2.992153167724609375e-05
1.980320601075782561e+00 5.066394805908203125e-07 -9.894371032714843750e-06 -2.056360244750976562e-06 -5.364418029785156250e-07 2.473592758178710938e-06 2.980232238769531250e-06 -5.871057510375976562e-06 8.940696716308593750e-07 4.023313522338867188e-06 5.692243576049804688e-06
1.986773363061170361e+00 -6.189942359924316406e-05 -8.210539817810058594e-05 -6.648898124694824219e-05 -6.929039955139160156e-05 -8.660554885864257812e-05 -8.603930473327636719e-05 -7.408857345581054688e-05 -6.645917892456054688e-05 -6.791949272155761719e-05 -5.871057510375976562e-05
1.993226125046558384e+00 6.145238876342773438e-05 7.569789886474609375e-05 5.376338958740234375e-05 7.134675979614257812e-05 6.717443466186523438e-05 6.270408630371093750e-05 6.291270256042480469e-05 6.884336471557617188e-05 5.635619163513183594e-05 6.848573684692382812e-05
1.999678887031946184e+00 7.516145706176757812e-05 6.237626075744628906e-05 6.285309791564941406e-05 8.076429367065429688e-05 6.911158561706542969e-05 5.871057510375976562e-05 6.946921348571777344e-05 7.420778274536132812e-05 8.147954940795898438e-05 7.638335227966308594e-05
2.006131649017333984e+00 -5.513429641723632812e-06 -1.603364944458007812e-05 -4.619359970092773438e-06 -1.856684684753417969e-05 -1.284480094909667969e-05 -3.665685653686523438e-06 -8.285045623779296875e-06 -1.218914985656738281e-05 -2.354383468627929688e-06 -1.451373100280761719e-05
