# Range[m] 0 1 2 3 4 5 6 7 8 9
1.800000071525573730e-01 -6.395250558853149414e-03 -6.374537944793701172e-03 -6.379693746566772461e-03 -6.384998559951782227e-03 -6.374627351760864258e-03 -6.385505199432373047e-03 -6.420493125915527344e-03 -6.404370069503784180e-03 -6.380319595336914062e-03 -6.409138441085815430e-03
1.864527691379452845e-01 2.039521932601928711e-03 2.046674489974975586e-03 2.006530761718750000e-03 2.046346664428710938e-03 2.030283212661743164e-03 2.076953649520874023e-03 2.127766609191894531e-03 2.097964286804199219e-03 2.100855112075805664e-03 2.096712589263916016e-03
1.929055311233331682e-01 4.190117120742797852e-03 4.187166690826416016e-03 4.193037748336791992e-03 4.188179969787597656e-03 4.158049821853637695e-03 4.136711359024047852e-03 4.108935594558715820e-03 4.123628139495849609e-03 4.135161638259887695e-03 4.124939441680908203e-03
1.993582931087210797e-01 -5.647540092468261719e-03 -5.649387836456298828e-03 -5.634218454360961914e-03 -5.647927522659301758e-03 -5.645453929901123047e-03 -5.661725997924804688e-03 -5.678147077560424805e-03 -5.638092756271362305e-03 -5.627393722534179688e-03 -5.632728338241577148e-03
2.058110550941089911e-01 2.753347158432006836e-03 2.765536308288574219e-03 2.750843763351440430e-03 2.767533063888549805e-03 2.772450447082519531e-03 2.780258655548095703e-03 2.834677696228027344e-03 2.804696559906005859e-03 2.807587385177612305e-03 2.810686826705932617e-03
2.122638170794968748e-01 1.902639865875244141e-03 1.903355121612548828e-03 1.922488212585449219e-03 1.888513565063476562e-03 1.894295215606689453e-03 1.868128776550292969e-03 1.878857612609863281e-03 1.866519451141357422e-03 1.868844032287597656e-03 1.872718334197998047e-03
2.187165790648847863e-01 -3.802269697189331055e-03 -3.801703453063964844e-03 -3.803968429565429688e-03 -3.801435232162475586e-03 -3.790646791458129883e-03 -3.796041011810302734e-03 -3.809601068496704102e-03 -3.797829151153564453e-03 -3.779232501983642578e-03 -3.812700510025024414e-03
2.251693410502726977e-01 2.710551023483276367e-03 2.734363079071044922e-03 2.713382244110107422e-03 2.733677625656127930e-03 2.736866474151611328e-03 2.735793590545654297e-03 2.754449844360351562e-03 2.733051776885986328e-03 2.744257450103759766e-03 2.750366926193237305e-03
2.316221030356606092e-01 1.185745000839233398e-03 1.169472932815551758e-03 1.170337200164794922e-03 1.175731420516967773e-03 1.167178153991699219e-03 1.178503036499023438e-03 1.183003187179565430e-03 1.159042119979858398e-03 1.146852970123291016e-03 1.153200864791870117e-03
2.380748650210485207e-01 -3.057450056076049805e-03 -3.061354160308837891e-03 -3.043234348297119141e-03 -3.056615591049194336e-03 -3.038555383682250977e-03 -3.033816814422607422e-03 -3.062278032302856445e-03 -3.072738647460937500e-03 -3.055483102798461914e-03 -3.074020147323608398e-03
2.445276270064364044e-01 8.584260940551757812e-04 8.858740329742431641e-04 8.678436279296875000e-04 8.897483348846435547e-04 8.530914783477783203e-04 8.884370326995849609e-04 8.704960346221923828e-04 9.105801582336425781e-04 8.727014064788818359e-04 8.952319622039794922e-04
2.509803889918242881e-01 3.738433122634887695e-03 3.733813762664794922e-03 3.739774227142333984e-03 3.722101449966430664e-03 3.727853298187255859e-03 3.733903169631958008e-03 3.749012947082519531e-03 3.722786903381347656e-03 3.731757402420043945e-03 3.724098205566406250e-03
2.574331509772121995e-01 -5.584537982940673828e-03 -5.584388971328735352e-03 -5.570739507675170898e-03 -5.597442388534545898e-03 -5.587875843048095703e-03 -5.595982074737548828e-03 -5.587905645370483398e-03 -5.608409643173217773e-03 -5.576848983764648438e-03 -5.610823631286621094e-03
2.638859129626001110e-01 3.093600273132324219e-03 3.109186887741088867e-03 3.085136413574218750e-03 3.123551607131958008e-03 3.100812435150146484e-03 3.124177455902099609e-03 3.127187490463256836e-03 3.156989812850952148e-03 3.144711256027221680e-03 3.138959407806396484e-03
2.703386749479880224e-01 4.532605409622192383e-03 4.540234804153442383e-03 4.512101411819458008e-03 4.513889551162719727e-03 4.518628120422363281e-03 4.502236843109130859e-03 4.461079835891723633e-03 4.457980394363403320e-03 4.506230354309082031e-03 4.488945007324218750e-03
2.767914369333759339e-01 -1.055997610092163086e-02 -1.057428121566772461e-02 -1.055005192756652832e-02 -1.056182384490966797e-02 -1.055988669395446777e-02 -1.056313514709472656e-02 -1.053678989410400391e-02 -1.055777072906494141e-02 -1.052623987197875977e-02 -1.052826642990112305e-02
2.832441989187638454e-01 1.006758213043212891e-02 1.006594300270080566e-02 1.003015041351318359e-02 1.007574796676635742e-02 1.008227467536926270e-02 1.009535789489746094e-02 1.011264324188232422e-02 1.014924049377441406e-02 1.009854674339294434e-02 1.008853316307067871e-02
2.896969609041517568e-01 1.340508460998535156e-04 8.043646812438964844e-05 1.694262027740478516e-04 1.085102558135986328e-04 1.301765441894531250e-04 6.601214408874511719e-05 -7.420778274536132812e-06 8.344650268554687500e-07 3.007054328918457031e-05 1.073479652404785156e-04
2.961497228895396683e-01 -1.185995340347290039e-02 -1.183196902275085449e-02 -1.190063357353210449e-02 -1.184248924255371094e-02 -1.182776689529418945e-02 -1.181703805923461914e-02 -1.176014542579650879e-02 -1.174956560134887695e-02 -1.177576184272766113e-02 -1.177027821540832520e-02
3.026024848749275242e-01 1.751801371574401855e-02 1.750335097312927246e-02 1.750373840332031250e-02 1.751691102981567383e-02 1.751580834388732910e-02 1.749280095100402832e-02 1.752251386642456055e-02 1.747652888298034668e-02 1.747685670852661133e-02 1.747050881385803223e-02
3.090552468603154357e-01 -1.178842782974243164e-02 -1.180407404899597168e-02 -1.174306869506835938e-02 -1.182076334953308105e-02 -1.176697015762329102e-02 -1.183947920799255371e-02 -1.194557547569274902e-02 -1.192635297775268555e-02 -1.189112663269042969e-02 -1.191562414169311523e-02
3.155080088457033471e-01 -5.134761333465576172e-03 -5.077093839645385742e-03 -5.214542150497436523e-03 -5.113959312438964844e-03 -5.125880241394042969e-03 -5.030572414398193359e-03 -4.993736743927001953e-03 -4.924237728118896484e-03 -4.993915557861328125e-03 -4.964768886566162109e-03
3.219607708310912586e-01 1.926824450492858887e-02 1.925200223922729492e-02 1.925840973854064941e-02 1.921379566192626953e-02 1.926693320274353027e-02 1.922655105590820312e-02 1.918217539787292480e-02 1.913711428642272949e-02 1.915773749351501465e-02 1.917216181755065918e-02
3.284135328164791701e-01 -2.189564704895019531e-02 -2.188059687614440918e-02 -2.182638645172119141e-02 -2.189216017723083496e-02 -2.188503742218017578e-02 -2.190023660659790039e-02 -2.196779847145080566e-02 -2.196043729782104492e-02 -2.189603447914123535e-02 -2.192369103431701660e-02
3.348662948018670260e-01 5.996674299240112305e-03 5.974531173706054688e-03 5.863428115844726562e-03 6.021320819854736328e-03 6.019592285156250000e-03 6.037086248397827148e-03 6.100594997406005859e-03 6.162077188491821289e-03 6.113827228546142578e-03 6.152421236038208008e-03
3.413190567872549375e-01 1.149097084999084473e-02 1.141786575317382812e-02 1.149684190750122070e-02 1.140084862709045410e-02 1.141536235809326172e-02 1.136592030525207520e-02 1.127794384956359863e-02 1.124426722526550293e-02 1.136094331741333008e-02 1.133424043655395508e-02
3.477718187726428489e-01 -2.531263232231140137e-02 -2.531307935714721680e-02 -2.527028322219848633e-02 -2.527946233749389648e-02 -2.527472376823425293e-02 -2.531185746192932129e-02 -2.525061368942260742e-02 -2.525395154953002930e-02 -2.524814009666442871e-02 -2.525308728218078613e-02
3.542245807580307604e-01 1.981306076049804688e-02 1.981043815612792969e-02 1.977187395095825195e-02 1.988115906715393066e-02 1.983770728111267090e-02 1.988169550895690918e-02 1.991435885429382324e-02 1.992812752723693848e-02 1.987308263778686523e-02 1.987805962562561035e-02
3.606773427434186718e-01 -2.514630556106567383e-03 -2.531349658966064453e-03 -2.471894025802612305e-03 -2.606898546218872070e-03 -2.562195062637329102e-03 -2.634257078170776367e-03 -2.743035554885864258e-03 -2.778857946395874023e-03 -2.691566944122314453e-03 -2.651900053024291992e-03
3.671301047288065833e-01 -1.888310909271240234e-02 -1.880657672882080078e-02 -1.888418197631835938e-02 -1.879465579986572266e-02 -1.884323358535766602e-02 -1.881188154220581055e-02 -1.870852708816528320e-02 -1.870268583297729492e-02 -1.873803138732910156e-02 -1.883670687675476074e-02
3.735828667141944948e-01 2.475082874298095703e-02 2.472093701362609863e-02 2.471151947975158691e-02 2.473983168601989746e-02 2.474203705787658691e-02 2.473738789558410645e-02 2.472326159477233887e-02 2.473860979080200195e-02 2.471810579299926758e-02 2.470272779464721680e-02
3.800356286995824062e-01 -1.659634709358215332e-02 -1.663979887962341309e-02 -1.653891801834106445e-02 -1.667428016662597656e-02 -1.664286851882934570e-02 -1.666820049285888672e-02 -1.669821143150329590e-02 -1.674121618270874023e-02 -1.665884256362915039e-02 -1.664394140243530273e-02
3.864883906849703177e-01 -5.164623260498046875e-03 -5.188047885894775391e-03 -5.239844322204589844e-03 -5.204945802688598633e-03 -5.217492580413818359e-03 -5.155026912689208984e-03 -5.003750324249267578e-03 -5.049645900726318359e-03 -5.067467689514160156e-03 -5.019724369049072266e-03
3.929411526703582291e-01 1.933985948562622070e-02 1.930621266365051270e-02 1.932504773139953613e-02 1.933294534683227539e-02 1.931935548782348633e-02 1.931726932525634766e-02 1.922398805618286133e-02 1.923674345016479492e-02 1.924118399620056152e-02 1.923447847366333008e-02
3.993939146557460851e-01 -1.763191819190979004e-02 -1.764494180679321289e-02 -1.763710379600524902e-02 -1.768350601196289062e-02 -1.761555671691894531e-02 -1.768645644187927246e-02 -1.769071817398071289e-02 -1.771053671836853027e-02 -1.764902472496032715e-02 -1.762691140174865723e-02
4.058466766411339965e-01 2.979785203933715820e-03 3.010034561157226562e-03 2.940535545349121094e-03 3.042966127395629883e-03 2.980977296829223633e-03 3.051847219467163086e-03 3.190159797668457031e-03 3.145515918731689453e-03 3.089636564254760742e-03 3.091096878051757812e-03
4.122994386265219080e-01 1.274275779724121094e-02 1.274788379669189453e-02 1.282328367233276367e-02 1.274439692497253418e-02 1.277890801429748535e-02 1.274314522743225098e-02 1.263245940208435059e-02 1.269656419754028320e-02 1.268002390861511230e-02 1.268365979194641113e-02
4.187522006119098195e-01 -1.554796099662780762e-02 -1.551005244255065918e-02 -1.550853252410888672e-02 -1.553830504417419434e-02 -1.549857854843139648e-02 -1.551786065101623535e-02 -1.548773050308227539e-02 -1.549485325813293457e-02 -1.551559567451477051e-02 -1.548022031784057617e-02
4.252049625972976754e-01 6.737023591995239258e-03 6.714761257171630859e-03 6.687968969345092773e-03 6.747871637344360352e-03 6.715238094329833984e-03 6.751567125320434570e-03 6.840407848358154297e-03 6.801664829254150391e-03 6.761819124221801758e-03 6.773561239242553711e-03
4.316577245826856424e-01 5.444318056106567383e-03 5.462586879730224609e-03 5.494028329849243164e-03 5.447536706924438477e-03 5.454987287521362305e-03 5.450129508972167969e-03 5.362659692764282227e-03 5.359530448913574219e-03 5.389302968978881836e-03 5.344003438949584961e-03
4.381104865680734983e-01 -1.197129487991333008e-02 -1.195767521858215332e-02 -1.196303963661193848e-02 -1.195180416107177734e-02 -1.197102665901184082e-02 -1.194804906845092773e-02 -1.190972328186035156e-02 -1.192307472229003906e-02 -1.192405819892883301e-02 -1.189947128295898438e-02
4.445632485534614098e-01 8.814394474029541016e-03 8.832067251205444336e-03 8.796662092208862305e-03 8.831381797790527344e-03 8.839935064315795898e-03 8.840650320053100586e-03 8.885979652404785156e-03 8.856564760208129883e-03 8.834213018417358398e-03 8.808404207229614258e-03
4.510160105388493212e-01 2.858042716979980469e-05 1.576542854309082031e-05 7.247924804687500000e-05 3.078579902648925781e-05 1.612305641174316406e-05 -1.916289329528808594e-05 -5.069375038146972656e-05 -5.421042442321777344e-05 -1.734495162963867188e-05 -3.194808959960937500e-05
4.574687725242372327e-01 -6.836801767349243164e-03 -6.823539733886718750e-03 -6.847530603408813477e-03 -6.830543279647827148e-03 -6.812334060668945312e-03 -6.794184446334838867e-03 -6.810158491134643555e-03 -6.758719682693481445e-03 -6.815314292907714844e-03 -6.784617900848388672e-03
4.639215345096251442e-01 8.708089590072631836e-03 8.705049753189086914e-03 8.707880973815917969e-03 8.730411529541015625e-03 8.709847927093505859e-03 8.722603321075439453e-03 8.729726076126098633e-03 8.732050657272338867e-03 8.722007274627685547e-03 8.713543415069580078e-03
4.703742964950130556e-01 -2.734363079071044922e-03 -2.737998962402343750e-03 -2.677798271179199219e-03 -2.736687660217285156e-03 -2.723634243011474609e-03 -2.750426530838012695e-03 -2.783656120300292969e-03 -2.799689769744873047e-03 -2.754926681518554688e-03 -2.781778573989868164e-03
4.768270584804009671e-01 -3.418266773223876953e-03 -3.410845994949340820e-03 -3.437310457229614258e-03 -3.376573324203491211e-03 -3.422647714614868164e-03 -3.388047218322753906e-03 -3.353208303451538086e-03 -3.344029188156127930e-03 -3.387719392776489258e-03 -3.372371196746826172e-03
4.832798204657888230e-01 6.569981575012207031e-03 6.593018770217895508e-03 6.560385227203369141e-03 6.580054759979248047e-03 6.577789783477783203e-03 6.593555212020874023e-03 6.566017866134643555e-03 6.580531597137451172e-03 6.567955017089843750e-03 6.543010473251342773e-03
4.897325824511767345e-01 -3.913730382919311523e-03 -3.898441791534423828e-03 -3.881305456161499023e-03 -3.907263278961181641e-03 -3.908246755599975586e-03 -3.921687602996826172e-03 -3.923624753952026367e-03 -3.929555416107177734e-03 -3.927290439605712891e-03 -3.920108079910278320e-03
4.961853444365646459e-01 -5.026161670684814453e-04 -4.723966121673583984e-04 -4.791319370269775391e-04 -4.800856113433837891e-04 -4.767775535583496094e-04 -4.636347293853759766e-04 -4.323422908782958984e-04 -4.539191722869873047e-04 -4.539787769317626953e-04 -4.615187644958496094e-04
5.026381064219525019e-01 3.777384757995605469e-03 3.772675991058349609e-03 3.763794898986816406e-03 3.778249025344848633e-03 3.749996423721313477e-03 3.743946552276611328e-03 3.733813762664794922e-03 3.752082586288452148e-03 3.758400678634643555e-03 3.755331039428710938e-03
5.090908684073405244e-01 -3.081232309341430664e-03 -3.085374832153320312e-03 -3.076583147048950195e-03 -3.082484006881713867e-03 -3.094494342803955078e-03 -3.094553947448730469e-03 -3.081411123275756836e-03 -3.091156482696533203e-03 -3.063321113586425781e-03 -3.060400485992431641e-03
5.155436303927283248e-01 8.944272994995117188e-04 8.901655673980712891e-04 8.832812309265136719e-04 8.815228939056396484e-04 8.703172206878662109e-04 8.938312530517578125e-04 9.163022041320800781e-04 9.064376354217529297e-04 8.937120437622070312e-04 9.009838104248046875e-04
5.219963923781163473e-01 1.876592636108398438e-03 1.861453056335449219e-03 1.900225877761840820e-03 1.874536275863647461e-03 1.872539520263671875e-03 1.869082450866699219e-03 1.860260963439941406e-03 1.850605010986328125e-03 1.864701509475708008e-03 1.865237951278686523e-03
5.284491543635041477e-01 -2.433896064758300781e-03 -2.424806356430053711e-03 -2.432912588119506836e-03 -2.437174320220947266e-03 -2.406597137451171875e-03 -2.417296171188354492e-03 -2.440869808197021484e-03 -2.414941787719726562e-03 -2.427130937576293945e-03 -2.412497997283935547e-03
5.349019163488920592e-01 9.695291519165039062e-04 9.738504886627197266e-04 9.582042694091796875e-04 9.746551513671875000e-04 9.707212448120117188e-04 9.718835353851318359e-04 9.853541851043701172e-04 9.791254997253417969e-04 9.593069553375244141e-04 9.687542915344238281e-04
5.413546783342799706e-01 1.015603542327880859e-03 1.007825136184692383e-03 1.031696796417236328e-03 1.028656959533691406e-03 1.014530658721923828e-03 1.014381647109985352e-03 1.021116971969604492e-03 1.028418540954589844e-03 1.020193099975585938e-03 1.018077135086059570e-03
5.478074403196678821e-01 -1.504182815551757812e-03 -1.503258943557739258e-03 -1.489013433456420898e-03 -1.499980688095092773e-03 -1.487970352172851562e-03 -1.485347747802734375e-03 -1.492440700531005859e-03 -1.492679119110107422e-03 -1.491278409957885742e-03 -1.487344503402709961e-03
5.542602023050557936e-01 5.389750003814697266e-04 5.442798137664794922e-04 5.310177803039550781e-04 5.331337451934814453e-04 5.340874195098876953e-04 5.463957786560058594e-04 5.553960800170898438e-04 5.455017089843750000e-04 5.426704883575439453e-04 5.511641502380371094e-04
5.607129642904437050e-01 6.369650363922119141e-04 6.331801414489746094e-04 6.473064422607421875e-04 6.393194198608398438e-04 6.343126296997070312e-04 6.305277347564697266e-04 6.199479103088378906e-04 6.401240825653076172e-04 6.310641765594482422e-04 6.384849548339843750e-04
5.671657262758316165e-01 -1.290559768676757812e-03 -1.291662454605102539e-03 -1.301348209381103516e-03 -1.298040151596069336e-03 -1.285731792449951172e-03 -1.288592815399169922e-03 -1.300841569900512695e-03 -1.297980546951293945e-03 -1.285254955291748047e-03 -1.287549734115600586e-03
5.736184882612194169e-01 9.222030639648437500e-04 9.106397628784179688e-04 9.121596813201904297e-04 9.233057498931884766e-04 9.195506572723388672e-04 9.207129478454589844e-04 9.366273880004882812e-04 9.286403656005859375e-04 9.236931800842285156e-04 9.371936321258544922e-04
5.800712502466074394e-01 4.124343395233154297e-04 4.242956638336181641e-04 4.209876060485839844e-04 4.105567932128906250e-04 4.118382930755615234e-04 4.139840602874755859e-04 4.214942455291748047e-04 4.169344902038574219e-04 4.155635833740234375e-04 4.111826419830322266e-04
5.865240122319952398e-01 -1.179814338684082031e-03 -1.195520162582397461e-03 -1.165241003036499023e-03 -1.180768013000488281e-03 -1.201659440994262695e-03 -1.196712255477905273e-03 -1.201063394546508789e-03 -1.205891370773315430e-03 -1.195013523101806641e-03 -1.178175210952758789e-03
5.929767742173832623e-01 7.411837577819824219e-04 7.457137107849121094e-04 7.399916648864746094e-04 7.488727569580078125e-04 7.382035255432128906e-04 7.485747337341308594e-04 7.356107234954833984e-04 7.348358631134033203e-04 7.364749908447265625e-04 7.359981536865234375e-04
5.994295362027710627e-01 8.031725883483886719e-05 6.240606307983398438e-05 7.197260856628417969e-05 7.465481758117675781e-05 7.376074790954589844e-05 7.456541061401367188e-05 6.666779518127441406e-05 6.341934204101562500e-05 6.982684135437011719e-05 7.501244544982910156e-05
6.058822981881590852e-01 -5.725622177124023438e-04 -5.793571472167968750e-04 -5.784630775451660156e-04 -5.857646465301513672e-04 -5.772709846496582031e-04 -5.859732627868652344e-04 -5.780160427093505859e-04 -5.826652050018310547e-04 -5.660951137542724609e-04 -5.882084369659423828e-04
6.123350601735468857e-01 8.946061134338378906e-04 9.134113788604736328e-04 9.043812751770019531e-04 9.012520313262939453e-04 8.962154388427734375e-04 9.086728096008300781e-04 9.143054485321044922e-04 8.910596370697021484e-04 9.078979492187500000e-04 9.004771709442138672e-04
6.187878221589347971e-01 -3.905296325683593750e-04 -3.839433193206787109e-04 -3.861486911773681641e-04 -3.822743892669677734e-04 -3.797411918640136719e-04 -3.865957260131835938e-04 -3.826916217803955078e-04 -3.971159458160400391e-04 -3.916919231414794922e-04 -3.886222839355468750e-04
6.252405841443227086e-01 -6.171762943267822266e-04 -6.208717823028564453e-04 -6.093084812164306641e-04 -6.136000156402587891e-04 -6.362795829772949219e-04 -6.151795387268066406e-04 -6.164312362670898438e-04 -6.132125854492187500e-04 -6.145536899566650391e-04 -6.098449230194091797e-04
6.316933461297106200e-01 6.926655769348144531e-04 6.687045097351074219e-04 6.804168224334716797e-04 6.949901580810546875e-04 6.851553916931152344e-04 6.817281246185302734e-04 6.714463233947753906e-04 6.759464740753173828e-04 6.732940673828125000e-04 6.777644157409667969e-04
6.381461081150985315e-01 -2.158880233764648438e-04 -2.156198024749755859e-04 -2.263188362121582031e-04 -2.237856388092041016e-04 -2.132654190063476562e-04 -2.150237560272216797e-04 -2.195835113525390625e-04 -2.166330814361572266e-04 -2.198219299316406250e-04 -2.121329307556152344e-04
6.445988701004864430e-01 -1.794099807739257812e-04 -1.764595508575439453e-04 -1.910030841827392578e-04 -1.815557479858398438e-04 -1.843273639678955078e-04 -1.919567584991455078e-04 -1.731514930725097656e-04 -1.820325851440429688e-04 -1.775324344635009766e-04 -1.785755157470703125e-04
6.510516320858743544e-01 3.488957881927490234e-04 3.562867641448974609e-04 3.595054149627685547e-04 3.560483455657958984e-04 3.556609153747558594e-04 3.462731838226318359e-04 3.418028354644775391e-04 3.451406955718994141e-04 3.513395786285400391e-04 3.430247306823730469e-04
6.575043940712622659e-01 -4.077255725860595703e-04 -4.187822341918945312e-04 -4.107058048248291016e-04 -4.121363162994384766e-04 -3.879368305206298828e-04 -4.071891307830810547e-04 -4.217028617858886719e-04 -4.150271415710449219e-04 -3.946423530578613281e-04 -4.189312458038330078e-04
6.639571560566501773e-01 -5.924701690673828125e-05 -6.073713302612304688e-05 -4.339218139648437500e-05 -5.447864532470703125e-05 -6.586313247680664062e-05 -5.692243576049804688e-05 -4.267692565917968750e-05 -5.680322647094726562e-05 -6.133317947387695312e-05 -5.289912223815917969e-05
6.704099180420379778e-01 3.835260868072509766e-04 3.822743892669677734e-04 3.728270530700683594e-04 3.753602504730224609e-04 3.820061683654785156e-04 3.746151924133300781e-04 3.797411918640136719e-04 3.670454025268554688e-04 3.769099712371826172e-04 3.697276115417480469e-04
6.768626800274260003e-01 -1.353621482849121094e-04 -1.272559165954589844e-04 -1.403093338012695312e-04 -1.338422298431396484e-04 -1.355409622192382812e-04 -1.367628574371337891e-04 -1.474320888519287109e-04 -1.213848590850830078e-04 -1.296103000640869141e-04 -1.315474510192871094e-04
6.833154420128139117e-01 -9.879469871520996094e-05 -8.144974708557128906e-05 -9.053945541381835938e-05 -9.793043136596679688e-05 -9.065866470336914062e-05 -7.578730583190917969e-05 -7.602572441101074219e-05 -8.520483970642089844e-05 -8.374452590942382812e-05 -8.183717727661132812e-05
6.897682039982017121e-01 6.407499313354492188e-06 1.955032348632812500e-05 2.604722976684570312e-05 1.296401023864746094e-05 1.025199890136718750e-05 8.106231689453125000e-06 6.794929504394531250e-06 7.778406143188476562e-06 1.841783523559570312e-05 8.255243301391601562e-06
6.962209659835896236e-01 -3.474950790405273438e-05 -3.576278686523437500e-05 -3.176927566528320312e-05 -2.062320709228515625e-05 -2.503395080566406250e-05 -3.120303153991699219e-05 -2.947449684143066406e-05 -3.361701965332031250e-05 -3.004074096679687500e-05 -3.591179847717285156e-05
7.026737279689775351e-01 2.503395080566406250e-06 -5.841255187988281250e-06 -1.126527786254882812e-05 1.639127731323242188e-06 -2.384185791015625000e-07 -4.500150680541992188e-06 3.784894943237304688e-06 -3.606081008911132812e-06 -1.192092895507812500e-07 -7.390975952148437500e-06
7.091264899543654465e-01 1.850128173828125000e-04 1.854002475738525391e-04 1.910626888275146484e-04 1.879632472991943359e-04 1.883506774902343750e-04 1.983940601348876953e-04 1.919865608215332031e-04 1.944899559020996094e-04 1.955032348632812500e-04 1.911222934722900391e-04
7.155792519397533580e-01 -1.025795936584472656e-04 -1.058578491210937500e-04 -1.188814640045166016e-04 -1.254975795745849609e-04 -1.029074192047119141e-04 -1.143813133239746094e-04 -1.163780689239501953e-04 -1.220703125000000000e-04 -1.176893711090087891e-04 -1.136958599090576172e-04
7.220320139251412694e-01 -2.760589122772216797e-04 -2.738535404205322266e-04 -2.700090408325195312e-04 -2.688765525817871094e-04 -2.591609954833984375e-04 -2.817809581756591797e-04 -2.885460853576660156e-04 -2.735257148742675781e-04 -2.794265747070312500e-04 -2.697110176086425781e-04
7.284847759105291809e-01 3.093183040618896484e-04 3.061592578887939453e-04 3.183782100677490234e-04 3.162920475006103516e-04 3.007054328918457031e-04 3.108382225036621094e-04 3.215074539184570312e-04 3.172457218170166016e-04 3.153979778289794922e-04 3.153085708618164062e-04
7.349375378959170924e-01 1.465380191802978516e-04 1.596212387084960938e-04 1.551508903503417969e-04 1.544356346130371094e-04 1.521408557891845703e-04 1.448988914489746094e-04 1.564621925354003906e-04 1.555979251861572266e-04 1.651346683502197266e-04 1.451373100280761719e-04
7.413902998813050038e-01 -2.507865428924560547e-04 -2.483129501342773438e-04 -2.356469631195068359e-04 -2.374053001403808594e-04 -2.458691596984863281e-04 -2.427697181701660156e-04 -2.437233924865722656e-04 -2.245604991912841797e-04 -2.489387989044189453e-04 -2.351105213165283203e-04
7.478430618666929153e-01 6.377696990966796875e-05 7.343292236328125000e-05 7.182359695434570312e-05 6.714463233947753906e-05 8.100271224975585938e-05 6.997585296630859375e-05 8.645653724670410156e-05 6.106495857238769531e-05 6.252527236938476562e-05 5.739927291870117188e-05
7.542958238520808267e-01 -3.093779087066650391e-04 -3.067255020141601562e-04 -3.031492233276367188e-04 -3.116130828857421875e-04 -3.336668014526367188e-04 -3.257393836975097656e-04 -3.206133842468261719e-04 -3.125071525573730469e-04 -2.965331077575683594e-04 -3.132820129394531250e-04
7.607485858374687382e-01 -6.461143493652343750e-05 -6.136298179626464844e-05 -7.772445678710937500e-05 -7.754564285278320312e-05 -7.560849189758300781e-05 -6.154179573059082031e-05 -5.525350570678710938e-05 -7.015466690063476562e-05 -5.412101745605468750e-05 -7.155537605285644531e-05
7.672013478228566496e-01 5.508065223693847656e-04 5.577504634857177734e-04 5.571842193603515625e-04 5.555450916290283203e-04 5.532503128051757812e-04 5.715191364288330078e-04 5.701780319213867188e-04 5.619227886199951172e-04 5.474686622619628906e-04 5.494654178619384766e-04
7.736541098082445611e-01 -8.937716484069824219e-05 -9.816884994506835938e-05 -8.943676948547363281e-05 -1.006424427032470703e-04 -9.477138519287109375e-05 -8.958578109741210938e-05 -9.039044380187988281e-05 -9.015202522277832031e-05 -1.005828380584716797e-04 -8.285045623779296875e-05
7.801068717936323615e-01 -9.232759475708007812e-05 -1.048147678375244141e-04 -1.034736633300781250e-04 -8.767843246459960938e-05 -8.553266525268554688e-05 -9.804964065551757812e-05 -9.545683860778808594e-05 -9.134411811828613281e-05 -9.936094284057617188e-05 -9.918212890625000000e-05
7.865596337790202730e-01 5.538463592529296875e-04 5.480945110321044922e-04 5.631148815155029297e-04 5.625188350677490234e-04 5.539655685424804688e-04 5.772709846496582031e-04 5.534887313842773438e-04 5.556941032409667969e-04 5.654394626617431641e-04 5.637407302856445312e-04
7.930123957644081845e-01 3.921985626220703125e-05 4.649162292480468750e-05 5.418062210083007812e-05 5.236268043518066406e-05 4.884600639343261719e-05 4.404783248901367188e-05 5.674362182617187500e-05 4.366040229797363281e-05 5.179643630981445312e-05 4.389882087707519531e-05
7.994651577497960959e-01 8.404254913330078125e-06 -6.556510925292968750e-07 -6.556510925292968750e-07 4.470348358154296875e-06 3.248453140258789062e-06 3.129243850708007812e-06 -3.606081008911132812e-06 1.788139343261718750e-07 -2.592802047729492188e-06 -2.771615982055664062e-06
8.059179197351840074e-01 -1.430213451385498047e-04 -1.337528228759765625e-04 -1.273751258850097656e-04 -1.310706138610839844e-04 -1.336634159088134766e-04 -1.294612884521484375e-04 -1.354217529296875000e-04 -1.371204853057861328e-04 -1.347661018371582031e-04 -1.240670680999755859e-04
8.123706817205719188e-01 -5.876719951629638672e-04 -5.851387977600097656e-04 -5.811750888824462891e-04 -5.729794502258300781e-04 -5.878508090972900391e-04 -5.795359611511230469e-04 -5.788803100585937500e-04 -5.853176116943359375e-04 -5.665719509124755859e-04 -5.736052989959716797e-04
8.188234437059598303e-01 6.050765514373779297e-04 6.215274333953857422e-04 6.023943424224853516e-04 6.175935268402099609e-04 6.152987480163574219e-04 6.154477596282958984e-04 6.104707717895507812e-04 5.992650985717773438e-04 6.136596202850341797e-04 6.109476089477539062e-04
8.252762056913477418e-01 -1.659691333770751953e-04 -1.564621925354003906e-04 -1.565515995025634766e-04 -1.521408557891845703e-04 -1.641809940338134766e-04 -1.641809940338134766e-04 -1.727640628814697266e-04 -1.639425754547119141e-04 -1.656115055084228516e-04 -1.578629016876220703e-04
8.317289676767356532e-01 -7.573664188385009766e-04 -7.627904415130615234e-04 -7.598102092742919922e-04 -7.512271404266357422e-04 -7.520020008087158203e-04 -7.560849189758300781e-04 -7.458925247192382812e-04 -7.444322109222412109e-04 -7.450878620147705078e-04 -7.439851760864257812e-04
8.381817296621235647e-01 8.436739444732666016e-04 8.428692817687988281e-04 8.408427238464355469e-04 8.477568626403808594e-04 8.382499217987060547e-04 8.424222469329833984e-04 8.578300476074218750e-04 8.608102798461914062e-04 8.398592472076416016e-04 8.497536182403564453e-04
8.446344916475114761e-01 -2.116560935974121094e-04 -2.053678035736083984e-04 -2.051591873168945312e-04 -2.003312110900878906e-04 -2.052187919616699219e-04 -2.169609069824218750e-04 -2.171397209167480469e-04 -2.130866050720214844e-04 -2.112984657287597656e-04 -2.025365829467773438e-04
8.510872536328993876e-01 -2.731978893280029297e-04 -2.700388431549072266e-04 -2.723336219787597656e-04 -2.780556678771972656e-04 -2.796053886413574219e-04 -2.806484699249267578e-04 -2.724826335906982422e-04 -2.776682376861572266e-04 -2.842843532562255859e-04 -2.770125865936279297e-04
8.575400156182872990e-01 4.305839538574218750e-04 4.326105117797851562e-04 4.303753376007080078e-04 4.367530345916748047e-04 4.299581050872802734e-04 4.384815692901611328e-04 4.322528839111328125e-04 4.265010356903076172e-04 4.211068153381347656e-04 4.175603389739990234e-04
8.639927776036752105e-01 -4.912912845611572266e-04 -4.910528659820556641e-04 -4.844069480895996094e-04 -4.843175411224365234e-04 -4.784762859344482422e-04 -4.867017269134521484e-04 -4.822015762329101562e-04 -4.838109016418457031e-04 -4.816651344299316406e-04 -4.839897155761718750e-04
8.704455395890630109e-01 -2.099871635437011719e-04 -2.104640007019042969e-04 -2.285838127136230469e-04 -2.044439315795898438e-04 -2.043247222900390625e-04 -2.080202102661132812e-04 -2.037286758422851562e-04 -2.138912677764892578e-04 -2.243220806121826172e-04 -2.111494541168212891e-04
8.768983015744509224e-01 4.401504993438720703e-04 4.341006278991699219e-04 4.477202892303466797e-04 4.354119300842285156e-04 4.400014877319335938e-04 4.429519176483154297e-04 4.449486732482910156e-04 4.449486732482910156e-04 4.458129405975341797e-04 4.371106624603271484e-04
8.833510635598388339e-01 -2.953410148620605469e-04 -2.788603305816650391e-04 -2.838671207427978516e-04 -2.737045288085937500e-04 -2.805590629577636719e-04 -2.765059471130371094e-04 -2.837479114532470703e-04 -2.751648426055908203e-04 -2.631247043609619141e-04 -2.807378768920898438e-04
8.898038255452267453e-01 8.782744407653808594e-05 9.760260581970214844e-05 9.700655937194824219e-05 1.078546047210693359e-04 9.456276893615722656e-05 1.015067100524902344e-04 9.068846702575683594e-05 8.311867713928222656e-05 9.620189666748046875e-05 9.900331497192382812e-05
8.962565875306146568e-01 1.081228256225585938e-04 1.021921634674072266e-04 1.131892204284667969e-04 1.150965690612792969e-04 1.096129417419433594e-04 1.097321510314941406e-04 9.191036224365234375e-05 1.046955585479736328e-04 1.129508018493652344e-04 1.018047332763671875e-04
9.027093495160025682e-01 -3.443658351898193359e-04 -3.372430801391601562e-04 -3.452003002166748047e-04 -3.426074981689453125e-04 -3.359615802764892578e-04 -3.353059291839599609e-04 -3.308057785034179688e-04 -3.391206264495849609e-04 -3.347396850585937500e-04 -3.395080566406250000e-04
9.091621115013904797e-01 2.413690090179443359e-04 2.335011959075927734e-04 2.340376377105712891e-04 2.304613590240478516e-04 2.346634864807128906e-04 2.379715442657470703e-04 2.500414848327636719e-04 2.437233924865722656e-04 2.361834049224853516e-04 2.461671829223632812e-04
9.156148734867783912e-01 7.453560829162597656e-05 9.000301361083984375e-05 8.416175842285156250e-05 8.913874626159667969e-05 7.677078247070312500e-05 7.808208465576171875e-05 7.212162017822265625e-05 7.572770118713378906e-05 8.523464202880859375e-05 7.209181785583496094e-05
9.220676354721663026e-01 -1.929402351379394531e-04 -1.989603042602539062e-04 -1.996755599975585938e-04 -1.993477344512939453e-04 -1.964271068572998047e-04 -2.070665359497070312e-04 -2.040565013885498047e-04 -2.017617225646972656e-04 -1.986920833587646484e-04 -1.924633979797363281e-04
9.285203974575542141e-01 1.347661018371582031e-04 1.268684864044189453e-04 1.189410686492919922e-04 1.248717308044433594e-04 1.308917999267578125e-04 1.286864280700683594e-04 1.272559165954589844e-04 1.262128353118896484e-04 1.218616962432861328e-04 1.223385334014892578e-04
9.349731594429421255e-01 8.404254913330078125e-06 3.695487976074218750e-06 7.867813110351562500e-06 2.098083496093750000e-05 1.409649848937988281e-05 3.457069396972656250e-06 2.324581146240234375e-05 1.189112663269042969e-05 7.748603820800781250e-06 1.576542854309082031e-05
9.414259214283300370e-01 -9.581446647644042969e-05 -8.496642112731933594e-05 -9.700655937194824219e-05 -9.140372276306152344e-05 -9.328126907348632812e-05 -9.509921073913574219e-05 -9.492039680480957031e-05 -9.915232658386230469e-05 -8.556246757507324219e-05 -9.953975677490234375e-05
9.478786834137179484e-01 1.914799213409423828e-04 2.060532569885253906e-04 1.981854438781738281e-04 2.006888389587402344e-04 2.005696296691894531e-04 1.921653747558593750e-04 2.115666866302490234e-04 1.929700374603271484e-04 1.941323280334472656e-04 2.056062221527099609e-04
9.543314453991058599e-01 -7.587671279907226562e-05 -7.566809654235839844e-05 -6.636977195739746094e-05 -7.528066635131835938e-05 -6.899237632751464844e-05 -6.598234176635742188e-05 -7.131695747375488281e-05 -6.532669067382812500e-05 -7.373094558715820312e-05 -7.405877113342285156e-05
9.607842073844936603e-01 -1.721382141113281250e-04 -1.736879348754882812e-04 -1.801252365112304688e-04 -1.643300056457519531e-04 -1.794099807739257812e-04 -1.668035984039306641e-04 -1.551806926727294922e-04 -1.618266105651855469e-04 -1.639127731323242188e-04 -1.632273197174072266e-04
9.672369693698815718e-01 1.478791236877441406e-04 1.556873321533203125e-04 1.411736011505126953e-04 1.497566699981689453e-04 1.562833786010742188e-04 1.543164253234863281e-04 1.456737518310546875e-04 1.495480537414550781e-04 1.572668552398681641e-04 1.504421234130859375e-04
9.736897313552694833e-01 -4.082918167114257812e-05 -2.816319465637207031e-05 -3.665685653686523438e-05 -4.425644874572753906e-05 -3.394484519958496094e-05 -3.942847251892089844e-05 -4.708766937255859375e-05 -5.477666854858398438e-05 -4.431605339050292969e-05 -3.933906555175781250e-05
9.801424933406573947e-01 -6.160140037536621094e-05 -5.730986595153808594e-05 -7.173418998718261719e-05 -6.225705146789550781e-05 -6.368756294250488281e-05 -7.992982864379882812e-05 -7.247924804687500000e-05 -5.707144737243652344e-05 -7.125735282897949219e-05 -7.292628288269042969e-05
9.865952553260453062e-01 1.310110092163085938e-04 1.305043697357177734e-04 1.371800899505615234e-04 1.316368579864501953e-04 1.288056373596191406e-04 1.348257064819335938e-04 1.339614391326904297e-04 1.249909400939941406e-04 1.342594623565673828e-04 1.441240310668945312e-04
9.930480173114332176e-01 -1.282095909118652344e-04 -1.214742660522460938e-04 -1.225769519805908203e-04 -1.280903816223144531e-04 -1.297891139984130859e-04 -1.327097415924072266e-04 -1.219213008880615234e-04 -1.249611377716064453e-04 -1.311302185058593750e-04 -1.274049282073974609e-04
9.995007792968211291e-01 3.829598426818847656e-05 4.899501800537109375e-05 5.087256431579589844e-05 5.671381950378417969e-05 4.881620407104492188e-05 4.732608795166015625e-05 4.655122756958007812e-05 5.376338958740234375e-05 5.427002906799316406e-05 5.251169204711914062e-05
1.005953541282209152e+00 7.897615432739257812e-05 7.671117782592773438e-05 8.615851402282714844e-05 7.677078247070312500e-05 7.951259613037109375e-05 8.338689804077148438e-05 8.121132850646972656e-05 9.134411811828613281e-05 7.003545761108398438e-05 7.814168930053710938e-05
1.012406303267596952e+00 -5.418062210083007812e-05 -5.653500556945800781e-05 -5.888938903808593750e-05 -5.081295967102050781e-05 -5.662441253662109375e-05 -6.023049354553222656e-05 -5.942583084106445312e-05 -6.332993507385253906e-05 -5.304813385009765625e-05 -5.730986595153808594e-05
1.018859065252984752e+00 4.023313522338867188e-05 4.836916923522949219e-05 3.874301910400390625e-05 4.714727401733398438e-05 4.351139068603515625e-05 3.755092620849609375e-05 4.848837852478027344e-05 3.698468208312988281e-05 4.795193672180175781e-05 4.076957702636718750e-05
1.025311827238372775e+00 -2.783536911010742188e-05 -2.184510231018066406e-05 -2.193450927734375000e-05 -2.315640449523925781e-05 -3.290176391601562500e-05 -2.998113632202148438e-05 -2.226233482360839844e-05 -2.440810203552246094e-05 -3.626942634582519531e-05 -2.562999725341796875e-05
1.031764589223760797e+00 2.348423004150390625e-05 1.567602157592773438e-05 2.551078796386718750e-05 2.875924110412597656e-05 2.133846282958984375e-05 1.099705696105957031e-05 3.564357757568359375e-05 3.087520599365234375e-05 2.115964889526367188e-05 2.849102020263671875e-05
1.038217351209148598e+00 3.901124000549316406e-05 2.726912498474121094e-05 3.296136856079101562e-05 2.950429916381835938e-05 2.697110176086425781e-05 3.144145011901855469e-05 2.846121788024902344e-05 3.409385681152343750e-05 3.099441528320312500e-05 2.419948577880859375e-05
1.044670113194536398e+00 8.222460746765136719e-05 7.218122482299804688e-05 8.985400199890136719e-05 8.499622344970703125e-05 7.799267768859863281e-05 8.672475814819335938e-05 8.910894393920898438e-05 9.167194366455078125e-05 8.594989776611328125e-05 7.268786430358886719e-05
1.051122875179924421e+00 -5.704164505004882812e-05 -6.830692291259765625e-05 -5.865097045898437500e-05 -7.152557373046875000e-05 -5.319714546203613281e-05 -6.705522537231445312e-05 -6.693601608276367188e-05 -6.723403930664062500e-05 -6.082653999328613281e-05 -6.344914436340332031e-05
1.057575637165312221e+00 -3.338158130645751953e-04 -3.292560577392578125e-04 -3.386139869689941406e-04 -3.237724304199218750e-04 -3.310143947601318359e-04 -3.184974193572998047e-04 -2.930760383605957031e-04 -3.255605697631835938e-04 -3.289282321929931641e-04 -3.279149532318115234e-04
1.064028399150700022e+00 1.499056816101074219e-04 1.473128795623779297e-04 1.643598079681396484e-04 1.580119132995605469e-04 1.468062400817871094e-04 1.439452171325683594e-04 1.400113105773925781e-04 1.467466354370117188e-04 1.422464847564697266e-04 1.520812511444091797e-04
1.070481161136088044e+00 -2.061426639556884766e-04 -1.992285251617431641e-04 -2.086758613586425781e-04 -2.072751522064208984e-04 -2.051591873168945312e-04 -2.008080482482910156e-04 -2.004206180572509766e-04 -2.069175243377685547e-04 -2.123117446899414062e-04 -2.165436744689941406e-04
1.076933923121476067e+00 6.034970283508300781e-05 5.653500556945800781e-05 6.228685379028320312e-05 6.905198097229003906e-05 5.942583084106445312e-05 5.680322647094726562e-05 5.802512168884277344e-05 5.546212196350097656e-05 6.055831909179687500e-05 5.987286567687988281e-05
1.083386685106863867e+00 2.675950527191162109e-04 2.791881561279296875e-04 2.867877483367919922e-04 2.714097499847412109e-04 2.672970294952392578e-04 2.731680870056152344e-04 2.731382846832275391e-04 2.630054950714111328e-04 2.700090408325195312e-04 2.776086330413818359e-04
1.089839447092251667e+00 -2.446174621582031250e-04 -2.422630786895751953e-04 -2.415478229522705078e-04 -2.407729625701904297e-04 -2.460479736328125000e-04 -2.339184284210205078e-04 -2.323985099792480469e-04 -2.476572990417480469e-04 -2.312958240509033203e-04 -2.372562885284423828e-04
1.096292209077639690e+00 1.626908779144287109e-04 1.586675643920898438e-04 1.537799835205078125e-04 1.530349254608154297e-04 1.639425754547119141e-04 1.691281795501708984e-04 1.612603664398193359e-04 1.775920391082763672e-04 1.540780067443847656e-04 1.631081104278564453e-04
1.102744971063027712e+00 -1.689493656158447266e-04 -1.834630966186523438e-04 -1.730620861053466797e-04 -1.805722713470458984e-04 -1.756846904754638672e-04 -1.802742481231689453e-04 -1.747906208038330078e-04 -1.738071441650390625e-04 -1.814961433410644531e-04 -1.736581325531005859e-04
1.109197733048415513e+00 -3.707110881805419922e-04 -3.786087036132812500e-04 -3.783106803894042969e-04 -3.808438777923583984e-04 -3.709197044372558594e-04 -3.965497016906738281e-04 -3.747940063476562500e-04 -3.721714019775390625e-04 -3.692507743835449219e-04 -3.679990768432617188e-04
1.115650495033803313e+00 -1.811981201171875000e-05 -1.555681228637695312e-05 -2.542138099670410156e-05 -2.500414848327636719e-05 -2.056360244750976562e-05 -6.854534149169921875e-07 -8.434057235717773438e-06 -1.066923141479492188e-05 -2.065300941467285156e-05 -1.379847526550292969e-05
1.122103257019191336e+00 -1.969337463378906250e-04 -1.980960369110107422e-04 -2.007186412811279297e-04 -2.004802227020263672e-04 -1.980662345886230469e-04 -1.809895038604736328e-04 -1.853108406066894531e-04 -1.960694789886474609e-04 -1.759529113769531250e-04 -1.819431781768798828e-04
1.128556019004579358e+00 -2.157092094421386719e-04 -2.227425575256347656e-04 -2.169311046600341797e-04 -2.186894416809082031e-04 -2.249479293823242188e-04 -2.328455448150634766e-04 -2.074241638183593750e-04 -2.031624317169189453e-04 -2.144873142242431641e-04 -2.197027206420898438e-04
1.135008780989967159e+00 5.450844764709472656e-05 5.722045898437500000e-05 5.456805229187011719e-05 5.397200584411621094e-05 5.972385406494140625e-05 6.771087646484375000e-05 5.763769149780273438e-05 5.906820297241210938e-05 6.529688835144042969e-05 4.744529724121093750e-05
1.141461542975354959e+00 -1.751184463500976562e-04 -1.494884490966796875e-04 -1.702606678009033203e-04 -1.614093780517578125e-04 -1.561939716339111328e-04 -1.655220985412597656e-04 -1.654326915740966797e-04 -1.725554466247558594e-04 -1.600384712219238281e-04 -1.628398895263671875e-04
1.147914304960742982e+00 2.735257148742675781e-04 2.694129943847656250e-04 2.853572368621826172e-04 2.779662609100341797e-04 2.853274345397949219e-04 2.645850181579589844e-04 2.749860286712646484e-04 2.663433551788330078e-04 2.659261226654052734e-04 2.684891223907470703e-04
1.154367066946130782e+00 9.939074516296386719e-05 9.730458259582519531e-05 9.986758232116699219e-05 9.506940841674804688e-05 9.477138519287109375e-05 1.001060009002685547e-04 8.830428123474121094e-05 9.047985076904296875e-05 9.518861770629882812e-05 9.438395500183105469e-05
1.160819828931518582e+00 -3.370344638824462891e-04 -3.360211849212646484e-04 -3.478229045867919922e-04 -3.603994846343994141e-04 -3.428161144256591797e-04 -3.601908683776855469e-04 -3.406107425689697266e-04 -3.536343574523925781e-04 -3.388524055480957031e-04 -3.467202186584472656e-04
1.167272590916906605e+00 3.480911254882812500e-04 3.456771373748779297e-04 3.447532653808593750e-04 3.525316715240478516e-04 3.574192523956298828e-04 3.447532653808593750e-04 3.494620323181152344e-04 3.556311130523681641e-04 3.516376018524169922e-04 3.462135791778564453e-04
1.173725352902294627e+00 -1.783967018127441406e-04 -1.834928989410400391e-04 -1.729130744934082031e-04 -1.768469810485839844e-04 -1.780688762664794922e-04 -1.789033412933349609e-04 -1.843869686126708984e-04 -1.755356788635253906e-04 -1.873373985290527344e-04 -1.868307590484619141e-04
1.180178114887682428e+00 -1.736581325531005859e-04 -1.788735389709472656e-04 -1.758337020874023438e-04 -1.538395881652832031e-04 -1.667439937591552734e-04 -1.714527606964111328e-04 -1.700520515441894531e-04 -1.552104949951171875e-04 -1.735389232635498047e-04 -1.769661903381347656e-04
1.186630876873070450e+00 5.216598510742187500e-04 5.251169204711914062e-04 5.104541778564453125e-04 5.147159099578857422e-04 5.142688751220703125e-04 5.040168762207031250e-04 5.216598510742187500e-04 5.122721195220947266e-04 5.036890506744384766e-04 5.300343036651611328e-04
1.193083638858458251e+00 -3.034770488739013672e-04 -3.037154674530029297e-04 -3.039538860321044922e-04 -2.974271774291992188e-04 -2.980828285217285156e-04 -2.965331077575683594e-04 -3.095865249633789062e-04 -3.058314323425292969e-04 -3.028512001037597656e-04 -3.080070018768310547e-04
1.199536400843846051e+00 7.089972496032714844e-05 7.283687591552734375e-05 8.502602577209472656e-05 8.136034011840820312e-05 7.823109626770019531e-05 8.577108383178710938e-05 8.124113082885742188e-05 7.829070091247558594e-05 7.435679435729980469e-05 8.645653724670410156e-05
1.205989162829234074e+00 2.070069313049316406e-04 2.118647098541259766e-04 2.079010009765625000e-04 2.084672451019287109e-04 2.201199531555175781e-04 2.036392688751220703e-04 2.044439315795898438e-04 2.025365829467773438e-04 2.101957798004150391e-04 2.074539661407470703e-04
1.212441924814621874e+00 -3.651976585388183594e-04 -3.643929958343505859e-04 -3.643035888671875000e-04 -3.571808338165283203e-04 -3.629028797149658203e-04 -3.603100776672363281e-04 -3.596842288970947266e-04 -3.625154495239257812e-04 -3.661215305328369141e-04 -3.637969493865966797e-04
1.218894686800009897e+00 3.362894058227539062e-04 3.434717655181884766e-04 3.387629985809326172e-04 3.345906734466552734e-04 3.427565097808837891e-04 3.430843353271484375e-04 3.617405891418457031e-04 3.475546836853027344e-04 3.301203250885009766e-04 3.375113010406494141e-04
1.225347448785397697e+00 -4.833936691284179688e-05 -5.099177360534667969e-05 -6.040930747985839844e-05 -6.112456321716308594e-05 -5.131959915161132812e-05 -5.409121513366699219e-05 -4.389882087707519531e-05 -5.340576171875000000e-05 -4.723668098449707031e-05 -4.565715789794921875e-05
1.231800210770785720e+00 -1.975595951080322266e-04 -1.909732818603515625e-04 -2.074539661407470703e-04 -2.105534076690673828e-04 -2.014935016632080078e-04 -1.941621303558349609e-04 -2.012848854064941406e-04 -1.919269561767578125e-04 -1.950860023498535156e-04 -2.016127109527587891e-04
1.238252972756173520e+00 3.128945827484130859e-04 3.073811531066894531e-04 3.063082695007324219e-04 3.109872341156005859e-04 3.050267696380615234e-04 3.166198730468750000e-04 3.130137920379638672e-04 3.030896186828613281e-04 3.168284893035888672e-04 3.102123737335205078e-04
1.244705734741561542e+00 -1.801550388336181641e-04 -1.789629459381103516e-04 -1.804828643798828125e-04 -1.769661903381347656e-04 -1.827180385589599609e-04 -1.745820045471191406e-04 -1.906156539916992188e-04 -1.844763755798339844e-04 -1.794695854187011719e-04 -1.688599586486816406e-04
1.251158496726949343e+00 -5.209445953369140625e-05 -3.620982170104980469e-05 -5.307793617248535156e-05 -3.612041473388671875e-05 -4.142522811889648438e-05 -4.336237907409667969e-05 -3.531575202941894531e-05 -3.448128700256347656e-05 -4.369020462036132812e-05 -3.850460052490234375e-05
1.257611258712337365e+00 2.145469188690185547e-04 1.922249794006347656e-04 1.988112926483154297e-04 1.992583274841308594e-04 1.909434795379638672e-04 2.015233039855957031e-04 2.096891403198242188e-04 1.957714557647705078e-04 2.048313617706298828e-04 2.032518386840820312e-04
1.264064020697725166e+00 -1.933872699737548828e-04 -1.916289329528808594e-04 -1.873672008514404297e-04 -1.889467239379882812e-04 -1.917183399200439453e-04 -1.830160617828369141e-04 -1.833438873291015625e-04 -1.924932003021240234e-04 -1.925528049468994141e-04 -1.890361309051513672e-04
1.270516782683113188e+00 -3.623962402343750000e-05 -5.570054054260253906e-05 -4.175305366516113281e-05 -3.254413604736328125e-05 -4.366040229797363281e-05 -4.595518112182617188e-05 -4.732608795166015625e-05 -3.558397293090820312e-05 -4.643201828002929688e-05 -3.960728645324707031e-05
1.276969544668500989e+00 1.032948493957519531e-04 1.045465469360351562e-04 1.167356967926025391e-04 1.090764999389648438e-04 1.087486743927001953e-04 9.992718696594238281e-05 1.062154769897460938e-04 1.147389411926269531e-04 1.170635223388671875e-04 1.083910465240478516e-04
1.283422306653888789e+00 -8.147954940795898438e-05 -9.593367576599121094e-05 -8.708238601684570312e-05 -8.615851402282714844e-05 -8.416175842285156250e-05 -8.538365364074707031e-05 -8.255243301391601562e-05 -7.688999176025390625e-05 -8.586049079895019531e-05 -6.955862045288085938e-05
1.289875068639276812e+00 3.656744956970214844e-05 4.494190216064453125e-05 4.109740257263183594e-05 4.154443740844726562e-05 3.781914710998535156e-05 3.802776336669921875e-05 4.345178604125976562e-05 4.771351814270019531e-05 4.079937934875488281e-05 5.510449409484863281e-05
1.296327830624664612e+00 1.126825809478759766e-04 1.094937324523925781e-04 1.070201396942138672e-04 1.085400581359863281e-04 8.434057235717773438e-05 1.081824302673339844e-04 9.644031524658203125e-05 1.044571399688720703e-04 9.873509407043457031e-05 1.021027565002441406e-04
1.302780592610052635e+00 -1.565515995025634766e-04 -1.519024372100830078e-04 -1.611113548278808594e-04 -1.635551452636718750e-04 -1.651644706726074219e-04 -1.589953899383544922e-04 -1.650452613830566406e-04 -1.540482044219970703e-04 -1.473128795623779297e-04 -1.491010189056396484e-04
1.309233354595440435e+00 3.054738044738769531e-05 3.388524055480957031e-05 2.899765968322753906e-05 4.771351814270019531e-05 3.525614738464355469e-05 4.023313522338867188e-05 3.290176391601562500e-05 2.080202102661132812e-05 4.407763481140136719e-05 3.573298454284667969e-05
1.315686116580828458e+00 1.161098480224609375e-04 1.100301742553710938e-04 1.109838485717773438e-04 1.118481159210205078e-04 1.165568828582763672e-04 1.062154769897460938e-04 1.150369644165039062e-04 1.054108142852783203e-04 1.021921634674072266e-04 1.154541969299316406e-04
1.322138878566216258e+00 -1.431405544281005859e-04 -1.485049724578857422e-04 -1.410841941833496094e-04 -1.420974731445312500e-04 -1.290738582611083984e-04 -1.283586025238037109e-04 -1.270174980163574219e-04 -1.237988471984863281e-04 -1.339316368103027344e-04 -1.287460327148437500e-04
1.328591640551604280e+00 1.291334629058837891e-04 1.157522201538085938e-04 1.300275325775146484e-04 1.255869865417480469e-04 1.226663589477539062e-04 1.160502433776855469e-04 1.216232776641845703e-04 1.256465911865234375e-04 1.331269741058349609e-04 1.271963119506835938e-04
1.335044402536992081e+00 -5.066394805908203125e-05 -4.076957702636718750e-05 -4.115700721740722656e-05 -4.577636718750000000e-05 -2.390146255493164062e-05 -4.938244819641113281e-05 -3.609061241149902344e-05 -4.440546035766601562e-05 -3.996491432189941406e-05 -4.449486732482910156e-05
1.341497164522380103e+00 -1.147687435150146484e-04 -1.330375671386718750e-04 -1.319050788879394531e-04 -1.284182071685791016e-04 -1.206398010253906250e-04 -1.314282417297363281e-04 -1.314878463745117188e-04 -1.240968704223632812e-04 -1.179575920104980469e-04 -1.207888126373291016e-04
1.347949926507767904e+00 1.923143863677978516e-04 2.041459083557128906e-04 1.884400844573974609e-04 1.968741416931152344e-04 2.013742923736572266e-04 1.848340034484863281e-04 1.882016658782958984e-04 1.936554908752441406e-04 1.815557479858398438e-04 1.929104328155517578e-04
1.354402688493155926e+00 -7.325410842895507812e-05 -6.130337715148925781e-05 -7.539987564086914062e-05 -7.268786430358886719e-05 -5.632638931274414062e-05 -5.930662155151367188e-05 -6.693601608276367188e-05 -6.532669067382812500e-05 -5.939602851867675781e-05 -5.766749382019042969e-05
1.360855450478543727e+00 -6.923079490661621094e-05 -7.206201553344726562e-05 -5.835294723510742188e-05 -5.969405174255371094e-05 -6.040930747985839844e-05 -6.142258644104003906e-05 -6.994605064392089844e-05 -6.356835365295410156e-05 -5.298852920532226562e-05 -7.069110870361328125e-05
1.367308212463931749e+00 1.205205917358398438e-04 1.169145107269287109e-04 1.094341278076171875e-04 1.146793365478515625e-04 1.100599765777587891e-04 1.044273376464843750e-04 1.108944416046142578e-04 1.154839992523193359e-04 1.007914543151855469e-04 1.120269298553466797e-04
1.373760974449319550e+00 -5.623698234558105469e-05 -5.599856376647949219e-05 -6.398558616638183594e-05 -4.711747169494628906e-05 -5.066394805908203125e-05 -5.909800529479980469e-05 -4.598498344421386719e-05 -6.091594696044921875e-05 -4.804134368896484375e-05 -5.179643630981445312e-05
1.380213736434707350e+00 1.439154148101806641e-04 1.251101493835449219e-04 1.370310783386230469e-04 1.324117183685302734e-04 1.398026943206787109e-04 1.386702060699462891e-04 1.279413700103759766e-04 1.488626003265380859e-04 1.457929611206054688e-04 1.364350318908691406e-04
1.386666498420095373e+00 1.543760299682617188e-05 2.077221870422363281e-05 2.717971801757812500e-05 2.470612525939941406e-05 2.190470695495605469e-05 2.896785736083984375e-05 3.710389137268066406e-05 2.893805503845214844e-05 3.132224082946777344e-05 3.021955490112304688e-05
1.393119260405483173e+00 -6.216764450073242188e-05 -5.853176116943359375e-05 -6.231665611267089844e-05 -6.675720214843750000e-05 -5.772709846496582031e-05 -7.450580596923828125e-05 -6.243586540222167969e-05 -6.532669067382812500e-05 -4.634261131286621094e-05 -6.070733070373535156e-05
1.399572022390871195e+00 1.233816146850585938e-05 2.151727676391601562e-05 2.056360244750976562e-05 2.714991569519042969e-05 1.996755599975585938e-05 2.458691596984863281e-05 6.824731826782226562e-06 2.667307853698730469e-05 -1.391768455505371094e-05 8.732080459594726562e-06
1.406024784376258996e+00 3.561377525329589844e-05 3.534555435180664062e-05 3.015995025634765625e-05 3.328919410705566406e-05 1.877546310424804688e-05 2.741813659667968750e-05 5.573034286499023438e-05 3.799796104431152344e-05 5.802512168884277344e-05 3.662705421447753906e-05
1.412477546361647018e+00 -7.244944572448730469e-05 -8.496642112731933594e-05 -8.633732795715332031e-05 -7.727742195129394531e-05 -8.454918861389160156e-05 -9.280443191528320312e-05 -8.836388587951660156e-05 -8.499622344970703125e-05 -6.756186485290527344e-05 -7.569789886474609375e-05
1.418930308347034819e+00 5.272030830383300781e-05 5.471706390380859375e-05 5.137920379638671875e-05 5.733966827392578125e-05 6.183981895446777344e-05 7.224082946777343750e-05 5.367398262023925781e-05 6.860494613647460938e-05 2.124905586242675781e-05 3.984570503234863281e-05
1.425383070332422841e+00 3.355741500854492188e-05 4.297494888305664062e-05 4.157423973083496094e-05 3.650784492492675781e-05 1.674890518188476562e-05 2.598762512207031250e-05 4.062056541442871094e-05 1.314282417297363281e-05 5.668401718139648438e-05 5.424022674560546875e-05
1.431835832317810642e+00 -7.739663124084472656e-05 -6.964802742004394531e-05 -5.754828453063964844e-05 -6.639957427978515625e-05 -6.341934204101562500e-05 -8.422136306762695312e-05 -7.987022399902343750e-05 -7.021427154541015625e-05 -6.759166717529296875e-05 -6.827712059020996094e-05
1.438288594303198664e+00 2.092123031616210938e-05 2.250075340270996094e-05 1.442432403564453125e-05 1.892447471618652344e-05 3.871321678161621094e-05 5.233287811279296875e-05 3.573298454284667969e-05 3.394484519958496094e-05 -1.251697540283203125e-06 5.960464477539062500e-07
1.444741356288586465e+00 -2.023577690124511719e-05 -2.866983413696289062e-05 -3.319978713989257812e-05 -8.702278137207031250e-06 -4.568696022033691406e-05 -5.221366882324218750e-05 -4.512071609497070312e-05 -4.962086677551269531e-05 2.491474151611328125e-05 1.698732376098632812e-06
1.451194118273974487e+00 -2.491474151611328125e-05 -2.649426460266113281e-05 -1.409649848937988281e-05 -2.279877662658691406e-05 8.642673492431640625e-07 1.788139343261718750e-07 -2.133846282958984375e-05 1.221895217895507812e-05 -4.351139068603515625e-05 -3.293156623840332031e-05
1.457646880259362288e+00 1.131296157836914062e-04 1.074969768524169922e-04 1.096725463867187500e-04 1.024901866912841797e-04 8.857250213623046875e-05 1.285970211029052734e-04 1.318752765655517578e-04 9.632110595703125000e-05 8.246302604675292969e-05 1.001358032226562500e-04
1.464099642244750310e+00 -1.073479652404785156e-04 -9.763240814208984375e-05 -9.712576866149902344e-05 -1.051723957061767578e-04 -1.189410686492919922e-04 -1.584887504577636719e-04 -1.314282417297363281e-04 -1.118779182434082031e-04 -4.956126213073730469e-05 -9.578466415405273438e-05
1.470552404230138110e+00 2.345442771911621094e-05 1.448392868041992188e-05 9.089708328247070312e-06 1.844763755798339844e-05 2.747774124145507812e-05 6.029009819030761719e-05 4.875659942626953125e-05 6.595253944396972656e-05 -3.930926322937011719e-05 -1.072883605957031250e-06
1.477005166215525911e+00 6.067752838134765625e-05 6.201863288879394531e-05 5.555152893066406250e-05 4.783272743225097656e-05 5.146861076354980469e-05 5.653500556945800781e-05 4.369020462036132812e-05 1.046061515808105469e-05 6.866455078125000000e-05 5.456805229187011719e-05
1.483457928200913933e+00 -1.476109027862548828e-04 -1.277029514312744141e-04 -1.308023929595947266e-04 -1.340210437774658203e-04 -1.289546489715576172e-04 -1.604855060577392578e-04 -1.497864723205566406e-04 -1.138746738433837891e-04 -1.078844070434570312e-04 -1.257061958312988281e-04
1.489910690186301734e+00 1.189708709716796875e-04 1.244843006134033203e-04 1.316666603088378906e-04 1.209676265716552734e-04 1.482367515563964844e-04 1.847743988037109375e-04 1.692771911621093750e-04 1.535713672637939453e-04 8.547306060791015625e-05 1.117289066314697266e-04
1.496363452171689756e+00 1.659989356994628906e-05 1.549720764160156250e-06 1.049041748046875000e-05 1.630187034606933594e-05 -2.950429916381835938e-06 -1.499056816101074219e-05 -2.822279930114746094e-05 -4.494190216064453125e-05 2.014636993408203125e-05 1.272559165954589844e-05
1.502816214157077557e+00 -1.425147056579589844e-04 -1.394748687744140625e-04 -1.502335071563720703e-04 -1.464486122131347656e-04 -1.410841941833496094e-04 -1.671314239501953125e-04 -1.248419284820556641e-04 -1.152157783508300781e-04 -1.285970211029052734e-04 -1.390278339385986328e-04
1.509268976142465579e+00 2.088248729705810547e-04 2.162754535675048828e-04 2.058744430541992188e-04 2.189576625823974609e-04 2.337694168090820312e-04 2.709925174713134766e-04 2.195239067077636719e-04 2.143085002899169922e-04 1.844465732574462891e-04 1.998543739318847656e-04
1.515721738127853380e+00 -1.172125339508056641e-04 -1.084506511688232422e-04 -1.038014888763427734e-04 -1.149177551269531250e-04 -1.338720321655273438e-04 -1.628994941711425781e-04 -1.435875892639160156e-04 -1.517534255981445312e-04 -1.057684421539306641e-04 -1.200735569000244141e-04
1.522174500113241402e+00 -4.932284355163574219e-05 -5.936622619628906250e-05 -6.827712059020996094e-05 -5.689263343811035156e-05 -4.845857620239257812e-05 -3.904104232788085938e-05 -3.889203071594238281e-05 -1.630187034606933594e-05 -2.974271774291992188e-05 -4.842877388000488281e-05
1.528627262098629203e+00 2.542138099670410156e-04 2.662539482116699219e-04 2.641379833221435547e-04 2.501308917999267578e-04 2.954900264739990234e-04 3.183484077453613281e-04 2.823173999786376953e-04 2.686083316802978516e-04 2.157688140869140625e-04 2.564489841461181641e-04
1.535080024084017225e+00 -3.101825714111328125e-04 -3.174841403961181641e-04 -3.204941749572753906e-04 -3.153383731842041016e-04 -3.498494625091552734e-04 -4.027485847473144531e-04 -3.536343574523925781e-04 -3.502070903778076172e-04 -2.917349338531494141e-04 -3.089606761932373047e-04
1.541532786069405025e+00 1.701116561889648438e-04 1.663565635681152344e-04 1.528561115264892578e-04 1.604855060577392578e-04 1.964867115020751953e-04 2.117455005645751953e-04 1.583397388458251953e-04 2.039074897766113281e-04 1.755356788635253906e-04 1.714825630187988281e-04
1.547985548054793048e+00 2.025365829467773438e-04 1.865625381469726562e-04 1.995861530303955078e-04 2.073645591735839844e-04 2.009868621826171875e-04 2.258718013763427734e-04 2.363920211791992188e-04 1.829862594604492188e-04 1.509189605712890625e-04 1.933276653289794922e-04
1.554438310040180848e+00 -3.693997859954833984e-04 -3.677904605865478516e-04 -3.619492053985595703e-04 -3.533661365509033203e-04 -4.017949104309082031e-04 -4.504919052124023438e-04 -4.267096519470214844e-04 -3.982484340667724609e-04 -3.363788127899169922e-04 -3.609359264373779297e-04
1.560891072025568649e+00 2.999007701873779297e-04 3.084838390350341797e-04 3.030598163604736328e-04 3.125369548797607422e-04 3.508031368255615234e-04 3.837943077087402344e-04 3.691017627716064453e-04 3.798007965087890625e-04 3.075599670410156250e-04 3.181993961334228516e-04
1.567343834010956671e+00 7.659196853637695312e-06 -5.334615707397460938e-06 6.347894668579101562e-06 2.384185791015625000e-06 -1.969933509826660156e-05 -1.484155654907226562e-05 1.102685928344726562e-06 -4.148483276367187500e-05 -9.924173355102539062e-06 -2.697110176086425781e-05
1.573796595996344472e+00 -3.389120101928710938e-04 -3.330409526824951172e-04 -3.348290920257568359e-04 -3.257393836975097656e-04 -3.596544265747070312e-04 -3.846287727355957031e-04 -3.866255283355712891e-04 -3.505349159240722656e-04 -3.288090229034423828e-04 -3.288686275482177734e-04
1.580249357981732494e+00 3.923773765563964844e-04 3.888010978698730469e-04 3.882348537445068359e-04 4.003345966339111328e-04 4.386007785797119141e-04 4.627108573913574219e-04 4.464089870452880859e-04 4.457831382751464844e-04 3.929436206817626953e-04 3.886520862579345703e-04
1.586702119967120295e+00 -1.889467239379882812e-04 -1.874566078186035156e-04 -1.880824565887451172e-04 -1.895427703857421875e-04 -2.180933952331542969e-04 -2.274215221405029297e-04 -2.306401729583740234e-04 -2.414584159851074219e-04 -1.913011074066162109e-04 -1.938939094543457031e-04
1.593154881952508317e+00 -1.177191734313964844e-04 -1.309514045715332031e-04 -1.186728477478027344e-04 -1.365840435028076172e-04 -1.323521137237548828e-04 -1.454353332519531250e-04 -1.263320446014404297e-04 -9.649991989135742188e-05 -1.339912414550781250e-04 -1.162588596343994141e-04
1.599607643937896118e+00 3.594458103179931641e-04 3.580749034881591797e-04 3.593564033508300781e-04 3.620982170104980469e-04 3.924667835235595703e-04 4.049837589263916016e-04 3.690719604492187500e-04 3.584325313568115234e-04 3.866553306579589844e-04 3.659725189208984375e-04
1.606060405923284140e+00 -2.681910991668701172e-04 -2.694129943847656250e-04 -2.829432487487792969e-04 -2.805888652801513672e-04 -3.087520599365234375e-04 -3.217458724975585938e-04 -3.048181533813476562e-04 -2.952516078948974609e-04 -3.176927566528320312e-04 -3.081560134887695312e-04
1.612513167908671941e+00 6.908178329467773438e-05 7.238984107971191406e-05 7.110834121704101562e-05 6.800889968872070312e-05 7.459521293640136719e-05 8.305907249450683594e-05 8.454918861389160156e-05 8.097290992736816406e-05 5.948543548583984375e-05 9.572505950927734375e-05
1.618965929894059963e+00 1.573562622070312500e-04 1.744031906127929688e-04 1.676380634307861328e-04 1.831948757171630859e-04 2.029836177825927734e-04 1.838505268096923828e-04 1.505613327026367188e-04 1.455843448638916016e-04 2.131164073944091797e-04 1.598894596099853516e-04
1.625418691879447763e+00 -2.938210964202880859e-04 -2.796053886413574219e-04 -2.818703651428222656e-04 -2.812743186950683594e-04 -3.330111503601074219e-04 -3.352463245391845703e-04 -2.758800983428955078e-04 -2.615749835968017578e-04 -3.327131271362304688e-04 -2.983808517456054688e-04
1.631871453864835786e+00 1.569092273712158203e-04 1.581311225891113281e-04 1.455545425415039062e-04 1.530051231384277344e-04 1.765787601470947266e-04 1.744031906127929688e-04 1.603364944458007812e-04 1.249015331268310547e-04 1.530349254608154297e-04 1.706182956695556641e-04
1.638324215850223586e+00 4.807114601135253906e-05 5.081295967102050781e-05 4.959106445312500000e-05 4.741549491882324219e-05 4.720687866210937500e-05 4.634261131286621094e-05 2.193450927734375000e-05 3.820657730102539062e-05 7.551908493041992188e-05 3.325939178466796875e-05
1.644776977835611609e+00 -1.966953277587890625e-04 -1.978576183319091797e-04 -1.918077468872070312e-04 -2.042949199676513672e-04 -2.444982528686523438e-04 -2.337396144866943359e-04 -1.673996448516845703e-04 -1.753866672515869141e-04 -2.653300762176513672e-04 -2.024471759796142578e-04
1.651229739820999409e+00 2.157390117645263672e-04 2.200603485107421875e-04 2.319216728210449219e-04 2.203583717346191406e-04 2.703964710235595703e-04 2.568662166595458984e-04 1.938045024871826172e-04 1.786649227142333984e-04 2.438426017761230469e-04 2.261996269226074219e-04
1.657682501806387210e+00 -5.450844764709472656e-05 -5.683302879333496094e-05 -5.316734313964843750e-05 -4.646182060241699219e-05 -7.158517837524414062e-05 -9.742379188537597656e-05 -5.251169204711914062e-05 -2.461671829223632812e-05 -3.665685653686523438e-05 -6.610155105590820312e-05
1.664135263791775232e+00 -9.050965309143066406e-05 -9.316205978393554688e-05 -7.918477058410644531e-05 -1.108348369598388672e-04 -1.225471496582031250e-04 -9.542703628540039062e-05 -4.157423973083496094e-05 -6.723403930664062500e-05 -1.472830772399902344e-04 -9.253621101379394531e-05
1.670588025777163033e+00 1.239180564880371094e-04 1.265406608581542969e-04 1.219511032104492188e-04 1.345574855804443359e-04 1.767575740814208984e-04 1.595020294189453125e-04 6.607174873352050781e-05 6.398558616638183594e-05 1.430213451385498047e-04 1.167356967926025391e-04
1.677040787762551055e+00 -1.445710659027099609e-04 -1.372396945953369141e-04 -1.572072505950927734e-04 -1.509487628936767578e-04 -1.890361309051513672e-04 -1.953542232513427734e-04 -1.094937324523925781e-04 -1.021921634674072266e-04 -1.437067985534667969e-04 -1.595020294189453125e-04
1.683493549747938856e+00 -2.250075340270996094e-05 -1.856684684753417969e-05 -2.953410148620605469e-05 -2.136826515197753906e-05 -1.567602157592773438e-05 6.079673767089843750e-06 1.814961433410644531e-05 -4.738569259643554688e-06 -5.742907524108886719e-05 1.263618469238281250e-05
1.689946311733326878e+00 2.266466617584228516e-04 2.119243144989013672e-04 2.185702323913574219e-04 2.305805683135986328e-04 2.507567405700683594e-04 2.065598964691162109e-04 1.153647899627685547e-04 1.472234725952148438e-04 2.553761005401611328e-04 2.028048038482666016e-04
1.696399073718714678e+00 -8.884072303771972656e-05 -8.618831634521484375e-05 -8.168816566467285156e-05 -8.255243301391601562e-05 -1.325011253356933594e-04 -1.097321510314941406e-04 1.341104507446289062e-06 -1.093745231628417969e-05 -9.199976921081542969e-05 -8.195638656616210938e-05
1.702851835704102701e+00 -3.150105476379394531e-05 -4.297494888305664062e-05 -3.477931022644042969e-05 -3.406405448913574219e-05 -1.719594001770019531e-05 -9.238719940185546875e-07 -6.210803985595703125e-05 -5.912780761718750000e-05 -7.650256156921386719e-05 -4.917383193969726562e-06
1.709304597689490501e+00 6.109476089477539062e-05 4.997849464416503906e-05 6.499886512756347656e-05 5.340576171875000000e-05 6.461143493652343750e-05 3.361701965332031250e-05 -3.874301910400390625e-06 1.850724220275878906e-05 1.006722450256347656e-04 2.560019493103027344e-05
1.715757359674878524e+00 -7.730722427368164062e-05 -7.182359695434570312e-05 -6.935000419616699219e-05 -6.973743438720703125e-05 -9.927153587341308594e-05 -6.797909736633300781e-05 7.212162017822265625e-06 1.817941665649414062e-06 -7.194280624389648438e-05 -4.938244819641113281e-05
1.722210121660266324e+00 4.383921623229980469e-05 3.376603126525878906e-05 4.470348358154296875e-05 3.725290298461914062e-05 6.401538848876953125e-05 7.170438766479492188e-05 -1.499056816101074219e-05 -1.183152198791503906e-05 8.791685104370117188e-06 6.216764450073242188e-05
1.728662883645654347e+00 1.621246337890625000e-05 1.919269561767578125e-05 1.257658004760742188e-05 1.972913742065429688e-05 4.425644874572753906e-05 -1.180171966552734375e-05 -2.762675285339355469e-05 1.913309097290039062e-05 8.380413055419921875e-05 -2.330541610717773438e-05
1.735115645631042147e+00 -1.382827758789062500e-05 -3.114342689514160156e-05 -2.238154411315917969e-05 -1.713633537292480469e-05 -5.140900611877441406e-05 -2.992153167724609375e-05 4.863739013671875000e-05 2.121925354003906250e-05 -7.131695747375488281e-05 6.645917892456054688e-06
1.741568407616429948e+00 3.263354301452636719e-05 2.521276473999023438e-05 3.719329833984375000e-05 2.703070640563964844e-05 5.975365638732910156e-05 5.343556404113769531e-05 -2.864003181457519531e-05 -8.434057235717773438e-06 1.636147499084472656e-05 2.583861351013183594e-05
1.748021169601817970e+00 3.203749656677246094e-05 2.282857894897460938e-05 3.930926322937011719e-05 2.878904342651367188e-05 3.331899642944335938e-05 8.732080459594726562e-06 2.071261405944824219e-05 4.640221595764160156e-05 8.070468902587890625e-05 1.117587089538574219e-05
1.754473931587205771e+00 6.020069122314453125e-05 5.266070365905761719e-05 6.234645843505859375e-05 5.331635475158691406e-05 1.165270805358886719e-05 6.008148193359375000e-05 1.155436038970947266e-04 5.829334259033203125e-05 2.324581146240234375e-06 7.125735282897949219e-05
1.760926693572593793e+00 1.549720764160156250e-06 1.260638236999511719e-05 1.162290573120117188e-05 3.427267074584960938e-06 3.278255462646484375e-05 2.062320709228515625e-05 -5.608797073364257812e-05 -1.472234725952148438e-05 2.902746200561523438e-05 -1.275539398193359375e-05
1.767379455557981593e+00 5.835294723510742188e-05 5.501508712768554688e-05 5.060434341430664062e-05 5.817413330078125000e-05 5.009770393371582031e-05 2.494454383850097656e-05 7.882714271545410156e-05 5.838274955749511719e-05 8.764863014221191406e-05 6.505846977233886719e-05
1.773832217543369616e+00 1.189112663269042969e-05 6.556510925292968750e-07 2.864003181457519531e-05 1.889467239379882812e-05 -1.475214958190917969e-05 4.962086677551269531e-05 4.097819328308105469e-05 -2.950429916381835938e-06 -2.190470695495605469e-05 1.665949821472167969e-05
1.780284979528757416e+00 -2.628564834594726562e-05 -2.548098564147949219e-05 -2.029538154602050781e-05 -2.026557922363281250e-05 4.112720489501953125e-06 -4.035234451293945312e-05 -8.958578109741210938e-05 -3.200769424438476562e-05 -4.410743713378906250e-06 -4.202127456665039062e-05
1.786737741514145439e+00 -4.574656486511230469e-05 -4.905462265014648438e-05 -4.708766937255859375e-05 -4.810094833374023438e-05 -6.636977195739746094e-05 -6.505846977233886719e-05 -9.119510650634765625e-06 -5.376338958740234375e-05 -3.364682197570800781e-05 -3.689527511596679688e-05
1.793190503499533239e+00 1.585483551025390625e-05 1.439452171325683594e-05 1.013278961181640625e-05 1.791119575500488281e-05 2.741813659667968750e-06 2.828240394592285156e-05 2.330541610717773438e-05 1.999735832214355469e-05 -1.767277717590332031e-05 -6.258487701416015625e-06
1.799643265484921262e+00 9.354948997497558594e-05 9.655952453613281250e-05 1.041591167449951172e-04 9.393692016601562500e-05 1.169741153717041016e-04 8.901953697204589844e-05 5.719065666198730469e-05 9.161233901977539062e-05 1.105964183807373047e-04 9.739398956298828125e-05
1.806096027470309062e+00 2.026557922363281250e-05 3.579258918762207031e-05 3.710389137268066406e-05 3.007054328918457031e-05 1.433491706848144531e-05 2.437829971313476562e-05 7.060170173645019531e-05 3.668665885925292969e-05 2.437829971313476562e-05 3.740191459655761719e-05
1.812548789455697085e+00 1.943111419677734375e-05 1.704692840576171875e-05 1.820921897888183594e-05 2.747774124145507812e-05 1.785159111022949219e-05 3.400444984436035156e-05 1.764297485351562500e-05 1.403689384460449219e-05 1.022219657897949219e-05 2.440810203552246094e-05
1.819001551441084885e+00 -6.526708602905273438e-06 -9.834766387939453125e-07 -3.248453140258789062e-06 -5.662441253662109375e-07 2.193450927734375000e-05 -1.147389411926269531e-05 -1.046061515808105469e-05 -1.490116119384765625e-07 1.823902130126953125e-05 1.072883605957031250e-06
1.825454313426472908e+00 -2.473592758178710938e-05 -3.412365913391113281e-05 -3.355741500854492188e-05 -2.887845039367675781e-05 -4.261732101440429688e-05 -3.591179847717285156e-05 -1.719594001770019531e-05 -3.305077552795410156e-05 -3.743171691894531250e-05 -2.104043960571289062e-05
1.831907075411860708e+00 -9.715557098388671875e-06 -2.354383468627929688e-05 -1.502037048339843750e-05 -5.036592483520507812e-06 -8.553266525268554688e-06 7.629394531250000000e-06 -2.133846282958984375e-05 -1.102685928344726562e-05 -2.512335777282714844e-05 -1.609325408935546875e-05
1.838359837397248508e+00 -6.556510925292968750e-06 4.559755325317382812e-06 -3.933906555175781250e-06 5.960464477539062500e-06 1.147389411926269531e-05 -1.129508018493652344e-05 -2.214312553405761719e-05 1.370906829833984375e-05 1.487135887145996094e-05 -9.328126907348632812e-06
1.844812599382636531e+00 1.120567321777343750e-05 -5.960464477539062500e-08 8.851289749145507812e-06 1.263618469238281250e-05 -1.055002212524414062e-05 1.052021980285644531e-05 4.303455352783203125e-05 -5.632638931274414062e-06 -5.334615707397460938e-06 4.738569259643554688e-06
1.851265361368024331e+00 -1.966953277587890625e-06 1.043081283569335938e-06 6.139278411865234375e-06 -6.228685379028320312e-06 9.834766387939453125e-06 6.586313247680664062e-06 -1.972913742065429688e-05 2.384185791015625000e-06 3.725290298461914062e-06 -7.808208465576171875e-06
1.857718123353412354e+00 -1.376867294311523438e-05 -3.004074096679687500e-05 -2.458691596984863281e-05 -1.701712608337402344e-05 -1.734495162963867188e-05 -2.861022949218750000e-05 -3.218650817871093750e-05 -1.615285873413085938e-05 1.817941665649414062e-06 -1.373887062072753906e-05
1.864170885338800154e+00 1.263618469238281250e-05 5.751848220825195312e-06 2.652406692504882812e-06 1.075863838195800781e-05 -4.112720489501953125e-06 1.281499862670898438e-05 4.568696022033691406e-05 -7.480382919311523438e-06 5.006790161132812500e-06 4.738569259643554688e-06
1.870623647324188177e+00 7.480382919311523438e-06 3.665685653686523438e-06 -7.241964340209960938e-06 -9.417533874511718750e-06 4.559755325317382812e-06 -9.775161743164062500e-06 -3.245472908020019531e-05 1.740455627441406250e-05 1.087784767150878906e-05 -2.115964889526367188e-06
1.877076409309575977e+00 -2.405047416687011719e-05 -2.726912498474121094e-05 -2.822279930114746094e-05 -3.543496131896972656e-05 -2.470612525939941406e-05 -2.470612525939941406e-05 -4.500150680541992188e-06 -1.454353332519531250e-05 -3.206729888916015625e-05 -2.267956733703613281e-05
1.883529171294964000e+00 6.318092346191406250e-06 -1.066923141479492188e-05 8.821487426757812500e-06 8.553266525268554688e-06 -9.447336196899414062e-06 -2.384185791015625000e-07 1.782178878784179688e-05 -6.347894668579101562e-06 1.344084739685058594e-05 -1.013278961181640625e-05
1.889981933280351800e+00 -2.339482307434082031e-05 -1.677870750427246094e-05 -7.301568984985351562e-06 -2.470612525939941406e-05 -4.470348358154296875e-06 -2.157688140869140625e-05 -2.145767211914062500e-05 2.264976501464843750e-06 -1.972913742065429688e-05 -1.212954521179199219e-05
1.896434695265739823e+00 -2.369284629821777344e-05 -2.038478851318359375e-05 -1.791119575500488281e-05 -2.673268318176269531e-05 -3.117322921752929688e-05 -1.525878906250000000e-05 2.622604370117187500e-06 -3.060698509216308594e-05 -4.264712333679199219e-05 -2.548098564147949219e-05
1.902887457251127623e+00 4.577636718750000000e-05 4.717707633972167969e-05 5.277991294860839844e-05 3.874301910400390625e-05 2.801418304443359375e-05 4.056096076965332031e-05 3.322958946228027344e-05 3.305077552795410156e-05 4.538893699645996094e-05 3.859400749206542969e-05
1.909340219236515646e+00 -2.026557922363281250e-06 -1.263618469238281250e-05 -8.791685104370117188e-06 -1.123547554016113281e-05 2.712011337280273438e-06 -1.654028892517089844e-05 -1.633167266845703125e-05 1.657009124755859375e-05 -1.236796379089355469e-05 -3.397464752197265625e-06
1.915792981221903446e+00 -9.626150131225585938e-06 -1.907348632812500000e-06 -7.569789886474609375e-06 -1.162290573120117188e-05 -5.006790161132812500e-06 -1.591444015502929688e-05 1.102685928344726562e-05 -8.344650268554687500e-06 -1.490116119384765625e-06 -7.748603820800781250e-06
1.922245743207291468e+00 1.034140586853027344e-05 1.078844070434570312e-05 2.264976501464843750e-05 2.831220626831054688e-06 6.228685379028320312e-06 -3.069639205932617188e-06 1.701712608337402344e-05 6.377696990966796875e-06 1.049041748046875000e-05 1.519918441772460938e-05
1.928698505192679269e+00 -6.347894668579101562e-06 -6.526708602905273438e-06 -2.288818359375000000e-05 -9.387731552124023438e-06 -1.138448715209960938e-05 5.394220352172851562e-06 -1.227855682373046875e-05 5.513429641723632812e-06 -1.960992813110351562e-05 -1.361966133117675781e-05
1.935151267178067069e+00 4.234910011291503906e-05 4.649162292480468750e-05 5.218386650085449219e-05 5.552172660827636719e-05 6.017088890075683594e-05 6.511807441711425781e-05 6.425380706787109375e-05 3.618001937866210938e-05 5.936622619628906250e-05 5.301833152770996094e-05
1.941604029163455092e+00 1.651048660278320312e-05 1.028180122375488281e-05 1.627206802368164062e-05 8.076429367065429688e-06 -6.675720214843750000e-06 7.003545761108398438e-06 2.139806747436523438e-05 -1.668930053710937500e-06 4.678964614868164062e-06 1.788139343261718750e-05
1.948056791148842892e+00 3.904104232788085938e-06 -1.409649848937988281e-05 -1.689791679382324219e-05 -1.460313796997070312e-06 1.579523086547851562e-06 1.907348632812500000e-06 -1.958012580871582031e-05 1.245737075805664062e-05 -1.186132431030273438e-05 -1.233816146850585938e-05
1.954509553134230915e+00 -2.390146255493164062e-05 -9.000301361083984375e-06 -6.407499313354492188e-06 -1.728534698486328125e-05 -1.907348632812500000e-05 -2.646446228027343750e-05 -1.353025436401367188e-05 -1.895427703857421875e-05 -1.826882362365722656e-05 -1.993775367736816406e-05
1.960962315119618715e+00 5.802512168884277344e-05 5.188584327697753906e-05 4.026293754577636719e-05 2.849102020263671875e-05 3.731250762939453125e-05 3.570318222045898438e-05 4.449486732482910156e-05 3.850460052490234375e-05 4.607439041137695312e-05 3.901124000549316406e-05
1.967415077105006738e+00 -2.795457839965820312e-05 -2.574920654296875000e-05 -2.896785736083984375e-05 -2.604722976684570312e-05 -7.480382919311523438e-06 -3.486871719360351562e-06 -2.676248550415039062e-05 -8.463859558105468750e-06 -2.393126487731933594e-05 -1.040101051330566406e-05
1.973867839090394538e+00 6.079673767089843750e-06 5.036592483520507812e-06 -1.221895217895507812e-06 1.806020736694335938e-05 -1.800060272216796875e-05 -2.861022949218750000e-06 1.260638236999511719e-05 -1.698732376098632812e-05 -6.049871444702148438e-06 4.500150680541992188e-06
1.980320601075782561e+00 1.966953277587890625e-05 1.519918441772460938e-05 9.059906005859375000e-06 1.057982444763183594e-05 1.302361488342285156e-05 2.121925354003906250e-05 5.185604095458984375e-06 8.255243301391601562e-06 9.864568710327148438e-06 1.680850982666015625e-05
1.986773363061170361e+00 -1.124739646911621094e-04 -7.909536361694335938e-05 -8.389353752136230469e-05 -8.451938629150390625e-05 -8.067488670349121094e-05 -8.663535118103027344e-05 -9.641051292419433594e-05 -9.185075759887695312e-05 -7.894635200500488281e-05 -8.383393287658691406e-05
1.993226125046558384e+00 6.392598152160644531e-05 6.377696990966796875e-05 5.954504013061523438e-05 6.774067878723144531e-05 6.714463233947753906e-05 5.513429641723632812e-05 7.733702659606933594e-05 6.243586540222167969e-05 5.427002906799316406e-05 6.321072578430175781e-05
1.999678887031946184e+00 1.044273376464843750e-04 1.012384891510009766e-04 9.483098983764648438e-05 8.976459503173828125e-05 1.020133495330810547e-04 1.065433025360107422e-04 8.299946784973144531e-05 1.094043254852294922e-04 1.053214073181152344e-04 9.018182754516601562e-05
2.006131649017333984e+00 -5.283951759338378906e-05 -3.799796104431152344e-05 -2.598762512207031250e-05 -1.960992813110351562e-05 -2.950429916381835938e-05 -4.062056541442871094e-05 -2.795457839965820312e-05 -2.279877662658691406e-05 -3.388524055480957031e-05 -4.813075065612792969e-05
