#Range[m] 0 1 2 3 4 5 6 7 8 9
1.800000071525573730e-01 -6.713807582855224609e-03 -6.701052188873291016e-03 -6.721049547195434570e-03 -6.716549396514892578e-03 -6.699502468109130859e-03 -6.666451692581176758e-03 -6.639301776885986328e-03 -6.641775369644165039e-03 -6.640732288360595703e-03 -6.636232137680053711e-03
1.864527691379452845e-01 2.496957778930664062e-03 2.454042434692382812e-03 2.459853887557983398e-03 2.463042736053466797e-03 2.477228641510009766e-03 2.360999584197998047e-03 2.350449562072753906e-03 2.323508262634277344e-03 2.367109060287475586e-03 2.365857362747192383e-03
1.929055311233331682e-01 4.080682992935180664e-03 4.107058048248291016e-03 4.108309745788574219e-03 4.103541374206542969e-03 4.106909036636352539e-03 4.165977239608764648e-03 4.195332527160644531e-03 4.195928573608398438e-03 4.149228334426879883e-03 4.166096448898315430e-03
1.993582931087210797e-01 -5.950897932052612305e-03 -5.924195051193237305e-03 -5.949378013610839844e-03 -5.937844514846801758e-03 -5.928605794906616211e-03 -5.951493978500366211e-03 -5.889773368835449219e-03 -5.883097648620605469e-03 -5.909085273742675781e-03 -5.901694297790527344e-03
2.058110550941089911e-01 3.095835447311401367e-03 3.053039312362670898e-03 3.035962581634521484e-03 3.055274486541748047e-03 3.058820962905883789e-03 3.007590770721435547e-03 2.992928028106689453e-03 2.976089715957641602e-03 3.008097410202026367e-03 3.022134304046630859e-03
2.122638170794968748e-01 2.117186784744262695e-03 2.154737710952758789e-03 2.131611108779907227e-03 2.164304256439208984e-03 2.154618501663208008e-03 2.196401357650756836e-03 2.208232879638671875e-03 2.188801765441894531e-03 2.182602882385253906e-03 2.175331115722656250e-03
2.187165790648847863e-01 -4.667788743972778320e-03 -4.643738269805908203e-03 -4.635781049728393555e-03 -4.678428173065185547e-03 -4.668802022933959961e-03 -4.665613174438476562e-03 -4.650741815567016602e-03 -4.659622907638549805e-03 -4.656761884689331055e-03 -4.647791385650634766e-03
2.251693410502726977e-01 3.790467977523803711e-03 3.777205944061279297e-03 3.781914710998535156e-03 3.787815570831298828e-03 3.775626420974731445e-03 3.736346960067749023e-03 3.742694854736328125e-03 3.736615180969238281e-03 3.759145736694335938e-03 3.748357295989990234e-03
2.316221030356606092e-01 1.255363225936889648e-03 1.273244619369506836e-03 1.243442296981811523e-03 1.286596059799194336e-03 1.285314559936523438e-03 1.306712627410888672e-03 1.309603452682495117e-03 1.308739185333251953e-03 1.311063766479492188e-03 1.308619976043701172e-03
2.380748650210485207e-01 -4.894852638244628906e-03 -4.879981279373168945e-03 -4.866987466812133789e-03 -4.908770322799682617e-03 -4.887312650680541992e-03 -4.897654056549072266e-03 -4.881858825683593750e-03 -4.887580871582031250e-03 -4.883676767349243164e-03 -4.878669977188110352e-03
2.445276270064364044e-01 3.847122192382812500e-03 3.839015960693359375e-03 3.868341445922851562e-03 3.824740648269653320e-03 3.813773393630981445e-03 3.773123025894165039e-03 3.775358200073242188e-03 3.783047199249267578e-03 3.802120685577392578e-03 3.804773092269897461e-03
2.509803889918242881e-01 1.777648925781250000e-03 1.810669898986816406e-03 1.774191856384277344e-03 1.825600862503051758e-03 1.819312572479248047e-03 1.882553100585937500e-03 1.855880022048950195e-03 1.864850521087646484e-03 1.856267452239990234e-03 1.884251832962036133e-03
2.574331509772121995e-01 -7.613599300384521484e-03 -7.608681917190551758e-03 -7.617831230163574219e-03 -7.610559463500976562e-03 -7.610052824020385742e-03 -7.641166448593139648e-03 -7.623434066772460938e-03 -7.635891437530517578e-03 -7.643282413482666016e-03 -7.642120122909545898e-03
2.638859129626001110e-01 8.747249841690063477e-03 8.713603019714355469e-03 8.760213851928710938e-03 8.691102266311645508e-03 8.708149194717407227e-03 8.649379014968872070e-03 8.646637201309204102e-03 8.674949407577514648e-03 8.676975965499877930e-03 8.674949407577514648e-03
2.703386749479880224e-01 -1.941382884979248047e-03 -1.877486705780029297e-03 -1.928240060806274414e-03 -1.842945814132690430e-03 -1.855462789535522461e-03 -1.743704080581665039e-03 -1.728057861328125000e-03 -1.714825630187988281e-03 -1.734375953674316406e-03 -1.730173826217651367e-03
2.767914369333759339e-01 -8.362501859664916992e-03 -8.424252271652221680e-03 -8.390516042709350586e-03 -8.436769247055053711e-03 -8.388906717300415039e-03 -8.550643920898437500e-03 -8.538305759429931641e-03 -8.536964654922485352e-03 -8.493840694427490234e-03 -8.503496646881103516e-03
2.832441989187638454e-01 1.491862535476684570e-02 1.493132114410400391e-02 1.493558287620544434e-02 1.490890979766845703e-02 1.492163538932800293e-02 1.491963863372802734e-02 1.491510868072509766e-02 1.492482423782348633e-02 1.490652561187744141e-02 1.492345333099365234e-02
2.896969609041517568e-01 -1.138255000114440918e-02 -1.131144165992736816e-02 -1.132866740226745605e-02 -1.123556494712829590e-02 -1.125639677047729492e-02 -1.111567020416259766e-02 -1.110258698463439941e-02 -1.108372211456298828e-02 -1.118853688240051270e-02 -1.112627983093261719e-02
2.961497228895396683e-01 -2.290010452270507812e-04 -3.886818885803222656e-04 -3.145933151245117188e-04 -4.380345344543457031e-04 -4.364550113677978516e-04 -6.751120090484619141e-04 -6.094872951507568359e-04 -7.086396217346191406e-04 -5.447566509246826172e-04 -5.649328231811523438e-04
3.026024848749275242e-01 1.222166419029235840e-02 1.231020689010620117e-02 1.223704218864440918e-02 1.230588555335998535e-02 1.231479644775390625e-02 1.246148347854614258e-02 1.247429847717285156e-02 1.254376769065856934e-02 1.240065693855285645e-02 1.243102550506591797e-02
3.090552468603154357e-01 -2.187272906303405762e-02 -2.186995744705200195e-02 -2.185779809951782227e-02 -2.184867858886718750e-02 -2.184945344924926758e-02 -2.180123329162597656e-02 -2.179151773452758789e-02 -2.178215980529785156e-02 -2.179279923439025879e-02 -2.179419994354248047e-02
3.155080088457033471e-01 1.328429579734802246e-02 1.311266422271728516e-02 1.322659850120544434e-02 1.313710212707519531e-02 1.312744617462158203e-02 1.291522383689880371e-02 1.291090250015258789e-02 1.287615299224853516e-02 1.294437050819396973e-02 1.298221945762634277e-02
3.219607708310912586e-01 4.107534885406494141e-03 4.176527261734008789e-03 4.009902477264404297e-03 4.129081964492797852e-03 4.245370626449584961e-03 4.478156566619873047e-03 4.467368125915527344e-03 4.510581493377685547e-03 4.395067691802978516e-03 4.393517971038818359e-03
3.284135328164791701e-01 -2.155303955078125000e-02 -2.158120274543762207e-02 -2.150651812553405762e-02 -2.162200212478637695e-02 -2.161598205566406250e-02 -2.172231674194335938e-02 -2.167883515357971191e-02 -2.170586585998535156e-02 -2.167648077011108398e-02 -2.169284224510192871e-02
3.348662948018670260e-01 2.350577712059020996e-02 2.340328693389892578e-02 2.348822355270385742e-02 2.341032028198242188e-02 2.340018749237060547e-02 2.326849102973937988e-02 2.331230044364929199e-02 2.328479290008544922e-02 2.327108383178710938e-02 2.331519126892089844e-02
3.413190567872549375e-01 -1.131263375282287598e-02 -1.122450828552246094e-02 -1.133236289024353027e-02 -1.110568642616271973e-02 -1.112782955169677734e-02 -1.085627079010009766e-02 -1.087552309036254883e-02 -1.089411973953247070e-02 -1.095616817474365234e-02 -1.097896695137023926e-02
3.477718187726428489e-01 -1.150029897689819336e-02 -1.157256960868835449e-02 -1.148471236228942871e-02 -1.166632771492004395e-02 -1.166477799415588379e-02 -1.188489794731140137e-02 -1.187470555305480957e-02 -1.192021369934082031e-02 -1.184648275375366211e-02 -1.187729835510253906e-02
3.542245807580307604e-01 2.400574088096618652e-02 2.406510710716247559e-02 2.404478192329406738e-02 2.403217554092407227e-02 2.403494715690612793e-02 2.412930130958557129e-02 2.409210801124572754e-02 2.408435940742492676e-02 2.405968308448791504e-02 2.407762408256530762e-02
3.606773427434186718e-01 -2.029475569725036621e-02 -2.026450634002685547e-02 -2.033972740173339844e-02 -2.020230889320373535e-02 -2.019211649894714355e-02 -2.008128166198730469e-02 -2.011877298355102539e-02 -2.009513974189758301e-02 -2.011972665786743164e-02 -2.016448974609375000e-02
3.671301047288065833e-01 2.002924680709838867e-03 1.877605915069580078e-03 1.972168684005737305e-03 1.783490180969238281e-03 1.802623271942138672e-03 1.575917005538940430e-03 1.537859439849853516e-03 1.569867134094238281e-03 1.641750335693359375e-03 1.589536666870117188e-03
3.735828667141944948e-01 1.412537693977355957e-02 1.424631476402282715e-02 1.418045163154602051e-02 1.426836848258972168e-02 1.427739858627319336e-02 1.443940401077270508e-02 1.443022489547729492e-02 1.449862122535705566e-02 1.441207528114318848e-02 1.439926028251647949e-02
3.800356286995824062e-01 -1.854828000068664551e-02 -1.858103275299072266e-02 -1.856961846351623535e-02 -1.852992177009582520e-02 -1.852819323539733887e-02 -1.858294010162353516e-02 -1.861059665679931641e-02 -1.860564947128295898e-02 -1.855906844139099121e-02 -1.859062910079956055e-02
3.864883906849703177e-01 1.053854823112487793e-02 1.044708490371704102e-02 1.052734255790710449e-02 1.042932271957397461e-02 1.043570041656494141e-02 1.027756929397583008e-02 1.028031110763549805e-02 1.024562120437622070e-02 1.029506325721740723e-02 1.029321551322937012e-02
3.929411526703582291e-01 4.911750555038452148e-03 5.039930343627929688e-03 4.980295896530151367e-03 5.034476518630981445e-03 4.981517791748046875e-03 5.194544792175292969e-03 5.191504955291748047e-03 5.201876163482666016e-03 5.136281251907348633e-03 5.106419324874877930e-03
3.993939146557460851e-01 -1.339927315711975098e-02 -1.345336437225341797e-02 -1.342186331748962402e-02 -1.340276002883911133e-02 -1.342540979385375977e-02 -1.350665092468261719e-02 -1.350772380828857422e-02 -1.353496313095092773e-02 -1.346468925476074219e-02 -1.346454024314880371e-02
4.058466766411339965e-01 1.075783371925354004e-02 1.073399186134338379e-02 1.076975464820861816e-02 1.070490479469299316e-02 1.070803403854370117e-02 1.063087582588195801e-02 1.063588261604309082e-02 1.060751080513000488e-02 1.064231991767883301e-02 1.062709093093872070e-02
4.122994386265219080e-01 7.894635200500488281e-04 8.826851844787597656e-04 8.331537246704101562e-04 8.824169635772705078e-04 8.535385131835937500e-04 9.732842445373535156e-04 9.794533252716064453e-04 1.004785299301147461e-03 9.876191616058349609e-04 9.719431400299072266e-04
4.187522006119098195e-01 -8.185237646102905273e-03 -8.235931396484375000e-03 -8.210271596908569336e-03 -8.243054151535034180e-03 -8.230477571487426758e-03 -8.310228586196899414e-03 -8.319079875946044922e-03 -8.338689804077148438e-03 -8.298486471176147461e-03 -8.287638425827026367e-03
4.252049625972976754e-01 9.012877941131591797e-03 9.012669324874877930e-03 9.025543928146362305e-03 8.985698223114013672e-03 8.995503187179565430e-03 8.971005678176879883e-03 8.953332901000976562e-03 8.957862854003906250e-03 8.947759866714477539e-03 8.941203355789184570e-03
4.316577245826856424e-01 -2.530634403228759766e-03 -2.494990825653076172e-03 -2.542793750762939453e-03 -2.473026514053344727e-03 -2.489000558853149414e-03 -2.387285232543945312e-03 -2.372771501541137695e-03 -2.347886562347412109e-03 -2.389430999755859375e-03 -2.393066883087158203e-03
4.381104865680734983e-01 -4.775017499923706055e-03 -4.816532135009765625e-03 -4.763603210449218750e-03 -4.816323518753051758e-03 -4.790186882019042969e-03 -4.866987466812133789e-03 -4.864305257797241211e-03 -4.868417978286743164e-03 -4.842251539230346680e-03 -4.829347133636474609e-03
4.445632485534614098e-01 8.019298315048217773e-03 8.012473583221435547e-03 8.026808500289916992e-03 8.002072572708129883e-03 8.010208606719970703e-03 7.993608713150024414e-03 8.005410432815551758e-03 7.988870143890380859e-03 7.998913526535034180e-03 7.988721132278442383e-03
4.510160105388493212e-01 -4.621207714080810547e-03 -4.568606615066528320e-03 -4.607856273651123047e-03 -4.568666219711303711e-03 -4.551291465759277344e-03 -4.477649927139282227e-03 -4.508912563323974609e-03 -4.485756158828735352e-03 -4.498243331909179688e-03 -4.512667655944824219e-03
4.574687725242372327e-01 -8.211731910705566406e-04 -8.334815502166748047e-04 -8.248686790466308594e-04 -8.711814880371093750e-04 -8.529424667358398438e-04 -9.277164936065673828e-04 -9.183287620544433594e-04 -9.468495845794677734e-04 -9.032785892486572266e-04 -9.104907512664794922e-04
4.639215345096251442e-01 5.378633737564086914e-03 5.381852388381958008e-03 5.369216203689575195e-03 5.379587411880493164e-03 5.381524562835693359e-03 5.392849445343017578e-03 5.407243967056274414e-03 5.418270826339721680e-03 5.406826734542846680e-03 5.391448736190795898e-03
4.703742964950130556e-01 -4.287719726562500000e-03 -4.277199506759643555e-03 -4.283010959625244141e-03 -4.270285367965698242e-03 -4.264980554580688477e-03 -4.244178533554077148e-03 -4.242897033691406250e-03 -4.242807626724243164e-03 -4.230827093124389648e-03 -4.231393337249755859e-03
4.768270584804009671e-01 5.591809749603271484e-04 5.427896976470947266e-04 5.948543548583984375e-04 5.425214767456054688e-04 5.386471748352050781e-04 4.824101924896240234e-04 4.848837852478027344e-04 4.825592041015625000e-04 5.014240741729736328e-04 5.102753639221191406e-04
4.832798204657888230e-01 3.061801195144653320e-03 3.085821866989135742e-03 3.082364797592163086e-03 3.087788820266723633e-03 3.077358007431030273e-03 3.109842538833618164e-03 3.099054098129272461e-03 3.114253282546997070e-03 3.098666667938232422e-03 3.114938735961914062e-03
4.897325824511767345e-01 -3.294587135314941406e-03 -3.296881914138793945e-03 -3.305166959762573242e-03 -3.257811069488525391e-03 -3.266841173171997070e-03 -3.266125917434692383e-03 -3.272175788879394531e-03 -3.263741731643676758e-03 -3.258794546127319336e-03 -3.264397382736206055e-03
4.961853444365646459e-01 8.828043937683105469e-04 8.642673492431640625e-04 8.797049522399902344e-04 8.645951747894287109e-04 8.738338947296142578e-04 8.430182933807373047e-04 8.368790149688720703e-04 8.410513401031494141e-04 8.349716663360595703e-04 8.373558521270751953e-04
5.026381064219525019e-01 1.552611589431762695e-03 1.558393239974975586e-03 1.560240983963012695e-03 1.554787158966064453e-03 1.564890146255493164e-03 1.594722270965576172e-03 1.598656177520751953e-03 1.600444316864013672e-03 1.580923795700073242e-03 1.579225063323974609e-03
5.090908684073405244e-01 -1.769334077835083008e-03 -1.765817403793334961e-03 -1.784205436706542969e-03 -1.736640930175781250e-03 -1.747727394104003906e-03 -1.754850149154663086e-03 -1.744806766510009766e-03 -1.741528511047363281e-03 -1.736938953399658203e-03 -1.730293035507202148e-03
5.155436303927283248e-01 5.995035171508789062e-04 5.749166011810302734e-04 5.808174610137939453e-04 5.882084369659423828e-04 5.935728549957275391e-04 5.740821361541748047e-04 5.723536014556884766e-04 5.604624748229980469e-04 5.839467048645019531e-04 5.549490451812744141e-04
5.219963923781163473e-01 1.259744167327880859e-03 1.264899969100952148e-03 1.271694898605346680e-03 1.254677772521972656e-03 1.248985528945922852e-03 1.279830932617187500e-03 1.279950141906738281e-03 1.274168491363525391e-03 1.277655363082885742e-03 1.271694898605346680e-03
5.284491543635041477e-01 -1.695066690444946289e-03 -1.684784889221191406e-03 -1.696884632110595703e-03 -1.692861318588256836e-03 -1.702606678009033203e-03 -1.692146062850952148e-03 -1.676797866821289062e-03 -1.689791679382324219e-03 -1.684069633483886719e-03 -1.692593097686767578e-03
5.349019163488920592e-01 5.593597888946533203e-04 5.502998828887939453e-04 5.787611007690429688e-04 5.578398704528808594e-04 5.549788475036621094e-04 5.326569080352783203e-04 5.357265472412109375e-04 5.242526531219482422e-04 5.348622798919677734e-04 5.226135253906250000e-04
5.413546783342799706e-01 1.373440027236938477e-03 1.367479562759399414e-03 1.357942819595336914e-03 1.369684934616088867e-03 1.359939575195312500e-03 1.377910375595092773e-03 1.374274492263793945e-03 1.379102468490600586e-03 1.385122537612915039e-03 1.368850469589233398e-03
5.478074403196678821e-01 -1.658529043197631836e-03 -1.645088195800781250e-03 -1.647621393203735352e-03 -1.642078161239624023e-03 -1.634031534194946289e-03 -1.629173755645751953e-03 -1.628369092941284180e-03 -1.622498035430908203e-03 -1.620292663574218750e-03 -1.620054244995117188e-03
5.542602023050557936e-01 4.396140575408935547e-04 4.319548606872558594e-04 4.278719425201416016e-04 4.262328147888183594e-04 4.189312458038330078e-04 4.107356071472167969e-04 3.973543643951416016e-04 4.012882709503173828e-04 4.108846187591552734e-04 4.049241542816162109e-04
5.607129642904437050e-01 9.679794311523437500e-04 9.907782077789306641e-04 9.830892086029052734e-04 9.940266609191894531e-04 9.809434413909912109e-04 9.976327419281005859e-04 9.873807430267333984e-04 9.921789169311523438e-04 9.748339653015136719e-04 9.996891021728515625e-04
5.671657262758316165e-01 -1.775979995727539062e-03 -1.785069704055786133e-03 -1.784026622772216797e-03 -1.773685216903686523e-03 -1.767486333847045898e-03 -1.774966716766357422e-03 -1.772284507751464844e-03 -1.760751008987426758e-03 -1.767754554748535156e-03 -1.766324043273925781e-03
5.736184882612194169e-01 1.111328601837158203e-03 1.099467277526855469e-03 1.109391450881958008e-03 1.106083393096923828e-03 1.116067171096801758e-03 1.080393791198730469e-03 1.100182533264160156e-03 1.070827245712280273e-03 1.089930534362792969e-03 1.078069210052490234e-03
5.800712502466074394e-01 8.558332920074462891e-04 8.571743965148925781e-04 8.502602577209472656e-04 8.762776851654052734e-04 8.499622344970703125e-04 8.866488933563232422e-04 8.753240108489990234e-04 8.831620216369628906e-04 8.827745914459228516e-04 8.894205093383789062e-04
5.865240122319952398e-01 -1.956373453140258789e-03 -1.935034990310668945e-03 -1.940518617630004883e-03 -1.936167478561401367e-03 -1.953393220901489258e-03 -1.962810754776000977e-03 -1.931130886077880859e-03 -1.926630735397338867e-03 -1.948356628417968750e-03 -1.935571432113647461e-03
5.929767742173832623e-01 1.260697841644287109e-03 1.248240470886230469e-03 1.257270574569702148e-03 1.243382692337036133e-03 1.234233379364013672e-03 1.244604587554931641e-03 1.248300075531005859e-03 1.231849193572998047e-03 1.237213611602783203e-03 1.247674226760864258e-03
5.994295362027710627e-01 3.394782543182373047e-04 3.443658351898193359e-04 3.336369991302490234e-04 3.474056720733642578e-04 3.477632999420166016e-04 3.689229488372802734e-04 3.589689731597900391e-04 3.591179847717285156e-04 3.525018692016601562e-04 3.535449504852294922e-04
6.058822981881590852e-01 -1.472741365432739258e-03 -1.481413841247558594e-03 -1.469463109970092773e-03 -1.475214958190917969e-03 -1.488775014877319336e-03 -1.495599746704101562e-03 -1.492768526077270508e-03 -1.502037048339843750e-03 -1.479119062423706055e-03 -1.476883888244628906e-03
6.123350601735468857e-01 1.831561326980590820e-03 1.840204000473022461e-03 1.838535070419311523e-03 1.848220825195312500e-03 1.835912466049194336e-03 1.824736595153808594e-03 1.834124326705932617e-03 1.833498477935791016e-03 1.835584640502929688e-03 1.827895641326904297e-03
6.187878221589347971e-01 -6.050765514373779297e-04 -6.024241447448730469e-04 -6.224513053894042969e-04 -5.908310413360595703e-04 -5.860924720764160156e-04 -5.774199962615966797e-04 -5.887448787689208984e-04 -5.798041820526123047e-04 -5.884170532226562500e-04 -5.883574485778808594e-04
6.252405841443227086e-01 -1.259803771972656250e-03 -1.245737075805664062e-03 -1.247584819793701172e-03 -1.256912946701049805e-03 -1.275658607482910156e-03 -1.275867223739624023e-03 -1.276552677154541016e-03 -1.274019479751586914e-03 -1.271605491638183594e-03 -1.276135444641113281e-03
6.316933461297106200e-01 1.701444387435913086e-03 1.699179410934448242e-03 1.707613468170166016e-03 1.708656549453735352e-03 1.698493957519531250e-03 1.698583364486694336e-03 1.696825027465820312e-03 1.695424318313598633e-03 1.710325479507446289e-03 1.691311597824096680e-03
6.381461081150985315e-01 -7.697343826293945312e-04 -7.782280445098876953e-04 -7.927417755126953125e-04 -7.652640342712402344e-04 -7.654130458831787109e-04 -7.506906986236572266e-04 -7.559657096862792969e-04 -7.606744766235351562e-04 -7.564723491668701172e-04 -7.572472095489501953e-04
6.445988701004864430e-01 -5.602836608886718750e-04 -5.719065666198730469e-04 -5.570948123931884766e-04 -5.607604980468750000e-04 -5.644857883453369141e-04 -5.736947059631347656e-04 -5.746781826019287109e-04 -5.778968334197998047e-04 -5.744695663452148438e-04 -5.787909030914306641e-04
6.510516320858743544e-01 1.195460557937622070e-03 1.206666231155395508e-03 1.207441091537475586e-03 1.203805208206176758e-03 1.199394464492797852e-03 1.204520463943481445e-03 1.201957464218139648e-03 1.204699277877807617e-03 1.201063394546508789e-03 1.199275255203247070e-03
6.575043940712622659e-01 -1.089602708816528320e-03 -1.100003719329833984e-03 -1.107722520828247070e-03 -1.090705394744873047e-03 -1.095801591873168945e-03 -1.083761453628540039e-03 -1.089483499526977539e-03 -1.080662012100219727e-03 -1.091033220291137695e-03 -1.089453697204589844e-03
6.639571560566501773e-01 -9.620189666748046875e-05 -9.685754776000976562e-05 -9.629130363464355469e-05 -8.893013000488281250e-05 -1.048445701599121094e-04 -1.113414764404296875e-04 -1.147091388702392578e-04 -1.150369644165039062e-04 -1.077353954315185547e-04 -1.121461391448974609e-04
6.704099180420379778e-01 1.054525375366210938e-03 1.051068305969238281e-03 1.037240028381347656e-03 1.048356294631958008e-03 1.051634550094604492e-03 1.049637794494628906e-03 1.050651073455810547e-03 1.047700643539428711e-03 1.067340373992919922e-03 1.039236783981323242e-03
6.768626800274260003e-01 -8.468031883239746094e-04 -8.486211299896240234e-04 -8.533596992492675781e-04 -8.471310138702392578e-04 -8.376836776733398438e-04 -8.517205715179443359e-04 -8.502304553985595703e-04 -8.502602577209472656e-04 -8.429884910583496094e-04 -8.444190025329589844e-04
6.833154420128139117e-01 1.158118247985839844e-04 1.055896282196044922e-04 1.160204410552978516e-04 1.063346862792968750e-04 1.089274883270263672e-04 8.970499038696289062e-05 9.223818778991699219e-05 1.011192798614501953e-04 1.108050346374511719e-04 8.830428123474121094e-05
6.897682039982017121e-01 4.100203514099121094e-04 3.929734230041503906e-04 4.054307937622070312e-04 4.172027111053466797e-04 4.105269908905029297e-04 4.112422466278076172e-04 4.190802574157714844e-04 4.239678382873535156e-04 4.186928272247314453e-04 4.155635833740234375e-04
6.962209659835896236e-01 -7.497072219848632812e-04 -7.523000240325927734e-04 -7.588565349578857422e-04 -7.537901401519775391e-04 -7.418692111968994141e-04 -7.597506046295166016e-04 -7.520318031311035156e-04 -7.464885711669921875e-04 -7.439851760864257812e-04 -7.540583610534667969e-04
7.026737279689775351e-01 4.213154315948486328e-04 4.048347473144531250e-04 4.191100597381591797e-04 4.240274429321289062e-04 4.103183746337890625e-04 4.112124443054199219e-04 4.047453403472900391e-04 4.070699214935302734e-04 4.092454910278320312e-04 4.170835018157958984e-04
7.091264899543654465e-01 4.127919673919677734e-04 3.957450389862060547e-04 4.047155380249023438e-04 3.856122493743896484e-04 4.000067710876464844e-04 3.994405269622802734e-04 4.050135612487792969e-04 4.049241542816162109e-04 4.068017005920410156e-04 3.993213176727294922e-04
7.155792519397533580e-01 -8.946359157562255859e-04 -8.922517299652099609e-04 -8.892416954040527344e-04 -9.070336818695068359e-04 -9.056627750396728516e-04 -8.899271488189697266e-04 -9.029507637023925781e-04 -9.031295776367187500e-04 -8.878707885742187500e-04 -9.008646011352539062e-04
7.220320139251412694e-01 4.310905933380126953e-04 4.276931285858154297e-04 4.280507564544677734e-04 4.207193851470947266e-04 4.206001758575439453e-04 4.158914089202880859e-04 4.128813743591308594e-04 4.157721996307373047e-04 4.275441169738769531e-04 4.210174083709716797e-04
7.284847759105291809e-01 1.571476459503173828e-04 1.679658889770507812e-04 1.593828201293945312e-04 1.595318317413330078e-04 1.754164695739746094e-04 1.803040504455566406e-04 1.766681671142578125e-04 1.691877841949462891e-04 1.822412014007568359e-04 1.719892024993896484e-04
7.349375378959170924e-01 -4.197657108306884766e-04 -4.209876060485839844e-04 -4.128515720367431641e-04 -4.316568374633789062e-04 -4.195272922515869141e-04 -4.254281520843505859e-04 -4.309117794036865234e-04 -4.295408725738525391e-04 -4.304647445678710938e-04 -4.250109195709228516e-04
7.413902998813050038e-01 6.166994571685791016e-04 6.036460399627685547e-04 6.105005741119384766e-04 6.105303764343261719e-04 6.029903888702392578e-04 5.927681922912597656e-04 5.889534950256347656e-04 5.974173545837402344e-04 5.945265293121337891e-04 6.022751331329345703e-04
7.478430618666929153e-01 -4.846155643463134766e-04 -4.812180995941162109e-04 -4.948377609252929688e-04 -4.778802394866943359e-04 -4.953742027282714844e-04 -4.746019840240478516e-04 -4.869103431701660156e-04 -4.835724830627441406e-04 -4.829764366149902344e-04 -4.810988903045654297e-04
7.542958238520808267e-01 -4.942119121551513672e-04 -5.094110965728759766e-04 -5.103945732116699219e-04 -5.167424678802490234e-04 -5.071759223937988281e-04 -5.091130733489990234e-04 -5.218088626861572266e-04 -5.159676074981689453e-04 -5.055069923400878906e-04 -5.118250846862792969e-04
7.607485858374687382e-01 8.614957332611083984e-04 8.565485477447509766e-04 8.707940578460693359e-04 8.580386638641357422e-04 8.676648139953613281e-04 8.729696273803710938e-04 8.597671985626220703e-04 8.712112903594970703e-04 8.554756641387939453e-04 8.552670478820800781e-04
7.672013478228566496e-01 -1.328289508819580078e-04 -1.532137393951416016e-04 -1.431405544281005859e-04 -1.412034034729003906e-04 -1.436471939086914062e-04 -1.433491706848144531e-04 -1.263618469238281250e-04 -1.209080219268798828e-04 -1.255571842193603516e-04 -1.445710659027099609e-04
7.736541098082445611e-01 1.290738582611083984e-04 1.079440116882324219e-04 1.080632209777832031e-04 1.149773597717285156e-04 1.151859760284423828e-04 1.100897789001464844e-04 9.682774543762207031e-05 1.024305820465087891e-04 1.125335693359375000e-04 1.150667667388916016e-04
7.801068717936323615e-01 3.013312816619873047e-04 2.918243408203125000e-04 2.896189689636230469e-04 2.983212471008300781e-04 2.921223640441894531e-04 3.029108047485351562e-04 2.952516078948974609e-04 3.074109554290771484e-04 2.985298633575439453e-04 2.853572368621826172e-04
7.865596337790202730e-01 -3.161132335662841797e-04 -3.162026405334472656e-04 -2.924501895904541016e-04 -3.102421760559082031e-04 -3.097951412200927734e-04 -3.089904785156250000e-04 -3.153085708618164062e-04 -3.011226654052734375e-04 -2.991557121276855469e-04 -3.009140491485595703e-04
7.930123957644081845e-01 5.546510219573974609e-04 5.536675453186035156e-04 5.587935447692871094e-04 5.384981632232666016e-04 5.520284175872802734e-04 5.265176296234130859e-04 5.445182323455810547e-04 5.392730236053466797e-04 5.518794059753417969e-04 5.299448966979980469e-04
7.994651577497960959e-01 7.525086402893066406e-05 7.274746894836425781e-05 7.474422454833984375e-05 8.395314216613769531e-05 8.833408355712890625e-05 8.943676948547363281e-05 9.429454803466796875e-05 9.644031524658203125e-05 8.326768875122070312e-05 1.075565814971923828e-04
8.059179197351840074e-01 -8.666515350341796875e-04 -8.770525455474853516e-04 -8.912384510040283203e-04 -8.821487426757812500e-04 -8.700788021087646484e-04 -8.619427680969238281e-04 -8.681118488311767578e-04 -8.721649646759033203e-04 -8.740723133087158203e-04 -8.689165115356445312e-04
8.123706817205719188e-01 9.703636169433593750e-05 8.714199066162109375e-05 1.138746738433837891e-04 8.028745651245117188e-05 7.250905036926269531e-05 8.979439735412597656e-05 7.030367851257324219e-05 9.867548942565917969e-05 9.599328041076660156e-05 1.054704189300537109e-04
8.188234437059598303e-01 3.761649131774902344e-04 3.743171691894531250e-04 3.862380981445312500e-04 3.794431686401367188e-04 3.710389137268066406e-04 3.862679004669189453e-04 3.826320171356201172e-04 3.823339939117431641e-04 3.859996795654296875e-04 3.825128078460693359e-04
8.252762056913477418e-01 -5.792379379272460938e-04 -5.724728107452392578e-04 -5.829632282257080078e-04 -5.844831466674804688e-04 -5.696415901184082031e-04 -5.667209625244140625e-04 -5.778074264526367188e-04 -5.875527858734130859e-04 -5.864500999450683594e-04 -5.770921707153320312e-04
8.317289676767356532e-01 -5.084276199340820312e-05 -5.254149436950683594e-05 -4.994869232177734375e-05 -4.625320434570312500e-05 -5.000829696655273438e-05 -5.528330802917480469e-05 -5.581974983215332031e-05 -6.392598152160644531e-05 -4.956126213073730469e-05 -5.027651786804199219e-05
8.381817296621235647e-01 3.287196159362792969e-04 3.198981285095214844e-04 3.150403499603271484e-04 3.322362899780273438e-04 3.226697444915771484e-04 3.182291984558105469e-04 3.108978271484375000e-04 3.301501274108886719e-04 3.098547458648681641e-04 3.350079059600830078e-04
8.446344916475114761e-01 -9.623169898986816406e-05 -9.503960609436035156e-05 -8.907914161682128906e-05 -1.044571399688720703e-04 -9.661912918090820312e-05 -9.265542030334472656e-05 -1.012980937957763672e-04 -1.121759414672851562e-04 -9.006261825561523438e-05 -8.499622344970703125e-05
8.510872536328993876e-01 1.753866672515869141e-04 1.842081546783447266e-04 1.797080039978027344e-04 1.793503761291503906e-04 1.712143421173095703e-04 1.695752143859863281e-04 1.825690269470214844e-04 1.755952835083007812e-04 1.732110977172851562e-04 1.670718193054199219e-04
8.575400156182872990e-01 -1.365244388580322266e-04 -1.145601272583007812e-04 -1.272857189178466797e-04 -1.211166381835937500e-04 -1.282691955566406250e-04 -1.206099987030029297e-04 -1.194477081298828125e-04 -1.266300678253173828e-04 -1.126527786254882812e-04 -1.293122768402099609e-04
8.639927776036752105e-01 -9.834766387939453125e-05 -8.362531661987304688e-05 -8.839368820190429688e-05 -9.450316429138183594e-05 -1.029074192047119141e-04 -9.211897850036621094e-05 -9.384751319885253906e-05 -9.396672248840332031e-05 -8.568167686462402344e-05 -9.426474571228027344e-05
8.704455395890630109e-01 -4.735589027404785156e-05 -3.939867019653320312e-05 -4.276633262634277344e-05 -4.532933235168457031e-05 -4.652142524719238281e-05 -4.050135612487792969e-05 -4.443526268005371094e-05 -4.777312278747558594e-05 -3.916025161743164062e-05 -5.081295967102050781e-05
8.768983015744509224e-01 -1.303255558013916016e-04 -1.211762428283691406e-04 -1.270473003387451172e-04 -1.274645328521728516e-04 -1.375675201416015625e-04 -1.263320446014404297e-04 -1.257956027984619141e-04 -1.215040683746337891e-04 -1.256167888641357422e-04 -1.237392425537109375e-04
8.833510635598388339e-01 2.967119216918945312e-04 2.998709678649902344e-04 2.927184104919433594e-04 2.936720848083496094e-04 2.951323986053466797e-04 2.922415733337402344e-04 2.956986427307128906e-04 3.008246421813964844e-04 2.992153167724609375e-04 2.959966659545898438e-04
8.898038255452267453e-01 -1.281499862670898438e-05 2.473592758178710938e-06 5.066394805908203125e-07 1.198053359985351562e-05 4.142522811889648438e-06 1.490116119384765625e-06 2.422928810119628906e-05 9.566545486450195312e-06 1.323223114013671875e-05 8.642673492431640625e-06
8.962565875306146568e-01 -1.919269561767578125e-04 -2.019405364990234375e-04 -2.030730247497558594e-04 -2.073645591735839844e-04 -1.942217350006103516e-04 -2.096891403198242188e-04 -1.989006996154785156e-04 -2.042651176452636719e-04 -2.044737339019775391e-04 -2.131164073944091797e-04
9.027093495160025682e-01 2.006292343139648438e-04 2.025067806243896484e-04 1.923739910125732422e-04 1.909732818603515625e-04 1.952648162841796875e-04 1.948475837707519531e-04 2.028048038482666016e-04 1.989006996154785156e-04 1.872777938842773438e-04 1.894235610961914062e-04
9.091621115013904797e-01 -8.010864257812500000e-05 -8.970499038696289062e-05 -8.139014244079589844e-05 -8.603930473327636719e-05 -7.793307304382324219e-05 -8.302927017211914062e-05 -8.925795555114746094e-05 -7.730722427368164062e-05 -9.226799011230468750e-05 -8.076429367065429688e-05
9.156148734867783912e-01 9.018182754516601562e-05 8.979439735412597656e-05 9.596347808837890625e-05 9.059906005859375000e-05 9.641051292419433594e-05 1.056790351867675781e-04 1.094639301300048828e-04 8.955597877502441406e-05 1.113712787628173828e-04 8.204579353332519531e-05
9.220676354721663026e-01 2.282857894897460938e-05 1.934170722961425781e-05 1.978874206542968750e-05 1.502037048339843750e-05 2.005696296691894531e-05 2.723932266235351562e-05 2.110004425048828125e-05 2.098083496093750000e-05 9.119510650634765625e-06 7.510185241699218750e-06
9.285203974575542141e-01 -1.587271690368652344e-04 -1.671314239501953125e-04 -1.637339591979980469e-04 -1.530945301055908203e-04 -1.669526100158691406e-04 -1.651644706726074219e-04 -1.671016216278076172e-04 -1.651942729949951172e-04 -1.590847969055175781e-04 -1.641213893890380859e-04
9.349731594429421255e-01 1.702606678009033203e-04 1.738369464874267578e-04 1.735687255859375000e-04 1.721084117889404297e-04 1.709163188934326172e-04 1.667439937591552734e-04 1.662969589233398438e-04 1.780092716217041016e-04 1.743435859680175781e-04 1.612603664398193359e-04
9.414259214283300370e-01 -1.118183135986328125e-04 -1.082718372344970703e-04 -1.209974288940429688e-04 -1.269280910491943359e-04 -1.144707202911376953e-04 -1.069903373718261719e-04 -1.167953014373779297e-04 -1.181066036224365234e-04 -1.208186149597167969e-04 -1.146793365478515625e-04
9.478786834137179484e-01 1.002252101898193359e-04 1.039505004882812500e-04 9.858608245849609375e-05 1.010000705718994141e-04 9.226799011230468750e-05 8.502602577209472656e-05 8.693337440490722656e-05 8.037686347961425781e-05 9.524822235107421875e-05 8.288025856018066406e-05
9.543314453991058599e-01 3.507733345031738281e-05 2.211332321166992188e-05 1.791119575500488281e-05 2.345442771911621094e-05 2.157688140869140625e-05 2.136826515197753906e-05 2.628564834594726562e-05 2.333521842956542969e-05 2.378225326538085938e-05 1.883506774902343750e-05
9.607842073844936603e-01 -2.000629901885986328e-04 -1.927316188812255859e-04 -2.067983150482177734e-04 -2.078413963317871094e-04 -1.962184906005859375e-04 -2.066493034362792969e-04 -1.969635486602783203e-04 -2.007484436035156250e-04 -2.034008502960205078e-04 -1.942515373229980469e-04
9.672369693698815718e-01 1.265704631805419922e-04 1.194477081298828125e-04 1.127719879150390625e-04 1.167058944702148438e-04 1.200139522552490234e-04 1.158714294433593750e-04 1.140534877777099609e-04 1.150071620941162109e-04 1.202523708343505859e-04 1.264512538909912109e-04
9.736897313552694833e-01 -4.726648330688476562e-05 -4.661083221435546875e-05 -4.270672798156738281e-05 -4.559755325317382812e-05 -3.513693809509277344e-05 -4.300475120544433594e-05 -3.895163536071777344e-05 -4.336237907409667969e-05 -4.374980926513671875e-05 -5.039572715759277344e-05
9.801424933406573947e-01 -1.600384712219238281e-05 -9.298324584960937500e-06 -1.561641693115234375e-05 -1.242756843566894531e-05 -1.227855682373046875e-05 -1.353025436401367188e-05 -7.241964340209960938e-06 -8.076429367065429688e-06 -1.457333564758300781e-05 -1.490116119384765625e-05
9.865952553260453062e-01 7.209181785583496094e-05 6.714463233947753906e-05 5.468726158142089844e-05 6.702542304992675781e-05 6.848573684692382812e-05 7.167458534240722656e-05 7.656216621398925781e-05 7.694959640502929688e-05 7.539987564086914062e-05 7.647275924682617188e-05
9.930480173114332176e-01 -9.229779243469238281e-05 -9.635090827941894531e-05 -9.435415267944335938e-05 -9.003281593322753906e-05 -8.592009544372558594e-05 -8.898973464965820312e-05 -8.407235145568847656e-05 -9.754300117492675781e-05 -9.119510650634765625e-05 -9.649991989135742188e-05
9.995007792968211291e-01 4.562735557556152344e-05 6.166100502014160156e-05 4.613399505615234375e-05 4.929304122924804688e-05 5.626678466796875000e-05 4.792213439941406250e-05 5.286931991577148438e-05 5.128979682922363281e-05 5.501508712768554688e-05 4.780292510986328125e-05
1.005953541282209152e+00 1.880526542663574219e-05 1.165270805358886719e-05 1.320242881774902344e-05 1.695752143859863281e-05 1.081824302673339844e-05 1.823902130126953125e-05 2.095103263854980469e-05 1.469254493713378906e-05 8.970499038696289062e-06 1.859664916992187500e-05
1.012406303267596952e+00 -1.347064971923828125e-05 -1.996755599975585938e-06 -1.114606857299804688e-05 -1.147389411926269531e-05 -1.028180122375488281e-05 -4.500150680541992188e-06 -1.159310340881347656e-05 -7.897615432739257812e-06 -1.278519630432128906e-05 -1.472234725952148438e-05
1.018859065252984752e+00 4.234910011291503906e-05 5.781650543212890625e-05 5.525350570678710938e-05 3.957748413085937500e-05 5.486607551574707031e-05 5.209445953369140625e-05 3.319978713989257812e-05 4.607439041137695312e-05 3.877282142639160156e-05 4.211068153381347656e-05
1.025311827238372775e+00 -6.407499313354492188e-05 -6.356835365295410156e-05 -6.854534149169921875e-05 -6.663799285888671875e-05 -7.134675979614257812e-05 -6.625056266784667969e-05 -5.555152893066406250e-05 -6.774067878723144531e-05 -7.355213165283203125e-05 -5.981326103210449219e-05
1.031764589223760797e+00 4.178285598754882812e-05 4.765391349792480469e-05 4.622340202331542969e-05 4.097819328308105469e-05 4.029273986816406250e-05 4.693865776062011719e-05 4.535913467407226562e-05 3.838539123535156250e-05 5.328655242919921875e-05 4.053115844726562500e-05
1.038217351209148598e+00 5.069375038146972656e-05 4.297494888305664062e-05 5.921721458435058594e-05 5.224347114562988281e-05 5.578994750976562500e-05 4.503130912780761719e-05 4.112720489501953125e-05 5.131959915161132812e-05 4.512071609497070312e-05 4.932284355163574219e-05
1.044670113194536398e+00 2.029538154602050781e-05 3.311038017272949219e-05 3.197789192199707031e-05 3.889203071594238281e-05 3.337860107421875000e-05 3.588199615478515625e-05 3.790855407714843750e-05 4.312396049499511719e-05 2.381205558776855469e-05 4.103779792785644531e-05
1.051122875179924421e+00 -9.125471115112304688e-05 -1.064240932464599609e-04 -9.852647781372070312e-05 -9.259581565856933594e-05 -8.988380432128906250e-05 -8.213520050048828125e-05 -7.513165473937988281e-05 -9.074807167053222656e-05 -8.925795555114746094e-05 -9.742379188537597656e-05
1.057575637165312221e+00 -2.869665622711181641e-04 -2.808570861816406250e-04 -3.003478050231933594e-04 -2.865195274353027344e-04 -2.857148647308349609e-04 -2.903342247009277344e-04 -2.889335155487060547e-04 -2.896487712860107422e-04 -2.819299697875976562e-04 -2.951920032501220703e-04
1.064028399150700022e+00 1.220107078552246094e-04 1.358687877655029297e-04 1.332759857177734375e-04 1.283586025238037109e-04 1.249611377716064453e-04 1.257359981536865234e-04 1.299977302551269531e-04 1.233816146850585938e-04 1.356005668640136719e-04 1.311302185058593750e-04
1.070481161136088044e+00 -2.852082252502441406e-04 -2.890825271606445312e-04 -2.859234809875488281e-04 -2.847015857696533203e-04 -2.710521221160888672e-04 -2.869665622711181641e-04 -2.740919589996337891e-04 -2.785325050354003906e-04 -2.820193767547607422e-04 -2.737343311309814453e-04
1.076933923121476067e+00 -8.901953697204589844e-05 -9.846687316894531250e-05 -8.273124694824218750e-05 -9.876489639282226562e-05 -9.199976921081542969e-05 -9.006261825561523438e-05 -7.477402687072753906e-05 -9.775161743164062500e-05 -7.912516593933105469e-05 -9.101629257202148438e-05
1.083386685106863867e+00 1.592636108398437500e-04 1.568198204040527344e-04 1.625716686248779297e-04 1.663267612457275391e-04 1.583099365234375000e-04 1.438558101654052734e-04 1.450777053833007812e-04 1.515150070190429688e-04 1.599192619323730469e-04 1.585483551025390625e-04
1.089839447092251667e+00 -5.894899368286132812e-05 -7.152557373046875000e-05 -5.981326103210449219e-05 -5.987286567687988281e-05 -6.595253944396972656e-05 -4.431605339050292969e-05 -6.377696990966796875e-05 -4.798173904418945312e-05 -5.418062210083007812e-05 -4.377961158752441406e-05
1.096292209077639690e+00 1.150965690612792969e-04 1.243948936462402344e-04 1.057684421539306641e-04 1.278817653656005859e-04 1.360774040222167969e-04 1.189708709716796875e-04 1.246035099029541016e-04 1.296103000640869141e-04 1.220107078552246094e-04 1.128315925598144531e-04
1.102744971063027712e+00 -2.399384975433349609e-04 -2.360045909881591797e-04 -2.294182777404785156e-04 -2.212822437286376953e-04 -2.256631851196289062e-04 -2.366900444030761719e-04 -2.254843711853027344e-04 -2.431869506835937500e-04 -2.364516258239746094e-04 -2.368688583374023438e-04
1.109197733048415513e+00 -2.843141555786132812e-05 -3.147125244140625000e-05 -3.567337989807128906e-05 -3.468990325927734375e-05 -3.936886787414550781e-05 -3.886222839355468750e-05 -2.482533454895019531e-05 -2.315640449523925781e-05 -3.439188003540039062e-05 -3.293156623840332031e-05
1.115650495033803313e+00 -1.735091209411621094e-04 -1.828074455261230469e-04 -1.795887947082519531e-04 -1.769959926605224609e-04 -1.684427261352539062e-04 -1.806020736694335938e-04 -1.833140850067138672e-04 -1.868903636932373047e-04 -1.857578754425048828e-04 -1.741647720336914062e-04
1.122103257019191336e+00 -1.178383827209472656e-04 -1.328587532043457031e-04 -1.059770584106445312e-04 -1.173615455627441406e-04 -1.293122768402099609e-04 -1.262724399566650391e-04 -1.414716243743896484e-04 -1.325309276580810547e-04 -1.164376735687255859e-04 -1.114308834075927734e-04
1.128556019004579358e+00 9.658932685852050781e-05 1.043379306793212891e-04 8.890032768249511719e-05 1.084506511688232422e-04 1.007914543151855469e-04 8.800625801086425781e-05 9.933114051818847656e-05 1.121759414672851562e-04 1.053214073181152344e-04 9.995698928833007812e-05
1.135008780989967159e+00 -2.799928188323974609e-04 -2.757608890533447266e-04 -2.711415290832519531e-04 -2.856552600860595703e-04 -2.734363079071044922e-04 -2.800524234771728516e-04 -2.761483192443847656e-04 -2.816617488861083984e-04 -2.787709236145019531e-04 -2.856552600860595703e-04
1.141461542975354959e+00 8.723139762878417969e-05 8.267164230346679688e-05 7.450580596923828125e-05 7.778406143188476562e-05 6.517767906188964844e-05 8.392333984375000000e-05 7.784366607666015625e-05 6.380677223205566406e-05 7.730722427368164062e-05 7.674098014831542969e-05
1.147914304960742982e+00 2.546608448028564453e-04 2.550780773162841797e-04 2.414584159851074219e-04 2.494752407073974609e-04 2.534985542297363281e-04 2.514719963073730469e-04 2.531409263610839844e-04 2.484619617462158203e-04 2.499520778656005859e-04 2.509057521820068359e-04
1.154367066946130782e+00 -2.174973487854003906e-04 -2.157390117645263672e-04 -2.234280109405517578e-04 -2.265870571136474609e-04 -2.180635929107666016e-04 -2.209246158599853516e-04 -2.114772796630859375e-04 -2.197921276092529297e-04 -2.156198024749755859e-04 -2.169609069824218750e-04
1.160819828931518582e+00 2.913177013397216797e-04 2.843439579010009766e-04 2.980828285217285156e-04 2.784430980682373047e-04 2.947151660919189453e-04 2.903938293457031250e-04 2.748370170593261719e-04 2.862215042114257812e-04 2.862811088562011719e-04 2.861917018890380859e-04
1.167272590916906605e+00 -8.034706115722656250e-05 -7.846951484680175781e-05 -8.508563041687011719e-05 -7.852911949157714844e-05 -8.580088615417480469e-05 -7.376074790954589844e-05 -7.608532905578613281e-05 -7.852911949157714844e-05 -7.411837577819824219e-05 -7.653236389160156250e-05
1.173725352902294627e+00 -2.180039882659912109e-04 -2.069771289825439453e-04 -2.176761627197265625e-04 -2.180933952331542969e-04 -2.227127552032470703e-04 -2.321004867553710938e-04 -2.209544181823730469e-04 -2.248585224151611328e-04 -2.237856388092041016e-04 -2.274811267852783203e-04
1.180178114887682428e+00 4.262030124664306641e-04 4.235804080963134766e-04 4.266798496246337891e-04 4.304945468902587891e-04 4.152655601501464844e-04 4.154443740844726562e-04 4.200637340545654297e-04 4.196166992187500000e-04 4.211068153381347656e-04 4.204809665679931641e-04
1.186630876873070450e+00 -2.595484256744384766e-04 -2.485215663909912109e-04 -2.562701702117919922e-04 -2.506971359252929688e-04 -2.603232860565185547e-04 -2.526938915252685547e-04 -2.556443214416503906e-04 -2.601742744445800781e-04 -2.580583095550537109e-04 -2.421140670776367188e-04
1.193083638858458251e+00 2.188384532928466797e-04 2.256035804748535156e-04 2.110302448272705078e-04 2.126395702362060547e-04 2.259910106658935547e-04 2.129375934600830078e-04 2.172589302062988281e-04 2.192556858062744141e-04 2.151429653167724609e-04 2.189874649047851562e-04
1.199536400843846051e+00 2.147853374481201172e-04 2.256035804748535156e-04 2.163648605346679688e-04 2.204179763793945312e-04 2.238154411315917969e-04 2.242028713226318359e-04 2.298653125762939453e-04 2.291798591613769531e-04 2.328753471374511719e-04 2.156198024749755859e-04
1.205989162829234074e+00 -4.068315029144287109e-04 -4.173219203948974609e-04 -4.118978977203369141e-04 -4.200637340545654297e-04 -4.219710826873779297e-04 -4.142820835113525391e-04 -4.177391529083251953e-04 -4.197657108306884766e-04 -4.119873046875000000e-04 -4.099905490875244141e-04
1.212441924814621874e+00 3.500580787658691406e-04 3.594756126403808594e-04 3.487765789031982422e-04 3.473162651062011719e-04 3.537535667419433594e-04 3.609359264373779297e-04 3.457367420196533203e-04 3.621876239776611328e-04 3.447532653808593750e-04 3.502070903778076172e-04
1.218894686800009897e+00 4.172325134277343750e-06 -3.457069396972656250e-06 7.301568984985351562e-06 -2.652406692504882812e-06 -3.874301910400390625e-07 1.341104507446289062e-05 4.321336746215820312e-06 6.556510925292968750e-06 1.275539398193359375e-05 -1.579523086547851562e-06
1.225347448785397697e+00 -1.938045024871826172e-04 -1.931488513946533203e-04 -1.831054687500000000e-04 -1.975595951080322266e-04 -1.929998397827148438e-04 -1.900792121887207031e-04 -1.814365386962890625e-04 -2.110004425048828125e-04 -1.820325851440429688e-04 -1.927912235260009766e-04
1.231800210770785720e+00 2.027451992034912109e-04 2.024173736572265625e-04 1.968741416931152344e-04 2.076029777526855469e-04 1.986026763916015625e-04 2.038776874542236328e-04 2.113282680511474609e-04 2.085566520690917969e-04 2.140402793884277344e-04 2.114176750183105469e-04
1.238252972756173520e+00 -1.736581325531005859e-04 -1.688897609710693359e-04 -1.658201217651367188e-04 -1.666843891143798828e-04 -1.651644706726074219e-04 -1.627802848815917969e-04 -1.726448535919189453e-04 -1.655220985412597656e-04 -1.814365386962890625e-04 -1.731514930725097656e-04
1.244705734741561542e+00 -1.290440559387207031e-05 -2.679228782653808594e-05 -1.728534698486328125e-05 -2.276897430419921875e-05 -9.775161743164062500e-06 -1.132488250732421875e-05 -1.549720764160156250e-05 -2.425909042358398438e-05 -1.677870750427246094e-05 -1.141428947448730469e-05
1.251158496726949343e+00 1.039206981658935547e-04 9.337067604064941406e-05 1.135468482971191406e-04 9.360909461975097656e-05 9.801983833312988281e-05 9.632110595703125000e-05 1.080334186553955078e-04 1.017451286315917969e-04 1.076459884643554688e-04 9.360909461975097656e-05
1.257611258712337365e+00 -8.788704872131347656e-05 -7.712841033935546875e-05 -7.426738739013671875e-05 -7.659196853637695312e-05 -7.349252700805664062e-05 -7.712841033935546875e-05 -7.179379463195800781e-05 -7.840991020202636719e-05 -7.128715515136718750e-05 -7.215142250061035156e-05
1.264064020697725166e+00 -2.688169479370117188e-05 -2.887845039367675781e-05 -1.695752143859863281e-05 -2.467632293701171875e-05 -1.531839370727539062e-05 -1.427531242370605469e-05 -2.294778823852539062e-05 -2.503395080566406250e-05 -2.005696296691894531e-05 -2.753734588623046875e-05
1.270516782683113188e+00 -2.688169479370117188e-05 -3.695487976074218750e-05 -2.780556678771972656e-05 -3.093481063842773438e-05 -2.938508987426757812e-05 -3.552436828613281250e-05 -3.033876419067382812e-05 -3.743171691894531250e-05 -2.324581146240234375e-05 -3.251433372497558594e-05
1.276969544668500989e+00 -1.791119575500488281e-05 -1.585483551025390625e-05 -3.328919410705566406e-05 -3.141164779663085938e-05 -2.750754356384277344e-05 -3.123283386230468750e-05 -1.782178878784179688e-05 -2.443790435791015625e-05 -3.349781036376953125e-05 -1.308321952819824219e-05
1.283422306653888789e+00 -3.582239151000976562e-05 -4.410743713378906250e-05 -3.352761268615722656e-05 -4.050135612487792969e-05 -4.509091377258300781e-05 -4.798173904418945312e-05 -3.808736801147460938e-05 -4.896521568298339844e-05 -3.916025161743164062e-05 -5.140900611877441406e-05
1.289875068639276812e+00 1.354217529296875000e-04 1.195371150970458984e-04 1.252591609954833984e-04 1.255869865417480469e-04 1.224577426910400391e-04 1.239776611328125000e-04 1.273751258850097656e-04 1.130104064941406250e-04 1.232922077178955078e-04 1.212954521179199219e-04
1.296327830624664612e+00 -4.711747169494628906e-05 -4.929304122924804688e-05 -4.276633262634277344e-05 -4.920363426208496094e-05 -4.443526268005371094e-05 -3.892183303833007812e-05 -3.975629806518554688e-05 -4.568696022033691406e-05 -4.515051841735839844e-05 -3.439188003540039062e-05
1.302780592610052635e+00 -5.838274955749511719e-05 -3.895163536071777344e-05 -6.058812141418457031e-05 -5.027651786804199219e-05 -6.222724914550781250e-05 -5.647540092468261719e-05 -5.036592483520507812e-05 -5.421042442321777344e-05 -5.787611007690429688e-05 -5.641579627990722656e-05
1.309233354595440435e+00 1.109242439270019531e-04 1.021325588226318359e-04 1.101493835449218750e-04 9.804964065551757812e-05 9.670853614807128906e-05 1.016855239868164062e-04 1.071095466613769531e-04 1.103579998016357422e-04 1.001358032226562500e-04 1.133382320404052734e-04
1.315686116580828458e+00 -9.924173355102539062e-05 -1.109838485717773438e-04 -1.196265220642089844e-04 -1.040995121002197266e-04 -1.156330108642578125e-04 -1.118481159210205078e-04 -1.163184642791748047e-04 -1.168549060821533203e-04 -1.069307327270507812e-04 -1.042783260345458984e-04
1.322138878566216258e+00 6.639957427978515625e-05 7.221102714538574219e-05 7.209181785583496094e-05 7.218122482299804688e-05 7.086992263793945312e-05 7.334351539611816406e-05 6.949901580810546875e-05 6.288290023803710938e-05 7.441639900207519531e-05 6.997585296630859375e-05
1.328591640551604280e+00 4.738569259643554688e-05 6.100535392761230469e-05 5.808472633361816406e-05 5.316734313964843750e-05 4.756450653076171875e-05 5.102157592773437500e-05 5.161762237548828125e-05 4.547834396362304688e-05 5.444884300231933594e-05 5.194544792175292969e-05
1.335044402536992081e+00 -1.767575740814208984e-04 -1.738965511322021484e-04 -1.840889453887939453e-04 -1.854002475738525391e-04 -1.774430274963378906e-04 -1.859068870544433594e-04 -1.860260963439941406e-04 -1.804232597351074219e-04 -1.839399337768554688e-04 -1.892447471618652344e-04
1.341497164522380103e+00 1.576840877532958984e-04 1.476109027862548828e-04 1.500844955444335938e-04 1.544952392578125000e-04 1.414120197296142578e-04 1.477599143981933594e-04 1.430511474609375000e-04 1.367628574371337891e-04 1.544356346130371094e-04 1.471638679504394531e-04
1.347949926507767904e+00 -2.777576446533203125e-05 -1.832842826843261719e-05 -2.926588058471679688e-05 -2.318620681762695312e-05 -1.844763755798339844e-05 -2.112984657287597656e-05 -1.859664916992187500e-05 -2.267956733703613281e-05 -1.263618469238281250e-05 -1.236796379089355469e-05
1.354402688493155926e+00 -3.379583358764648438e-05 -4.070997238159179688e-05 -3.167986869812011719e-05 -2.813339233398437500e-05 -4.953145980834960938e-05 -4.363059997558593750e-05 -3.176927566528320312e-05 -4.377961158752441406e-05 -4.568696022033691406e-05 -4.166364669799804688e-05
1.360855450478543727e+00 7.316470146179199219e-05 7.662177085876464844e-05 8.213520050048828125e-05 7.465481758117675781e-05 8.270144462585449219e-05 6.955862045288085938e-05 7.328391075134277344e-05 6.166100502014160156e-05 8.559226989746093750e-05 7.495284080505371094e-05
1.367308212463931749e+00 -1.012086868286132812e-04 -1.013875007629394531e-04 -9.056925773620605469e-05 -9.828805923461914062e-05 -1.014173030853271484e-04 -9.152293205261230469e-05 -8.842349052429199219e-05 -7.987022399902343750e-05 -8.442997932434082031e-05 -9.208917617797851562e-05
1.373760974449319550e+00 5.173683166503906250e-05 5.418062210083007812e-05 5.704164505004882812e-05 6.294250488281250000e-05 6.288290023803710938e-05 5.510449409484863281e-05 5.412101745605468750e-05 4.944205284118652344e-05 5.424022674560546875e-05 5.695223808288574219e-05
1.380213736434707350e+00 9.480118751525878906e-05 9.724497795104980469e-05 1.057684421539306641e-04 9.298324584960937500e-05 8.338689804077148438e-05 9.718537330627441406e-05 9.003281593322753906e-05 9.405612945556640625e-05 9.456276893615722656e-05 9.882450103759765625e-05
1.386666498420095373e+00 -1.809000968933105469e-05 -3.179907798767089844e-05 -2.229213714599609375e-05 -1.791119575500488281e-05 -1.165270805358886719e-05 -2.434849739074707031e-05 -1.791119575500488281e-05 -2.703070640563964844e-05 -1.725554466247558594e-05 -1.165270805358886719e-05
1.393119260405483173e+00 2.604722976684570312e-05 2.408027648925781250e-05 1.189112663269042969e-05 1.534819602966308594e-05 2.959370613098144531e-05 3.075599670410156250e-05 2.226233482360839844e-05 1.907348632812500000e-05 3.033876419067382812e-05 2.843141555786132812e-05
1.399572022390871195e+00 -2.962350845336914062e-05 -2.598762512207031250e-05 -1.719594001770019531e-05 -2.235174179077148438e-05 -2.306699752807617188e-05 -3.263354301452636719e-05 -3.108382225036621094e-05 -2.676248550415039062e-05 -3.194808959960937500e-05 -2.345442771911621094e-05
1.406024784376258996e+00 4.699826240539550781e-05 3.898143768310546875e-05 3.448128700256347656e-05 4.133582115173339844e-05 3.632903099060058594e-05 3.701448440551757812e-05 4.881620407104492188e-05 3.546476364135742188e-05 4.225969314575195312e-05 3.904104232788085938e-05
1.412477546361647018e+00 -6.219744682312011719e-05 -6.425380706787109375e-05 -7.125735282897949219e-05 -6.678700447082519531e-05 -5.877017974853515625e-05 -5.200505256652832031e-05 -6.225705146789550781e-05 -5.620718002319335938e-05 -5.656480789184570312e-05 -5.578994750976562500e-05
1.418930308347034819e+00 4.616379737854003906e-05 4.848837852478027344e-05 5.626678466796875000e-05 3.647804260253906250e-05 5.701184272766113281e-05 5.894899368286132812e-05 5.275011062622070312e-05 4.604458808898925781e-05 4.175305366516113281e-05 4.714727401733398438e-05
1.425383070332422841e+00 -7.420778274536132812e-06 1.862645149230957031e-05 3.486871719360351562e-06 4.082918167114257812e-06 5.334615707397460938e-06 6.109476089477539062e-06 2.801418304443359375e-06 5.364418029785156250e-06 2.980232238769531250e-08 2.980232238769531250e-06
1.431835832317810642e+00 -1.674890518188476562e-05 -2.139806747436523438e-05 -2.005696296691894531e-05 -3.004074096679687500e-05 -3.346800804138183594e-05 -2.396106719970703125e-05 -2.214312553405761719e-05 -2.256035804748535156e-05 -1.466274261474609375e-05 -2.300739288330078125e-05
1.438288594303198664e+00 1.633167266845703125e-05 1.630187034606933594e-05 1.925230026245117188e-05 1.999735832214355469e-05 1.719594001770019531e-05 2.372264862060546875e-05 1.856684684753417969e-05 1.400709152221679688e-05 1.999735832214355469e-05 1.746416091918945312e-05
1.444741356288586465e+00 -8.296966552734375000e-05 -9.196996688842773438e-05 -7.879734039306640625e-05 -7.537007331848144531e-05 -9.202957153320312500e-05 -8.627772331237792969e-05 -8.088350296020507812e-05 -8.556246757507324219e-05 -8.636713027954101562e-05 -9.003281593322753906e-05
1.451194118273974487e+00 1.085698604583740234e-04 1.091957092285156250e-04 1.066625118255615234e-04 9.709596633911132812e-05 1.014769077301025391e-04 1.080632209777832031e-04 1.043975353240966797e-04 1.165866851806640625e-04 1.041889190673828125e-04 1.106560230255126953e-04
1.457646880259362288e+00 -8.344650268554687500e-06 -1.114606857299804688e-05 -1.364946365356445312e-05 -8.046627044677734375e-06 -1.364946365356445312e-05 -8.732080459594726562e-06 -1.776218414306640625e-05 -1.654028892517089844e-05 -1.364946365356445312e-05 -1.817941665649414062e-06
1.464099642244750310e+00 -5.206465721130371094e-05 -3.957748413085937500e-05 -3.644824028015136719e-05 -4.947185516357421875e-05 -4.965066909790039062e-05 -5.900859832763671875e-05 -4.872679710388183594e-05 -5.039572715759277344e-05 -4.720687866210937500e-05 -5.510449409484863281e-05
1.470552404230138110e+00 1.493692398071289062e-04 1.479387283325195312e-04 1.491606235504150391e-04 1.571774482727050781e-04 1.502037048339843750e-04 1.374483108520507812e-04 1.515150070190429688e-04 1.531243324279785156e-04 1.549124717712402344e-04 1.388788223266601562e-04
1.477005166215525911e+00 -1.949965953826904297e-04 -1.925528049468994141e-04 -1.875162124633789062e-04 -2.034306526184082031e-04 -1.999735832214355469e-04 -1.888871192932128906e-04 -1.788437366485595703e-04 -1.892447471618652344e-04 -1.831948757171630859e-04 -1.893639564514160156e-04
1.483457928200913933e+00 7.683038711547851562e-05 7.501244544982910156e-05 8.639693260192871094e-05 7.969141006469726562e-05 7.331371307373046875e-05 7.468461990356445312e-05 7.084012031555175781e-05 7.560849189758300781e-05 7.796287536621093750e-05 7.510185241699218750e-05
1.489910690186301734e+00 1.324713230133056641e-04 1.454949378967285156e-04 1.516938209533691406e-04 1.437664031982421875e-04 1.483261585235595703e-04 1.420676708221435547e-04 1.532733440399169922e-04 1.503229141235351562e-04 1.483857631683349609e-04 1.362264156341552734e-04
1.496363452171689756e+00 -2.777576446533203125e-04 -2.957880496978759766e-04 -3.036558628082275391e-04 -2.829730510711669922e-04 -3.056824207305908203e-04 -2.900362014770507812e-04 -2.821981906890869141e-04 -2.904832363128662109e-04 -2.928674221038818359e-04 -2.927184104919433594e-04
1.502816214157077557e+00 2.604722976684570312e-04 2.501904964447021484e-04 2.620816230773925781e-04 2.510249614715576172e-04 2.491176128387451172e-04 2.601146697998046875e-04 2.504885196685791016e-04 2.541840076446533203e-04 2.628862857818603516e-04 2.474784851074218750e-04
1.509268976142465579e+00 -1.940131187438964844e-05 -9.864568710327148438e-06 -1.537799835205078125e-05 -9.506940841674804688e-06 -4.082918167114257812e-06 -4.589557647705078125e-06 -1.287460327148437500e-05 -4.112720489501953125e-06 -3.546476364135742188e-06 -7.987022399902343750e-06
1.515721738127853380e+00 -2.428591251373291016e-04 -2.523362636566162109e-04 -2.374053001403808594e-04 -2.458691596984863281e-04 -2.491474151611328125e-04 -2.470910549163818359e-04 -2.503991127014160156e-04 -2.518892288208007812e-04 -2.358257770538330078e-04 -2.528131008148193359e-04
1.522174500113241402e+00 3.966093063354492188e-04 4.066526889801025391e-04 3.974139690399169922e-04 3.985762596130371094e-04 3.973841667175292969e-04 3.963410854339599609e-04 3.976523876190185547e-04 4.049241542816162109e-04 3.986656665802001953e-04 3.908872604370117188e-04
1.528627262098629203e+00 -1.898109912872314453e-04 -1.989305019378662109e-04 -2.037584781646728516e-04 -1.980662345886230469e-04 -1.870989799499511719e-04 -1.881122589111328125e-04 -2.038776874542236328e-04 -1.846849918365478516e-04 -1.927614212036132812e-04 -1.812875270843505859e-04
1.535080024084017225e+00 -1.244246959686279297e-04 -1.176893711090087891e-04 -1.206994056701660156e-04 -1.086890697479248047e-04 -1.119077205657958984e-04 -1.266896724700927734e-04 -1.256763935089111328e-04 -1.184344291687011719e-04 -1.303255558013916016e-04 -1.119375228881835938e-04
1.541532786069405025e+00 3.201067447662353516e-04 3.093779087066650391e-04 3.145039081573486328e-04 3.216266632080078125e-04 3.215968608856201172e-04 3.171265125274658203e-04 3.170371055603027344e-04 3.096163272857666016e-04 3.164708614349365234e-04 3.203153610229492188e-04
1.547985548054793048e+00 -2.999901771545410156e-04 -2.750456333160400391e-04 -2.926290035247802734e-04 -2.922117710113525391e-04 -2.928674221038818359e-04 -2.893805503845214844e-04 -2.835392951965332031e-04 -2.956986427307128906e-04 -2.914071083068847656e-04 -3.003180027008056641e-04
1.554438310040180848e+00 3.555417060852050781e-05 3.889203071594238281e-05 3.588199615478515625e-05 3.239512443542480469e-05 2.714991569519042969e-05 2.765655517578125000e-05 1.236796379089355469e-05 3.162026405334472656e-05 2.196431159973144531e-05 2.825260162353515625e-05
1.560891072025568649e+00 2.368092536926269531e-04 2.453923225402832031e-04 2.435147762298583984e-04 2.295374870300292969e-04 2.488195896148681641e-04 2.485811710357666016e-04 2.506375312805175781e-04 2.404153347015380859e-04 2.582967281341552734e-04 2.357661724090576172e-04
1.567343834010956671e+00 -3.127157688140869141e-04 -3.212392330169677734e-04 -3.179609775543212891e-04 -3.202855587005615234e-04 -3.233253955841064453e-04 -3.181993961334228516e-04 -3.089308738708496094e-04 -3.233253955841064453e-04 -3.164708614349365234e-04 -3.105700016021728516e-04
1.573796595996344472e+00 8.538365364074707031e-05 8.159875869750976562e-05 9.131431579589843750e-05 8.478760719299316406e-05 7.608532905578613281e-05 7.429718971252441406e-05 8.293986320495605469e-05 7.396936416625976562e-05 7.814168930053710938e-05 7.623434066772460938e-05
1.580249357981732494e+00 1.798272132873535156e-04 1.875758171081542969e-04 1.858472824096679688e-04 1.892745494842529297e-04 1.939833164215087891e-04 1.885592937469482422e-04 1.923441886901855469e-04 1.929700374603271484e-04 1.974403858184814453e-04 1.850426197052001953e-04
1.586702119967120295e+00 -3.589689731597900391e-04 -3.454685211181640625e-04 -3.599822521209716797e-04 -3.534555435180664062e-04 -3.545582294464111328e-04 -3.573596477508544922e-04 -3.596842288970947266e-04 -3.619790077209472656e-04 -3.456473350524902344e-04 -3.556013107299804688e-04
1.593154881952508317e+00 1.941025257110595703e-04 1.848340034484863281e-04 1.972913742065429688e-04 1.868605613708496094e-04 1.939237117767333984e-04 1.792609691619873047e-04 1.778602600097656250e-04 1.833438873291015625e-04 1.876056194305419922e-04 1.706779003143310547e-04
1.599607643937896118e+00 1.552402973175048828e-04 1.552700996398925781e-04 1.536309719085693359e-04 1.527369022369384766e-04 1.585185527801513672e-04 1.675784587860107422e-04 1.628398895263671875e-04 1.595020294189453125e-04 1.630485057830810547e-04 1.662373542785644531e-04
1.606060405923284140e+00 -4.121065139770507812e-04 -3.997981548309326172e-04 -4.108846187591552734e-04 -4.068315029144287109e-04 -4.086792469024658203e-04 -4.112124443054199219e-04 -4.077553749084472656e-04 -4.276931285858154297e-04 -4.055798053741455078e-04 -3.976523876190185547e-04
1.612513167908671941e+00 3.932416439056396484e-04 3.826320171356201172e-04 3.897845745086669922e-04 3.857314586639404297e-04 3.887414932250976562e-04 3.754198551177978516e-04 3.791749477386474609e-04 3.908276557922363281e-04 3.726184368133544922e-04 3.815591335296630859e-04
1.618965929894059963e+00 -1.066029071807861328e-04 -9.876489639282226562e-05 -9.590387344360351562e-05 -9.515881538391113281e-05 -9.179115295410156250e-05 -9.912252426147460938e-05 -8.273124694824218750e-05 -9.202957153320312500e-05 -9.855628013610839844e-05 -9.366869926452636719e-05
1.625418691879447763e+00 -3.359019756317138672e-04 -3.360211849212646484e-04 -3.491938114166259766e-04 -3.366172313690185547e-04 -3.515779972076416016e-04 -3.506541252136230469e-04 -3.486573696136474609e-04 -3.525614738464355469e-04 -3.464221954345703125e-04 -3.417432308197021484e-04
1.631871453864835786e+00 4.663169384002685547e-04 4.720985889434814453e-04 4.709362983703613281e-04 4.728138446807861328e-04 4.533529281616210938e-04 4.722476005554199219e-04 4.678070545196533203e-04 4.665553569793701172e-04 4.720091819763183594e-04 4.540681838989257812e-04
1.638324215850223586e+00 -2.675056457519531250e-04 -2.642869949340820312e-04 -2.757906913757324219e-04 -2.643764019012451172e-04 -2.674758434295654297e-04 -2.558529376983642578e-04 -2.678632736206054688e-04 -2.652406692504882812e-04 -2.518296241760253906e-04 -2.611577510833740234e-04
1.644776977835611609e+00 -1.463294029235839844e-04 -1.474618911743164062e-04 -1.454353332519531250e-04 -1.513957977294921875e-04 -1.470148563385009766e-04 -1.549422740936279297e-04 -1.582801342010498047e-04 -1.497864723205566406e-04 -1.485347747802734375e-04 -1.550614833831787109e-04
1.651229739820999409e+00 4.828274250030517578e-04 4.857480525970458984e-04 4.889667034149169922e-04 4.764795303344726562e-04 4.672408103942871094e-04 4.763007164001464844e-04 4.790127277374267578e-04 4.723072052001953125e-04 4.845857620239257812e-04 4.561841487884521484e-04
1.657682501806387210e+00 -3.878474235534667969e-04 -3.929138183593750000e-04 -3.885328769683837891e-04 -3.786683082580566406e-04 -3.920495510101318359e-04 -3.876686096191406250e-04 -3.780126571655273438e-04 -3.896057605743408203e-04 -4.017055034637451172e-04 -3.834366798400878906e-04
1.664135263791775232e+00 5.170702934265136719e-05 4.032254219055175781e-05 5.578994750976562500e-05 4.869699478149414062e-05 5.108118057250976562e-05 3.200769424438476562e-05 3.299117088317871094e-05 3.811717033386230469e-05 4.374980926513671875e-05 3.784894943237304688e-05
1.670588025777163033e+00 2.508461475372314453e-04 2.615153789520263672e-04 2.535283565521240234e-04 2.555549144744873047e-04 2.534091472625732422e-04 2.665817737579345703e-04 2.701878547668457031e-04 2.531707286834716797e-04 2.549886703491210938e-04 2.585351467132568359e-04
1.677040787762551055e+00 -4.417896270751953125e-04 -4.416108131408691406e-04 -4.388689994812011719e-04 -4.366040229797363281e-04 -4.465579986572265625e-04 -4.336237907409667969e-04 -4.337131977081298828e-04 -4.430711269378662109e-04 -4.408657550811767578e-04 -4.403591156005859375e-04
1.683493549747938856e+00 1.506805419921875000e-04 1.319348812103271484e-04 1.488924026489257812e-04 1.434683799743652344e-04 1.426935195922851562e-04 1.319348812103271484e-04 1.460909843444824219e-04 1.389980316162109375e-04 1.395344734191894531e-04 1.422762870788574219e-04
1.689946311733326878e+00 2.589225769042968750e-04 2.845525741577148438e-04 2.726018428802490234e-04 2.677142620086669922e-04 2.742111682891845703e-04 2.812743186950683594e-04 2.836287021636962891e-04 2.795159816741943359e-04 2.914965152740478516e-04 2.785027027130126953e-04
1.696399073718714678e+00 -2.902448177337646484e-04 -2.918839454650878906e-04 -2.961456775665283203e-04 -2.927482128143310547e-04 -2.973973751068115234e-04 -2.919435501098632812e-04 -2.887845039367675781e-04 -2.923011779785156250e-04 -2.926290035247802734e-04 -2.979934215545654297e-04
1.702851835704102701e+00 1.513957977294921875e-04 1.416504383087158203e-04 1.484155654907226562e-04 1.321732997894287109e-04 1.375377178192138672e-04 1.436769962310791016e-04 1.432299613952636719e-04 1.372098922729492188e-04 1.395344734191894531e-04 1.361370086669921875e-04
1.709304597689490501e+00 7.173418998718261719e-05 7.960200309753417969e-05 6.723403930664062500e-05 7.060170173645019531e-05 8.109211921691894531e-05 7.146596908569335938e-05 7.003545761108398438e-05 8.422136306762695312e-05 6.848573684692382812e-05 6.410479545593261719e-05
1.715757359674878524e+00 -2.347230911254882812e-04 -2.556741237640380859e-04 -2.441704273223876953e-04 -2.509951591491699219e-04 -2.388358116149902344e-04 -2.414882183074951172e-04 -2.544522285461425781e-04 -2.549290657043457031e-04 -2.448558807373046875e-04 -2.426505088806152344e-04
1.722210121660266324e+00 2.419352531433105469e-04 2.360045909881591797e-04 2.326369285583496094e-04 2.470016479492187500e-04 2.466738224029541016e-04 2.340376377105712891e-04 2.367794513702392578e-04 2.310872077941894531e-04 2.249181270599365234e-04 2.390146255493164062e-04
1.728662883645654347e+00 -1.549720764160156250e-05 -1.984834671020507812e-05 -9.119510650634765625e-06 -5.394220352172851562e-06 1.102685928344726562e-06 -5.662441253662109375e-06 -1.400709152221679688e-06 -9.596347808837890625e-06 -7.897615432739257812e-06 -1.484155654907226562e-05
1.735115645631042147e+00 -1.384317874908447266e-04 -1.332461833953857422e-04 -1.342296600341796875e-04 -1.339614391326904297e-04 -1.437067985534667969e-04 -1.471638679504394531e-04 -1.316666603088378906e-04 -1.304149627685546875e-04 -1.257956027984619141e-04 -1.263916492462158203e-04
1.741568407616429948e+00 2.325773239135742188e-04 2.444684505462646484e-04 2.442598342895507812e-04 2.343356609344482422e-04 2.362728118896484375e-04 2.263486385345458984e-04 2.322793006896972656e-04 2.344548702239990234e-04 2.205967903137207031e-04 2.309381961822509766e-04
1.748021169601817970e+00 -7.542967796325683594e-05 -6.201863288879394531e-05 -7.411837577819824219e-05 -7.352232933044433594e-05 -8.758902549743652344e-05 -6.973743438720703125e-05 -7.197260856628417969e-05 -7.119774818420410156e-05 -7.101893424987792969e-05 -8.034706115722656250e-05
1.754473931587205771e+00 3.162026405334472656e-05 1.832842826843261719e-05 3.015995025634765625e-05 4.410743713378906250e-06 2.259016036987304688e-05 2.714991569519042969e-05 2.253055572509765625e-05 2.411007881164550781e-05 2.270936965942382812e-05 2.127885818481445312e-05
1.760926693572593793e+00 1.398622989654541016e-04 1.551508903503417969e-04 1.516640186309814453e-04 1.478493213653564453e-04 1.564621925354003906e-04 1.614391803741455078e-04 1.624822616577148438e-04 1.570582389831542969e-04 1.636743545532226562e-04 1.612007617950439453e-04
1.767379455557981593e+00 -8.100271224975585938e-05 -8.225440979003906250e-05 -7.990002632141113281e-05 -8.797645568847656250e-05 -8.076429367065429688e-05 -8.627772331237792969e-05 -7.954239845275878906e-05 -1.015067100524902344e-04 -9.137392044067382812e-05 -8.773803710937500000e-05
1.773832217543369616e+00 9.411573410034179688e-05 8.472800254821777344e-05 9.921193122863769531e-05 9.384751319885253906e-05 9.590387344360351562e-05 9.077787399291992188e-05 8.168816566467285156e-05 7.867813110351562500e-05 8.496642112731933594e-05 8.448958396911621094e-05
1.780284979528757416e+00 4.613399505615234375e-05 4.053115844726562500e-05 3.799796104431152344e-05 4.401803016662597656e-05 3.373622894287109375e-05 4.738569259643554688e-05 4.366040229797363281e-05 4.303455352783203125e-05 5.429983139038085938e-05 4.500150680541992188e-05
1.786737741514145439e+00 -1.748204231262207031e-04 -1.674890518188476562e-04 -1.789033412933349609e-04 -1.734793186187744141e-04 -1.775622367858886719e-04 -1.860558986663818359e-04 -1.903176307678222656e-04 -1.787543296813964844e-04 -1.762807369232177734e-04 -1.840591430664062500e-04
1.793190503499533239e+00 8.550286293029785156e-05 8.338689804077148438e-05 7.846951484680175781e-05 8.305907249450683594e-05 7.990002632141113281e-05 9.012222290039062500e-05 7.486343383789062500e-05 8.338689804077148438e-05 8.198618888854980469e-05 8.425116539001464844e-05
1.799643265484921262e+00 1.260638236999511719e-04 1.339316368103027344e-04 1.243054866790771484e-04 1.255273818969726562e-04 1.195371150970458984e-04 1.378059387207031250e-04 1.259148120880126953e-04 1.320838928222656250e-04 1.324415206909179688e-04 1.375079154968261719e-04
1.806096027470309062e+00 -4.661083221435546875e-05 -6.031990051269531250e-05 -4.845857620239257812e-05 -5.629658699035644531e-05 -6.279349327087402344e-05 -4.708766937255859375e-05 -4.938244819641113281e-05 -6.973743438720703125e-05 -4.425644874572753906e-05 -5.185604095458984375e-05
1.812548789455697085e+00 1.070797443389892578e-04 8.738040924072265625e-05 7.742643356323242188e-05 1.057088375091552734e-04 9.503960609436035156e-05 9.658932685852050781e-05 1.035630702972412109e-04 8.502602577209472656e-05 1.045465469360351562e-04 9.101629257202148438e-05
1.819001551441084885e+00 -4.023313522338867188e-06 -1.385807991027832031e-05 2.741813659667968750e-06 -4.708766937255859375e-06 -3.546476364135742188e-06 -3.457069396972656250e-06 -8.255243301391601562e-06 -4.351139068603515625e-06 -2.294778823852539062e-06 -3.486871719360351562e-06
1.825454313426472908e+00 -7.453560829162597656e-05 -9.009242057800292969e-05 -9.372830390930175781e-05 -7.975101470947265625e-05 -8.150935173034667969e-05 -8.696317672729492188e-05 -7.733702659606933594e-05 -6.595253944396972656e-05 -8.118152618408203125e-05 -8.264183998107910156e-05
1.831907075411860708e+00 6.610155105590820312e-05 6.139278411865234375e-05 5.462765693664550781e-05 6.130337715148925781e-05 5.567073822021484375e-05 5.048513412475585938e-05 6.440281867980957031e-05 5.167722702026367188e-05 6.535649299621582031e-05 5.957484245300292969e-05
1.838359837397248508e+00 -1.651048660278320312e-05 -2.497434616088867188e-05 -2.384185791015625000e-05 -2.834200859069824219e-05 -3.606081008911132812e-05 -2.196431159973144531e-05 -2.843141555786132812e-05 -3.147125244140625000e-05 -3.942847251892089844e-05 -2.583861351013183594e-05
1.844812599382636531e+00 -1.084804534912109375e-05 -1.978874206542968750e-05 -5.185604095458984375e-06 -5.483627319335937500e-06 -1.364946365356445312e-05 -5.006790161132812500e-06 -1.776218414306640625e-05 -1.016259193420410156e-05 2.324581146240234375e-06 -1.117587089538574219e-05
1.851265361368024331e+00 5.152821540832519531e-05 4.863739013671875000e-05 4.473328590393066406e-05 3.033876419067382812e-05 4.544854164123535156e-05 4.440546035766601562e-05 3.975629806518554688e-05 4.729628562927246094e-05 4.723668098449707031e-05 2.512335777282714844e-05
1.857718123353412354e+00 -7.089972496032714844e-05 -6.446242332458496094e-05 -6.592273712158203125e-05 -7.089972496032714844e-05 -5.558133125305175781e-05 -6.914138793945312500e-05 -5.912780761718750000e-05 -6.827712059020996094e-05 -6.413459777832031250e-05 -7.501244544982910156e-05
1.864170885338800154e+00 2.664327621459960938e-05 4.497170448303222656e-05 2.682209014892578125e-05 3.924965858459472656e-05 2.971291542053222656e-05 2.294778823852539062e-05 1.195073127746582031e-05 2.512335777282714844e-05 1.940131187438964844e-05 2.527236938476562500e-05
1.870623647324188177e+00 2.518296241760253906e-05 2.348423004150390625e-05 1.826882362365722656e-05 3.167986869812011719e-05 2.640485763549804688e-05 4.023313522338867188e-05 2.342462539672851562e-05 2.694129943847656250e-05 2.491474151611328125e-05 2.232193946838378906e-05
1.877076409309575977e+00 -6.955862045288085938e-05 -7.456541061401367188e-05 -7.063150405883789062e-05 -6.613135337829589844e-05 -7.528066635131835938e-05 -8.180737495422363281e-05 -7.668137550354003906e-05 -6.920099258422851562e-05 -7.221102714538574219e-05 -8.448958396911621094e-05
1.883529171294964000e+00 4.965066909790039062e-05 3.665685653686523438e-05 3.236532211303710938e-05 3.853440284729003906e-05 2.974271774291992188e-05 4.068017005920410156e-05 3.650784492492675781e-05 5.185604095458984375e-05 4.190206527709960938e-05 3.585219383239746094e-05
1.889981933280351800e+00 -2.798438072204589844e-05 -2.872943878173828125e-05 -3.269314765930175781e-05 -3.340840339660644531e-05 -3.379583358764648438e-05 -2.497434616088867188e-05 -2.673268318176269531e-05 -2.312660217285156250e-05 -2.753734588623046875e-05 -2.202391624450683594e-05
1.896434695265739823e+00 -3.278255462646484375e-05 -3.960728645324707031e-05 -4.398822784423828125e-05 -3.138184547424316406e-05 -3.790855407714843750e-05 -3.674626350402832031e-05 -3.573298454284667969e-05 -3.704428672790527344e-05 -3.957748413085937500e-05 -4.261732101440429688e-05
1.902887457251127623e+00 7.781386375427246094e-05 5.766749382019042969e-05 7.024407386779785156e-05 6.696581840515136719e-05 6.496906280517578125e-05 7.688999176025390625e-05 6.359815597534179688e-05 7.632374763488769531e-05 6.952881813049316406e-05 6.520748138427734375e-05
1.909340219236515646e+00 -2.577900886535644531e-05 -2.941489219665527344e-05 -3.048777580261230469e-05 -3.954768180847167969e-05 -3.877282142639160156e-05 -3.108382225036621094e-05 -3.853440284729003906e-05 -2.744793891906738281e-05 -3.364682197570800781e-05 -4.145503044128417969e-05
1.915792981221903446e+00 1.332163810729980469e-05 2.115964889526367188e-06 -1.609325408935546875e-05 -3.695487976074218750e-06 -7.450580596923828125e-07 2.682209014892578125e-07 8.583068847656250000e-06 -2.324581146240234375e-06 -1.272559165954589844e-05 1.847743988037109375e-06
1.922245743207291468e+00 3.030896186828613281e-05 2.798438072204589844e-05 3.886222839355468750e-05 3.331899642944335938e-05 2.881884574890136719e-05 3.930926322937011719e-05 3.334879875183105469e-05 3.942847251892089844e-05 4.070997238159179688e-05 4.526972770690917969e-05
1.928698505192679269e+00 -3.454089164733886719e-05 -3.623962402343750000e-05 -2.714991569519042969e-05 -2.941489219665527344e-05 -1.794099807739257812e-05 -1.972913742065429688e-05 -2.607703208923339844e-05 -2.861022949218750000e-05 -2.938508987426757812e-05 -3.299117088317871094e-05
1.935151267178067069e+00 6.663799285888671875e-05 6.312131881713867188e-05 7.078051567077636719e-05 7.531046867370605469e-05 6.976723670959472656e-05 6.327033042907714844e-05 6.535649299621582031e-05 7.078051567077636719e-05 7.233023643493652344e-05 7.086992263793945312e-05
1.941604029163455092e+00 1.183152198791503906e-05 5.573034286499023438e-06 2.086162567138671875e-05 1.260638236999511719e-05 1.654028892517089844e-05 2.032518386840820312e-05 1.639127731323242188e-05 1.338124275207519531e-05 1.189112663269042969e-05 9.477138519287109375e-06
1.948056791148842892e+00 -3.877282142639160156e-05 -3.388524055480957031e-05 -2.580881118774414062e-05 -1.901388168334960938e-05 -1.931190490722656250e-05 -2.127885818481445312e-05 -3.573298454284667969e-05 -2.455711364746093750e-05 -2.580881118774414062e-05 -4.091858863830566406e-05
1.954509553134230915e+00 -1.251697540283203125e-06 -1.907348632812500000e-06 3.278255462646484375e-07 5.990266799926757812e-06 -7.420778274536132812e-06 -1.400709152221679688e-06 1.907348632812500000e-06 -1.072883605957031250e-05 -8.940696716308593750e-08 8.046627044677734375e-07
1.960962315119618715e+00 3.895163536071777344e-05 4.485249519348144531e-05 4.220008850097656250e-05 4.878640174865722656e-05 3.263354301452636719e-05 4.097819328308105469e-05 4.437565803527832031e-05 3.868341445922851562e-05 4.962086677551269531e-05 4.228949546813964844e-05
1.967415077105006738e+00 -4.005432128906250000e-05 -2.342462539672851562e-05 -3.007054328918457031e-05 -3.162026405334472656e-05 -2.187490463256835938e-05 -2.852082252502441406e-05 -2.896785736083984375e-05 -2.825260162353515625e-05 -2.765655517578125000e-05 -2.601742744445800781e-05
1.973867839090394538e+00 2.849102020263671875e-05 2.631545066833496094e-05 2.479553222656250000e-05 2.130866050720214844e-05 1.609325408935546875e-05 2.071261405944824219e-05 3.227591514587402344e-05 3.454089164733886719e-05 2.971291542053222656e-05 2.667307853698730469e-05
1.980320601075782561e+00 -4.202127456665039062e-06 -3.576278686523437500e-07 5.513429641723632812e-06 -6.139278411865234375e-06 -1.409649848937988281e-05 -6.973743438720703125e-06 5.841255187988281250e-06 3.069639205932617188e-06 1.218914985656738281e-05 -5.036592483520507812e-06
1.986773363061170361e+00 -9.021162986755371094e-05 -7.918477058410644531e-05 -6.961822509765625000e-05 -8.085370063781738281e-05 -7.614493370056152344e-05 -8.183717727661132812e-05 -7.301568984985351562e-05 -7.805228233337402344e-05 -8.118152618408203125e-05 -7.614493370056152344e-05
1.993226125046558384e+00 7.271766662597656250e-05 6.738305091857910156e-05 6.520748138427734375e-05 6.684660911560058594e-05 6.487965583801269531e-05 6.040930747985839844e-05 6.484985351562500000e-05 6.127357482910156250e-05 7.125735282897949219e-05 6.908178329467773438e-05
1.999678887031946184e+00 7.137656211853027344e-05 7.420778274536132812e-05 9.778141975402832031e-05 8.007884025573730469e-05 8.308887481689453125e-05 7.921457290649414062e-05 8.127093315124511719e-05 8.648633956909179688e-05 9.387731552124023438e-05 8.594989776611328125e-05
2.006131649017333984e+00 -2.926588058471679688e-05 -2.813339233398437500e-05 -1.552700996398925781e-05 -3.492832183837890625e-05 -3.725290298461914062e-05 -4.354119300842285156e-05 -3.039836883544921875e-05 -3.206729888916015625e-05 -2.667307853698730469e-05 -2.592802047729492188e-05
