# Range[m] 0 1 2 3 4 5 6 7 8 9
1.800000071525573730e-01 -6.728529930114746094e-03 -6.738126277923583984e-03 -6.752669811248779297e-03 -6.753504276275634766e-03 -6.723254919052124023e-03 -6.757348775863647461e-03 -6.748050451278686523e-03 -6.711840629577636719e-03 -6.751090288162231445e-03 -6.751000881195068359e-03
1.864527691379452845e-01 2.783417701721191406e-03 2.764970064163208008e-03 2.789288759231567383e-03 2.820372581481933594e-03 2.708107233047485352e-03 2.731919288635253906e-03 2.748697996139526367e-03 2.735853195190429688e-03 2.804905176162719727e-03 2.789139747619628906e-03
1.929055311233331682e-01 3.665238618850708008e-03 3.692567348480224609e-03 3.678113222122192383e-03 3.669172525405883789e-03 3.779411315917968750e-03 3.702908754348754883e-03 3.696829080581665039e-03 3.711104393005371094e-03 3.672957420349121094e-03 3.697842359542846680e-03
1.993582931087210797e-01 -5.843639373779296875e-03 -5.865395069122314453e-03 -5.884647369384765625e-03 -5.856215953826904297e-03 -5.866140127182006836e-03 -5.873650312423706055e-03 -5.875021219253540039e-03 -5.860179662704467773e-03 -5.881071090698242188e-03 -5.891054868698120117e-03
2.058110550941089911e-01 3.685504198074340820e-03 3.678947687149047852e-03 3.673166036605834961e-03 3.701180219650268555e-03 3.613650798797607422e-03 3.653168678283691406e-03 3.648936748504638672e-03 3.664016723632812500e-03 3.682106733322143555e-03 3.676027059555053711e-03
2.122638170794968748e-01 1.041442155838012695e-03 1.041203737258911133e-03 1.039594411849975586e-03 1.012086868286132812e-03 1.087039709091186523e-03 1.062184572219848633e-03 1.050949096679687500e-03 1.070052385330200195e-03 1.016378402709960938e-03 1.038879156112670898e-03
2.187165790648847863e-01 -3.815710544586181641e-03 -3.800064325332641602e-03 -3.778964281082153320e-03 -3.774523735046386719e-03 -3.830969333648681641e-03 -3.798216581344604492e-03 -3.809183835983276367e-03 -3.822714090347290039e-03 -3.794848918914794922e-03 -3.812342882156372070e-03
2.251693410502726977e-01 4.013001918792724609e-03 4.020899534225463867e-03 4.018723964691162109e-03 4.014909267425537109e-03 3.992587327957153320e-03 4.005670547485351562e-03 3.978669643402099609e-03 4.024505615234375000e-03 4.028052091598510742e-03 4.021555185317993164e-03
2.316221030356606092e-01 -1.215845346450805664e-03 -1.215219497680664062e-03 -1.225292682647705078e-03 -1.226425170898437500e-03 -1.193255186080932617e-03 -1.219213008880615234e-03 -1.211911439895629883e-03 -1.180350780487060547e-03 -1.222401857376098633e-03 -1.191526651382446289e-03
2.380748650210485207e-01 -1.818299293518066406e-03 -1.829355955123901367e-03 -1.793205738067626953e-03 -1.810580492019653320e-03 -1.825690269470214844e-03 -1.833528280258178711e-03 -1.837491989135742188e-03 -1.862019300460815430e-03 -1.839429140090942383e-03 -1.846939325332641602e-03
2.445276270064364044e-01 2.468138933181762695e-03 2.490967512130737305e-03 2.473056316375732422e-03 2.476751804351806641e-03 2.477705478668212891e-03 2.461940050125122070e-03 2.475082874298095703e-03 2.483665943145751953e-03 2.468198537826538086e-03 2.476841211318969727e-03
2.509803889918242881e-01 -1.253455877304077148e-03 -1.272767782211303711e-03 -1.272976398468017578e-03 -1.277059316635131836e-03 -1.257121562957763672e-03 -1.265466213226318359e-03 -1.267433166503906250e-03 -1.238346099853515625e-03 -1.247346401214599609e-03 -1.250416040420532227e-03
2.574331509772121995e-01 -8.218288421630859375e-04 -8.265376091003417969e-04 -8.192658424377441406e-04 -8.215606212615966797e-04 -8.370280265808105469e-04 -8.322000503540039062e-04 -8.353590965270996094e-04 -8.379518985748291016e-04 -8.268654346466064453e-04 -8.235573768615722656e-04
2.638859129626001110e-01 1.876980066299438477e-03 1.898139715194702148e-03 1.885443925857543945e-03 1.886427402496337891e-03 1.918852329254150391e-03 1.906961202621459961e-03 1.893043518066406250e-03 1.887530088424682617e-03 1.874387264251708984e-03 1.870781183242797852e-03
2.703386749479880224e-01 -2.044379711151123047e-03 -2.068370580673217773e-03 -2.062231302261352539e-03 -2.062141895294189453e-03 -2.069264650344848633e-03 -2.057880163192749023e-03 -2.071440219879150391e-03 -2.026736736297607422e-03 -2.054333686828613281e-03 -2.046853303909301758e-03
2.767914369333759339e-01 4.336535930633544922e-04 4.426538944244384766e-04 4.555284976959228516e-04 4.592239856719970703e-04 4.135668277740478516e-04 4.393458366394042969e-04 4.405081272125244141e-04 4.306733608245849609e-04 4.537105560302734375e-04 4.477202892303466797e-04
2.832441989187638454e-01 1.446604728698730469e-03 1.454204320907592773e-03 1.447409391403198242e-03 1.436114311218261719e-03 1.483261585235595703e-03 1.474946737289428711e-03 1.457870006561279297e-03 1.449376344680786133e-03 1.434922218322753906e-03 1.449346542358398438e-03
2.896969609041517568e-01 -2.903252840042114258e-03 -2.917557954788208008e-03 -2.919703722000122070e-03 -2.910107374191284180e-03 -2.905040979385375977e-03 -2.910375595092773438e-03 -2.917498350143432617e-03 -2.918303012847900391e-03 -2.891719341278076172e-03 -2.926468849182128906e-03
2.961497228895396683e-01 3.048032522201538086e-03 3.035575151443481445e-03 3.050953149795532227e-03 3.045111894607543945e-03 2.996116876602172852e-03 3.024846315383911133e-03 3.018140792846679688e-03 3.027319908142089844e-03 3.040850162506103516e-03 3.036856651306152344e-03
3.026024848749275242e-01 -1.477926969528198242e-03 -1.479536294937133789e-03 -1.485884189605712891e-03 -1.501649618148803711e-03 -1.438200473785400391e-03 -1.447230577468872070e-03 -1.459270715713500977e-03 -1.453012228012084961e-03 -1.492708921432495117e-03 -1.466989517211914062e-03
3.090552468603154357e-01 -2.187937498092651367e-03 -2.175748348236083984e-03 -2.162128686904907227e-03 -2.148747444152832031e-03 -2.192348241806030273e-03 -2.180874347686767578e-03 -2.167403697967529297e-03 -2.208501100540161133e-03 -2.171903848648071289e-03 -2.181023359298706055e-03
3.155080088457033471e-01 4.129886627197265625e-03 4.098385572433471680e-03 4.104435443878173828e-03 4.125833511352539062e-03 4.098206758499145508e-03 4.106432199478149414e-03 4.128664731979370117e-03 4.115343093872070312e-03 4.133284091949462891e-03 4.119038581848144531e-03
3.219607708310912586e-01 -2.938717603683471680e-03 -2.967059612274169922e-03 -2.967029809951782227e-03 -3.002434968948364258e-03 -2.947330474853515625e-03 -2.916365861892700195e-03 -2.953201532363891602e-03 -2.950966358184814453e-03 -2.957940101623535156e-03 -2.942979335784912109e-03
3.284135328164791701e-01 -7.103383541107177734e-04 -6.925165653228759766e-04 -6.738007068634033203e-04 -6.524622440338134766e-04 -6.935596466064453125e-04 -7.004737854003906250e-04 -7.014274597167968750e-04 -7.394254207611083984e-04 -6.985068321228027344e-04 -7.139742374420166016e-04
3.348662948018670260e-01 3.896564245223999023e-03 3.901124000549316406e-03 3.887623548507690430e-03 3.881156444549560547e-03 3.883928060531616211e-03 3.901332616806030273e-03 3.909260034561157227e-03 3.923088312149047852e-03 3.909826278686523438e-03 3.903061151504516602e-03
3.413190567872549375e-01 -4.071950912475585938e-03 -4.087030887603759766e-03 -4.089891910552978516e-03 -4.086524248123168945e-03 -4.080682992935180664e-03 -4.066079854965209961e-03 -4.092544317245483398e-03 -4.064381122589111328e-03 -4.060953855514526367e-03 -4.051983356475830078e-03
3.477718187726428489e-01 8.396208286285400391e-04 8.433759212493896484e-04 8.580982685089111328e-04 8.752942085266113281e-04 8.282363414764404297e-04 8.544921875000000000e-04 8.574128150939941406e-04 8.166432380676269531e-04 8.462071418762207031e-04 8.356869220733642578e-04
3.542245807580307604e-01 3.077059984207153320e-03 3.092259168624877930e-03 3.058612346649169922e-03 3.052264451980590820e-03 3.102213144302368164e-03 3.097206354141235352e-03 3.095090389251708984e-03 3.110229969024658203e-03 3.080695867538452148e-03 3.096580505371093750e-03
3.606773427434186718e-01 -4.545599222183227539e-03 -4.543185234069824219e-03 -4.545956850051879883e-03 -4.547148942947387695e-03 -4.537761211395263672e-03 -4.555165767669677734e-03 -4.529774188995361328e-03 -4.525065422058105469e-03 -4.512041807174682617e-03 -4.520058631896972656e-03
3.671301047288065833e-01 1.650512218475341797e-03 1.667112112045288086e-03 1.697063446044921875e-03 1.681208610534667969e-03 1.658678054809570312e-03 1.669526100158691406e-03 1.669108867645263672e-03 1.625686883926391602e-03 1.661360263824462891e-03 1.666426658630371094e-03
3.735828667141944948e-01 1.814931631088256836e-03 1.831382513046264648e-03 1.789659261703491211e-03 1.776218414306640625e-03 1.845747232437133789e-03 1.834005117416381836e-03 1.838594675064086914e-03 1.848250627517700195e-03 1.804292201995849609e-03 1.806497573852539062e-03
3.800356286995824062e-01 -3.485739231109619141e-03 -3.488808870315551758e-03 -3.487497568130493164e-03 -3.479927778244018555e-03 -3.502845764160156250e-03 -3.500759601593017578e-03 -3.493160009384155273e-03 -3.490239381790161133e-03 -3.478109836578369141e-03 -3.461122512817382812e-03
3.864883906849703177e-01 2.539843320846557617e-03 2.538919448852539062e-03 2.557784318923950195e-03 2.534955739974975586e-03 2.541512250900268555e-03 2.547174692153930664e-03 2.529323101043701172e-03 2.507299184799194336e-03 2.528965473175048828e-03 2.518981695175170898e-03
3.929411526703582291e-01 9.842216968536376953e-04 9.688436985015869141e-04 9.482204914093017578e-04 9.531974792480468750e-04 1.012444496154785156e-03 9.934902191162109375e-04 1.019448041915893555e-03 1.005142927169799805e-03 9.780228137969970703e-04 9.746849536895751953e-04
3.993939146557460851e-01 -3.309369087219238281e-03 -3.327488899230957031e-03 -3.303855657577514648e-03 -3.314584493637084961e-03 -3.345966339111328125e-03 -3.327310085296630859e-03 -3.332495689392089844e-03 -3.331959247589111328e-03 -3.299385309219360352e-03 -3.315657377243041992e-03
4.058466766411339965e-01 2.681374549865722656e-03 2.677321434020996094e-03 2.693772315979003906e-03 2.688169479370117188e-03 2.675592899322509766e-03 2.669155597686767578e-03 2.670377492904663086e-03 2.660125494003295898e-03 2.671957015991210938e-03 2.674877643585205078e-03
4.122994386265219080e-01 7.166266441345214844e-04 7.178485393524169922e-04 7.028877735137939453e-04 6.888508796691894531e-04 7.449090480804443359e-04 7.313787937164306641e-04 7.273256778717041016e-04 7.402002811431884766e-04 7.026493549346923828e-04 6.993710994720458984e-04
4.187522006119098195e-01 -2.799510955810546875e-03 -2.812266349792480469e-03 -2.790659666061401367e-03 -2.782136201858520508e-03 -2.804577350616455078e-03 -2.793401479721069336e-03 -2.797484397888183594e-03 -2.815991640090942383e-03 -2.788484096527099609e-03 -2.780169248580932617e-03
4.252049625972976754e-01 2.792030572891235352e-03 2.814382314682006836e-03 2.795726060867309570e-03 2.811074256896972656e-03 2.793759107589721680e-03 2.807050943374633789e-03 2.795070409774780273e-03 2.790153026580810547e-03 2.818912267684936523e-03 2.795219421386718750e-03
4.316577245826856424e-01 -3.868639469146728516e-04 -3.989040851593017578e-04 -4.116296768188476562e-04 -4.261434078216552734e-04 -3.620982170104980469e-04 -3.755390644073486328e-04 -3.912150859832763672e-04 -3.677904605865478516e-04 -4.090070724487304688e-04 -4.069805145263671875e-04
4.381104865680734983e-01 -2.360641956329345703e-03 -2.367049455642700195e-03 -2.348184585571289062e-03 -2.345323562622070312e-03 -2.358078956604003906e-03 -2.357542514801025391e-03 -2.341300249099731445e-03 -2.379596233367919922e-03 -2.354890108108520508e-03 -2.366334199905395508e-03
4.445632485534614098e-01 3.336340188980102539e-03 3.311842679977416992e-03 3.315627574920654297e-03 3.319770097732543945e-03 3.291040658950805664e-03 3.311574459075927734e-03 3.325223922729492188e-03 3.301113843917846680e-03 3.289520740509033203e-03 3.301769495010375977e-03
4.510160105388493212e-01 -1.541614532470703125e-03 -1.530587673187255859e-03 -1.549661159515380859e-03 -1.569360494613647461e-03 -1.491725444793701172e-03 -1.518905162811279297e-03 -1.525044441223144531e-03 -1.510739326477050781e-03 -1.555591821670532227e-03 -1.533210277557373047e-03
4.574687725242372327e-01 -1.043170690536499023e-03 -1.056551933288574219e-03 -1.038491725921630859e-03 -1.023054122924804688e-03 -1.058816909790039062e-03 -1.056581735610961914e-03 -1.056075096130371094e-03 -1.086056232452392578e-03 -1.050323247909545898e-03 -1.052111387252807617e-03
4.639215345096251442e-01 2.855151891708374023e-03 2.849459648132324219e-03 2.846479415893554688e-03 2.819687128067016602e-03 2.858966588973999023e-03 2.856761217117309570e-03 2.852618694305419922e-03 2.866774797439575195e-03 2.845913171768188477e-03 2.841055393218994141e-03
4.703742964950130556e-01 -1.932293176651000977e-03 -1.937329769134521484e-03 -1.938879489898681641e-03 -1.954734325408935547e-03 -1.913756132125854492e-03 -1.905530691146850586e-03 -1.921176910400390625e-03 -1.891016960144042969e-03 -1.922219991683959961e-03 -1.919776201248168945e-03
4.768270584804009671e-01 -1.232922077178955078e-04 -1.222491264343261719e-04 -1.132786273956298828e-04 -8.913874626159667969e-05 -1.216828823089599609e-04 -1.393854618072509766e-04 -1.437067985534667969e-04 -1.377761363983154297e-04 -1.196265220642089844e-04 -1.435577869415283203e-04
4.832798204657888230e-01 2.266883850097656250e-03 2.274274826049804688e-03 2.280861139297485352e-03 2.263814210891723633e-03 2.278000116348266602e-03 2.259999513626098633e-03 2.279072999954223633e-03 2.287536859512329102e-03 2.262234687805175781e-03 2.268105745315551758e-03
4.897325824511767345e-01 -2.268373966217041016e-03 -2.260982990264892578e-03 -2.281725406646728516e-03 -2.293527126312255859e-03 -2.248436212539672852e-03 -2.274215221405029297e-03 -2.282321453094482422e-03 -2.246052026748657227e-03 -2.276867628097534180e-03 -2.262473106384277344e-03
4.961853444365646459e-01 4.306137561798095703e-04 4.261136054992675781e-04 4.417896270751953125e-04 4.467964172363281250e-04 4.188120365142822266e-04 4.190802574157714844e-04 4.350244998931884766e-04 4.043877124786376953e-04 4.280507564544677734e-04 4.423558712005615234e-04
5.026381064219525019e-01 1.490443944931030273e-03 1.496851444244384766e-03 1.485437154769897461e-03 1.470893621444702148e-03 1.514852046966552734e-03 1.496315002441406250e-03 1.507341861724853516e-03 1.499921083450317383e-03 1.498222351074218750e-03 1.491546630859375000e-03
5.090908684073405244e-01 -1.805752515792846680e-03 -1.816749572753906250e-03 -1.802086830139160156e-03 -1.827985048294067383e-03 -1.823216676712036133e-03 -1.822143793106079102e-03 -1.827269792556762695e-03 -1.801580190658569336e-03 -1.809984445571899414e-03 -1.823216676712036133e-03
5.155436303927283248e-01 1.142799854278564453e-03 1.139104366302490234e-03 1.168161630630493164e-03 1.162499189376831055e-03 1.136630773544311523e-03 1.150488853454589844e-03 1.136958599090576172e-03 1.135706901550292969e-03 1.151531934738159180e-03 1.145809888839721680e-03
5.219963923781163473e-01 5.636513233184814453e-04 5.785524845123291016e-04 5.658566951751708984e-04 5.702376365661621094e-04 5.960464477539062500e-04 5.775690078735351562e-04 5.806386470794677734e-04 5.825161933898925781e-04 5.580484867095947266e-04 5.760490894317626953e-04
5.284491543635041477e-01 -1.684546470642089844e-03 -1.702666282653808594e-03 -1.698225736618041992e-03 -1.691550016403198242e-03 -1.710981130599975586e-03 -1.689285039901733398e-03 -1.699656248092651367e-03 -1.684039831161499023e-03 -1.686543226242065430e-03 -1.687496900558471680e-03
5.349019163488920592e-01 1.503735780715942383e-03 1.504063606262207031e-03 1.507401466369628906e-03 1.506894826889038086e-03 1.495957374572753906e-03 1.508444547653198242e-03 1.492261886596679688e-03 1.484036445617675781e-03 1.495659351348876953e-03 1.498430967330932617e-03
5.413546783342799706e-01 -2.222359180450439453e-04 -2.097189426422119141e-04 -2.154409885406494141e-04 -2.199709415435791016e-04 -2.007484436035156250e-04 -2.117156982421875000e-04 -2.061724662780761719e-04 -1.969635486602783203e-04 -2.246499061584472656e-04 -2.060532569885253906e-04
5.478074403196678821e-01 -7.254183292388916016e-04 -7.315278053283691406e-04 -7.312893867492675781e-04 -7.187724113464355469e-04 -7.538795471191406250e-04 -7.373392581939697266e-04 -7.365643978118896484e-04 -7.442235946655273438e-04 -7.342696189880371094e-04 -7.362365722656250000e-04
5.542602023050557936e-01 9.912550449371337891e-04 9.910464286804199219e-04 1.010447740554809570e-03 9.998083114624023438e-04 9.955465793609619141e-04 9.955465793609619141e-04 9.971857070922851562e-04 1.009732484817504883e-03 9.859800338745117188e-04 1.005381345748901367e-03
5.607129642904437050e-01 -8.367002010345458984e-04 -8.337497711181640625e-04 -8.345842361450195312e-04 -8.298158645629882812e-04 -8.357167243957519531e-04 -8.280575275421142578e-04 -8.325576782226562500e-04 -8.400678634643554688e-04 -8.340477943420410156e-04 -8.393824100494384766e-04
5.671657262758316165e-01 -5.805492401123046875e-05 -6.601214408874511719e-05 -4.822015762329101562e-05 -4.336237907409667969e-05 -6.142258644104003906e-05 -6.037950515747070312e-05 -5.683302879333496094e-05 -7.349252700805664062e-05 -6.622076034545898438e-05 -7.003545761108398438e-05
5.736184882612194169e-01 7.345676422119140625e-04 7.296800613403320312e-04 7.256269454956054688e-04 7.238388061523437500e-04 7.325410842895507812e-04 7.388889789581298828e-04 7.402300834655761719e-04 7.353425025939941406e-04 7.323622703552246094e-04 7.322728633880615234e-04
5.800712502466074394e-01 -6.152391433715820312e-04 -6.298720836639404297e-04 -6.318688392639160156e-04 -6.339550018310546875e-04 -6.209611892700195312e-04 -6.325840950012207031e-04 -6.255805492401123047e-04 -6.243884563446044922e-04 -6.294548511505126953e-04 -6.186068058013916016e-04
5.865240122319952398e-01 1.021921634674072266e-04 1.079440116882324219e-04 1.034140586853027344e-04 1.080036163330078125e-04 1.122951507568359375e-04 9.930133819580078125e-05 1.106262207031250000e-04 1.066327095031738281e-04 1.043975353240966797e-04 9.682774543762207031e-05
5.929767742173832623e-01 9.211897850036621094e-05 8.773803710937500000e-05 7.453560829162597656e-05 6.932020187377929688e-05 8.422136306762695312e-05 8.532404899597167969e-05 7.960200309753417969e-05 9.900331497192382812e-05 9.804964065551757812e-05 9.432435035705566406e-05
5.994295362027710627e-01 -4.435479640960693359e-04 -4.387199878692626953e-04 -4.478693008422851562e-04 -4.513561725616455078e-04 -4.417896270751953125e-04 -4.458725452423095703e-04 -4.414916038513183594e-04 -4.414021968841552734e-04 -4.357099533081054688e-04 -4.506111145019531250e-04
6.058822981881590852e-01 5.902051925659179688e-04 5.961358547210693359e-04 5.919933319091796875e-04 6.073415279388427734e-04 5.947947502136230469e-04 6.006658077239990234e-04 6.076693534851074219e-04 5.829632282257080078e-04 5.996227264404296875e-04 5.851686000823974609e-04
6.123350601735468857e-01 -1.090466976165771484e-04 -1.107156276702880859e-04 -1.181364059448242188e-04 -1.255869865417480469e-04 -1.194477081298828125e-04 -1.257359981536865234e-04 -1.125037670135498047e-04 -1.094937324523925781e-04 -1.084208488464355469e-04 -1.134276390075683594e-04
6.187878221589347971e-01 -4.642903804779052734e-04 -4.554986953735351562e-04 -4.642307758331298828e-04 -4.638135433197021484e-04 -4.569590091705322266e-04 -4.621148109436035156e-04 -4.645287990570068359e-04 -4.614293575286865234e-04 -4.546940326690673828e-04 -4.581212997436523438e-04
6.252405841443227086e-01 3.434419631958007812e-04 3.418326377868652344e-04 3.431141376495361328e-04 3.317892551422119141e-04 3.410279750823974609e-04 3.415644168853759766e-04 3.471374511718750000e-04 3.363192081451416016e-04 3.371238708496093750e-04 3.495812416076660156e-04
6.316933461297106200e-01 -1.778602600097656250e-04 -1.807212829589843750e-04 -1.910328865051269531e-04 -1.933276653289794922e-04 -1.769959926605224609e-04 -1.684129238128662109e-04 -1.665055751800537109e-04 -1.748502254486083984e-04 -1.722276210784912109e-04 -1.720190048217773438e-04
6.381461081150985315e-01 -1.157224178314208984e-04 -1.111030578613281250e-04 -1.245737075805664062e-04 -1.113116741180419922e-04 -1.112520694732666016e-04 -1.194477081298828125e-04 -1.214146614074707031e-04 -1.146197319030761719e-04 -1.168549060821533203e-04 -1.127123832702636719e-04
6.445988701004864430e-01 5.339384078979492188e-04 5.272924900054931641e-04 5.317032337188720703e-04 5.318224430084228516e-04 5.288124084472656250e-04 5.352199077606201172e-04 5.420148372650146484e-04 5.243718624114990234e-04 5.300045013427734375e-04 5.313754081726074219e-04
6.510516320858743544e-01 -5.458295345306396484e-04 -5.385577678680419922e-04 -5.340576171875000000e-04 -5.410611629486083984e-04 -5.293786525726318359e-04 -5.319714546203613281e-04 -5.292594432830810547e-04 -5.175173282623291016e-04 -5.239546298980712891e-04 -5.362033843994140625e-04
6.575043940712622659e-01 -1.495480537414550781e-04 -1.522302627563476562e-04 -1.441240310668945312e-04 -1.418292522430419922e-04 -1.459419727325439453e-04 -1.434683799743652344e-04 -1.489222049713134766e-04 -1.440942287445068359e-04 -1.469254493713378906e-04 -1.450479030609130859e-04
6.639571560566501773e-01 4.965066909790039062e-04 5.059242248535156250e-04 4.975795745849609375e-04 5.072355270385742188e-04 5.045235157012939453e-04 5.095899105072021484e-04 5.210041999816894531e-04 4.977285861968994141e-04 5.022585391998291016e-04 5.121827125549316406e-04
6.704099180420379778e-01 -4.053413867950439453e-04 -4.133582115173339844e-04 -4.039108753204345703e-04 -4.105269908905029297e-04 -4.082620143890380859e-04 -4.104673862457275391e-04 -4.079341888427734375e-04 -4.093945026397705078e-04 -4.169940948486328125e-04 -4.070401191711425781e-04
6.768626800274260003e-01 1.455545425415039062e-04 1.415908336639404297e-04 1.311004161834716797e-04 1.561045646667480469e-04 1.474916934967041016e-04 1.508295536041259766e-04 1.418888568878173828e-04 1.486539840698242188e-04 1.482069492340087891e-04 1.491010189056396484e-04
6.833154420128139117e-01 2.214908599853515625e-04 2.184808254241943359e-04 2.187788486480712891e-04 2.142786979675292969e-04 2.258718013763427734e-04 2.222657203674316406e-04 2.246201038360595703e-04 2.251863479614257812e-04 2.158284187316894531e-04 2.151727676391601562e-04
6.897682039982017121e-01 -5.957484245300292969e-04 -5.991160869598388672e-04 -5.895197391510009766e-04 -5.936026573181152344e-04 -5.885362625122070312e-04 -5.916655063629150391e-04 -5.987882614135742188e-04 -6.057322025299072266e-04 -5.957782268524169922e-04 -5.949735641479492188e-04
6.962209659835896236e-01 4.396438598632812500e-04 4.342198371887207031e-04 4.374384880065917969e-04 4.255175590515136719e-04 4.275143146514892578e-04 4.239678382873535156e-04 4.215836524963378906e-04 4.179179668426513672e-04 4.259645938873291016e-04 4.295408725738525391e-04
7.026737279689775351e-01 2.233982086181640625e-04 2.447068691253662109e-04 2.358853816986083984e-04 2.315342426300048828e-04 2.301633358001708984e-04 2.447366714477539062e-04 2.311766147613525391e-04 2.284646034240722656e-04 2.472400665283203125e-04 2.382993698120117188e-04
7.091264899543654465e-01 -4.598200321197509766e-04 -4.466772079467773438e-04 -4.599988460540771484e-04 -4.551708698272705078e-04 -4.606842994689941406e-04 -4.498660564422607422e-04 -4.633963108062744141e-04 -4.447698593139648438e-04 -4.482269287109375000e-04 -4.587471485137939453e-04
7.155792519397533580e-01 3.345608711242675781e-04 3.323853015899658203e-04 3.408193588256835938e-04 3.507137298583984375e-04 3.541409969329833984e-04 3.432929515838623047e-04 3.605186939239501953e-04 3.378689289093017578e-04 3.482103347778320312e-04 3.523528575897216797e-04
7.220320139251412694e-01 -6.172060966491699219e-05 -7.158517837524414062e-05 -7.295608520507812500e-05 -7.227063179016113281e-05 -7.015466690063476562e-05 -6.595253944396972656e-05 -7.021427154541015625e-05 -6.100535392761230469e-05 -7.504224777221679688e-05 -6.946921348571777344e-05
7.284847759105291809e-01 -2.563893795013427734e-04 -2.600252628326416016e-04 -2.565979957580566406e-04 -2.537667751312255859e-04 -2.700686454772949219e-04 -2.504587173461914062e-04 -2.598166465759277344e-04 -2.699494361877441406e-04 -2.633631229400634766e-04 -2.472400665283203125e-04
7.349375378959170924e-01 8.046329021453857422e-04 8.043646812438964844e-04 7.982254028320312500e-04 7.968842983245849609e-04 8.066892623901367188e-04 8.027851581573486328e-04 8.181035518646240234e-04 8.033812046051025391e-04 7.924735546112060547e-04 8.074939250946044922e-04
7.413902998813050038e-01 -3.760755062103271484e-04 -3.741681575775146484e-04 -3.685057163238525391e-04 -3.773272037506103516e-04 -3.585815429687500000e-04 -3.845691680908203125e-04 -3.728270530700683594e-04 -3.623068332672119141e-04 -3.719329833984375000e-04 -3.744065761566162109e-04
7.478430618666929153e-01 -6.206631660461425781e-04 -6.307363510131835938e-04 -6.147623062133789062e-04 -6.228685379028320312e-04 -6.185770034790039062e-04 -6.227195262908935547e-04 -6.236732006072998047e-04 -6.337165832519531250e-04 -6.095170974731445312e-04 -6.332099437713623047e-04
7.542958238520808267e-01 5.531013011932373047e-04 5.429387092590332031e-04 5.216002464294433594e-04 5.458593368530273438e-04 5.435049533843994141e-04 5.452036857604980469e-04 5.398690700531005859e-04 5.362331867218017578e-04 5.359649658203125000e-04 5.436837673187255859e-04
7.607485858374687382e-01 -6.607770919799804688e-04 -6.545186042785644531e-04 -6.732642650604248047e-04 -6.673634052276611328e-04 -6.538033485412597656e-04 -6.583333015441894531e-04 -6.596744060516357422e-04 -6.525218486785888672e-04 -6.552636623382568359e-04 -6.431341171264648438e-04
7.672013478228566496e-01 5.064308643341064453e-04 5.003511905670166016e-04 5.096495151519775391e-04 5.081593990325927734e-04 4.964172840118408203e-04 4.982948303222656250e-04 4.943311214447021484e-04 4.959106445312500000e-04 4.974901676177978516e-04 4.908144474029541016e-04
7.736541098082445611e-01 6.757974624633789062e-04 6.840229034423828125e-04 6.878972053527832031e-04 6.569027900695800781e-04 6.787180900573730469e-04 6.806254386901855469e-04 6.782412528991699219e-04 6.845891475677490234e-04 6.746053695678710938e-04 6.750524044036865234e-04
7.801068717936323615e-01 -8.433163166046142578e-04 -8.318722248077392578e-04 -8.255839347839355469e-04 -8.315443992614746094e-04 -8.330047130584716797e-04 -8.241534233093261719e-04 -8.299946784973144531e-04 -8.289515972137451172e-04 -8.376836776733398438e-04 -8.312463760375976562e-04
7.865596337790202730e-01 8.017420768737792969e-04 8.261203765869140625e-04 8.189380168914794922e-04 8.197724819183349609e-04 8.002221584320068359e-04 8.056461811065673828e-04 8.008778095245361328e-04 8.090734481811523438e-04 7.984042167663574219e-04 8.173882961273193359e-04
7.930123957644081845e-01 3.507137298583984375e-04 3.495514392852783203e-04 3.477632999420166016e-04 3.395676612854003906e-04 3.508329391479492188e-04 3.432929515838623047e-04 3.514289855957031250e-04 3.627240657806396484e-04 3.487467765808105469e-04 3.569424152374267578e-04
7.994651577497960959e-01 -8.437931537628173828e-04 -8.482635021209716797e-04 -8.378326892852783203e-04 -8.419156074523925781e-04 -8.365213871002197266e-04 -8.317530155181884766e-04 -8.427202701568603516e-04 -8.392035961151123047e-04 -8.380711078643798828e-04 -8.398592472076416016e-04
8.059179197351840074e-01 1.181662082672119141e-04 1.300871372222900391e-04 1.316070556640625000e-04 1.253187656402587891e-04 1.296401023864746094e-04 1.225471496582031250e-04 1.265108585357666016e-04 1.166164875030517578e-04 1.316368579864501953e-04 1.240670680999755859e-04
8.123706817205719188e-01 -6.145238876342773438e-04 -6.124675273895263672e-04 -6.141662597656250000e-04 -6.222128868103027344e-04 -6.275773048400878906e-04 -6.127655506134033203e-04 -6.281137466430664062e-04 -6.043314933776855469e-04 -6.286799907684326172e-04 -6.190538406372070312e-04
8.188234437059598303e-01 9.927153587341308594e-05 8.150935173034667969e-05 9.992718696594238281e-05 9.819865226745605469e-05 8.511543273925781250e-05 9.641051292419433594e-05 9.998679161071777344e-05 8.949637413024902344e-05 9.223818778991699219e-05 8.994340896606445312e-05
8.252762056913477418e-01 3.157258033752441406e-04 3.212392330169677734e-04 2.958774566650390625e-04 3.017187118530273438e-04 3.156661987304687500e-04 3.117620944976806641e-04 3.114342689514160156e-04 2.997815608978271484e-04 2.951025962829589844e-04 3.082156181335449219e-04
8.317289676767356532e-01 -8.483529090881347656e-04 -8.370876312255859375e-04 -8.471608161926269531e-04 -8.586645126342773438e-04 -8.481144905090332031e-04 -8.435249328613281250e-04 -8.530616760253906250e-04 -8.588135242462158203e-04 -8.513331413269042969e-04 -8.479356765747070312e-04
8.381817296621235647e-01 7.353723049163818359e-04 7.384717464447021484e-04 7.390975952148437500e-04 7.403492927551269531e-04 7.204711437225341797e-04 7.299780845642089844e-04 7.390975952148437500e-04 7.263720035552978516e-04 7.426738739013671875e-04 7.344484329223632812e-04
8.446344916475114761e-01 1.829564571380615234e-04 1.859962940216064453e-04 1.849234104156494141e-04 1.755952835083007812e-04 1.888871192932128906e-04 1.886188983917236328e-04 1.857578754425048828e-04 1.946389675140380859e-04 1.891851425170898438e-04 1.837611198425292969e-04
8.510872536328993876e-01 -6.124377250671386719e-04 -6.073415279388427734e-04 -5.953609943389892578e-04 -6.093084812164306641e-04 -5.897581577301025391e-04 -6.023943424224853516e-04 -6.005167961120605469e-04 -5.934238433837890625e-04 -5.967915058135986328e-04 -6.089508533477783203e-04
8.575400156182872990e-01 5.177855491638183594e-04 5.232989788055419922e-04 5.221366882324218750e-04 5.218684673309326172e-04 5.450844764709472656e-04 5.351305007934570312e-04 5.381703376770019531e-04 5.297064781188964844e-04 5.384683609008789062e-04 5.313754081726074219e-04
8.639927776036752105e-01 -3.535151481628417969e-04 -3.669857978820800781e-04 -3.675222396850585938e-04 -3.689825534820556641e-04 -3.611445426940917969e-04 -3.512203693389892578e-04 -3.487467765808105469e-04 -3.669261932373046875e-04 -3.613829612731933594e-04 -3.643631935119628906e-04
8.704455395890630109e-01 -5.426108837127685547e-04 -5.345940589904785156e-04 -5.450844764709472656e-04 -5.363225936889648438e-04 -5.325376987457275391e-04 -5.384981632232666016e-04 -5.407035350799560547e-04 -5.578100681304931641e-04 -5.361735820770263672e-04 -5.427896976470947266e-04
8.768983015744509224e-01 6.858706474304199219e-04 6.742477416992187500e-04 6.981194019317626953e-04 6.809532642364501953e-04 6.909966468811035156e-04 6.782412528991699219e-04 6.864666938781738281e-04 6.835758686065673828e-04 6.954073905944824219e-04 6.790459156036376953e-04
8.833510635598388339e-01 -2.736449241638183594e-04 -2.568960189819335938e-04 -2.724528312683105469e-04 -2.646446228027343750e-04 -2.622604370117187500e-04 -2.679824829101562500e-04 -2.772808074951171875e-04 -2.784132957458496094e-04 -2.772212028503417969e-04 -2.581179141998291016e-04
8.898038255452267453e-01 -9.924173355102539062e-06 -2.437829971313476562e-05 -9.477138519287109375e-06 -1.603364944458007812e-05 -2.077221870422363281e-05 -1.326203346252441406e-05 -1.335144042968750000e-05 -2.661347389221191406e-05 -1.356005668640136719e-05 -1.740455627441406250e-05
8.962565875306146568e-01 2.869665622711181641e-04 2.813041210174560547e-04 2.727806568145751953e-04 2.849400043487548828e-04 2.920627593994140625e-04 2.846717834472656250e-04 2.897977828979492188e-04 2.841949462890625000e-04 2.782344818115234375e-04 2.849400043487548828e-04
9.027093495160025682e-01 -4.815459251403808594e-04 -4.746913909912109375e-04 -4.745423793792724609e-04 -4.961192607879638672e-04 -4.786550998687744141e-04 -4.790127277374267578e-04 -4.887878894805908203e-04 -4.775226116180419922e-04 -4.845261573791503906e-04 -4.863440990447998047e-04
9.091621115013904797e-01 2.985894680023193359e-04 2.875328063964843750e-04 3.031194210052490234e-04 2.991259098052978516e-04 2.917945384979248047e-04 2.909600734710693359e-04 3.078579902648925781e-04 2.959072589874267578e-04 2.917349338531494141e-04 2.813637256622314453e-04
9.156148734867783912e-01 1.298785209655761719e-04 1.283884048461914062e-04 1.186430454254150391e-04 1.174509525299072266e-04 1.345276832580566406e-04 1.214444637298583984e-04 1.232326030731201172e-04 1.312792301177978516e-04 1.236498355865478516e-04 1.268684864044189453e-04
9.220676354721663026e-01 -3.077983856201171875e-04 -3.183186054229736328e-04 -3.145039081573486328e-04 -2.946853637695312500e-04 -3.048479557037353516e-04 -3.007948398590087891e-04 -3.069639205932617188e-04 -3.099441528320312500e-04 -3.120601177215576172e-04 -3.181397914886474609e-04
9.285203974575542141e-01 2.427697181701660156e-04 2.600550651550292969e-04 2.565681934356689453e-04 2.631843090057373047e-04 2.581179141998291016e-04 2.537369728088378906e-04 2.473592758178710938e-04 2.519190311431884766e-04 2.531409263610839844e-04 2.530515193939208984e-04
9.349731594429421255e-01 -1.114308834075927734e-04 -1.114606857299804688e-04 -1.168251037597656250e-04 -1.195073127746582031e-04 -1.093745231628417969e-04 -1.128315925598144531e-04 -1.086294651031494141e-04 -1.125037670135498047e-04 -1.052320003509521484e-04 -1.101195812225341797e-04
9.414259214283300370e-01 -5.179643630981445312e-05 -7.012486457824707031e-05 -6.490945816040039062e-05 -5.617737770080566406e-05 -5.069375038146972656e-05 -6.535649299621582031e-05 -5.614757537841796875e-05 -5.120038986206054688e-05 -5.453824996948242188e-05 -4.553794860839843750e-05
9.478786834137179484e-01 2.697706222534179688e-04 2.679526805877685547e-04 2.908110618591308594e-04 2.642571926116943359e-04 2.651810646057128906e-04 2.668797969818115234e-04 2.673268318176269531e-04 2.642571926116943359e-04 2.705156803131103516e-04 2.652108669281005859e-04
9.543314453991058599e-01 -1.960992813110351562e-04 -2.138912677764892578e-04 -1.972317695617675781e-04 -1.996755599975585938e-04 -2.067685127258300781e-04 -2.114772796630859375e-04 -2.221465110778808594e-04 -1.970231533050537109e-04 -2.166330814361572266e-04 -2.087056636810302734e-04
9.607842073844936603e-01 -7.510185241699218750e-05 -6.169080734252929688e-05 -6.440281867980957031e-05 -7.334351539611816406e-05 -6.780028343200683594e-05 -6.914138793945312500e-05 -6.875395774841308594e-05 -7.641315460205078125e-05 -5.784630775451660156e-05 -6.937980651855468750e-05
9.672369693698815718e-01 3.540515899658203125e-05 3.060698509216308594e-05 4.008412361145019531e-05 4.109740257263183594e-05 4.082918167114257812e-05 2.858042716979980469e-05 3.540515899658203125e-05 4.351139068603515625e-05 4.288554191589355469e-05 4.702806472778320312e-05
9.736897313552694833e-01 -2.631545066833496094e-05 -2.571940422058105469e-05 -2.849102020263671875e-05 -3.877282142639160156e-05 -2.595782279968261719e-05 -3.847479820251464844e-05 -3.063678741455078125e-05 -1.847743988037109375e-05 -3.343820571899414062e-05 -2.861022949218750000e-05
9.801424933406573947e-01 2.694129943847656250e-05 2.771615982055664062e-05 2.613663673400878906e-05 1.758337020874023438e-05 2.393126487731933594e-05 3.707408905029296875e-05 2.115964889526367188e-05 2.893805503845214844e-05 2.962350845336914062e-05 2.941489219665527344e-05
9.865952553260453062e-01 3.528594970703125000e-05 2.223253250122070312e-05 2.646446228027343750e-05 4.535913467407226562e-05 3.919005393981933594e-05 3.463029861450195312e-05 3.984570503234863281e-05 2.279877662658691406e-05 3.144145011901855469e-05 2.187490463256835938e-05
9.930480173114332176e-01 -6.261467933654785156e-05 -6.318092346191406250e-05 -6.604194641113281250e-05 -6.109476089477539062e-05 -6.419420242309570312e-05 -6.338953971862792969e-05 -6.332993507385253906e-05 -7.560849189758300781e-05 -6.484985351562500000e-05 -6.389617919921875000e-05
9.995007792968211291e-01 -3.391504287719726562e-05 -2.002716064453125000e-05 -2.151727676391601562e-05 -2.244114875793457031e-05 -2.607703208923339844e-05 -1.862645149230957031e-05 -2.759695053100585938e-05 -3.626942634582519531e-05 -2.309679985046386719e-05 -4.902482032775878906e-05
1.005953541282209152e+00 6.157159805297851562e-05 6.416440010070800781e-05 6.735324859619140625e-05 6.538629531860351562e-05 6.145238876342773438e-05 5.653500556945800781e-05 5.263090133666992188e-05 7.042288780212402344e-05 6.005167961120605469e-05 6.112456321716308594e-05
1.012406303267596952e+00 1.081824302673339844e-05 1.585483551025390625e-05 2.911686897277832031e-05 2.336502075195312500e-05 2.789497375488281250e-05 3.084540367126464844e-05 2.813339233398437500e-05 4.124641418457031250e-05 3.591179847717285156e-05 3.451108932495117188e-05
1.018859065252984752e+00 2.658367156982421875e-05 1.502037048339843750e-05 1.960992813110351562e-05 2.270936965942382812e-05 2.297759056091308594e-05 1.505017280578613281e-05 1.406669616699218750e-05 1.749396324157714844e-05 2.616643905639648438e-05 2.875924110412597656e-05
1.025311827238372775e+00 -5.257129669189453125e-05 -4.383921623229980469e-05 -6.023049354553222656e-05 -5.605816841125488281e-05 -6.368756294250488281e-05 -4.795193672180175781e-05 -5.465745925903320312e-05 -5.063414573669433594e-05 -6.228685379028320312e-05 -6.815791130065917969e-05
1.031764589223760797e+00 4.309415817260742188e-05 2.992153167724609375e-05 3.266334533691406250e-05 4.431605339050292969e-05 3.102421760559082031e-05 3.877282142639160156e-05 4.857778549194335938e-05 4.178285598754882812e-05 4.729628562927246094e-05 5.072355270385742188e-05
1.038217351209148598e+00 4.005432128906250000e-05 4.032254219055175781e-05 4.550814628601074219e-05 3.463029861450195312e-05 4.389882087707519531e-05 4.750490188598632812e-05 2.458691596984863281e-05 4.154443740844726562e-05 3.829598426818847656e-05 4.655122756958007812e-05
1.044670113194536398e+00 4.047155380249023438e-05 3.984570503234863281e-05 4.693865776062011719e-05 4.076957702636718750e-05 3.367662429809570312e-05 4.801154136657714844e-05 3.552436828613281250e-05 5.170702934265136719e-05 4.178285598754882812e-05 5.277991294860839844e-05
1.051122875179924421e+00 -6.753206253051757812e-05 -6.103515625000000000e-05 -5.993247032165527344e-05 -6.490945816040039062e-05 -6.088614463806152344e-05 -6.061792373657226562e-05 -6.550550460815429688e-05 -5.888938903808593750e-05 -5.653500556945800781e-05 -6.201863288879394531e-05
1.057575637165312221e+00 -1.734197139739990234e-04 -1.764297485351562500e-04 -1.677274703979492188e-04 -1.778304576873779297e-04 -1.761019229888916016e-04 -1.688301563262939453e-04 -1.716911792755126953e-04 -1.828372478485107422e-04 -1.780092716217041016e-04 -1.817941665649414062e-04
1.064028399150700022e+00 1.680254936218261719e-04 1.552700996398925781e-04 1.457035541534423828e-04 1.615583896636962891e-04 1.522600650787353516e-04 1.547932624816894531e-04 1.484751701354980469e-04 1.470744609832763672e-04 1.513361930847167969e-04 1.553893089294433594e-04
1.070481161136088044e+00 2.580881118774414062e-05 2.324581146240234375e-05 2.333521842956542969e-05 9.953975677490234375e-06 9.566545486450195312e-06 3.406405448913574219e-05 1.251697540283203125e-05 2.121925354003906250e-05 2.005696296691894531e-05 9.357929229736328125e-06
1.076933923121476067e+00 -1.493096351623535156e-05 -2.527236938476562500e-05 -2.446770668029785156e-05 -3.373622894287109375e-05 -2.908706665039062500e-05 -2.846121788024902344e-05 -2.887845039367675781e-05 -2.405047416687011719e-05 -2.658367156982421875e-05 -2.929568290710449219e-05
1.083386685106863867e+00 8.335709571838378906e-05 8.431077003479003906e-05 8.484721183776855469e-05 8.162856101989746094e-05 7.718801498413085938e-05 7.677078247070312500e-05 7.155537605285644531e-05 8.791685104370117188e-05 7.700920104980468750e-05 8.136034011840820312e-05
1.089839447092251667e+00 -1.620054244995117188e-04 -1.669228076934814453e-04 -1.611709594726562500e-04 -1.675486564636230469e-04 -1.696348190307617188e-04 -1.727342605590820312e-04 -1.568496227264404297e-04 -1.576542854309082031e-04 -1.695454120635986328e-04 -1.707673072814941406e-04
1.096292209077639690e+00 6.681680679321289062e-05 7.396936416625976562e-05 6.765127182006835938e-05 8.055567741394042969e-05 6.628036499023437500e-05 6.979703903198242188e-05 5.951523780822753906e-05 6.577372550964355469e-05 7.399916648864746094e-05 7.537007331848144531e-05
1.102744971063027712e+00 -3.632903099060058594e-05 -4.154443740844726562e-05 -2.917647361755371094e-05 -3.847479820251464844e-05 -3.460049629211425781e-05 -3.018975257873535156e-05 -3.224611282348632812e-05 -3.659725189208984375e-05 -3.537535667419433594e-05 -2.884864807128906250e-05
1.109197733048415513e+00 -2.146065235137939453e-04 -2.032518386840820312e-04 -2.020895481109619141e-04 -2.096891403198242188e-04 -2.054274082183837891e-04 -2.147257328033447266e-04 -2.032518386840820312e-04 -2.040266990661621094e-04 -2.079606056213378906e-04 -2.084672451019287109e-04
1.115650495033803313e+00 2.110302448272705078e-04 2.081394195556640625e-04 2.094805240631103516e-04 2.190470695495605469e-04 2.022087574005126953e-04 2.158284187316894531e-04 2.042353153228759766e-04 2.053081989288330078e-04 1.992583274841308594e-04 2.109706401824951172e-04
1.122103257019191336e+00 -1.782774925231933594e-04 -1.789629459381103516e-04 -1.840889453887939453e-04 -1.867711544036865234e-04 -1.929700374603271484e-04 -1.886785030364990234e-04 -1.894831657409667969e-04 -1.763999462127685547e-04 -1.854002475738525391e-04 -1.766383647918701172e-04
1.128556019004579358e+00 -6.988644599914550781e-05 -6.228685379028320312e-05 -7.271766662597656250e-05 -5.757808685302734375e-05 -6.648898124694824219e-05 -6.800889968872070312e-05 -7.346272468566894531e-05 -6.699562072753906250e-05 -6.920099258422851562e-05 -7.635354995727539062e-05
1.135008780989967159e+00 2.848505973815917969e-04 2.987086772918701172e-04 2.818405628204345703e-04 2.849996089935302734e-04 2.804994583129882812e-04 2.904236316680908203e-04 2.728998661041259766e-04 2.776384353637695312e-04 2.864003181457519531e-04 2.853274345397949219e-04
1.141461542975354959e+00 -2.371966838836669922e-04 -2.413392066955566406e-04 -2.387464046478271484e-04 -2.380311489105224609e-04 -2.357661724090576172e-04 -2.421140670776367188e-04 -2.323389053344726562e-04 -2.347826957702636719e-04 -2.441406250000000000e-04 -2.467334270477294922e-04
1.147914304960742982e+00 2.006888389587402344e-04 1.913607120513916016e-04 1.957714557647705078e-04 2.040266990661621094e-04 1.869797706604003906e-04 1.926124095916748047e-04 1.973807811737060547e-04 1.946389675140380859e-04 2.004206180572509766e-04 1.977980136871337891e-04
1.154367066946130782e+00 5.599856376647949219e-05 3.463029861450195312e-05 4.452466964721679688e-05 4.824995994567871094e-05 5.391240119934082031e-05 5.990266799926757812e-05 4.541873931884765625e-05 5.826354026794433594e-05 4.416704177856445312e-05 4.714727401733398438e-05
1.160819828931518582e+00 -2.725720405578613281e-04 -2.727806568145751953e-04 -2.749264240264892578e-04 -2.657771110534667969e-04 -2.772212028503417969e-04 -2.781152725219726562e-04 -2.762675285339355469e-04 -2.710819244384765625e-04 -2.683103084564208984e-04 -2.607405185699462891e-04
1.167272590916906605e+00 2.846419811248779297e-04 2.962350845336914062e-04 2.814233303070068359e-04 2.849102020263671875e-04 2.831518650054931641e-04 2.865493297576904297e-04 2.857148647308349609e-04 2.753138542175292969e-04 2.784430980682373047e-04 2.730488777160644531e-04
1.173725352902294627e+00 -8.720159530639648438e-05 -8.183717727661132812e-05 -9.083747863769531250e-05 -8.475780487060546875e-05 -7.978081703186035156e-05 -7.820129394531250000e-05 -8.824467658996582031e-05 -7.805228233337402344e-05 -6.952881813049316406e-05 -7.930397987365722656e-05
1.180178114887682428e+00 -1.721382141113281250e-04 -1.712441444396972656e-04 -1.678168773651123047e-04 -1.698434352874755859e-04 -1.765489578247070312e-04 -1.651644706726074219e-04 -1.655220985412597656e-04 -1.708567142486572266e-04 -1.699626445770263672e-04 -1.709759235382080078e-04
1.186630876873070450e+00 3.744661808013916016e-04 3.879070281982421875e-04 3.728270530700683594e-04 3.848373889923095703e-04 3.842711448669433594e-04 3.872215747833251953e-04 3.844201564788818359e-04 3.741085529327392578e-04 3.811717033386230469e-04 3.784894943237304688e-04
1.193083638858458251e+00 -2.008974552154541016e-04 -2.012550830841064453e-04 -2.078115940093994141e-04 -2.073645591735839844e-04 -2.075433731079101562e-04 -2.041161060333251953e-04 -2.146959304809570312e-04 -1.983940601348876953e-04 -1.983642578125000000e-04 -2.011656761169433594e-04
1.199536400843846051e+00 -6.625056266784667969e-05 -6.794929504394531250e-05 -6.109476089477539062e-05 -6.702542304992675781e-05 -7.733702659606933594e-05 -7.304549217224121094e-05 -7.721781730651855469e-05 -6.937980651855468750e-05 -7.089972496032714844e-05 -6.926059722900390625e-05
1.205989162829234074e+00 2.571940422058105469e-04 2.620816230773925781e-04 2.631247043609619141e-04 2.657175064086914062e-04 2.598762512207031250e-04 2.585947513580322266e-04 2.716481685638427734e-04 2.737641334533691406e-04 2.652406692504882812e-04 2.707839012145996094e-04
1.212441924814621874e+00 -2.985894680023193359e-04 -2.959668636322021484e-04 -2.911686897277832031e-04 -2.935826778411865234e-04 -2.993643283843994141e-04 -2.984702587127685547e-04 -2.944469451904296875e-04 -2.932548522949218750e-04 -2.933442592620849609e-04 -3.025531768798828125e-04
1.218894686800009897e+00 5.257129669189453125e-05 4.887580871582031250e-05 6.246566772460937500e-05 6.878376007080078125e-05 4.783272743225097656e-05 5.576014518737792969e-05 5.614757537841796875e-05 5.289912223815917969e-05 5.570054054260253906e-05 6.997585296630859375e-05
1.225347448785397697e+00 1.999735832214355469e-04 2.206265926361083984e-04 2.042651176452636719e-04 2.126097679138183594e-04 2.200305461883544922e-04 2.218484878540039062e-04 2.056360244750976562e-04 2.223551273345947266e-04 2.054274082183837891e-04 2.096593379974365234e-04
1.231800210770785720e+00 -2.943277359008789062e-04 -3.069937229156494141e-04 -3.086626529693603516e-04 -2.988278865814208984e-04 -2.915263175964355469e-04 -2.950429916381835938e-04 -2.939999103546142578e-04 -2.915561199188232422e-04 -3.083050251007080078e-04 -2.941787242889404297e-04
1.238252972756173520e+00 1.461505889892578125e-04 1.251995563507080078e-04 1.426637172698974609e-04 1.242458820343017578e-04 1.415610313415527344e-04 1.381337642669677734e-04 1.330673694610595703e-04 1.274347305297851562e-04 1.350045204162597656e-04 1.425743103027343750e-04
1.244705734741561542e+00 7.855892181396484375e-05 8.034706115722656250e-05 7.089972496032714844e-05 7.465481758117675781e-05 7.647275924682617188e-05 9.027123451232910156e-05 8.523464202880859375e-05 8.347630500793457031e-05 8.642673492431640625e-05 7.471442222595214844e-05
1.251158496726949343e+00 -2.214312553405761719e-04 -2.111792564392089844e-04 -2.189278602600097656e-04 -2.135336399078369141e-04 -2.174377441406250000e-04 -2.264380455017089844e-04 -2.182126045227050781e-04 -2.228021621704101562e-04 -2.160668373107910156e-04 -2.032220363616943359e-04
1.257611258712337365e+00 1.523494720458984375e-04 1.443028450012207031e-04 1.452267169952392578e-04 1.549422740936279297e-04 1.472830772399902344e-04 1.386702060699462891e-04 1.555383205413818359e-04 1.316070556640625000e-04 1.448392868041992188e-04 1.429617404937744141e-04
1.264064020697725166e+00 5.510449409484863281e-05 5.310773849487304688e-05 6.076693534851074219e-05 4.425644874572753906e-05 4.902482032775878906e-05 5.248188972473144531e-05 4.917383193969726562e-05 5.310773849487304688e-05 4.336237907409667969e-05 4.547834396362304688e-05
1.270516782683113188e+00 -1.856684684753417969e-04 -1.896023750305175781e-04 -1.810491085052490234e-04 -1.928210258483886719e-04 -1.915395259857177734e-04 -1.815855503082275391e-04 -1.839995384216308594e-04 -1.971125602722167969e-04 -1.947283744812011719e-04 -1.879930496215820312e-04
1.276969544668500989e+00 1.196861267089843750e-04 1.296401023864746094e-04 1.196265220642089844e-04 1.243352890014648438e-04 1.277029514312744141e-04 1.236200332641601562e-04 1.141130924224853516e-04 1.249313354492187500e-04 1.159906387329101562e-04 1.094043254852294922e-04
1.283422306653888789e+00 4.139542579650878906e-05 4.810094833374023438e-05 4.065036773681640625e-05 4.795193672180175781e-05 5.203485488891601562e-05 5.707144737243652344e-05 4.512071609497070312e-05 4.601478576660156250e-05 5.146861076354980469e-05 6.026029586791992188e-05
1.289875068639276812e+00 -1.128315925598144531e-04 -1.060962677001953125e-04 -1.114308834075927734e-04 -1.116394996643066406e-04 -1.255869865417480469e-04 -1.137256622314453125e-04 -1.188516616821289062e-04 -1.076757907867431641e-04 -1.055896282196044922e-04 -1.163482666015625000e-04
1.296327830624664612e+00 1.119375228881835938e-04 1.113116741180419922e-04 1.201331615447998047e-04 1.126229763031005859e-04 1.121759414672851562e-04 1.006424427032470703e-04 1.151263713836669922e-04 1.193284988403320312e-04 1.162886619567871094e-04 1.145303249359130859e-04
1.302780592610052635e+00 -1.272559165954589844e-05 -1.543760299682617188e-05 -7.748603820800781250e-06 -5.811452865600585938e-06 -2.026557922363281250e-06 -1.248717308044433594e-05 -2.980232238769531250e-06 -9.119510650634765625e-06 -4.500150680541992188e-06 -1.686811447143554688e-05
1.309233354595440435e+00 -1.062154769897460938e-04 -1.170337200164794922e-04 -1.170635223388671875e-04 -1.097321510314941406e-04 -1.118779182434082031e-04 -1.109540462493896484e-04 -1.062452793121337891e-04 -1.062750816345214844e-04 -1.012086868286132812e-04 -1.013875007629394531e-04
1.315686116580828458e+00 1.596808433532714844e-04 1.493096351623535156e-04 1.466870307922363281e-04 1.472830772399902344e-04 1.462996006011962891e-04 1.516938209533691406e-04 1.516640186309814453e-04 1.494884490966796875e-04 1.564323902130126953e-04 1.383125782012939453e-04
1.322138878566216258e+00 -2.169609069824218750e-05 -5.066394805908203125e-06 -1.338124275207519531e-05 -8.970499038696289062e-06 -1.206994056701660156e-05 -8.702278137207031250e-06 -6.079673767089843750e-06 -1.376867294311523438e-05 -3.099441528320312500e-06 -1.144409179687500000e-05
1.328591640551604280e+00 -6.973743438720703125e-05 -8.744001388549804688e-05 -7.912516593933105469e-05 -6.699562072753906250e-05 -7.769465446472167969e-05 -8.350610733032226562e-05 -9.042024612426757812e-05 -7.745623588562011719e-05 -7.593631744384765625e-05 -6.604194641113281250e-05
1.335044402536992081e+00 6.970763206481933594e-05 7.328391075134277344e-05 6.788969039916992188e-05 6.461143493652343750e-05 6.565451622009277344e-05 7.039308547973632812e-05 6.690621376037597656e-05 7.233023643493652344e-05 6.178021430969238281e-05 6.899237632751464844e-05
1.341497164522380103e+00 -4.649162292480468750e-06 -1.752376556396484375e-05 -2.405047416687011719e-05 -2.443790435791015625e-05 -1.838803291320800781e-05 -1.323223114013671875e-05 -1.478195190429687500e-05 -7.957220077514648438e-06 -1.585483551025390625e-05 -1.841783523559570312e-05
1.347949926507767904e+00 -3.808736801147460938e-05 -3.263354301452636719e-05 -3.555417060852050781e-05 -3.200769424438476562e-05 -3.969669342041015625e-05 -4.193186759948730469e-05 -4.258751869201660156e-05 -3.913044929504394531e-05 -3.385543823242187500e-05 -3.689527511596679688e-05
1.354402688493155926e+00 1.032948493957519531e-04 1.119375228881835938e-04 1.026988029479980469e-04 1.102685928344726562e-04 1.108646392822265625e-04 1.077651977539062500e-04 1.123845577239990234e-04 1.065433025360107422e-04 1.124143600463867188e-04 1.092255115509033203e-04
1.360855450478543727e+00 -6.607174873352050781e-05 -7.218122482299804688e-05 -6.613135337829589844e-05 -7.629394531250000000e-05 -6.762146949768066406e-05 -7.346272468566894531e-05 -7.078051567077636719e-05 -6.133317947387695312e-05 -6.645917892456054688e-05 -6.800889968872070312e-05
1.367308212463931749e+00 -4.076957702636718750e-05 -2.560019493103027344e-05 -3.951787948608398438e-05 -2.712011337280273438e-05 -2.899765968322753906e-05 -2.181529998779296875e-05 -3.528594970703125000e-05 -3.483891487121582031e-05 -3.179907798767089844e-05 -3.901124000549316406e-05
1.373760974449319550e+00 1.298785209655761719e-04 1.337826251983642578e-04 1.316070556640625000e-04 1.339018344879150391e-04 1.401603221893310547e-04 1.358687877655029297e-04 1.419484615325927734e-04 1.364350318908691406e-04 1.328289508819580078e-04 1.355707645416259766e-04
1.380213736434707350e+00 -5.602836608886718750e-06 -1.245737075805664062e-05 -1.129508018493652344e-05 -1.421570777893066406e-05 -1.162290573120117188e-05 -8.225440979003906250e-06 -3.278255462646484375e-06 -2.413988113403320312e-06 -5.364418029785156250e-07 -9.626150131225585938e-06
1.386666498420095373e+00 2.422928810119628906e-05 3.060698509216308594e-05 3.430247306823730469e-05 3.415346145629882812e-05 3.719329833984375000e-05 2.124905586242675781e-05 2.998113632202148438e-05 4.041194915771484375e-05 2.562999725341796875e-05 4.342198371887207031e-05
1.393119260405483173e+00 7.066130638122558594e-05 7.346272468566894531e-05 7.817149162292480469e-05 8.744001388549804688e-05 8.594989776611328125e-05 8.192658424377441406e-05 7.569789886474609375e-05 9.047985076904296875e-05 8.192658424377441406e-05 7.975101470947265625e-05
1.399572022390871195e+00 -1.147389411926269531e-04 -1.285076141357421875e-04 -1.237690448760986328e-04 -1.286566257476806641e-04 -1.268386840820312500e-04 -1.229643821716308594e-04 -1.241266727447509766e-04 -1.276433467864990234e-04 -1.126825809478759766e-04 -1.236796379089355469e-04
1.406024784376258996e+00 1.095235347747802734e-04 1.102387905120849609e-04 1.099705696105957031e-04 1.226663589477539062e-04 1.077353954315185547e-04 1.114606857299804688e-04 1.104772090911865234e-04 1.088380813598632812e-04 1.049339771270751953e-04 1.209974288940429688e-04
1.412477546361647018e+00 -2.300739288330078125e-05 -3.260374069213867188e-05 -2.139806747436523438e-05 -2.041459083557128906e-05 -1.600384712219238281e-05 -3.236532211303710938e-05 -3.093481063842773438e-05 -2.935528755187988281e-05 -2.789497375488281250e-05 -3.495812416076660156e-05
1.418930308347034819e+00 -9.071826934814453125e-05 -8.928775787353515625e-05 -7.688999176025390625e-05 -8.705258369445800781e-05 -8.615851402282714844e-05 -8.031725883483886719e-05 -9.295344352722167969e-05 -7.471442222595214844e-05 -8.204579353332519531e-05 -8.463859558105468750e-05
1.425383070332422841e+00 1.485347747802734375e-04 1.482069492340087891e-04 1.654624938964843750e-04 1.492202281951904297e-04 1.570880413055419922e-04 1.481771469116210938e-04 1.459121704101562500e-04 1.491308212280273438e-04 1.517832279205322266e-04 1.649856567382812500e-04
1.431835832317810642e+00 -7.015466690063476562e-05 -8.943676948547363281e-05 -8.350610733032226562e-05 -8.133053779602050781e-05 -8.967518806457519531e-05 -7.852911949157714844e-05 -7.674098014831542969e-05 -7.912516593933105469e-05 -8.252263069152832031e-05 -8.645653724670410156e-05
1.438288594303198664e+00 -5.388259887695312500e-05 -5.030632019042968750e-05 -5.239248275756835938e-05 -5.468726158142089844e-05 -6.359815597534179688e-05 -5.620718002319335938e-05 -5.632638931274414062e-05 -5.155801773071289062e-05 -4.377961158752441406e-05 -5.209445953369140625e-05
1.444741356288586465e+00 1.025199890136718750e-04 1.134574413299560547e-04 1.055896282196044922e-04 9.223818778991699219e-05 1.053214073181152344e-04 1.103281974792480469e-04 1.154243946075439453e-04 1.055002212524414062e-04 1.059472560882568359e-04 1.131892204284667969e-04
1.451194118273974487e+00 -9.188055992126464844e-05 -9.864568710327148438e-05 -9.790062904357910156e-05 -9.682774543762207031e-05 -9.635090827941894531e-05 -8.419156074523925781e-05 -9.849667549133300781e-05 -9.632110595703125000e-05 -9.801983833312988281e-05 -9.414553642272949219e-05
1.457646880259362288e+00 7.787346839904785156e-05 8.532404899597167969e-05 8.180737495422363281e-05 8.222460746765136719e-05 6.863474845886230469e-05 7.683038711547851562e-05 8.752942085266113281e-05 8.362531661987304688e-05 8.910894393920898438e-05 8.454918861389160156e-05
1.464099642244750310e+00 -5.722045898437500000e-06 -2.950429916381835938e-06 1.052021980285644531e-05 -3.933906555175781250e-06 4.589557647705078125e-06 1.251697540283203125e-06 2.443790435791015625e-06 7.450580596923828125e-07 -6.884336471557617188e-06 -8.761882781982421875e-06
1.470552404230138110e+00 -1.011788845062255859e-04 -9.852647781372070312e-05 -9.214878082275390625e-05 -9.387731552124023438e-05 -9.533762931823730469e-05 -9.870529174804687500e-05 -9.047985076904296875e-05 -9.939074516296386719e-05 -8.442997932434082031e-05 -1.039803028106689453e-04
1.477005166215525911e+00 7.179379463195800781e-05 8.440017700195312500e-05 8.028745651245117188e-05 7.173418998718261719e-05 6.935000419616699219e-05 7.313489913940429688e-05 7.507205009460449219e-05 6.937980651855468750e-05 7.319450378417968750e-05 7.167458534240722656e-05
1.483457928200913933e+00 -3.215670585632324219e-05 -5.590915679931640625e-05 -5.149841308593750000e-05 -3.775954246520996094e-05 -3.764033317565917969e-05 -4.115700721740722656e-05 -5.236268043518066406e-05 -4.819035530090332031e-05 -4.303455352783203125e-05 -3.638863563537597656e-05
1.489910690186301734e+00 -2.422928810119628906e-05 -1.463294029235839844e-05 -1.615285873413085938e-05 -2.828240394592285156e-05 -1.645088195800781250e-05 -1.984834671020507812e-05 -2.068281173706054688e-05 -2.253055572509765625e-05 -1.427531242370605469e-05 -1.618266105651855469e-05
1.496363452171689756e+00 7.662177085876464844e-05 6.940960884094238281e-05 6.699562072753906250e-05 7.337331771850585938e-05 7.244944572448730469e-05 6.598234176635742188e-05 7.843971252441406250e-05 6.774067878723144531e-05 7.224082946777343750e-05 6.991624832153320312e-05
1.502816214157077557e+00 -6.681680679321289062e-05 -6.857514381408691406e-05 -8.091330528259277344e-05 -6.431341171264648438e-05 -7.119774818420410156e-05 -5.996227264404296875e-05 -7.173418998718261719e-05 -6.389617919921875000e-05 -6.315112113952636719e-05 -7.674098014831542969e-05
1.509268976142465579e+00 5.573034286499023438e-06 8.285045623779296875e-06 6.258487701416015625e-06 4.172325134277343750e-07 1.141428947448730469e-05 3.010034561157226562e-06 8.612871170043945312e-06 2.726912498474121094e-05 1.892447471618652344e-05 6.496906280517578125e-06
1.515721738127853380e+00 3.811717033386230469e-05 4.184246063232421875e-05 2.408027648925781250e-05 4.124641418457031250e-05 3.188848495483398438e-05 4.795193672180175781e-05 4.297494888305664062e-05 4.437565803527832031e-05 4.139542579650878906e-05 5.036592483520507812e-05
1.522174500113241402e+00 -4.389882087707519531e-05 -3.540515899658203125e-05 -4.664063453674316406e-05 -3.689527511596679688e-05 -4.118680953979492188e-05 -3.388524055480957031e-05 -3.316998481750488281e-05 -3.910064697265625000e-05 -4.053115844726562500e-05 -4.374980926513671875e-05
1.528627262098629203e+00 3.209710121154785156e-05 2.706050872802734375e-05 1.674890518188476562e-05 1.639127731323242188e-05 1.892447471618652344e-05 2.765655517578125000e-05 1.996755599975585938e-05 2.637505531311035156e-05 3.179907798767089844e-05 2.616643905639648438e-05
1.535080024084017225e+00 -1.171231269836425781e-05 -8.165836334228515625e-06 -2.652406692504882812e-06 9.566545486450195312e-06 -2.294778823852539062e-06 7.033348083496093750e-06 -8.344650268554687500e-07 -2.086162567138671875e-07 -4.172325134277343750e-07 1.996755599975585938e-06
1.541532786069405025e+00 -3.626942634582519531e-05 -3.674626350402832031e-05 -4.875659942626953125e-05 -4.896521568298339844e-05 -5.376338958740234375e-05 -3.561377525329589844e-05 -4.473328590393066406e-05 -4.541873931884765625e-05 -4.538893699645996094e-05 -3.984570503234863281e-05
1.547985548054793048e+00 5.328655242919921875e-05 5.820393562316894531e-05 5.608797073364257812e-05 6.151199340820312500e-05 5.373358726501464844e-05 5.874037742614746094e-05 4.643201828002929688e-05 5.680322647094726562e-05 5.650520324707031250e-05 5.167722702026367188e-05
1.554438310040180848e+00 6.496906280517578125e-06 1.502037048339843750e-05 8.553266525268554688e-06 1.287460327148437500e-05 1.126527786254882812e-05 1.037120819091796875e-05 7.987022399902343750e-06 6.437301635742187500e-06 4.559755325317382812e-06 2.682209014892578125e-06
1.560891072025568649e+00 -2.661347389221191406e-05 -2.399086952209472656e-05 -1.931190490722656250e-05 -1.919269561767578125e-05 -2.688169479370117188e-05 -2.998113632202148438e-05 -2.732872962951660156e-05 -3.299117088317871094e-05 -2.163648605346679688e-05 -2.235174179077148438e-05
1.567343834010956671e+00 3.445148468017578125e-05 3.767013549804687500e-05 3.507733345031738281e-05 4.455447196960449219e-05 3.793835639953613281e-05 4.744529724121093750e-05 4.729628562927246094e-05 4.494190216064453125e-05 3.552436828613281250e-05 4.100799560546875000e-05
1.573796595996344472e+00 -3.695487976074218750e-06 -1.922249794006347656e-05 -6.914138793945312500e-06 -5.185604095458984375e-06 -1.177191734313964844e-05 -1.329183578491210938e-05 -7.003545761108398438e-06 -9.030103683471679688e-06 -1.278519630432128906e-05 -1.430511474609375000e-05
1.580249357981732494e+00 -4.065036773681640625e-05 -4.130601882934570312e-05 -3.564357757568359375e-05 -4.005432128906250000e-05 -3.671646118164062500e-05 -2.852082252502441406e-05 -2.336502075195312500e-05 -2.852082252502441406e-05 -1.993775367736816406e-05 -3.612041473388671875e-05
1.586702119967120295e+00 3.150105476379394531e-05 3.382563591003417969e-05 1.695752143859863281e-05 3.638863563537597656e-05 3.778934478759765625e-05 3.162026405334472656e-05 3.418326377868652344e-05 2.825260162353515625e-05 1.993775367736816406e-05 3.108382225036621094e-05
1.593154881952508317e+00 -6.586313247680664062e-06 -8.136034011840820312e-06 -2.035498619079589844e-05 -4.470348358154296875e-06 -2.741813659667968750e-06 -1.490116119384765625e-07 -7.003545761108398438e-06 -1.218914985656738281e-05 -1.776218414306640625e-05 -1.135468482971191406e-05
1.599607643937896118e+00 2.980232238769531250e-07 -7.420778274536132812e-06 1.007318496704101562e-05 -8.225440979003906250e-06 9.536743164062500000e-07 3.665685653686523438e-06 6.675720214843750000e-06 1.093745231628417969e-05 1.430511474609375000e-06 -7.808208465576171875e-06
1.606060405923284140e+00 2.440810203552246094e-05 1.618266105651855469e-05 3.743171691894531250e-05 4.002451896667480469e-05 2.700090408325195312e-05 3.308057785034179688e-05 2.205371856689453125e-05 2.610683441162109375e-05 3.471970558166503906e-05 3.737211227416992188e-05
1.612513167908671941e+00 -3.322958946228027344e-05 -1.984834671020507812e-05 -1.075863838195800781e-05 -1.153349876403808594e-05 -2.044439315795898438e-05 -2.926588058471679688e-05 -2.282857894897460938e-05 -2.765655517578125000e-05 -1.990795135498046875e-05 -2.413988113403320312e-05
1.618965929894059963e+00 1.713633537292480469e-05 1.066923141479492188e-05 2.059340476989746094e-05 3.129243850708007812e-06 1.841783523559570312e-05 1.403689384460449219e-05 1.910328865051269531e-05 2.169609069824218750e-05 1.752376556396484375e-05 3.299117088317871094e-05
1.625418691879447763e+00 4.738569259643554688e-06 9.179115295410156250e-06 -3.397464752197265625e-06 -5.632638931274414062e-06 1.251697540283203125e-06 1.668930053710937500e-05 3.039836883544921875e-06 6.556510925292968750e-06 6.049871444702148438e-06 -4.619359970092773438e-06
1.631871453864835786e+00 -5.394220352172851562e-06 6.556510925292968750e-06 1.281499862670898438e-06 -7.867813110351562500e-06 1.549720764160156250e-06 2.771615982055664062e-06 -2.980232238769531250e-06 -6.437301635742187500e-06 5.066394805908203125e-07 -2.771615982055664062e-06
1.638324215850223586e+00 -1.519918441772460938e-06 3.278255462646484375e-06 4.023313522338867188e-06 8.851289749145507812e-06 -3.010034561157226562e-06 -6.943941116333007812e-06 -1.937150955200195312e-06 -5.066394805908203125e-06 -7.599592208862304688e-06 6.407499313354492188e-06
1.644776977835611609e+00 9.804964065551757812e-06 2.652406692504882812e-06 4.708766937255859375e-06 1.481175422668457031e-05 1.242756843566894531e-05 1.907348632812500000e-06 6.318092346191406250e-06 -5.364418029785156250e-07 3.933906555175781250e-06 -1.281499862670898438e-06
1.651229739820999409e+00 5.766749382019042969e-05 6.654858589172363281e-05 6.070733070373535156e-05 5.736947059631347656e-05 6.544589996337890625e-05 6.216764450073242188e-05 4.494190216064453125e-05 5.418062210083007812e-05 6.368756294250488281e-05 5.629658699035644531e-05
1.657682501806387210e+00 -2.148747444152832031e-05 -3.060698509216308594e-05 -1.171231269836425781e-05 -3.194808959960937500e-05 -2.220273017883300781e-05 -2.682209014892578125e-05 -2.431869506835937500e-05 -2.053380012512207031e-05 -2.005696296691894531e-05 -3.448128700256347656e-05
1.664135263791775232e+00 4.196166992187500000e-05 3.913044929504394531e-05 4.851818084716796875e-05 4.369020462036132812e-05 4.181265830993652344e-05 3.603100776672363281e-05 4.962086677551269531e-05 3.659725189208984375e-05 4.914402961730957031e-05 5.149841308593750000e-05
1.670588025777163033e+00 -1.403689384460449219e-05 -9.298324584960937500e-06 -1.698732376098632812e-05 -1.364946365356445312e-05 -1.478195190429687500e-05 -1.302361488342285156e-05 -1.263618469238281250e-05 -2.920627593994140625e-06 -1.037120819091796875e-05 -1.212954521179199219e-05
1.677040787762551055e+00 -1.154541969299316406e-04 -9.727478027343750000e-05 -1.113712787628173828e-04 -1.165866851806640625e-04 -9.986758232116699219e-05 -1.141428947448730469e-04 -1.094043254852294922e-04 -1.065433025360107422e-04 -1.113712787628173828e-04 -1.069009304046630859e-04
1.683493549747938856e+00 7.531046867370605469e-05 6.458163261413574219e-05 6.604194641113281250e-05 6.407499313354492188e-05 5.996227264404296875e-05 6.297230720520019531e-05 5.954504013061523438e-05 6.306171417236328125e-05 7.021427154541015625e-05 6.124377250671386719e-05
1.689946311733326878e+00 1.137256622314453125e-04 1.066029071807861328e-04 1.142323017120361328e-04 1.048743724822998047e-04 1.077651977539062500e-04 9.861588478088378906e-05 1.031756401062011719e-04 1.016855239868164062e-04 1.116991043090820312e-04 1.122653484344482422e-04
1.696399073718714678e+00 -5.364418029785156250e-06 -1.558661460876464844e-05 -1.496076583862304688e-05 -1.853704452514648438e-05 -1.108646392822265625e-05 -2.029538154602050781e-05 -1.373887062072753906e-05 -9.775161743164062500e-06 -5.900859832763671875e-06 -1.204013824462890625e-05
1.702851835704102701e+00 -1.409649848937988281e-05 -1.865625381469726562e-05 -1.630187034606933594e-05 -1.186132431030273438e-05 -1.835823059082031250e-05 -1.153349876403808594e-05 -1.072883605957031250e-05 -2.032518386840820312e-05 -1.817941665649414062e-05 -2.357363700866699219e-05
1.709304597689490501e+00 -2.980232238769531250e-06 -1.639127731323242188e-06 -9.834766387939453125e-06 -1.102685928344726562e-06 6.586313247680664062e-06 9.536743164062500000e-07 3.844499588012695312e-06 -1.600384712219238281e-05 -2.354383468627929688e-06 5.125999450683593750e-06
1.715757359674878524e+00 -3.033876419067382812e-05 -3.424286842346191406e-05 -1.958012580871582031e-05 -2.753734588623046875e-05 -2.244114875793457031e-05 -1.779198646545410156e-05 -3.913044929504394531e-05 -1.853704452514648438e-05 -2.321600914001464844e-05 -3.507733345031738281e-05
1.722210121660266324e+00 4.193186759948730469e-05 3.126263618469238281e-05 3.215670585632324219e-05 4.374980926513671875e-05 3.299117088317871094e-05 3.448128700256347656e-05 3.749132156372070312e-05 3.290176391601562500e-05 3.093481063842773438e-05 3.933906555175781250e-05
1.728662883645654347e+00 -2.920627593994140625e-06 -4.529953002929687500e-06 -1.072883605957031250e-06 -3.248453140258789062e-06 -7.718801498413085938e-06 -1.713633537292480469e-05 -8.553266525268554688e-06 -7.748603820800781250e-06 -5.960464477539062500e-08 -4.976987838745117188e-06
1.735115645631042147e+00 1.704692840576171875e-05 -3.576278686523437500e-06 1.204013824462890625e-05 1.651048660278320312e-05 1.293420791625976562e-05 1.075863838195800781e-05 0.000000000000000000e+00 7.987022399902343750e-06 -2.056360244750976562e-06 9.864568710327148438e-06
1.741568407616429948e+00 3.179907798767089844e-05 2.494454383850097656e-05 2.968311309814453125e-05 3.299117088317871094e-05 3.391504287719726562e-05 2.321600914001464844e-05 3.337860107421875000e-05 1.847743988037109375e-05 3.463029861450195312e-05 2.875924110412597656e-05
1.748021169601817970e+00 2.095103263854980469e-05 2.160668373107910156e-05 6.943941116333007812e-06 2.205371856689453125e-05 2.813339233398437500e-05 1.478195190429687500e-05 1.445412635803222656e-05 9.626150131225585938e-06 2.416968345642089844e-05 2.619624137878417969e-05
1.754473931587205771e+00 6.616115570068359375e-05 6.800889968872070312e-05 6.541609764099121094e-05 6.741285324096679688e-05 6.091594696044921875e-05 6.070733070373535156e-05 6.651878356933593750e-05 5.871057510375976562e-05 6.276369094848632812e-05 5.769729614257812500e-05
1.760926693572593793e+00 9.834766387939453125e-07 1.764297485351562500e-05 1.716613769531250000e-05 7.271766662597656250e-06 1.069903373718261719e-05 1.400709152221679688e-05 1.895427703857421875e-05 1.358985900878906250e-05 1.126527786254882812e-05 1.648068428039550781e-05
1.767379455557981593e+00 4.824995994567871094e-05 5.352497100830078125e-05 5.191564559936523438e-05 5.871057510375976562e-05 4.509091377258300781e-05 5.337595939636230469e-05 5.748867988586425781e-05 4.678964614868164062e-05 6.261467933654785156e-05 6.365776062011718750e-05
1.773832217543369616e+00 3.442168235778808594e-05 5.504488945007324219e-05 4.598498344421386719e-05 4.258751869201660156e-05 3.769993782043457031e-05 4.881620407104492188e-05 3.844499588012695312e-05 3.901124000549316406e-05 2.920627593994140625e-05 1.960992813110351562e-05
1.780284979528757416e+00 -4.625320434570312500e-05 -3.299117088317871094e-05 -3.832578659057617188e-05 -3.269314765930175781e-05 -3.245472908020019531e-05 -3.859400749206542969e-05 -4.088878631591796875e-05 -3.415346145629882812e-05 -4.175305366516113281e-05 -3.248453140258789062e-05
1.786737741514145439e+00 -6.842613220214843750e-05 -6.639957427978515625e-05 -5.766749382019042969e-05 -7.146596908569335938e-05 -7.534027099609375000e-05 -5.877017974853515625e-05 -6.952881813049316406e-05 -5.951523780822753906e-05 -6.672739982604980469e-05 -6.723403930664062500e-05
1.793190503499533239e+00 3.194808959960937500e-05 3.692507743835449219e-05 3.549456596374511719e-05 3.176927566528320312e-05 3.892183303833007812e-05 2.816319465637207031e-05 4.318356513977050781e-05 2.777576446533203125e-05 2.485513687133789062e-05 1.430511474609375000e-05
1.799643265484921262e+00 5.993247032165527344e-05 8.124113082885742188e-05 7.146596908569335938e-05 5.486607551574707031e-05 6.732344627380371094e-05 5.832314491271972656e-05 6.729364395141601562e-05 6.788969039916992188e-05 8.893013000488281250e-05 8.451938629150390625e-05
1.806096027470309062e+00 5.626678466796875000e-05 6.309151649475097656e-05 5.203485488891601562e-05 5.710124969482421875e-05 5.790591239929199219e-05 5.915760993957519531e-05 6.332993507385253906e-05 5.555152893066406250e-05 5.158782005310058594e-05 5.456805229187011719e-05
1.812548789455697085e+00 8.195638656616210938e-06 8.642673492431640625e-06 1.716613769531250000e-05 1.037120819091796875e-05 1.674890518188476562e-05 4.082918167114257812e-06 1.028180122375488281e-05 1.263618469238281250e-05 2.032518386840820312e-05 3.963708877563476562e-06
1.819001551441084885e+00 -2.750754356384277344e-05 -2.285838127136230469e-05 -2.846121788024902344e-05 -2.568960189819335938e-05 -2.750754356384277344e-05 -3.868341445922851562e-05 -3.150105476379394531e-05 -2.264976501464843750e-05 -4.380941390991210938e-06 -1.502037048339843750e-05
1.825454313426472908e+00 1.934170722961425781e-05 1.984834671020507812e-05 1.192092895507812500e-05 1.221895217895507812e-05 2.261996269226074219e-05 1.865625381469726562e-05 2.071261405944824219e-05 1.841783523559570312e-05 -2.920627593994140625e-06 -7.331371307373046875e-06
1.831907075411860708e+00 -4.786252975463867188e-05 -4.851818084716796875e-05 -5.415081977844238281e-05 -4.589557647705078125e-05 -3.668665885925292969e-05 -5.412101745605468750e-05 -4.655122756958007812e-05 -3.451108932495117188e-05 -4.512071609497070312e-05 -3.772974014282226562e-05
1.838359837397248508e+00 -7.748603820800781250e-06 -1.090764999389648438e-05 -9.030103683471679688e-06 -4.291534423828125000e-06 -8.761882781982421875e-06 -2.503395080566406250e-06 -1.454353332519531250e-05 -8.285045623779296875e-06 1.239776611328125000e-05 1.478195190429687500e-05
1.844812599382636531e+00 6.318092346191406250e-05 5.760788917541503906e-05 6.791949272155761719e-05 5.900859832763671875e-05 5.823373794555664062e-05 7.587671279907226562e-05 5.763769149780273438e-05 4.744529724121093750e-05 3.552436828613281250e-05 2.309679985046386719e-05
1.851265361368024331e+00 -7.262825965881347656e-05 -6.735324859619140625e-05 -7.066130638122558594e-05 -7.331371307373046875e-05 -6.023049354553222656e-05 -6.762146949768066406e-05 -6.553530693054199219e-05 -4.467368125915527344e-05 -4.351139068603515625e-05 -5.266070365905761719e-05
1.857718123353412354e+00 -6.496906280517578125e-06 1.192092895507812500e-06 -5.364418029785156250e-07 -1.427531242370605469e-05 3.576278686523437500e-07 -6.645917892456054688e-06 7.063150405883789062e-06 -2.771615982055664062e-06 -8.106231689453125000e-06 1.484155654907226562e-05
1.864170885338800154e+00 4.172325134277343750e-05 5.775690078735351562e-05 4.324316978454589844e-05 3.939867019653320312e-05 4.196166992187500000e-05 4.175305366516113281e-05 5.036592483520507812e-05 4.899501800537109375e-05 2.315640449523925781e-05 1.534819602966308594e-05
1.870623647324188177e+00 -5.835294723510742188e-05 -7.900595664978027344e-05 -6.386637687683105469e-05 -6.014108657836914062e-05 -6.482005119323730469e-05 -7.772445678710937500e-05 -6.306171417236328125e-05 -4.616379737854003906e-05 -3.957748413085937500e-05 -2.843141555786132812e-05
1.877076409309575977e+00 2.932548522949218750e-05 2.679228782653808594e-05 2.428889274597167969e-05 3.737211227416992188e-05 1.588463783264160156e-05 1.126527786254882812e-05 9.685754776000976562e-06 6.139278411865234375e-06 7.569789886474609375e-06 7.957220077514648438e-06
1.883529171294964000e+00 1.844763755798339844e-05 1.758337020874023438e-05 3.281235694885253906e-05 2.524256706237792969e-05 1.856684684753417969e-05 1.412630081176757812e-05 2.068281173706054688e-05 1.075863838195800781e-05 -5.543231964111328125e-06 -3.278255462646484375e-07
1.889981933280351800e+00 -8.100271224975585938e-05 -7.808208465576171875e-05 -7.638335227966308594e-05 -7.593631744384765625e-05 -9.405612945556640625e-05 -8.293986320495605469e-05 -8.365511894226074219e-05 -7.334351539611816406e-05 -5.012750625610351562e-05 -4.017353057861328125e-05
1.896434695265739823e+00 4.038214683532714844e-05 4.735589027404785156e-05 2.607703208923339844e-05 2.455711364746093750e-05 2.190470695495605469e-05 3.850460052490234375e-05 3.585219383239746094e-05 3.600120544433593750e-05 3.042817115783691406e-05 2.014636993408203125e-05
1.902887457251127623e+00 3.337860107421875000e-05 3.099441528320312500e-05 3.746151924133300781e-05 4.518032073974609375e-05 3.755092620849609375e-05 2.878904342651367188e-05 2.074241638183593750e-05 3.221631050109863281e-05 2.908706665039062500e-05 2.059340476989746094e-05
1.909340219236515646e+00 -6.458163261413574219e-05 -5.504488945007324219e-05 -5.522370338439941406e-05 -5.143880844116210938e-05 -5.504488945007324219e-05 -3.769993782043457031e-05 -5.739927291870117188e-05 -4.053115844726562500e-05 -3.561377525329589844e-05 -3.412365913391113281e-05
1.915792981221903446e+00 7.963180541992187500e-05 5.856156349182128906e-05 6.648898124694824219e-05 6.875395774841308594e-05 5.868077278137207031e-05 5.644559860229492188e-05 5.567073822021484375e-05 5.787611007690429688e-05 4.929304122924804688e-05 4.625320434570312500e-05
1.922245743207291468e+00 -4.640221595764160156e-05 -4.458427429199218750e-05 -4.526972770690917969e-05 -3.767013549804687500e-05 -3.033876419067382812e-05 -4.988908767700195312e-05 -3.653764724731445312e-05 -3.758072853088378906e-05 -3.972649574279785156e-05 -4.380941390991210938e-05
1.928698505192679269e+00 -1.522898674011230469e-05 -7.212162017822265625e-06 -3.218650817871093750e-06 -5.424022674560546875e-06 -1.591444015502929688e-05 2.175569534301757812e-06 8.046627044677734375e-06 7.003545761108398438e-06 1.063942909240722656e-05 1.114606857299804688e-05
1.935151267178067069e+00 1.017451286315917969e-04 1.141428947448730469e-04 1.094937324523925781e-04 1.158714294433593750e-04 1.183152198791503906e-04 1.231133937835693359e-04 1.110434532165527344e-04 9.831786155700683594e-05 9.959936141967773438e-05 8.574128150939941406e-05
1.941604029163455092e+00 -5.665421485900878906e-05 -5.558133125305175781e-05 -6.219744682312011719e-05 -5.850195884704589844e-05 -5.990266799926757812e-05 -6.142258644104003906e-05 -6.422400474548339844e-05 -5.340576171875000000e-05 -5.143880844116210938e-05 -5.307793617248535156e-05
1.948056791148842892e+00 4.187226295471191406e-05 3.767013549804687500e-05 3.492832183837890625e-05 4.222989082336425781e-05 3.466010093688964844e-05 4.217028617858886719e-05 4.187226295471191406e-05 3.135204315185546875e-05 4.172325134277343750e-05 4.515051841735839844e-05
1.954509553134230915e+00 -1.913309097290039062e-05 -4.112720489501953125e-06 -5.722045898437500000e-06 -1.567602157592773438e-05 -1.528859138488769531e-05 -1.832842826843261719e-05 -1.081824302673339844e-05 -4.857778549194335938e-06 -1.856684684753417969e-05 -8.076429367065429688e-06
1.960962315119618715e+00 -3.516674041748046875e-06 -1.293420791625976562e-05 -1.648068428039550781e-05 1.132488250732421875e-06 -1.469254493713378906e-05 -9.536743164062500000e-06 -1.007318496704101562e-05 -1.105666160583496094e-05 -2.610683441162109375e-05 -2.679228782653808594e-05
1.967415077105006738e+00 3.969669342041015625e-05 4.491209983825683594e-05 5.796551704406738281e-05 4.929304122924804688e-05 4.491209983825683594e-05 5.316734313964843750e-05 5.313754081726074219e-05 6.675720214843750000e-05 5.719065666198730469e-05 4.884600639343261719e-05
1.973867839090394538e+00 -4.413723945617675781e-05 -4.678964614868164062e-05 -4.658102989196777344e-05 -5.143880844116210938e-05 -4.708766937255859375e-05 -3.662705421447753906e-05 -4.008412361145019531e-05 -4.470348358154296875e-05 -3.138184547424316406e-05 -2.881884574890136719e-05
1.980320601075782561e+00 2.014636993408203125e-05 2.652406692504882812e-06 -3.546476364135742188e-06 2.062320709228515625e-05 7.450580596923828125e-07 -8.940696716308593750e-07 5.483627319335937500e-06 3.010034561157226562e-06 -1.958012580871582031e-05 -1.761317253112792969e-05
1.986773363061170361e+00 -3.170967102050781250e-05 -3.612041473388671875e-05 -2.697110176086425781e-05 -3.552436828613281250e-05 -3.141164779663085938e-05 -3.781914710998535156e-05 -2.568960189819335938e-05 -1.916289329528808594e-05 5.692243576049804688e-06 -1.394748687744140625e-05
1.993226125046558384e+00 -1.418590545654296875e-05 -1.698732376098632812e-06 -1.806020736694335938e-05 -1.251697540283203125e-05 -3.546476364135742188e-06 -5.334615707397460938e-06 -1.680850982666015625e-05 -1.424551010131835938e-05 -5.096197128295898438e-06 7.867813110351562500e-06
1.999678887031946184e+00 1.373589038848876953e-04 1.393556594848632812e-04 1.481771469116210938e-04 1.421868801116943359e-04 1.201629638671875000e-04 1.378655433654785156e-04 1.460909843444824219e-04 1.257061958312988281e-04 1.222491264343261719e-04 1.061260700225830078e-04
2.006131649017333984e+00 -3.778934478759765625e-05 -2.291798591613769531e-05 -2.950429916381835938e-05 -3.284215927124023438e-05 -3.394484519958496094e-05 -2.238154411315917969e-05 -2.843141555786132812e-05 -9.804964065551757812e-06 -6.347894668579101562e-06 4.887580871582031250e-06
