#Range[m] 0 1 2 3 4 5 6 7 8 9
1.800000071525573730e-01 -4.787319898605346680e-02 -4.766800999641418457e-02 -4.790124297142028809e-02 -4.782593250274658203e-02 -4.775935411453247070e-02 -4.798001050949096680e-02 -4.791414737701416016e-02 -4.782485961914062500e-02 -4.780045151710510254e-02 -4.754260182380676270e-02
1.864527691379452845e-01 3.419137001037597656e-02 3.435316681861877441e-02 3.429913520812988281e-02 3.424528241157531738e-02 3.424531221389770508e-02 3.415083885192871094e-02 3.425881266593933105e-02 3.438702225685119629e-02 3.426626324653625488e-02 3.438678383827209473e-02
1.929055311233331682e-01 1.184454560279846191e-02 1.165717840194702148e-02 1.181617379188537598e-02 1.180738210678100586e-02 1.171532273292541504e-02 1.187464594841003418e-02 1.187276840209960938e-02 1.171043515205383301e-02 1.175457239151000977e-02 1.153877377510070801e-02
1.993582931087210797e-01 -2.332529425621032715e-02 -2.335992455482482910e-02 -2.340546250343322754e-02 -2.344262599945068359e-02 -2.339527010917663574e-02 -2.338469028472900391e-02 -2.348670363426208496e-02 -2.346119284629821777e-02 -2.338376641273498535e-02 -2.335211634635925293e-02
2.058110550941089911e-01 2.770841121673583984e-03 2.887815237045288086e-03 2.855837345123291016e-03 2.835094928741455078e-03 2.820760011672973633e-03 2.785354852676391602e-03 2.886116504669189453e-03 2.903282642364501953e-03 2.844870090484619141e-03 2.896785736083984375e-03
2.122638170794968748e-01 7.029563188552856445e-03 7.036417722702026367e-03 7.072359323501586914e-03 7.113486528396606445e-03 7.117718458175659180e-03 6.993144750595092773e-03 7.051110267639160156e-03 7.093757390975952148e-03 6.999105215072631836e-03 7.084518671035766602e-03
2.187165790648847863e-01 7.367044687271118164e-03 7.278233766555786133e-03 7.251322269439697266e-03 7.234483957290649414e-03 7.243603467941284180e-03 7.365614175796508789e-03 7.290989160537719727e-03 7.244378328323364258e-03 7.333576679229736328e-03 7.233172655105590820e-03
2.251693410502726977e-01 -1.448625326156616211e-02 -1.453295350074768066e-02 -1.448190212249755859e-02 -1.446580886840820312e-02 -1.447924971580505371e-02 -1.443096995353698730e-02 -1.447463035583496094e-02 -1.449730992317199707e-02 -1.448634266853332520e-02 -1.456680893898010254e-02
2.316221030356606092e-01 -7.160067558288574219e-03 -7.026523351669311523e-03 -7.051140069961547852e-03 -7.012248039245605469e-03 -7.030040025711059570e-03 -7.219284772872924805e-03 -7.105767726898193359e-03 -7.024288177490234375e-03 -7.127761840820312500e-03 -6.916940212249755859e-03
2.380748650210485207e-01 2.493518590927124023e-02 2.495381236076354980e-02 2.491062879562377930e-02 2.490791678428649902e-02 2.489164471626281738e-02 2.490890026092529297e-02 2.489238977432250977e-02 2.491059899330139160e-02 2.487623691558837891e-02 2.495163679122924805e-02
2.445276270064364044e-01 -7.756441831588745117e-03 -8.055746555328369141e-03 -7.845222949981689453e-03 -7.875144481658935547e-03 -7.877260446548461914e-03 -7.662743330001831055e-03 -7.786482572555541992e-03 -7.982194423675537109e-03 -7.855564355850219727e-03 -8.262991905212402344e-03
2.509803889918242881e-01 -2.632215619087219238e-02 -2.610853314399719238e-02 -2.616763114929199219e-02 -2.616679668426513672e-02 -2.612590789794921875e-02 -2.626243233680725098e-02 -2.619585394859313965e-02 -2.615174651145935059e-02 -2.620702981948852539e-02 -2.601569890975952148e-02
2.574331509772121995e-01 2.612847089767456055e-02 2.626180648803710938e-02 2.614676952362060547e-02 2.614331245422363281e-02 2.613508701324462891e-02 2.597221732139587402e-02 2.608907222747802734e-02 2.620407938957214355e-02 2.614638209342956543e-02 2.636131644248962402e-02
2.638859129626001110e-01 8.222699165344238281e-03 7.785856723785400391e-03 7.982164621353149414e-03 8.031994104385375977e-03 7.920205593109130859e-03 8.238762617111206055e-03 8.086442947387695312e-03 7.892489433288574219e-03 8.079260587692260742e-03 7.704317569732666016e-03
2.703386749479880224e-01 -3.705346584320068359e-02 -3.698936104774475098e-02 -3.695398569107055664e-02 -3.693434596061706543e-02 -3.687804937362670898e-02 -3.697320818901062012e-02 -3.699782490730285645e-02 -3.693759441375732422e-02 -3.695505857467651367e-02 -3.691539168357849121e-02
2.767914369333759339e-01 1.628607511520385742e-02 1.654475927352905273e-02 1.643055677413940430e-02 1.636099815368652344e-02 1.641574501991271973e-02 1.622107625007629395e-02 1.634272933006286621e-02 1.651102304458618164e-02 1.632353663444519043e-02 1.668864488601684570e-02
2.832441989187638454e-01 2.246442437171936035e-02 2.222901582717895508e-02 2.235150337219238281e-02 2.234804630279541016e-02 2.227160334587097168e-02 2.248519659042358398e-02 2.233499288558959961e-02 2.219763398170471191e-02 2.233746647834777832e-02 2.205845713615417480e-02
2.896969609041517568e-01 -3.157481551170349121e-02 -3.167349100112915039e-02 -3.158006072044372559e-02 -3.154572844505310059e-02 -3.152734041213989258e-02 -3.146284818649291992e-02 -3.152969479560852051e-02 -3.160533308982849121e-02 -3.158092498779296875e-02 -3.164938092231750488e-02
2.961497228895396683e-01 -2.890825271606445312e-04 1.168847084045410156e-04 -1.657009124755859375e-05 -1.102983951568603516e-04 -3.501772880554199219e-05 -2.386569976806640625e-04 -1.246333122253417969e-04 2.905726432800292969e-05 -1.361966133117675781e-04 1.917779445648193359e-04
3.026024848749275242e-01 2.695742249488830566e-02 2.676489949226379395e-02 2.675831317901611328e-02 2.678620815277099609e-02 2.678218483924865723e-02 2.692541480064392090e-02 2.685436606407165527e-02 2.676472067832946777e-02 2.684593200683593750e-02 2.667978405952453613e-02
3.090552468603154357e-01 -1.960104703903198242e-02 -1.972725987434387207e-02 -1.962691545486450195e-02 -1.963576674461364746e-02 -1.957082748413085938e-02 -1.945593953132629395e-02 -1.956775784492492676e-02 -1.966217160224914551e-02 -1.956042647361755371e-02 -1.976898312568664551e-02
3.155080088457033471e-01 -1.452133059501647949e-02 -1.431450247764587402e-02 -1.439890265464782715e-02 -1.442298293113708496e-02 -1.438969373703002930e-02 -1.452976465225219727e-02 -1.443508267402648926e-02 -1.438179612159729004e-02 -1.450845599174499512e-02 -1.431274414062500000e-02
3.219607708310912586e-01 2.458894252777099609e-02 2.458328008651733398e-02 2.457559108734130859e-02 2.456018328666687012e-02 2.455160021781921387e-02 2.452954649925231934e-02 2.455729246139526367e-02 2.458339929580688477e-02 2.456289529800415039e-02 2.459028363227844238e-02
3.284135328164791701e-01 -2.573758363723754883e-03 -2.724766731262207031e-03 -2.647548913955688477e-03 -2.654612064361572266e-03 -2.665728330612182617e-03 -2.545177936553955078e-03 -2.623468637466430664e-03 -2.697080373764038086e-03 -2.628594636917114258e-03 -2.825707197189331055e-03
3.348662948018670260e-01 -1.943993568420410156e-02 -1.938331127166748047e-02 -1.939076185226440430e-02 -1.939025521278381348e-02 -1.936987042427062988e-02 -1.943129301071166992e-02 -1.938718557357788086e-02 -1.937747001647949219e-02 -1.936334371566772461e-02 -1.934656500816345215e-02
3.413190567872549375e-01 1.157277822494506836e-02 1.169341802597045898e-02 1.165589690208435059e-02 1.163586974143981934e-02 1.166948676109313965e-02 1.155433058738708496e-02 1.161238551139831543e-02 1.169407367706298828e-02 1.161211729049682617e-02 1.177519559860229492e-02
3.477718187726428489e-01 1.121917366981506348e-02 1.111319661140441895e-02 1.115393638610839844e-02 1.113155484199523926e-02 1.108932495117187500e-02 1.122200489044189453e-02 1.117599010467529297e-02 1.110553741455078125e-02 1.117223501205444336e-02 1.104545593261718750e-02
3.542245807580307604e-01 -1.421964168548583984e-02 -1.429757475852966309e-02 -1.427230238914489746e-02 -1.425585150718688965e-02 -1.423564553260803223e-02 -1.420706510543823242e-02 -1.425075531005859375e-02 -1.430606842041015625e-02 -1.424348354339599609e-02 -1.432922482490539551e-02
3.606773427434186718e-01 -3.019899129867553711e-03 -2.865135669708251953e-03 -2.931118011474609375e-03 -2.943605184555053711e-03 -2.906441688537597656e-03 -3.035187721252441406e-03 -2.941727638244628906e-03 -2.877324819564819336e-03 -2.957075834274291992e-03 -2.798944711685180664e-03
3.671301047288065833e-01 1.508772373199462891e-02 1.508876681327819824e-02 1.507514715194702148e-02 1.505610346794128418e-02 1.506045460700988770e-02 1.505175232887268066e-02 1.506084203720092773e-02 1.507478952407836914e-02 1.505088806152343750e-02 1.506671309471130371e-02
3.735828667141944948e-01 -4.107147455215454102e-03 -4.263252019882202148e-03 -4.219889640808105469e-03 -4.197686910629272461e-03 -4.218697547912597656e-03 -4.107385873794555664e-03 -4.183501005172729492e-03 -4.258215427398681641e-03 -4.145562648773193359e-03 -4.303932189941406250e-03
3.800356286995824062e-01 -1.189500093460083008e-02 -1.177704334259033203e-02 -1.177978515625000000e-02 -1.180559396743774414e-02 -1.179334521293640137e-02 -1.187935471534729004e-02 -1.181513071060180664e-02 -1.178318262100219727e-02 -1.183333992958068848e-02 -1.173013448715209961e-02
3.864883906849703177e-01 1.171484589576721191e-02 1.176205277442932129e-02 1.170432567596435547e-02 1.171949505805969238e-02 1.170504093170166016e-02 1.164236664772033691e-02 1.170787215232849121e-02 1.174932718276977539e-02 1.169717311859130859e-02 1.178053021430969238e-02
3.929411526703582291e-01 7.245719432830810547e-03 7.118642330169677734e-03 7.168203592300415039e-03 7.152110338211059570e-03 7.141500711441040039e-03 7.252186536788940430e-03 7.170110940933227539e-03 7.152289152145385742e-03 7.224500179290771484e-03 7.125794887542724609e-03
3.993939146557460851e-01 -1.572057604789733887e-02 -1.571685075759887695e-02 -1.570343971252441406e-02 -1.567620038986206055e-02 -1.568391919136047363e-02 -1.569542288780212402e-02 -1.569417119026184082e-02 -1.571959257125854492e-02 -1.569509506225585938e-02 -1.574018597602844238e-02
4.058466766411339965e-01 2.545297145843505859e-03 2.655595541000366211e-03 2.586245536804199219e-03 2.617418766021728516e-03 2.611756324768066406e-03 2.523124217987060547e-03 2.564340829849243164e-03 2.626776695251464844e-03 2.585381269454956055e-03 2.723038196563720703e-03
4.122994386265219080e-01 1.423576474189758301e-02 1.418149471282958984e-02 1.417237520217895508e-02 1.419231295585632324e-02 1.416969299316406250e-02 1.423043012619018555e-02 1.420783996582031250e-02 1.418724656105041504e-02 1.418438553810119629e-02 1.413321495056152344e-02
4.187522006119098195e-01 -1.073646545410156250e-02 -1.081955432891845703e-02 -1.081833243370056152e-02 -1.076957583427429199e-02 -1.080402731895446777e-02 -1.072517037391662598e-02 -1.076212525367736816e-02 -1.083126664161682129e-02 -1.076495647430419922e-02 -1.089236140251159668e-02
4.252049625972976754e-01 -7.516622543334960938e-03 -7.412254810333251953e-03 -7.442325353622436523e-03 -7.427215576171875000e-03 -7.390826940536499023e-03 -7.519602775573730469e-03 -7.474035024642944336e-03 -7.394134998321533203e-03 -7.459074258804321289e-03 -7.332324981689453125e-03
4.316577245826856424e-01 1.424199342727661133e-02 1.425632834434509277e-02 1.423820853233337402e-02 1.423287391662597656e-02 1.423093676567077637e-02 1.425176858901977539e-02 1.426070928573608398e-02 1.426774263381958008e-02 1.424732804298400879e-02 1.426777243614196777e-02
4.381104865680734983e-01 -2.223342657089233398e-03 -2.372413873672485352e-03 -2.298206090927124023e-03 -2.315253019332885742e-03 -2.344340085983276367e-03 -2.224713563919067383e-03 -2.292990684509277344e-03 -2.370029687881469727e-03 -2.273440361022949219e-03 -2.440094947814941406e-03
4.445632485534614098e-01 -1.233395934104919434e-02 -1.227718591690063477e-02 -1.229599118232727051e-02 -1.230493187904357910e-02 -1.228770613670349121e-02 -1.232269406318664551e-02 -1.231470704078674316e-02 -1.229184865951538086e-02 -1.230132579803466797e-02 -1.225551962852478027e-02
4.510160105388493212e-01 9.278535842895507812e-03 9.375184774398803711e-03 9.337931871414184570e-03 9.345889091491699219e-03 9.329408407211303711e-03 9.268313646316528320e-03 9.312123060226440430e-03 9.375214576721191406e-03 9.317159652709960938e-03 9.410291910171508789e-03
4.574687725242372327e-01 4.336118698120117188e-03 4.236459732055664062e-03 4.258990287780761719e-03 4.254132509231567383e-03 4.256337881088256836e-03 4.352211952209472656e-03 4.298418760299682617e-03 4.240691661834716797e-03 4.306763410568237305e-03 4.168778657913208008e-03
4.639215345096251442e-01 -1.181292533874511719e-02 -1.180267333984375000e-02 -1.178637146949768066e-02 -1.178845763206481934e-02 -1.180052757263183594e-02 -1.177909970283508301e-02 -1.180446147918701172e-02 -1.179844141006469727e-02 -1.179224252700805664e-02 -1.179593801498413086e-02
4.703742964950130556e-01 7.755160331726074219e-04 8.840560913085937500e-04 8.503496646881103516e-04 8.256435394287109375e-04 8.577108383178710938e-04 7.838606834411621094e-04 8.240044116973876953e-04 8.429288864135742188e-04 7.772445678710937500e-04 8.784234523773193359e-04
4.768270584804009671e-01 1.044905185699462891e-02 1.039165258407592773e-02 1.040312647819519043e-02 1.039251685142517090e-02 1.037999987602233887e-02 1.043492555618286133e-02 1.041108369827270508e-02 1.038411259651184082e-02 1.041173934936523438e-02 1.036846637725830078e-02
4.832798204657888230e-01 -6.998032331466674805e-03 -7.048100233078002930e-03 -7.018148899078369141e-03 -7.032573223114013672e-03 -7.025152444839477539e-03 -6.980419158935546875e-03 -7.015138864517211914e-03 -7.043778896331787109e-03 -7.016599178314208984e-03 -7.094800472259521484e-03
4.897325824511767345e-01 -6.703257560729980469e-03 -6.630539894104003906e-03 -6.638973951339721680e-03 -6.647676229476928711e-03 -6.627708673477172852e-03 -6.710559129714965820e-03 -6.670743227005004883e-03 -6.617635488510131836e-03 -6.646007299423217773e-03 -6.572186946868896484e-03
4.961853444365646459e-01 9.756684303283691406e-03 9.743541479110717773e-03 9.771734476089477539e-03 9.747982025146484375e-03 9.750455617904663086e-03 9.753108024597167969e-03 9.758174419403076172e-03 9.769052267074584961e-03 9.748995304107666016e-03 9.792178869247436523e-03
5.026381064219525019e-01 6.575286388397216797e-04 5.659759044647216797e-04 5.814731121063232422e-04 5.894005298614501953e-04 5.528628826141357422e-04 6.523728370666503906e-04 6.163120269775390625e-04 5.611181259155273438e-04 6.167292594909667969e-04 5.069375038146972656e-04
5.090908684073405244e-01 -9.332209825515747070e-03 -9.286731481552124023e-03 -9.271562099456787109e-03 -9.283304214477539062e-03 -9.262949228286743164e-03 -9.318858385086059570e-03 -9.309172630310058594e-03 -9.307473897933959961e-03 -9.274244308471679688e-03 -9.269028902053833008e-03
5.155436303927283248e-01 5.348742008209228516e-03 5.417108535766601562e-03 5.396753549575805664e-03 5.397051572799682617e-03 5.409091711044311523e-03 5.350589752197265625e-03 5.393594503402709961e-03 5.440443754196166992e-03 5.376547574996948242e-03 5.458563566207885742e-03
5.219963923781163473e-01 5.998075008392333984e-03 5.908042192459106445e-03 5.959093570709228516e-03 5.970031023025512695e-03 5.957752466201782227e-03 6.001055240631103516e-03 5.980521440505981445e-03 5.954504013061523438e-03 5.978256464004516602e-03 5.918025970458984375e-03
5.284491543635041477e-01 -8.728027343750000000e-03 -8.757531642913818359e-03 -8.753478527069091797e-03 -8.774966001510620117e-03 -8.740186691284179688e-03 -8.719086647033691406e-03 -8.737921714782714844e-03 -8.771955966949462891e-03 -8.737444877624511719e-03 -8.774936199188232422e-03
5.349019163488920592e-01 1.000732183456420898e-03 1.064181327819824219e-03 1.059114933013916016e-03 1.062035560607910156e-03 1.063853502273559570e-03 9.907186031341552734e-04 1.037001609802246094e-03 1.067817211151123047e-03 1.045793294906616211e-03 1.113444566726684570e-03
5.413546783342799706e-01 7.931649684906005859e-03 7.899791002273559570e-03 7.889211177825927734e-03 7.887989282608032227e-03 7.899135351181030273e-03 7.929176092147827148e-03 7.904917001724243164e-03 7.908523082733154297e-03 7.906347513198852539e-03 7.857412099838256836e-03
5.478074403196678821e-01 -4.311233758926391602e-03 -4.367053508758544922e-03 -4.348874092102050781e-03 -4.347503185272216797e-03 -4.334360361099243164e-03 -4.322141408920288086e-03 -4.325836896896362305e-03 -4.345655441284179688e-03 -4.316031932830810547e-03 -4.366874694824218750e-03
5.542602023050557936e-01 -4.689037799835205078e-03 -4.627019166946411133e-03 -4.641979932785034180e-03 -4.650026559829711914e-03 -4.648804664611816406e-03 -4.700958728790283203e-03 -4.687368869781494141e-03 -4.625141620635986328e-03 -4.668921232223510742e-03 -4.580914974212646484e-03
5.607129642904437050e-01 7.132619619369506836e-03 7.122606039047241211e-03 7.113486528396606445e-03 7.123142480850219727e-03 7.126718759536743164e-03 7.117718458175659180e-03 7.129579782485961914e-03 7.139474153518676758e-03 7.119506597518920898e-03 7.155299186706542969e-03
5.671657262758316165e-01 1.085758209228515625e-03 1.036763191223144531e-03 1.057088375091552734e-03 1.066744327545166016e-03 1.043677330017089844e-03 1.108944416046142578e-03 1.065671443939208984e-03 1.041620969772338867e-03 1.063555479049682617e-03 9.994506835937500000e-04
5.736184882612194169e-01 -6.625562906265258789e-03 -6.557822227478027344e-03 -6.596744060516357422e-03 -6.584167480468750000e-03 -6.596922874450683594e-03 -6.606101989746093750e-03 -6.611108779907226562e-03 -6.598532199859619141e-03 -6.603568792343139648e-03 -6.586998701095581055e-03
5.800712502466074394e-01 3.138750791549682617e-03 3.183305263519287109e-03 3.179699182510375977e-03 3.202527761459350586e-03 3.193110227584838867e-03 3.149062395095825195e-03 3.181964159011840820e-03 3.198981285095214844e-03 3.185242414474487305e-03 3.248542547225952148e-03
5.865240122319952398e-01 4.496961832046508789e-03 4.435598850250244141e-03 4.442274570465087891e-03 4.423558712005615234e-03 4.425227642059326172e-03 4.488140344619750977e-03 4.454165697097778320e-03 4.449874162673950195e-03 4.424035549163818359e-03 4.390448331832885742e-03
5.929767742173832623e-01 -6.059020757675170898e-03 -6.081521511077880859e-03 -6.068706512451171875e-03 -6.063759326934814453e-03 -6.074965000152587891e-03 -6.050854921340942383e-03 -6.076902151107788086e-03 -6.077527999877929688e-03 -6.049484014511108398e-03 -6.085902452468872070e-03
5.994295362027710627e-01 -8.009374141693115234e-04 -7.556378841400146484e-04 -7.640123367309570312e-04 -7.781684398651123047e-04 -7.696449756622314453e-04 -8.199214935302734375e-04 -7.811784744262695312e-04 -7.675290107727050781e-04 -7.743239402770996094e-04 -7.290244102478027344e-04
6.058822981881590852e-01 6.199449300765991211e-03 6.188243627548217773e-03 6.203055381774902344e-03 6.222695112228393555e-03 6.202101707458496094e-03 6.200164556503295898e-03 6.205856800079345703e-03 6.206840276718139648e-03 6.191611289978027344e-03 6.183296442031860352e-03
6.123350601735468857e-01 -3.715217113494873047e-03 -3.737062215805053711e-03 -3.762185573577880859e-03 -3.751128911972045898e-03 -3.740668296813964844e-03 -3.719180822372436523e-03 -3.740727901458740234e-03 -3.744393587112426758e-03 -3.738462924957275391e-03 -3.782898187637329102e-03
6.187878221589347971e-01 -3.591030836105346680e-03 -3.555446863174438477e-03 -3.572970628738403320e-03 -3.577888011932373047e-03 -3.561854362487792969e-03 -3.601610660552978516e-03 -3.573954105377197266e-03 -3.565013408660888672e-03 -3.605633974075317383e-03 -3.529965877532958984e-03
6.252405841443227086e-01 4.841744899749755859e-03 4.863828420639038086e-03 4.867970943450927734e-03 4.856050014495849609e-03 4.848241806030273438e-03 4.861384630203247070e-03 4.851728677749633789e-03 4.866003990173339844e-03 4.859507083892822266e-03 4.876881837844848633e-03
6.316933461297106200e-01 6.193518638610839844e-04 5.485415458679199219e-04 5.752742290496826172e-04 5.805492401123046875e-04 5.536377429962158203e-04 6.134808063507080078e-04 5.978047847747802734e-04 5.483031272888183594e-04 5.805492401123046875e-04 5.030333995819091797e-04
6.381461081150985315e-01 -5.151987075805664062e-03 -5.141466856002807617e-03 -5.138576030731201172e-03 -5.137771368026733398e-03 -5.134612321853637695e-03 -5.146384239196777344e-03 -5.154043436050415039e-03 -5.127102136611938477e-03 -5.134612321853637695e-03 -5.122363567352294922e-03
6.445988701004864430e-01 1.905173063278198242e-03 1.963555812835693359e-03 1.941502094268798828e-03 1.938700675964355469e-03 1.952528953552246094e-03 1.903355121612548828e-03 1.938372850418090820e-03 1.947939395904541016e-03 1.940965652465820312e-03 1.969397068023681641e-03
6.510516320858743544e-01 3.071814775466918945e-03 2.987384796142578125e-03 3.032386302947998047e-03 3.016769886016845703e-03 3.021508455276489258e-03 3.040730953216552734e-03 3.025203943252563477e-03 3.021717071533203125e-03 3.032147884368896484e-03 3.013104200363159180e-03
6.575043940712622659e-01 -4.017561674118041992e-03 -4.046142101287841797e-03 -4.039049148559570312e-03 -4.047453403472900391e-03 -4.032790660858154297e-03 -4.029214382171630859e-03 -4.028052091598510742e-03 -4.019200801849365234e-03 -4.041343927383422852e-03 -4.048109054565429688e-03
6.639571560566501773e-01 -6.060898303985595703e-04 -5.810558795928955078e-04 -5.554258823394775391e-04 -5.786418914794921875e-04 -5.687177181243896484e-04 -6.102621555328369141e-04 -5.890429019927978516e-04 -5.755126476287841797e-04 -5.794763565063476562e-04 -5.542039871215820312e-04
6.704099180420379778e-01 4.110842943191528320e-03 4.086613655090332031e-03 4.100888967514038086e-03 4.105746746063232422e-03 4.098892211914062500e-03 4.104495048522949219e-03 4.094928503036499023e-03 4.096865653991699219e-03 4.091620445251464844e-03 4.087060689926147461e-03
6.768626800274260003e-01 -1.759082078933715820e-03 -1.777142286300659180e-03 -1.776635646820068359e-03 -1.767665147781372070e-03 -1.771450042724609375e-03 -1.755833625793457031e-03 -1.759022474288940430e-03 -1.787930727005004883e-03 -1.770079135894775391e-03 -1.802712678909301758e-03
6.833154420128139117e-01 -2.602368593215942383e-03 -2.548992633819580078e-03 -2.564102411270141602e-03 -2.589315176010131836e-03 -2.562284469604492188e-03 -2.587884664535522461e-03 -2.592056989669799805e-03 -2.555608749389648438e-03 -2.585560083389282227e-03 -2.547502517700195312e-03
6.897682039982017121e-01 3.215312957763671875e-03 3.208845853805541992e-03 3.237038850784301758e-03 3.213107585906982422e-03 3.223150968551635742e-03 3.212541341781616211e-03 3.223717212677001953e-03 3.220319747924804688e-03 3.226578235626220703e-03 3.216743469238281250e-03
6.962209659835896236e-01 3.966093063354492188e-04 3.744661808013916016e-04 3.887712955474853516e-04 3.785789012908935547e-04 3.735423088073730469e-04 4.011392593383789062e-04 3.904402256011962891e-04 3.767609596252441406e-04 3.827512264251708984e-04 3.590881824493408203e-04
7.026737279689775351e-01 -2.902328968048095703e-03 -2.882927656173706055e-03 -2.891153097152709961e-03 -2.886503934860229492e-03 -2.878785133361816406e-03 -2.911567687988281250e-03 -2.889811992645263672e-03 -2.889871597290039062e-03 -2.896845340728759766e-03 -2.886682748794555664e-03
7.091264899543654465e-01 1.028567552566528320e-03 1.053720712661743164e-03 1.052588224411010742e-03 1.042693853378295898e-03 1.055419445037841797e-03 1.027345657348632812e-03 1.038491725921630859e-03 1.056969165802001953e-03 1.045912504196166992e-03 1.077413558959960938e-03
7.155792519397533580e-01 2.245783805847167969e-03 2.211362123489379883e-03 2.211958169937133789e-03 2.213984727859497070e-03 2.207636833190917969e-03 2.220600843429565430e-03 2.216845750808715820e-03 2.217769622802734375e-03 2.219527959823608398e-03 2.203613519668579102e-03
7.220320139251412694e-01 -1.999467611312866211e-03 -2.015769481658935547e-03 -2.015352249145507812e-03 -2.013355493545532227e-03 -2.007097005844116211e-03 -1.991599798202514648e-03 -2.015739679336547852e-03 -2.020239830017089844e-03 -2.012819051742553711e-03 -2.008110284805297852e-03
7.284847759105291809e-01 -8.040964603424072266e-04 -7.720589637756347656e-04 -7.766783237457275391e-04 -7.817149162292480469e-04 -7.743537425994873047e-04 -7.902085781097412109e-04 -7.874369621276855469e-04 -7.575750350952148438e-04 -7.919967174530029297e-04 -7.683336734771728516e-04
7.349375378959170924e-01 2.541601657867431641e-03 2.547234296798706055e-03 2.539515495300292969e-03 2.565890550613403320e-03 2.539515495300292969e-03 2.567797899246215820e-03 2.562016248703002930e-03 2.557963132858276367e-03 2.551019191741943359e-03 2.566546201705932617e-03
7.413902998813050038e-01 -5.239248275756835938e-04 -5.532801151275634766e-04 -5.484819412231445312e-04 -5.367100238800048828e-04 -5.553364753723144531e-04 -5.293190479278564453e-04 -5.322396755218505859e-04 -5.645155906677246094e-04 -5.310177803039550781e-04 -5.667209625244140625e-04
7.478430618666929153e-01 -2.280771732330322266e-03 -2.272307872772216797e-03 -2.277553081512451172e-03 -2.285003662109375000e-03 -2.270102500915527344e-03 -2.283185720443725586e-03 -2.281308174133300781e-03 -2.267271280288696289e-03 -2.278059720993041992e-03 -2.257317304611206055e-03
7.542958238520808267e-01 1.657545566558837891e-03 1.669138669967651367e-03 1.672595739364624023e-03 1.659482717514038086e-03 1.666694879531860352e-03 1.662224531173706055e-03 1.659393310546875000e-03 1.676231622695922852e-03 1.671612262725830078e-03 1.671791076660156250e-03
7.607485858374687382e-01 1.091480255126953125e-03 1.057714223861694336e-03 1.057386398315429688e-03 1.064419746398925781e-03 1.069515943527221680e-03 1.088619232177734375e-03 1.076608896255493164e-03 1.074045896530151367e-03 1.064300537109375000e-03 1.046448945999145508e-03
7.672013478228566496e-01 -2.320706844329833984e-03 -2.304702997207641602e-03 -2.307206392288208008e-03 -2.300202846527099609e-03 -2.298712730407714844e-03 -2.311140298843383789e-03 -2.304941415786743164e-03 -2.297729253768920898e-03 -2.308577299118041992e-03 -2.298831939697265625e-03
7.736541098082445611e-01 7.334053516387939453e-04 7.607042789459228516e-04 7.618665695190429688e-04 7.611513137817382812e-04 7.545053958892822266e-04 7.514953613281250000e-04 7.451772689819335938e-04 7.612407207489013672e-04 7.480680942535400391e-04 7.611513137817382812e-04
7.801068717936323615e-01 2.067238092422485352e-03 2.022385597229003906e-03 2.029836177825927734e-03 2.042531967163085938e-03 2.019852399826049805e-03 2.047926187515258789e-03 2.045929431915283203e-03 2.022415399551391602e-03 2.051919698715209961e-03 2.030938863754272461e-03
7.865596337790202730e-01 -1.229554414749145508e-03 -1.242488622665405273e-03 -1.231342554092407227e-03 -1.231759786605834961e-03 -1.231938600540161133e-03 -1.225084066390991211e-03 -1.240521669387817383e-03 -1.238912343978881836e-03 -1.227706670761108398e-03 -1.257598400115966797e-03
7.930123957644081845e-01 -6.099939346313476562e-04 -6.096661090850830078e-04 -6.113648414611816406e-04 -6.081163883209228516e-04 -6.149709224700927734e-04 -6.248354911804199219e-04 -6.162822246551513672e-04 -6.040930747985839844e-04 -6.067454814910888672e-04 -5.907118320465087891e-04
7.994651577497960959e-01 1.647174358367919922e-03 1.667767763137817383e-03 1.655191183090209961e-03 1.654952764511108398e-03 1.657098531723022461e-03 1.646041870117187500e-03 1.669436693191528320e-03 1.660287380218505859e-03 1.656591892242431641e-03 1.660168170928955078e-03
8.059179197351840074e-01 -4.480481147766113281e-04 -4.587769508361816406e-04 -4.544258117675781250e-04 -4.444718360900878906e-04 -4.554986953735351562e-04 -4.439651966094970703e-04 -4.476606845855712891e-04 -4.589557647705078125e-04 -4.608631134033203125e-04 -4.671514034271240234e-04
8.123706817205719188e-01 -1.820534467697143555e-03 -1.816540956497192383e-03 -1.814424991607666016e-03 -1.843541860580444336e-03 -1.804620027542114258e-03 -1.831501722335815430e-03 -1.826077699661254883e-03 -1.808941364288330078e-03 -1.822292804718017578e-03 -1.821696758270263672e-03
8.188234437059598303e-01 1.330822706222534180e-03 1.340061426162719727e-03 1.352429389953613281e-03 1.329809427261352539e-03 1.337379217147827148e-03 1.335442066192626953e-03 1.330345869064331055e-03 1.342624425888061523e-03 1.322120428085327148e-03 1.349866390228271484e-03
8.252762056913477418e-01 7.700026035308837891e-04 7.548332214355468750e-04 7.582306861877441406e-04 7.667541503906250000e-04 7.501542568206787109e-04 7.621347904205322266e-04 7.512867450714111328e-04 7.595121860504150391e-04 7.669329643249511719e-04 7.503330707550048828e-04
8.317289676767356532e-01 -1.988857984542846680e-03 -1.985400915145874023e-03 -1.994639635086059570e-03 -1.977264881134033203e-03 -1.995980739593505859e-03 -2.001464366912841797e-03 -1.988649368286132812e-03 -1.997798681259155273e-03 -1.980543136596679688e-03 -1.996487379074096680e-03
8.381817296621235647e-01 5.121529102325439453e-04 5.329847335815429688e-04 5.214810371398925781e-04 5.218684673309326172e-04 5.275309085845947266e-04 5.205273628234863281e-04 5.185902118682861328e-04 5.274116992950439453e-04 5.265474319458007812e-04 5.356967449188232422e-04
8.446344916475114761e-01 1.560270786285400391e-03 1.542925834655761719e-03 1.553833484649658203e-03 1.541852951049804688e-03 1.543402671813964844e-03 1.563131809234619141e-03 1.544535160064697266e-03 1.555860042572021484e-03 1.550585031509399414e-03 1.527965068817138672e-03
8.510872536328993876e-01 -1.244604587554931641e-03 -1.251786947250366211e-03 -1.255601644515991211e-03 -1.253396272659301758e-03 -1.247465610504150391e-03 -1.244634389877319336e-03 -1.236051321029663086e-03 -1.250118017196655273e-03 -1.243203878402709961e-03 -1.249939203262329102e-03
8.575400156182872990e-01 -7.351636886596679688e-04 -7.306337356567382812e-04 -7.207691669464111328e-04 -7.335245609283447266e-04 -7.284581661224365234e-04 -7.306039333343505859e-04 -7.395446300506591797e-04 -7.308721542358398438e-04 -7.428824901580810547e-04 -7.205605506896972656e-04
8.639927776036752105e-01 1.339703798294067383e-03 1.335263252258300781e-03 1.334309577941894531e-03 1.340329647064208984e-03 1.342564821243286133e-03 1.337766647338867188e-03 1.339912414550781250e-03 1.341104507446289062e-03 1.339346170425415039e-03 1.342624425888061523e-03
8.704455395890630109e-01 -6.528198719024658203e-04 -6.562471389770507812e-04 -6.662011146545410156e-04 -6.569623947143554688e-04 -6.672739982604980469e-04 -6.477832794189453125e-04 -6.567239761352539062e-04 -6.648004055023193359e-04 -6.465315818786621094e-04 -6.649494171142578125e-04
8.768983015744509224e-01 -1.043647527694702148e-03 -1.032441854476928711e-03 -1.017510890960693359e-03 -1.023113727569580078e-03 -1.028269529342651367e-03 -1.035571098327636719e-03 -1.031339168548583984e-03 -1.018404960632324219e-03 -1.033335924148559570e-03 -1.020520925521850586e-03
8.833510635598388339e-01 1.416087150573730469e-03 1.409262418746948242e-03 1.425594091415405273e-03 1.410812139511108398e-03 1.421064138412475586e-03 1.405477523803710938e-03 1.416057348251342773e-03 1.420438289642333984e-03 1.408517360687255859e-03 1.413911581039428711e-03
8.898038255452267453e-01 -1.668930053710937500e-05 -2.810359001159667969e-05 -2.977252006530761719e-05 -2.241134643554687500e-05 -1.826882362365722656e-05 -5.513429641723632812e-06 -1.960992813110351562e-05 -3.156065940856933594e-05 -8.672475814819335938e-06 -3.135204315185546875e-05
8.962565875306146568e-01 -1.439303159713745117e-03 -1.441538333892822266e-03 -1.449882984161376953e-03 -1.439690589904785156e-03 -1.443952322006225586e-03 -1.455873250961303711e-03 -1.438498497009277344e-03 -1.447856426239013672e-03 -1.426309347152709961e-03 -1.432210206985473633e-03
9.027093495160025682e-01 1.371711492538452148e-03 1.371055841445922852e-03 1.365244388580322266e-03 1.377135515213012695e-03 1.368701457977294922e-03 1.371830701828002930e-03 1.362293958663940430e-03 1.387059688568115234e-03 1.359164714813232422e-03 1.367181539535522461e-03
9.091621115013904797e-01 2.289116382598876953e-04 1.982450485229492188e-04 2.041459083557128906e-04 2.074837684631347656e-04 2.203583717346191406e-04 2.453029155731201172e-04 2.108812332153320312e-04 2.164840698242187500e-04 2.239346504211425781e-04 2.031624317169189453e-04
9.156148734867783912e-01 -1.684516668319702148e-03 -1.680970191955566406e-03 -1.696884632110595703e-03 -1.692920923233032227e-03 -1.692682504653930664e-03 -1.693397760391235352e-03 -1.693367958068847656e-03 -1.682788133621215820e-03 -1.697927713394165039e-03 -1.695752143859863281e-03
9.220676354721663026e-01 2.154260873794555664e-03 2.161681652069091797e-03 2.156525850296020508e-03 2.153337001800537109e-03 2.159237861633300781e-03 2.138972282409667969e-03 2.139836549758911133e-03 2.158492803573608398e-03 2.172589302062988281e-03 2.153038978576660156e-03
9.285203974575542141e-01 -5.618333816528320312e-04 -5.782842636108398438e-04 -5.576610565185546875e-04 -5.651414394378662109e-04 -5.694925785064697266e-04 -5.379319190979003906e-04 -5.494654178619384766e-04 -5.729496479034423828e-04 -5.442798137664794922e-04 -5.837082862854003906e-04
9.349731594429421255e-01 -2.043575048446655273e-03 -2.016395330429077148e-03 -2.037316560745239258e-03 -2.049535512924194336e-03 -2.022624015808105469e-03 -2.060890197753906250e-03 -2.037733793258666992e-03 -2.029031515121459961e-03 -2.050191164016723633e-03 -2.021074295043945312e-03
9.414259214283300370e-01 2.937704324722290039e-03 2.948611974716186523e-03 2.921938896179199219e-03 2.938032150268554688e-03 2.935588359832763672e-03 2.918511629104614258e-03 2.951681613922119141e-03 2.948731184005737305e-03 2.930700778961181641e-03 2.947360277175903320e-03
9.478786834137179484e-01 -6.909966468811035156e-04 -7.046759128570556641e-04 -6.732642650604248047e-04 -6.777942180633544922e-04 -6.977617740631103516e-04 -6.490051746368408203e-04 -6.860196590423583984e-04 -7.055103778839111328e-04 -6.705224514007568359e-04 -7.356703281402587891e-04
9.543314453991058599e-01 -2.949059009552001953e-03 -2.917647361755371094e-03 -2.924025058746337891e-03 -2.917110919952392578e-03 -2.935886383056640625e-03 -2.960711717605590820e-03 -2.931803464889526367e-03 -2.918243408203125000e-03 -2.943813800811767578e-03 -2.902656793594360352e-03
9.607842073844936603e-01 3.773003816604614258e-03 3.773599863052368164e-03 3.770262002944946289e-03 3.762662410736083984e-03 3.782331943511962891e-03 3.762751817703247070e-03 3.780335187911987305e-03 3.775626420974731445e-03 3.779500722885131836e-03 3.805875778198242188e-03
9.672369693698815718e-01 -6.286203861236572266e-04 -6.836354732513427734e-04 -6.529688835144042969e-04 -6.533861160278320312e-04 -6.678104400634765625e-04 -6.186068058013916016e-04 -6.543993949890136719e-04 -6.707310676574707031e-04 -6.482601165771484375e-04 -7.146596908569335938e-04
9.736897313552694833e-01 -3.552317619323730469e-03 -3.504484891891479492e-03 -3.524720668792724609e-03 -3.507971763610839844e-03 -3.516048192977905273e-03 -3.561347723007202148e-03 -3.524422645568847656e-03 -3.531426191329956055e-03 -3.517895936965942383e-03 -3.491878509521484375e-03
9.801424933406573947e-01 4.667550325393676758e-03 4.688590764999389648e-03 4.668593406677246094e-03 4.669547080993652344e-03 4.677921533584594727e-03 4.671931266784667969e-03 4.669666290283203125e-03 4.690200090408325195e-03 4.659473896026611328e-03 4.694283008575439453e-03
9.865952553260453062e-01 -4.612207412719726562e-04 -4.956424236297607422e-04 -4.701912403106689453e-04 -4.695057868957519531e-04 -4.690587520599365234e-04 -4.343688488006591797e-04 -4.640519618988037109e-04 -4.781484603881835938e-04 -4.617273807525634766e-04 -5.246400833129882812e-04
9.930480173114332176e-01 -4.258871078491210938e-03 -4.206240177154541016e-03 -4.242748022079467773e-03 -4.271686077117919922e-03 -4.239827394485473633e-03 -4.283249378204345703e-03 -4.262268543243408203e-03 -4.226595163345336914e-03 -4.261195659637451172e-03 -4.222393035888671875e-03
9.995007792968211291e-01 4.961997270584106445e-03 4.962086677551269531e-03 4.961460828781127930e-03 4.948616027832031250e-03 4.952013492584228516e-03 4.969060420989990234e-03 4.953742027282714844e-03 4.957705736160278320e-03 4.978328943252563477e-03 4.982650279998779297e-03
1.005953541282209152e+00 -5.605816841125488281e-04 -5.966722965240478516e-04 -5.721151828765869141e-04 -5.540549755096435547e-04 -5.681514739990234375e-04 -5.258917808532714844e-04 -5.437135696411132812e-04 -5.629956722259521484e-04 -5.443394184112548828e-04 -6.099939346313476562e-04
1.012406303267596952e+00 -4.106551408767700195e-03 -4.055827856063842773e-03 -4.072129726409912109e-03 -4.080325365066528320e-03 -4.078239202499389648e-03 -4.117697477340698242e-03 -4.075497388839721680e-03 -4.067003726959228516e-03 -4.104465246200561523e-03 -4.062801599502563477e-03
1.018859065252984752e+00 4.127115011215209961e-03 4.137158393859863281e-03 4.125326871871948242e-03 4.121959209442138672e-03 4.121601581573486328e-03 4.114240407943725586e-03 4.132628440856933594e-03 4.135936498641967773e-03 4.130810499191284180e-03 4.165828227996826172e-03
1.025311827238372775e+00 -1.531839370727539062e-05 -4.637241363525390625e-05 -1.659989356994628906e-05 -2.139806747436523438e-05 -2.017617225646972656e-05 2.831220626831054688e-06 -8.165836334228515625e-06 -3.519654273986816406e-05 -9.506940841674804688e-06 -6.726384162902832031e-05
1.031764589223760797e+00 -3.812968730926513672e-03 -3.798812627792358398e-03 -3.788024187088012695e-03 -3.789126873016357422e-03 -3.780841827392578125e-03 -3.810673952102661133e-03 -3.813117742538452148e-03 -3.792703151702880859e-03 -3.795653581619262695e-03 -3.776669502258300781e-03
1.038217351209148598e+00 3.075987100601196289e-03 3.078162670135498047e-03 3.079533576965332031e-03 3.070265054702758789e-03 3.080964088439941406e-03 3.052413463592529297e-03 3.075629472732543945e-03 3.077000379562377930e-03 3.072142601013183594e-03 3.100633621215820312e-03
1.044670113194536398e+00 1.048445701599121094e-03 1.008927822113037109e-03 1.037895679473876953e-03 1.032829284667968750e-03 1.022666692733764648e-03 1.065343618392944336e-03 1.038014888763427734e-03 1.013755798339843750e-03 1.025795936584472656e-03 1.004934310913085938e-03
1.051122875179924421e+00 -3.098160028457641602e-03 -3.085762262344360352e-03 -3.100723028182983398e-03 -3.068059682846069336e-03 -3.091454505920410156e-03 -3.106743097305297852e-03 -3.093868494033813477e-03 -3.084421157836914062e-03 -3.077983856201171875e-03 -3.061830997467041016e-03
1.057575637165312221e+00 1.411646604537963867e-03 1.432210206985473633e-03 1.419842243194580078e-03 1.427143812179565430e-03 1.423895359039306641e-03 1.404553651809692383e-03 1.416414976119995117e-03 1.442730426788330078e-03 1.433581113815307617e-03 1.439809799194335938e-03
1.064028399150700022e+00 1.147478818893432617e-03 1.125991344451904297e-03 1.144915819168090820e-03 1.135259866714477539e-03 1.141160726547241211e-03 1.151263713836669922e-03 1.127272844314575195e-03 1.129060983657836914e-03 1.122236251831054688e-03 1.124590635299682617e-03
1.070481161136088044e+00 -2.179592847824096680e-03 -2.190560102462768555e-03 -2.189129590988159180e-03 -2.188235521316528320e-03 -2.185106277465820312e-03 -2.185553312301635742e-03 -2.193361520767211914e-03 -2.178162336349487305e-03 -2.177983522415161133e-03 -2.184391021728515625e-03
1.076933923121476067e+00 1.166194677352905273e-03 1.156389713287353516e-03 1.172631978988647461e-03 1.174241304397583008e-03 1.148223876953125000e-03 1.145333051681518555e-03 1.160740852355957031e-03 1.163303852081298828e-03 1.175045967102050781e-03 1.171082258224487305e-03
1.083386685106863867e+00 9.751617908477783203e-04 9.633302688598632812e-04 9.958446025848388672e-04 9.821951389312744141e-04 9.752213954925537109e-04 9.738504886627197266e-04 9.661018848419189453e-04 9.719729423522949219e-04 9.803771972656250000e-04 9.718537330627441406e-04
1.089839447092251667e+00 -1.590460538864135742e-03 -1.573979854583740234e-03 -1.588284969329833984e-03 -1.589119434356689453e-03 -1.574665307998657227e-03 -1.567155122756958008e-03 -1.572936773300170898e-03 -1.569420099258422852e-03 -1.585215330123901367e-03 -1.563370227813720703e-03
1.096292209077639690e+00 2.130568027496337891e-04 2.155601978302001953e-04 2.248585224151611328e-04 2.137124538421630859e-04 2.309679985046386719e-04 2.105534076690673828e-04 2.077519893646240234e-04 2.184510231018066406e-04 2.168118953704833984e-04 2.182126045227050781e-04
1.102744971063027712e+00 4.706382751464843750e-04 4.610419273376464844e-04 4.813671112060546875e-04 4.691779613494873047e-04 4.672110080718994141e-04 4.697442054748535156e-04 4.808604717254638672e-04 4.729926586151123047e-04 4.734098911285400391e-04 4.754364490509033203e-04
1.109197733048415513e+00 -5.853474140167236328e-04 -5.807578563690185547e-04 -5.691945552825927734e-04 -5.690455436706542969e-04 -5.723834037780761719e-04 -5.695223808288574219e-04 -5.694925785064697266e-04 -5.783438682556152344e-04 -5.792677402496337891e-04 -5.677342414855957031e-04
1.115650495033803313e+00 -4.534125328063964844e-04 -4.387497901916503906e-04 -4.599690437316894531e-04 -4.480779170989990234e-04 -4.369616508483886719e-04 -4.417598247528076172e-04 -4.371404647827148438e-04 -4.394948482513427734e-04 -4.384517669677734375e-04 -4.469752311706542969e-04
1.122103257019191336e+00 2.671778202056884766e-04 2.544224262237548828e-04 2.636611461639404297e-04 2.617835998535156250e-04 2.670288085937500000e-04 2.793967723846435547e-04 2.651512622833251953e-04 2.754032611846923828e-04 2.730190753936767578e-04 2.486407756805419922e-04
1.128556019004579358e+00 -2.145767211914062500e-06 1.192092895507812500e-07 -4.589557647705078125e-06 1.850724220275878906e-05 8.046627044677734375e-06 1.037120819091796875e-05 -3.218650817871093750e-06 -9.238719940185546875e-07 1.212954521179199219e-05 5.334615707397460938e-06
1.135008780989967159e+00 -3.547966480255126953e-04 -3.632307052612304688e-04 -3.672838211059570312e-04 -3.503859043121337891e-04 -3.650188446044921875e-04 -3.510117530822753906e-04 -3.606379032135009766e-04 -3.589987754821777344e-04 -3.640651702880859375e-04 -3.711879253387451172e-04
1.141461542975354959e+00 -2.683997154235839844e-04 -2.602934837341308594e-04 -2.595484256744384766e-04 -2.647638320922851562e-04 -2.737343311309814453e-04 -2.657473087310791016e-04 -2.524852752685546875e-04 -2.555549144744873047e-04 -2.550482749938964844e-04 -2.661347389221191406e-04
1.147914304960742982e+00 4.706978797912597656e-04 4.657804965972900391e-04 4.601776599884033203e-04 4.661679267883300781e-04 4.642605781555175781e-04 4.722177982330322266e-04 4.791021347045898438e-04 4.757940769195556641e-04 4.612207412719726562e-04 4.781782627105712891e-04
1.154367066946130782e+00 1.611709594726562500e-04 1.683235168457031250e-04 1.809000968933105469e-04 1.751184463500976562e-04 1.618266105651855469e-04 1.779496669769287109e-04 1.716613769531250000e-04 1.689791679382324219e-04 1.654028892517089844e-04 1.735389232635498047e-04
1.160819828931518582e+00 -5.144774913787841797e-04 -5.065798759460449219e-04 -5.100369453430175781e-04 -5.134344100952148438e-04 -5.007386207580566406e-04 -4.996359348297119141e-04 -5.147159099578857422e-04 -5.052089691162109375e-04 -5.211234092712402344e-04 -4.982650279998779297e-04
1.167272590916906605e+00 2.769827842712402344e-04 2.841055393218994141e-04 2.831220626831054688e-04 2.847313880920410156e-04 2.814531326293945312e-04 2.890229225158691406e-04 2.857148647308349609e-04 2.871453762054443359e-04 3.023445606231689453e-04 2.975463867187500000e-04
1.173725352902294627e+00 2.724826335906982422e-04 2.758502960205078125e-04 2.816617488861083984e-04 2.734661102294921875e-04 2.708435058593750000e-04 2.715885639190673828e-04 2.872049808502197266e-04 2.639293670654296875e-04 2.750754356384277344e-04 2.692341804504394531e-04
1.180178114887682428e+00 -5.145370960235595703e-04 -5.136430263519287109e-04 -5.161464214324951172e-04 -4.939138889312744141e-04 -5.043447017669677734e-04 -5.068182945251464844e-04 -5.066394805908203125e-04 -5.089044570922851562e-04 -4.978477954864501953e-04 -5.013942718505859375e-04
1.186630876873070450e+00 1.110434532165527344e-04 1.133382320404052734e-04 1.128911972045898438e-04 1.123845577239990234e-04 1.094937324523925781e-04 1.139342784881591797e-04 1.202225685119628906e-04 1.171529293060302734e-04 1.021325588226318359e-04 1.046657562255859375e-04
1.193083638858458251e+00 5.300045013427734375e-04 5.170106887817382812e-04 5.215108394622802734e-04 5.216896533966064453e-04 5.112588405609130859e-04 5.150139331817626953e-04 5.294680595397949219e-04 5.264878273010253906e-04 5.114674568176269531e-04 5.228817462921142578e-04
1.199536400843846051e+00 -2.475380897521972656e-04 -2.430975437164306641e-04 -2.524554729461669922e-04 -2.526640892028808594e-04 -2.479553222656250000e-04 -2.492666244506835938e-04 -2.538561820983886719e-04 -2.550780773162841797e-04 -2.507865428924560547e-04 -2.617537975311279297e-04
1.205989162829234074e+00 -2.386271953582763672e-04 -2.435743808746337891e-04 -2.470314502716064453e-04 -2.516508102416992188e-04 -2.390444278717041016e-04 -2.428889274597167969e-04 -2.495050430297851562e-04 -2.349615097045898438e-04 -2.400577068328857422e-04 -2.308189868927001953e-04
1.212441924814621874e+00 3.466010093688964844e-04 3.475248813629150391e-04 3.409385681152343750e-04 3.546476364135742188e-04 3.432333469390869141e-04 3.460943698883056641e-04 3.514885902404785156e-04 3.671944141387939453e-04 3.497302532196044922e-04 3.591179847717285156e-04
1.218894686800009897e+00 7.450580596923828125e-05 6.434321403503417969e-05 6.851553916931152344e-05 7.700920104980468750e-05 7.089972496032714844e-05 6.362795829772949219e-05 7.763504981994628906e-05 7.843971252441406250e-05 6.932020187377929688e-05 7.665157318115234375e-05
1.225347448785397697e+00 -2.023279666900634766e-04 -2.140402793884277344e-04 -2.072155475616455078e-04 -2.149343490600585938e-04 -2.137124538421630859e-04 -2.262592315673828125e-04 -2.115666866302490234e-04 -2.089738845825195312e-04 -2.116262912750244141e-04 -2.200305461883544922e-04
1.231800210770785720e+00 1.346766948699951172e-04 1.214742660522460938e-04 1.297891139984130859e-04 1.251995563507080078e-04 1.247227191925048828e-04 1.351535320281982422e-04 1.356601715087890625e-04 1.387894153594970703e-04 1.258552074432373047e-04 1.319944858551025391e-04
1.238252972756173520e+00 1.364946365356445312e-04 1.349151134490966797e-04 1.402795314788818359e-04 1.393854618072509766e-04 1.480579376220703125e-04 1.388192176818847656e-04 1.453161239624023438e-04 1.386106014251708984e-04 1.374483108520507812e-04 1.289248466491699219e-04
1.244705734741561542e+00 -1.484155654907226562e-04 -1.590549945831298828e-04 -1.471936702728271484e-04 -1.561045646667480469e-04 -1.490116119384765625e-04 -1.632869243621826172e-04 -1.433491706848144531e-04 -1.548230648040771484e-04 -1.522302627563476562e-04 -1.512169837951660156e-04
1.251158496726949343e+00 -1.278519630432128906e-04 -1.129209995269775391e-04 -1.231431961059570312e-04 -1.160204410552978516e-04 -1.253485679626464844e-04 -1.214742660522460938e-04 -1.185536384582519531e-04 -1.309216022491455078e-04 -1.277029514312744141e-04 -1.143813133239746094e-04
1.257611258712337365e+00 1.730918884277343750e-04 1.839995384216308594e-04 1.655817031860351562e-04 1.767575740814208984e-04 1.651644706726074219e-04 1.753568649291992188e-04 1.698732376098632812e-04 1.775622367858886719e-04 1.699626445770263672e-04 1.652836799621582031e-04
1.264064020697725166e+00 1.749396324157714844e-05 1.001358032226562500e-05 1.129508018493652344e-05 2.080202102661132812e-05 2.503395080566406250e-05 2.273917198181152344e-05 2.783536911010742188e-05 1.662969589233398438e-05 1.573562622070312500e-05 1.013278961181640625e-05
1.270516782683113188e+00 -2.907514572143554688e-04 -2.833604812622070312e-04 -2.964437007904052734e-04 -2.914667129516601562e-04 -2.803206443786621094e-04 -2.884566783905029297e-04 -2.842545509338378906e-04 -2.816617488861083984e-04 -2.906918525695800781e-04 -2.937018871307373047e-04
1.276969544668500989e+00 7.694959640502929688e-05 8.863210678100585938e-05 8.600950241088867188e-05 8.445978164672851562e-05 8.380413055419921875e-05 7.334351539611816406e-05 9.146332740783691406e-05 7.212162017822265625e-05 7.405877113342285156e-05 7.656216621398925781e-05
1.283422306653888789e+00 2.176463603973388672e-04 2.245306968688964844e-04 2.149343490600585938e-04 2.180933952331542969e-04 2.287626266479492188e-04 2.172589302062988281e-04 2.164244651794433594e-04 2.245604991912841797e-04 2.268850803375244141e-04 2.128481864929199219e-04
1.289875068639276812e+00 -2.698004245758056641e-04 -2.547204494476318359e-04 -2.635717391967773438e-04 -2.637803554534912109e-04 -2.568662166595458984e-04 -2.512037754058837891e-04 -2.619624137878417969e-04 -2.506673336029052734e-04 -2.501606941223144531e-04 -2.686977386474609375e-04
1.296327830624664612e+00 -8.702278137207031250e-06 -2.175569534301757812e-06 -1.445412635803222656e-05 -1.633167266845703125e-05 -1.057982444763183594e-05 -1.004338264465332031e-05 -4.112720489501953125e-06 -8.285045623779296875e-06 -4.440546035766601562e-06 -1.016259193420410156e-05
1.302780592610052635e+00 2.655684947967529297e-04 2.757310867309570312e-04 2.762973308563232422e-04 2.743303775787353516e-04 2.764463424682617188e-04 2.687871456146240234e-04 2.683103084564208984e-04 2.730488777160644531e-04 2.701580524444580078e-04 2.855062484741210938e-04
1.309233354595440435e+00 -2.839863300323486328e-04 -2.859234809875488281e-04 -2.913475036621093750e-04 -2.907812595367431641e-04 -2.851188182830810547e-04 -2.861618995666503906e-04 -2.935528755187988281e-04 -2.897083759307861328e-04 -2.928078174591064453e-04 -2.739429473876953125e-04
1.315686116580828458e+00 1.192092895507812500e-06 6.347894668579101562e-06 1.877546310424804688e-05 6.824731826782226562e-06 1.379847526550292969e-05 3.367662429809570312e-06 9.745359420776367188e-06 5.483627319335937500e-06 1.066923141479492188e-05 2.348423004150390625e-05
1.322138878566216258e+00 2.524852752685546875e-04 2.436339855194091797e-04 2.524554729461669922e-04 2.442002296447753906e-04 2.269148826599121094e-04 2.566576004028320312e-04 2.413690090179443359e-04 2.473890781402587891e-04 2.473890781402587891e-04 2.409517765045166016e-04
1.328591640551604280e+00 -1.872777938842773438e-04 -1.940429210662841797e-04 -1.845657825469970703e-04 -1.858472824096679688e-04 -2.000629901885986328e-04 -1.803040504455566406e-04 -1.852810382843017578e-04 -1.848936080932617188e-04 -1.876056194305419922e-04 -1.920759677886962891e-04
1.335044402536992081e+00 -9.185075759887695312e-05 -1.128315925598144531e-04 -1.097023487091064453e-04 -1.305341720581054688e-04 -1.174807548522949219e-04 -1.095235347747802734e-04 -1.103878021240234375e-04 -1.157224178314208984e-04 -1.178383827209472656e-04 -1.005828380584716797e-04
1.341497164522380103e+00 2.480745315551757812e-04 2.509355545043945312e-04 2.410113811492919922e-04 2.404749393463134766e-04 2.416968345642089844e-04 2.251565456390380859e-04 2.283155918121337891e-04 2.343952655792236328e-04 2.351999282836914062e-04 2.359151840209960938e-04
1.347949926507767904e+00 -8.088350296020507812e-05 -8.526444435119628906e-05 -9.804964065551757812e-05 -8.600950241088867188e-05 -8.836388587951660156e-05 -8.699297904968261719e-05 -8.222460746765136719e-05 -8.296966552734375000e-05 -9.128451347351074219e-05 -8.371472358703613281e-05
1.354402688493155926e+00 -1.009702682495117188e-04 -1.020729541778564453e-04 -9.793043136596679688e-05 -1.026988029479980469e-04 -8.881092071533203125e-05 -9.122490882873535156e-05 -9.950995445251464844e-05 -8.791685104370117188e-05 -9.071826934814453125e-05 -1.025795936584472656e-04
1.360855450478543727e+00 1.627504825592041016e-04 1.561045646667480469e-04 1.606047153472900391e-04 1.640617847442626953e-04 1.640915870666503906e-04 1.603364944458007812e-04 1.594722270965576172e-04 1.511871814727783203e-04 1.685321331024169922e-04 1.602768898010253906e-04
1.367308212463931749e+00 -1.939535140991210938e-04 -1.896023750305175781e-04 -1.854002475738525391e-04 -1.873970031738281250e-04 -1.910030841827392578e-04 -1.884698867797851562e-04 -1.809597015380859375e-04 -1.772642135620117188e-04 -2.080202102661132812e-04 -1.988708972930908203e-04
1.373760974449319550e+00 -3.919005393981933594e-05 -4.425644874572753906e-05 -4.270672798156738281e-05 -4.419684410095214844e-05 -5.877017974853515625e-05 -5.254149436950683594e-05 -5.552172660827636719e-05 -4.863739013671875000e-05 -5.742907524108886719e-05 -5.194544792175292969e-05
1.380213736434707350e+00 2.183914184570312500e-04 2.048015594482421875e-04 2.083480358123779297e-04 2.027153968811035156e-04 2.255439758300781250e-04 2.232491970062255859e-04 2.080202102661132812e-04 2.104938030242919922e-04 2.099275588989257812e-04 2.114176750183105469e-04
1.386666498420095373e+00 -4.327297210693359375e-05 -3.510713577270507812e-05 -3.772974014282226562e-05 -4.005432128906250000e-05 -3.531575202941894531e-05 -4.184246063232421875e-05 -3.376603126525878906e-05 -3.615021705627441406e-05 -5.158782005310058594e-05 -4.097819328308105469e-05
1.393119260405483173e+00 -3.489851951599121094e-05 -4.094839096069335938e-05 -4.684925079345703125e-05 -3.230571746826171875e-05 -5.066394805908203125e-05 -2.810359001159667969e-05 -3.245472908020019531e-05 -3.284215927124023438e-05 -3.567337989807128906e-05 -1.993775367736816406e-05
1.399572022390871195e+00 4.509091377258300781e-05 5.635619163513183594e-05 4.911422729492187500e-05 3.939867019653320312e-05 2.947449684143066406e-05 5.841255187988281250e-05 4.491209983825683594e-05 4.434585571289062500e-05 5.087256431579589844e-05 4.181265830993652344e-05
1.406024784376258996e+00 1.513361930847167969e-04 1.479983329772949219e-04 1.566410064697265625e-04 1.614987850189208984e-04 1.580119132995605469e-04 1.502335071563720703e-04 1.509487628936767578e-04 1.471340656280517578e-04 1.536607742309570312e-04 1.567602157592773438e-04
1.412477546361647018e+00 -2.105236053466796875e-04 -2.045035362243652344e-04 -2.007186412811279297e-04 -2.191364765167236328e-04 -2.046227455139160156e-04 -1.954734325408935547e-04 -1.999735832214355469e-04 -2.041757106781005859e-04 -2.022385597229003906e-04 -2.057552337646484375e-04
1.418930308347034819e+00 2.115964889526367188e-06 -1.031160354614257812e-05 1.668930053710937500e-06 -2.324581146240234375e-06 -3.695487976074218750e-06 -2.980232238769531250e-06 6.705522537231445312e-06 -1.049041748046875000e-05 -1.204013824462890625e-05 7.033348083496093750e-06
1.425383070332422841e+00 2.909302711486816406e-04 2.864003181457519531e-04 2.931654453277587891e-04 2.865493297576904297e-04 2.932548522949218750e-04 3.045797348022460938e-04 2.931356430053710938e-04 2.870857715606689453e-04 2.990365028381347656e-04 2.850294113159179688e-04
1.431835832317810642e+00 -2.082586288452148438e-04 -1.950263977050781250e-04 -2.077519893646240234e-04 -1.952052116394042969e-04 -1.972913742065429688e-04 -1.890361309051513672e-04 -1.926124095916748047e-04 -1.995265483856201172e-04 -1.879930496215820312e-04 -1.962482929229736328e-04
1.438288594303198664e+00 -2.005398273468017578e-04 -1.977980136871337891e-04 -2.054572105407714844e-04 -2.013444900512695312e-04 -1.992881298065185547e-04 -2.017319202423095703e-04 -2.042055130004882812e-04 -2.038180828094482422e-04 -2.155601978302001953e-04 -2.191066741943359375e-04
1.444741356288586465e+00 2.902746200561523438e-04 2.822577953338623047e-04 2.831220626831054688e-04 2.951920032501220703e-04 2.986788749694824219e-04 2.825558185577392578e-04 2.847611904144287109e-04 2.907812595367431641e-04 2.942085266113281250e-04 2.903640270233154297e-04
1.451194118273974487e+00 -5.695223808288574219e-05 -6.943941116333007812e-05 -5.286931991577148438e-05 -5.099177360534667969e-05 -5.266070365905761719e-05 -5.641579627990722656e-05 -6.183981895446777344e-05 -5.823373794555664062e-05 -5.757808685302734375e-05 -5.489587783813476562e-05
1.457646880259362288e+00 -2.002120018005371094e-04 -1.956820487976074219e-04 -1.980662345886230469e-04 -2.059042453765869141e-04 -2.013444900512695312e-04 -1.985728740692138672e-04 -2.068877220153808594e-04 -1.943409442901611328e-04 -2.073347568511962891e-04 -1.954138278961181641e-04
1.464099642244750310e+00 3.837347030639648438e-04 3.827810287475585938e-04 3.770291805267333984e-04 3.719329833984375000e-04 3.693699836730957031e-04 3.690421581268310547e-04 3.691017627716064453e-04 3.780126571655273438e-04 3.668367862701416016e-04 3.661513328552246094e-04
1.470552404230138110e+00 -4.127621650695800781e-05 -3.975629806518554688e-05 -4.836916923522949219e-05 -3.635883331298828125e-05 -2.974271774291992188e-05 -4.065036773681640625e-05 -3.612041473388671875e-05 -4.416704177856445312e-05 -4.753470420837402344e-05 -5.179643630981445312e-05
1.477005166215525911e+00 -2.813041210174560547e-04 -2.919733524322509766e-04 -2.909302711486816406e-04 -2.891719341278076172e-04 -2.853572368621826172e-04 -2.851188182830810547e-04 -2.805888652801513672e-04 -2.782940864562988281e-04 -2.867281436920166016e-04 -2.984404563903808594e-04
1.483457928200913933e+00 1.834630966186523438e-04 1.802742481231689453e-04 1.772046089172363281e-04 1.856684684753417969e-04 1.929700374603271484e-04 1.732409000396728516e-04 1.862347126007080078e-04 1.896321773529052734e-04 1.802444458007812500e-04 1.908540725708007812e-04
1.489910690186301734e+00 1.184046268463134766e-04 1.123249530792236328e-04 1.161396503448486328e-04 1.128613948822021484e-04 1.178085803985595703e-04 1.086592674255371094e-04 1.195967197418212891e-04 1.170337200164794922e-04 1.187920570373535156e-04 1.136064529418945312e-04
1.496363452171689756e+00 -2.430379390716552734e-04 -2.380311489105224609e-04 -2.432465553283691406e-04 -2.509057521820068359e-04 -2.354085445404052734e-04 -2.344548702239990234e-04 -2.430975437164306641e-04 -2.345144748687744141e-04 -2.406239509582519531e-04 -2.246499061584472656e-04
1.502816214157077557e+00 7.867813110351562500e-05 7.808208465576171875e-05 8.094310760498046875e-05 7.078051567077636719e-05 7.456541061401367188e-05 8.553266525268554688e-05 8.183717727661132812e-05 7.432699203491210938e-05 7.379055023193359375e-05 8.586049079895019531e-05
1.509268976142465579e+00 1.559257507324218750e-04 1.607835292816162109e-04 1.473426818847656250e-04 1.530349254608154297e-04 1.432299613952636719e-04 1.612007617950439453e-04 1.455247402191162109e-04 1.550614833831787109e-04 1.543164253234863281e-04 1.540482044219970703e-04
1.515721738127853380e+00 -1.328587532043457031e-04 -1.218318939208984375e-04 -1.286864280700683594e-04 -1.229941844940185547e-04 -1.227557659149169922e-04 -1.317858695983886719e-04 -1.304447650909423828e-04 -1.299679279327392578e-04 -1.296401023864746094e-04 -1.278519630432128906e-04
1.522174500113241402e+00 -4.041194915771484375e-05 -4.619359970092773438e-05 -4.467368125915527344e-05 -5.608797073364257812e-05 -5.170702934265136719e-05 -3.391504287719726562e-05 -3.281235694885253906e-05 -4.637241363525390625e-05 -5.477666854858398438e-05 -2.571940422058105469e-05
1.528627262098629203e+00 1.589059829711914062e-04 1.573562622070312500e-04 1.458823680877685547e-04 1.617968082427978516e-04 1.552700996398925781e-04 1.584589481353759766e-04 1.486241817474365234e-04 1.567006111145019531e-04 1.523494720458984375e-04 1.462101936340332031e-04
1.535080024084017225e+00 -1.111626625061035156e-05 -9.804964065551757812e-06 -3.397464752197265625e-06 -7.838010787963867188e-06 -3.367662429809570312e-06 -1.960992813110351562e-05 -2.980232238769531250e-08 2.413988113403320312e-06 -2.384185791015625000e-06 -1.630187034606933594e-05
1.541532786069405025e+00 -1.669526100158691406e-04 -1.479685306549072266e-04 -1.615881919860839844e-04 -1.448690891265869141e-04 -1.672208309173583984e-04 -1.523494720458984375e-04 -1.595616340637207031e-04 -1.616477966308593750e-04 -1.519024372100830078e-04 -1.630187034606933594e-04
1.547985548054793048e+00 1.036226749420166016e-04 1.178085803985595703e-04 1.174807548522949219e-04 1.043379306793212891e-04 1.147389411926269531e-04 1.074969768524169922e-04 1.057982444763183594e-04 9.503960609436035156e-05 1.084804534912109375e-04 1.137852668762207031e-04
1.554438310040180848e+00 9.030103683471679688e-05 8.872151374816894531e-05 8.568167686462402344e-05 1.004040241241455078e-04 9.244680404663085938e-05 9.343028068542480469e-05 9.664893150329589844e-05 1.012384891510009766e-04 1.025795936584472656e-04 9.080767631530761719e-05
1.560891072025568649e+00 -1.206099987030029297e-04 -1.254975795745849609e-04 -1.260936260223388672e-04 -1.254379749298095703e-04 -1.269280910491943359e-04 -1.104474067687988281e-04 -1.283884048461914062e-04 -1.234412193298339844e-04 -1.233220100402832031e-04 -1.285076141357421875e-04
1.567343834010956671e+00 -3.367662429809570312e-05 -4.738569259643554688e-05 -3.886222839355468750e-05 -3.689527511596679688e-05 -5.063414573669433594e-05 -3.373622894287109375e-05 -3.978610038757324219e-05 -3.835558891296386719e-05 -2.127885818481445312e-05 -3.251433372497558594e-05
1.573796595996344472e+00 1.348257064819335938e-04 1.402795314788818359e-04 1.398622989654541016e-04 1.379847526550292969e-04 1.441538333892822266e-04 1.481175422668457031e-04 1.428127288818359375e-04 1.480877399444580078e-04 1.497864723205566406e-04 1.543760299682617188e-04
1.580249357981732494e+00 -5.111098289489746094e-05 -5.900859832763671875e-05 -7.572770118713378906e-05 -6.115436553955078125e-05 -7.221102714538574219e-05 -6.952881813049316406e-05 -6.017088890075683594e-05 -6.774067878723144531e-05 -6.842613220214843750e-05 -5.561113357543945312e-05
1.586702119967120295e+00 -1.379251480102539062e-04 -1.519620418548583984e-04 -1.555979251861572266e-04 -1.489520072937011719e-04 -1.562535762786865234e-04 -1.384615898132324219e-04 -1.633465290069580078e-04 -1.534223556518554688e-04 -1.564919948577880859e-04 -1.481771469116210938e-04
1.593154881952508317e+00 1.645684242248535156e-04 1.581311225891113281e-04 1.746416091918945312e-04 1.500248908996582031e-04 1.744031906127929688e-04 1.652836799621582031e-04 1.641511917114257812e-04 1.739263534545898438e-04 1.607239246368408203e-04 1.601278781890869141e-04
1.599607643937896118e+00 3.719329833984375000e-05 4.640221595764160156e-05 4.342198371887207031e-05 6.330013275146484375e-05 5.254149436950683594e-05 4.276633262634277344e-05 4.956126213073730469e-05 5.677342414855957031e-05 5.388259887695312500e-05 4.807114601135253906e-05
1.606060405923284140e+00 -1.741051673889160156e-04 -1.608431339263916016e-04 -1.829862594604492188e-04 -1.953244209289550781e-04 -1.916885375976562500e-04 -1.863539218902587891e-04 -1.977384090423583984e-04 -2.009570598602294922e-04 -2.050697803497314453e-04 -1.884996891021728516e-04
1.612513167908671941e+00 6.845593452453613281e-05 6.315112113952636719e-05 7.072091102600097656e-05 6.115436553955078125e-05 7.382035255432128906e-05 8.362531661987304688e-05 7.173418998718261719e-05 7.137656211853027344e-05 7.906556129455566406e-05 7.531046867370605469e-05
1.618965929894059963e+00 1.117885112762451172e-04 9.962916374206542969e-05 9.629130363464355469e-05 9.733438491821289062e-05 1.125335693359375000e-04 1.156926155090332031e-04 1.212060451507568359e-04 1.180171966552734375e-04 1.237690448760986328e-04 1.080334186553955078e-04
1.625418691879447763e+00 -1.220703125000000000e-04 -1.339018344879150391e-04 -1.211762428283691406e-04 -1.417100429534912109e-04 -1.469254493713378906e-04 -1.457631587982177734e-04 -1.409947872161865234e-04 -1.430511474609375000e-04 -1.445412635803222656e-04 -1.420974731445312500e-04
1.631871453864835786e+00 -6.154179573059082031e-05 -5.894899368286132812e-05 -5.909800529479980469e-05 -6.192922592163085938e-05 -5.942583084106445312e-05 -6.601214408874511719e-05 -6.645917892456054688e-05 -5.209445953369140625e-05 -4.759430885314941406e-05 -6.714463233947753906e-05
1.638324215850223586e+00 1.651346683502197266e-04 1.821517944335937500e-04 1.737177371978759766e-04 1.825988292694091797e-04 1.881718635559082031e-04 1.888275146484375000e-04 1.921355724334716797e-04 1.879036426544189453e-04 1.994967460632324219e-04 1.985132694244384766e-04
1.644776977835611609e+00 -6.824731826782226562e-05 -7.110834121704101562e-05 -7.075071334838867188e-05 -7.712841033935546875e-05 -8.472800254821777344e-05 -8.115172386169433594e-05 -7.861852645874023438e-05 -8.067488670349121094e-05 -9.328126907348632812e-05 -8.720159530639648438e-05
1.651229739820999409e+00 -1.129806041717529297e-04 -1.259446144104003906e-04 -1.182258129119873047e-04 -1.189112663269042969e-04 -1.273751258850097656e-04 -1.300275325775146484e-04 -1.378059387207031250e-04 -1.295506954193115234e-04 -1.234710216522216797e-04 -1.268386840820312500e-04
1.657682501806387210e+00 2.001821994781494141e-04 1.911222934722900391e-04 1.930594444274902344e-04 1.966059207916259766e-04 2.062022686004638672e-04 2.171397209167480469e-04 2.080202102661132812e-04 2.105236053466796875e-04 2.150237560272216797e-04 2.162158489227294922e-04
1.664135263791775232e+00 3.856420516967773438e-05 2.187490463256835938e-05 3.120303153991699219e-05 1.278519630432128906e-05 1.284480094909667969e-05 4.261732101440429688e-06 1.877546310424804688e-05 1.716613769531250000e-05 1.180171966552734375e-05 1.397728919982910156e-05
1.670588025777163033e+00 -1.903772354125976562e-04 -1.887381076812744141e-04 -2.040266990661621094e-04 -1.964867115020751953e-04 -1.946687698364257812e-04 -2.024471759796142578e-04 -1.952946186065673828e-04 -2.008080482482910156e-04 -2.041459083557128906e-04 -2.045929431915283203e-04
1.677040787762551055e+00 2.428889274597167969e-05 2.065300941467285156e-05 3.069639205932617188e-05 4.157423973083496094e-05 3.436207771301269531e-05 4.589557647705078125e-05 4.523992538452148438e-05 6.005167961120605469e-05 4.619359970092773438e-05 5.844235420227050781e-05
1.683493549747938856e+00 1.237988471984863281e-04 1.272857189178466797e-04 1.227855682373046875e-04 1.115500926971435547e-04 1.132190227508544922e-04 1.169741153717041016e-04 1.082420349121093750e-04 1.108944416046142578e-04 1.155138015747070312e-04 1.020133495330810547e-04
1.689946311733326878e+00 -1.633167266845703125e-05 -1.785159111022949219e-05 -2.753734588623046875e-05 -3.448128700256347656e-05 -1.436471939086914062e-05 -3.981590270996093750e-05 -2.381205558776855469e-05 -3.656744956970214844e-05 -3.474950790405273438e-05 -3.272294998168945312e-05
1.696399073718714678e+00 4.240870475769042969e-05 4.762411117553710938e-05 5.081295967102050781e-05 5.435943603515625000e-05 6.908178329467773438e-05 7.146596908569335938e-05 6.294250488281250000e-05 6.070733070373535156e-05 7.423758506774902344e-05 7.462501525878906250e-05
1.702851835704102701e+00 7.757544517517089844e-05 8.133053779602050781e-05 8.317828178405761719e-05 6.738305091857910156e-05 7.885694503784179688e-05 7.432699203491210938e-05 6.803870201110839844e-05 7.331371307373046875e-05 7.086992263793945312e-05 6.869435310363769531e-05
1.709304597689490501e+00 -2.741813659667968750e-05 -3.263354301452636719e-05 -2.679228782653808594e-05 -4.023313522338867188e-05 -5.075335502624511719e-05 -6.470084190368652344e-05 -5.111098289489746094e-05 -5.769729614257812500e-05 -5.382299423217773438e-05 -4.401803016662597656e-05
1.715757359674878524e+00 -6.115436553955078125e-05 -4.222989082336425781e-05 -5.471706390380859375e-05 -4.187226295471191406e-05 -3.123283386230468750e-05 -3.263354301452636719e-05 -2.419948577880859375e-05 -3.719329833984375000e-05 -2.121925354003906250e-05 -2.789497375488281250e-05
1.722210121660266324e+00 2.339482307434082031e-05 1.579523086547851562e-05 2.336502075195312500e-05 1.963973045349121094e-05 2.375245094299316406e-05 2.568960189819335938e-05 3.150105476379394531e-05 2.011656761169433594e-05 2.202391624450683594e-05 3.179907798767089844e-05
1.728662883645654347e+00 3.054738044738769531e-05 2.637505531311035156e-05 3.874301910400390625e-05 2.712011337280273438e-05 2.232193946838378906e-05 5.394220352172851562e-06 2.360343933105468750e-05 8.314847946166992188e-06 1.844763755798339844e-05 8.255243301391601562e-06
1.735115645631042147e+00 -8.139014244079589844e-05 -8.928775787353515625e-05 -7.131695747375488281e-05 -6.425380706787109375e-05 -5.951523780822753906e-05 -5.418062210083007812e-05 -6.374716758728027344e-05 -4.112720489501953125e-05 -5.006790161132812500e-05 -5.355477333068847656e-05
1.741568407616429948e+00 1.484155654907226562e-05 1.290440559387207031e-05 1.928210258483886719e-05 1.621246337890625000e-05 2.127885818481445312e-05 3.257393836975097656e-05 2.539157867431640625e-05 3.063678741455078125e-05 2.402067184448242188e-05 1.907348632812500000e-05
1.748021169601817970e+00 5.924701690673828125e-05 6.332993507385253906e-05 5.626678466796875000e-05 5.313754081726074219e-05 4.208087921142578125e-05 4.690885543823242188e-05 4.062056541442871094e-05 4.464387893676757812e-05 3.674626350402832031e-05 3.424286842346191406e-05
1.754473931587205771e+00 2.452731132507324219e-05 2.500414848327636719e-05 2.765655517578125000e-05 3.030896186828613281e-05 2.872943878173828125e-05 3.570318222045898438e-05 3.868341445922851562e-05 2.449750900268554688e-05 2.884864807128906250e-05 4.011392593383789062e-05
1.760926693572593793e+00 -7.003545761108398438e-06 -7.450580596923828125e-07 -1.579523086547851562e-05 -1.072883605957031250e-06 2.741813659667968750e-06 -4.678964614868164062e-06 5.096197128295898438e-06 1.817941665649414062e-06 4.470348358154296875e-07 -1.281499862670898438e-06
1.767379455557981593e+00 1.052320003509521484e-04 9.089708328247070312e-05 9.578466415405273438e-05 7.280707359313964844e-05 8.770823478698730469e-05 7.662177085876464844e-05 8.213520050048828125e-05 8.922815322875976562e-05 8.484721183776855469e-05 8.189678192138671875e-05
1.773832217543369616e+00 2.330541610717773438e-05 2.187490463256835938e-05 2.288818359375000000e-05 2.855062484741210938e-05 1.937150955200195312e-05 1.057982444763183594e-05 1.740455627441406250e-05 2.425909042358398438e-05 1.478195190429687500e-05 2.127885818481445312e-05
1.780284979528757416e+00 -8.386373519897460938e-05 -7.557868957519531250e-05 -8.371472358703613281e-05 -5.739927291870117188e-05 -6.297230720520019531e-05 -5.415081977844238281e-05 -6.726384162902832031e-05 -5.030632019042968750e-05 -5.534291267395019531e-05 -5.668401718139648438e-05
1.786737741514145439e+00 -5.200505256652832031e-05 -4.136562347412109375e-05 -4.109740257263183594e-05 -4.911422729492187500e-05 -4.959106445312500000e-05 -4.950165748596191406e-05 -5.751848220825195312e-05 -6.249547004699707031e-05 -3.734230995178222656e-05 -5.376338958740234375e-05
1.793190503499533239e+00 5.388259887695312500e-05 4.675984382629394531e-05 4.231929779052734375e-05 3.668665885925292969e-05 3.921985626220703125e-05 2.428889274597167969e-05 4.163384437561035156e-05 2.571940422058105469e-05 2.908706665039062500e-05 3.099441528320312500e-05
1.799643265484921262e+00 6.911158561706542969e-05 6.535649299621582031e-05 6.183981895446777344e-05 8.606910705566406250e-05 8.612871170043945312e-05 8.609890937805175781e-05 7.697939872741699219e-05 7.113814353942871094e-05 9.101629257202148438e-05 1.000165939331054688e-04
1.806096027470309062e+00 7.599592208862304688e-06 -5.662441253662109375e-07 2.175569534301757812e-06 2.950429916381835938e-06 5.960464477539062500e-06 2.533197402954101562e-06 1.335144042968750000e-05 5.662441253662109375e-06 7.390975952148437500e-06 -3.367662429809570312e-06
1.812548789455697085e+00 5.051493644714355469e-05 5.519390106201171875e-05 5.567073822021484375e-05 3.698468208312988281e-05 3.978610038757324219e-05 3.692507743835449219e-05 3.623962402343750000e-05 3.740191459655761719e-05 2.041459083557128906e-05 2.875924110412597656e-05
1.819001551441084885e+00 2.324581146240234375e-06 2.980232238769531250e-06 8.553266525268554688e-06 7.122755050659179688e-06 1.832842826843261719e-05 1.606345176696777344e-05 2.568960189819335938e-05 3.933906555175781250e-06 7.092952728271484375e-06 9.536743164062500000e-06
1.825454313426472908e+00 -4.327297210693359375e-05 -5.051493644714355469e-05 -4.953145980834960938e-05 -5.009770393371582031e-05 -3.463029861450195312e-05 -3.695487976074218750e-05 -3.740191459655761719e-05 -3.367662429809570312e-05 -3.594160079956054688e-05 -4.372000694274902344e-05
1.831907075411860708e+00 -3.665685653686523438e-05 -2.801418304443359375e-05 -4.446506500244140625e-05 -4.822015762329101562e-05 -4.902482032775878906e-05 -4.827976226806640625e-05 -4.169344902038574219e-05 -4.634261131286621094e-05 -4.717707633972167969e-05 -5.680322647094726562e-05
1.838359837397248508e+00 8.001923561096191406e-05 7.081031799316406250e-05 7.051229476928710938e-05 7.566809654235839844e-05 6.258487701416015625e-05 6.243586540222167969e-05 6.619095802307128906e-05 7.081031799316406250e-05 7.250905036926269531e-05 7.823109626770019531e-05
1.844812599382636531e+00 -1.251697540283203125e-05 -2.211332321166992188e-05 -3.376603126525878906e-05 -9.387731552124023438e-06 -1.084804534912109375e-05 -3.010034561157226562e-06 -7.808208465576171875e-06 -7.838010787963867188e-06 -8.791685104370117188e-06 -1.084804534912109375e-05
1.851265361368024331e+00 -7.873773574829101562e-05 -5.990266799926757812e-05 -7.385015487670898438e-05 -7.748603820800781250e-05 -8.589029312133789062e-05 -8.717179298400878906e-05 -8.961558341979980469e-05 -7.721781730651855469e-05 -7.781386375427246094e-05 -8.761882781982421875e-05
1.857718123353412354e+00 9.790062904357910156e-05 8.410215377807617188e-05 9.691715240478515625e-05 9.116530418395996094e-05 1.044869422912597656e-04 9.536743164062500000e-05 9.968876838684082031e-05 9.366869926452636719e-05 1.033544540405273438e-04 1.019835472106933594e-04
1.864170885338800154e+00 1.531839370727539062e-05 1.177191734313964844e-05 1.123547554016113281e-05 2.074241638183593750e-05 2.944469451904296875e-05 3.695487976074218750e-05 2.339482307434082031e-05 2.285838127136230469e-05 2.586841583251953125e-05 2.497434616088867188e-05
1.870623647324188177e+00 -1.250207424163818359e-04 -1.137554645538330078e-04 -1.185238361358642578e-04 -1.153945922851562500e-04 -1.218020915985107422e-04 -1.177787780761718750e-04 -1.187026500701904297e-04 -1.143515110015869141e-04 -1.266300678253173828e-04 -1.115798950195312500e-04
1.877076409309575977e+00 6.717443466186523438e-05 7.969141006469726562e-05 5.447864532470703125e-05 6.172060966491699219e-05 6.598234176635742188e-05 4.941225051879882812e-05 5.644559860229492188e-05 7.233023643493652344e-05 6.353855133056640625e-05 6.341934204101562500e-05
1.883529171294964000e+00 4.953145980834960938e-05 3.969669342041015625e-05 4.032254219055175781e-05 6.562471389770507812e-05 5.900859832763671875e-05 6.473064422607421875e-05 6.613135337829589844e-05 7.528066635131835938e-05 6.169080734252929688e-05 6.181001663208007812e-05
1.889981933280351800e+00 -1.497268676757812500e-04 -1.625418663024902344e-04 -1.594722270965576172e-04 -1.676678657531738281e-04 -1.493692398071289062e-04 -1.569688320159912109e-04 -1.608431339263916016e-04 -1.569092273712158203e-04 -1.565814018249511719e-04 -1.558065414428710938e-04
1.896434695265739823e+00 5.713105201721191406e-05 5.793571472167968750e-05 5.134940147399902344e-05 5.501508712768554688e-05 3.454089164733886719e-05 5.000829696655273438e-05 4.762411117553710938e-05 4.974007606506347656e-05 5.033612251281738281e-05 4.240870475769042969e-05
1.902887457251127623e+00 1.062154769897460938e-04 1.184642314910888672e-04 1.148283481597900391e-04 1.139938831329345703e-04 1.038908958435058594e-04 1.211762428283691406e-04 1.170933246612548828e-04 1.168847084045410156e-04 1.185536384582519531e-04 1.214444637298583984e-04
1.909340219236515646e+00 -1.466274261474609375e-04 -1.482665538787841797e-04 -1.552104949951171875e-04 -1.542270183563232422e-04 -1.496672630310058594e-04 -1.467466354370117188e-04 -1.436769962310791016e-04 -1.398026943206787109e-04 -1.442730426788330078e-04 -1.506209373474121094e-04
1.915792981221903446e+00 3.379583358764648438e-05 3.749132156372070312e-05 3.942847251892089844e-05 3.999471664428710938e-05 4.786252975463867188e-05 4.166364669799804688e-05 3.200769424438476562e-05 3.004074096679687500e-05 3.510713577270507812e-05 4.351139068603515625e-05
1.922245743207291468e+00 8.732080459594726562e-05 8.580088615417480469e-05 8.919835090637207031e-05 9.950995445251464844e-05 9.462237358093261719e-05 1.071095466613769531e-04 9.611248970031738281e-05 1.043975353240966797e-04 9.506940841674804688e-05 9.623169898986816406e-05
1.928698505192679269e+00 -1.193583011627197266e-04 -1.069009304046630859e-04 -1.129508018493652344e-04 -1.210868358612060547e-04 -1.162588596343994141e-04 -1.168251037597656250e-04 -1.191496849060058594e-04 -1.142323017120361328e-04 -1.040399074554443359e-04 -1.137256622314453125e-04
1.935151267178067069e+00 8.907914161682128906e-05 9.119510650634765625e-05 9.390711784362792969e-05 8.738040924072265625e-05 8.240342140197753906e-05 7.995963096618652344e-05 8.481740951538085938e-05 8.872151374816894531e-05 7.408857345581054688e-05 8.499622344970703125e-05
1.941604029163455092e+00 6.678700447082519531e-05 5.769729614257812500e-05 5.269050598144531250e-05 4.598498344421386719e-05 5.218386650085449219e-05 5.522370338439941406e-05 5.811452865600585938e-05 6.011128425598144531e-05 5.209445953369140625e-05 6.130337715148925781e-05
1.948056791148842892e+00 -6.115436553955078125e-05 -7.319450378417968750e-05 -7.769465446472167969e-05 -6.172060966491699219e-05 -6.923079490661621094e-05 -6.416440010070800781e-05 -5.638599395751953125e-05 -4.789233207702636719e-05 -5.707144737243652344e-05 -6.607174873352050781e-05
1.954509553134230915e+00 -2.008676528930664062e-05 -3.486871719360351562e-06 -2.259016036987304688e-05 -1.761317253112792969e-05 -4.470348358154296875e-06 -1.400709152221679688e-05 -5.543231964111328125e-06 -1.332163810729980469e-05 -2.092123031616210938e-05 -2.649426460266113281e-05
1.960962315119618715e+00 6.383657455444335938e-05 6.377696990966796875e-05 7.367134094238281250e-05 6.911158561706542969e-05 6.693601608276367188e-05 6.210803985595703125e-05 6.413459777832031250e-05 5.838274955749511719e-05 7.525086402893066406e-05 6.499886512756347656e-05
1.967415077105006738e+00 -2.723932266235351562e-05 -4.202127456665039062e-05 -2.858042716979980469e-05 -4.500150680541992188e-05 -3.910064697265625000e-05 -4.222989082336425781e-05 -2.068281173706054688e-05 -4.604458808898925781e-05 -3.325939178466796875e-05 -3.582239151000976562e-05
1.973867839090394538e+00 1.731514930725097656e-05 1.662969589233398438e-05 1.502037048339843750e-05 2.056360244750976562e-05 1.800060272216796875e-05 1.531839370727539062e-05 1.767277717590332031e-05 8.702278137207031250e-06 1.820921897888183594e-05 8.195638656616210938e-06
1.980320601075782561e+00 2.399086952209472656e-05 2.616643905639648438e-05 1.835823059082031250e-05 2.443790435791015625e-06 1.013278961181640625e-05 7.212162017822265625e-06 5.185604095458984375e-06 2.536177635192871094e-05 8.881092071533203125e-06 2.562999725341796875e-06
1.986773363061170361e+00 -1.143515110015869141e-04 -1.116096973419189453e-04 -1.100003719329833984e-04 -1.026690006256103516e-04 -1.087188720703125000e-04 -9.992718696594238281e-05 -1.036524772644042969e-04 -1.004934310913085938e-04 -1.071989536285400391e-04 -9.861588478088378906e-05
1.993226125046558384e+00 9.652972221374511719e-05 9.712576866149902344e-05 8.645653724670410156e-05 8.782744407653808594e-05 9.515881538391113281e-05 9.420514106750488281e-05 1.059472560882568359e-04 9.799003601074218750e-05 1.043677330017089844e-04 9.876489639282226562e-05
1.999678887031946184e+00 7.000565528869628906e-05 7.426738739013671875e-05 6.079673767089843750e-05 6.419420242309570312e-05 7.078051567077636719e-05 5.969405174255371094e-05 5.924701690673828125e-05 5.519390106201171875e-05 5.650520324707031250e-05 5.480647087097167969e-05
2.006131649017333984e+00 -2.989172935485839844e-05 -3.367662429809570312e-05 -4.351139068603515625e-05 -3.188848495483398438e-05 -5.114078521728515625e-05 -5.161762237548828125e-05 -3.954768180847167969e-05 -3.966689109802246094e-05 -3.445148468017578125e-05 -4.136562347412109375e-05
