#Range[m] 0 1 2 3 4 5 6 7 8 9
1.800000071525573730e-01 -6.384909152984619141e-03 -6.339371204376220703e-03 -6.361961364746093750e-03 -6.306916475296020508e-03 -6.351709365844726562e-03 -6.437629461288452148e-03 -6.458967924118041992e-03 -6.448835134506225586e-03 -6.452888250350952148e-03 -6.470292806625366211e-03
1.864527691379452845e-01 2.042651176452636719e-03 2.004384994506835938e-03 1.998186111450195312e-03 1.951247453689575195e-03 2.025812864303588867e-03 2.232760190963745117e-03 2.216309309005737305e-03 2.205610275268554688e-03 2.202779054641723633e-03 2.241045236587524414e-03
1.929055311233331682e-01 4.135638475418090820e-03 4.181712865829467773e-03 4.172146320343017578e-03 4.200965166091918945e-03 4.169911146163940430e-03 4.018962383270263672e-03 4.015713930130004883e-03 4.019707441329956055e-03 4.029422998428344727e-03 4.003256559371948242e-03
1.993582931087210797e-01 -5.705475807189941406e-03 -5.702495574951171875e-03 -5.728185176849365234e-03 -5.705177783966064453e-03 -5.720317363739013672e-03 -5.733132362365722656e-03 -5.763202905654907227e-03 -5.728900432586669922e-03 -5.731880664825439453e-03 -5.725055932998657227e-03
2.058110550941089911e-01 3.110468387603759766e-03 3.072530031204223633e-03 3.051161766052246094e-03 3.045290708541870117e-03 3.085225820541381836e-03 3.212481737136840820e-03 3.218412399291992188e-03 3.198415040969848633e-03 3.204524517059326172e-03 3.239750862121582031e-03
2.122638170794968748e-01 1.474380493164062500e-03 1.497566699981689453e-03 1.498609781265258789e-03 1.542061567306518555e-03 1.494467258453369141e-03 1.362264156341552734e-03 1.357525587081909180e-03 1.372575759887695312e-03 1.391977071762084961e-03 1.364856958389282227e-03
2.187165790648847863e-01 -3.681570291519165039e-03 -3.678202629089355469e-03 -3.673285245895385742e-03 -3.681927919387817383e-03 -3.680497407913208008e-03 -3.640711307525634766e-03 -3.625780344009399414e-03 -3.605663776397705078e-03 -3.649204969406127930e-03 -3.622442483901977539e-03
2.251693410502726977e-01 3.318041563034057617e-03 3.301680088043212891e-03 3.291636705398559570e-03 3.313988447189331055e-03 3.306388854980468750e-03 3.355324268341064453e-03 3.344506025314331055e-03 3.338694572448730469e-03 3.343433141708374023e-03 3.342926502227783203e-03
2.316221030356606092e-01 -5.111694335937500000e-04 -5.115568637847900391e-04 -5.010068416595458984e-04 -4.878342151641845703e-04 -5.070865154266357422e-04 -5.645751953125000000e-04 -5.797445774078369141e-04 -5.826950073242187500e-04 -5.747675895690917969e-04 -5.715191364288330078e-04
2.380748650210485207e-01 -1.619935035705566406e-03 -1.629889011383056641e-03 -1.638978719711303711e-03 -1.634418964385986328e-03 -1.642942428588867188e-03 -1.618564128875732422e-03 -1.609057188034057617e-03 -1.603901386260986328e-03 -1.617759466171264648e-03 -1.602917909622192383e-03
2.445276270064364044e-01 1.213252544403076172e-03 1.235306262969970703e-03 1.243025064468383789e-03 1.224637031555175781e-03 1.240938901901245117e-03 1.231133937835693359e-03 1.245677471160888672e-03 1.248508691787719727e-03 1.253992319107055664e-03 1.244664192199707031e-03
2.509803889918242881e-01 3.190636634826660156e-04 3.173351287841796875e-04 2.961754798889160156e-04 3.018379211425781250e-04 3.049373626708984375e-04 3.012418746948242188e-04 2.833306789398193359e-04 2.796053886413574219e-04 2.822875976562500000e-04 2.886950969696044922e-04
2.574331509772121995e-01 -1.095145940780639648e-03 -1.101076602935791016e-03 -1.085966825485229492e-03 -1.091152429580688477e-03 -1.096457242965698242e-03 -1.095294952392578125e-03 -1.127332448959350586e-03 -1.114875078201293945e-03 -1.113682985305786133e-03 -1.124352216720581055e-03
2.638859129626001110e-01 4.435479640960693359e-04 4.509985446929931641e-04 4.621148109436035156e-04 4.551708698272705078e-04 4.644393920898437500e-04 4.813671112060546875e-04 4.883110523223876953e-04 4.875361919403076172e-04 4.661977291107177734e-04 4.818439483642578125e-04
2.703386749479880224e-01 7.768273353576660156e-04 7.837712764739990234e-04 7.650256156921386719e-04 7.579624652862548828e-04 7.602572441101074219e-04 7.381737232208251953e-04 7.380247116088867188e-04 7.373392581939697266e-04 7.397234439849853516e-04 7.406771183013916016e-04
2.767914369333759339e-01 -1.612782478332519531e-03 -1.610368490219116211e-03 -1.604676246643066406e-03 -1.599341630935668945e-03 -1.611202955245971680e-03 -1.603037118911743164e-03 -1.634389162063598633e-03 -1.622289419174194336e-03 -1.600772142410278320e-03 -1.607686281204223633e-03
2.832441989187638454e-01 9.196400642395019531e-04 9.221136569976806641e-04 9.253919124603271484e-04 9.146630764007568359e-04 9.365379810333251953e-04 9.630620479583740234e-04 9.781122207641601562e-04 9.762644767761230469e-04 9.621977806091308594e-04 9.634196758270263672e-04
2.896969609041517568e-01 6.112456321716308594e-04 5.947649478912353516e-04 5.897879600524902344e-04 6.059408187866210938e-04 5.878210067749023438e-04 5.477666854858398438e-04 5.490779876708984375e-04 5.630552768707275391e-04 5.491077899932861328e-04 5.517005920410156250e-04
2.961497228895396683e-01 -1.202195882797241211e-03 -1.223266124725341797e-03 -1.235306262969970703e-03 -1.217633485794067383e-03 -1.218765974044799805e-03 -1.202523708343505859e-03 -1.208901405334472656e-03 -1.204669475555419922e-03 -1.211643218994140625e-03 -1.212060451507568359e-03
3.026024848749275242e-01 8.639693260192871094e-04 8.820593357086181641e-04 8.925199508666992188e-04 8.870065212249755859e-04 8.811056613922119141e-04 8.999407291412353516e-04 9.135603904724121094e-04 9.024143218994140625e-04 8.971691131591796875e-04 8.929371833801269531e-04
3.090552468603154357e-01 1.808702945709228516e-04 1.690983772277832031e-04 1.772344112396240234e-04 1.737177371978759766e-04 1.766383647918701172e-04 1.352727413177490234e-04 1.457631587982177734e-04 1.368522644042968750e-04 1.395344734191894531e-04 1.453757286071777344e-04
3.155080088457033471e-01 -7.223784923553466797e-04 -7.515549659729003906e-04 -7.653832435607910156e-04 -7.639229297637939453e-04 -7.526874542236328125e-04 -7.300376892089843750e-04 -7.510483264923095703e-04 -7.480680942535400391e-04 -7.333159446716308594e-04 -7.412135601043701172e-04
3.219607708310912586e-01 6.086826324462890625e-04 6.158351898193359375e-04 6.069839000701904297e-04 6.129443645477294922e-04 6.115436553955078125e-04 6.403625011444091797e-04 6.321966648101806641e-04 6.254315376281738281e-04 6.099939346313476562e-04 6.431341171264648438e-04
3.284135328164791701e-01 1.525878906250000000e-04 1.475214958190917969e-04 1.648068428039550781e-04 1.616179943084716797e-04 1.465678215026855469e-04 1.153349876403808594e-04 1.146197319030761719e-04 1.260340213775634766e-04 1.094341278076171875e-04 1.132190227508544922e-04
3.348662948018670260e-01 -9.205639362335205078e-04 -9.472072124481201172e-04 -9.434223175048828125e-04 -9.386539459228515625e-04 -9.286105632781982422e-04 -9.203255176544189453e-04 -9.254515171051025391e-04 -9.290575981140136719e-04 -9.205043315887451172e-04 -9.195804595947265625e-04
3.413190567872549375e-01 7.421374320983886719e-04 7.486641407012939453e-04 7.436275482177734375e-04 7.359981536865234375e-04 7.425844669342041016e-04 7.667243480682373047e-04 7.751882076263427734e-04 7.602572441101074219e-04 7.716119289398193359e-04 7.700920104980468750e-04
3.477718187726428489e-01 8.228421211242675781e-05 9.867548942565917969e-05 9.912252426147460938e-05 1.051425933837890625e-04 9.891390800476074219e-05 5.730986595153808594e-05 6.595253944396972656e-05 5.257129669189453125e-05 6.166100502014160156e-05 6.523728370666503906e-05
3.542245807580307604e-01 -6.713569164276123047e-04 -6.584823131561279297e-04 -6.672143936157226562e-04 -6.652176380157470703e-04 -6.568729877471923828e-04 -6.460249423980712891e-04 -6.409287452697753906e-04 -6.276369094848632812e-04 -6.477236747741699219e-04 -6.435513496398925781e-04
3.606773427434186718e-01 7.617175579071044922e-04 7.580518722534179688e-04 7.364153861999511719e-04 7.432103157043457031e-04 7.440447807312011719e-04 7.618963718414306641e-04 7.443726062774658203e-04 7.455348968505859375e-04 7.511377334594726562e-04 7.620453834533691406e-04
3.671301047288065833e-01 -4.278123378753662109e-04 -4.263520240783691406e-04 -4.237294197082519531e-04 -4.178285598754882812e-04 -4.214346408843994141e-04 -4.464983940124511719e-04 -4.597306251525878906e-04 -4.625618457794189453e-04 -4.570782184600830078e-04 -4.611015319824218750e-04
3.735828667141944948e-01 -4.059374332427978516e-04 -4.165470600128173828e-04 -4.051923751831054688e-04 -4.023015499114990234e-04 -3.947019577026367188e-04 -3.801882266998291016e-04 -3.681182861328125000e-04 -3.710091114044189453e-04 -3.740489482879638672e-04 -3.762841224670410156e-04
3.800356286995824062e-01 1.084208488464355469e-03 1.077294349670410156e-03 1.069396734237670898e-03 1.069873571395874023e-03 1.068741083145141602e-03 1.087516546249389648e-03 1.074999570846557617e-03 1.062482595443725586e-03 1.062870025634765625e-03 1.067757606506347656e-03
3.864883906849703177e-01 -7.147789001464843750e-04 -7.137954235076904297e-04 -7.112324237823486328e-04 -7.090568542480468750e-04 -7.145106792449951172e-04 -7.350742816925048828e-04 -7.469356060028076172e-04 -7.326304912567138672e-04 -7.366240024566650391e-04 -7.416903972625732422e-04
3.929411526703582291e-01 -1.193881034851074219e-04 -1.155436038970947266e-04 -1.075565814971923828e-04 -1.201033592224121094e-04 -1.212954521179199219e-04 -9.924173355102539062e-05 -8.994340896606445312e-05 -8.791685104370117188e-05 -8.648633956909179688e-05 -8.600950241088867188e-05
3.993939146557460851e-01 6.502568721771240234e-04 6.545484066009521484e-04 6.506741046905517578e-04 6.574690341949462891e-04 6.579458713531494141e-04 6.349086761474609375e-04 6.292760372161865234e-04 6.280541419982910156e-04 6.300806999206542969e-04 6.405711174011230469e-04
4.058466766411339965e-01 -9.581744670867919922e-04 -9.395182132720947266e-04 -9.397268295288085938e-04 -9.461939334869384766e-04 -9.453594684600830078e-04 -9.558498859405517578e-04 -9.521543979644775391e-04 -9.570419788360595703e-04 -9.423494338989257812e-04 -9.620487689971923828e-04
4.122994386265219080e-01 4.077255725860595703e-04 4.140436649322509766e-04 4.070997238159179688e-04 3.896951675415039062e-04 4.198551177978515625e-04 4.411935806274414062e-04 4.424452781677246094e-04 4.468858242034912109e-04 4.380643367767333984e-04 4.420280456542968750e-04
4.187522006119098195e-01 5.425810813903808594e-04 5.619823932647705078e-04 5.571246147155761719e-04 5.665123462677001953e-04 5.424022674560546875e-04 5.132257938385009766e-04 5.157887935638427734e-04 5.198419094085693359e-04 5.176067352294921875e-04 5.191862583160400391e-04
4.252049625972976754e-01 -1.083433628082275391e-03 -1.096844673156738281e-03 -1.106441020965576172e-03 -1.089602708816528320e-03 -1.096874475479125977e-03 -1.084357500076293945e-03 -1.084923744201660156e-03 -1.097232103347778320e-03 -1.095861196517944336e-03 -1.072376966476440430e-03
4.316577245826856424e-01 5.908012390136718750e-04 5.833208560943603516e-04 5.927085876464843750e-04 5.848109722137451172e-04 5.940198898315429688e-04 6.018877029418945312e-04 6.105005741119384766e-04 6.049573421478271484e-04 5.929470062255859375e-04 6.082355976104736328e-04
4.381104865680734983e-01 -3.203749656677246094e-05 -2.717971801757812500e-05 -2.399086952209472656e-05 -2.425909042358398438e-05 -2.872943878173828125e-05 -5.730986595153808594e-05 -5.310773849487304688e-05 -4.091858863830566406e-05 -5.015730857849121094e-05 -5.349516868591308594e-05
4.445632485534614098e-01 -6.296336650848388672e-04 -6.362199783325195312e-04 -6.484389305114746094e-04 -6.363093852996826172e-04 -6.362199783325195312e-04 -6.042122840881347656e-04 -6.127059459686279297e-04 -6.142556667327880859e-04 -6.170570850372314453e-04 -6.078481674194335938e-04
4.510160105388493212e-01 1.036018133163452148e-03 1.034140586853027344e-03 1.030296087265014648e-03 1.028239727020263672e-03 1.032382249832153320e-03 1.024425029754638672e-03 1.022070646286010742e-03 1.018762588500976562e-03 1.023530960083007812e-03 1.023739576339721680e-03
4.574687725242372327e-01 -9.014010429382324219e-04 -8.808672428131103516e-04 -8.793771266937255859e-04 -8.832812309265136719e-04 -8.881390094757080078e-04 -9.088516235351562500e-04 -9.014904499053955078e-04 -9.032785892486572266e-04 -9.028315544128417969e-04 -9.107291698455810547e-04
4.639215345096251442e-01 -2.791285514831542969e-04 -2.815127372741699219e-04 -2.812743186950683594e-04 -2.854168415069580078e-04 -2.739131450653076172e-04 -2.450942993164062500e-04 -2.456307411193847656e-04 -2.488195896148681641e-04 -2.501606941223144531e-04 -2.351105213165283203e-04
4.703742964950130556e-01 8.401870727539062500e-04 8.524358272552490234e-04 8.532404899597167969e-04 8.506476879119873047e-04 8.470118045806884766e-04 8.358061313629150391e-04 8.478462696075439453e-04 8.288621902465820312e-04 8.348822593688964844e-04 8.486211299896240234e-04
4.768270584804009671e-01 -7.713735103607177734e-04 -7.808208465576171875e-04 -7.806718349456787109e-04 -7.791817188262939453e-04 -7.793307304382324219e-04 -7.975697517395019531e-04 -7.945597171783447266e-04 -8.015334606170654297e-04 -8.016824722290039062e-04 -8.016824722290039062e-04
4.832798204657888230e-01 2.655088901519775391e-04 2.673268318176269531e-04 2.678632736206054688e-04 2.546310424804687500e-04 2.625584602355957031e-04 2.864301204681396484e-04 2.937912940979003906e-04 2.911984920501708984e-04 2.842247486114501953e-04 2.909898757934570312e-04
4.897325824511767345e-01 4.989504814147949219e-04 5.066096782684326172e-04 4.916787147521972656e-04 4.990100860595703125e-04 4.974603652954101562e-04 4.794895648956298828e-04 4.646182060241699219e-04 4.605352878570556641e-04 4.639923572540283203e-04 4.651844501495361328e-04
4.961853444365646459e-01 -1.083999872207641602e-03 -1.077771186828613281e-03 -1.077294349670410156e-03 -1.082241535186767578e-03 -1.079916954040527344e-03 -1.083463430404663086e-03 -1.077800989151000977e-03 -1.081526279449462891e-03 -1.069635152816772461e-03 -1.086443662643432617e-03
5.026381064219525019e-01 5.567371845245361328e-04 5.673766136169433594e-04 5.544126033782958984e-04 5.431175231933593750e-04 5.542337894439697266e-04 5.741119384765625000e-04 5.918145179748535156e-04 5.851686000823974609e-04 5.755424499511718750e-04 5.885064601898193359e-04
5.090908684073405244e-01 3.307163715362548828e-04 3.121197223663330078e-04 3.170073032379150391e-04 3.220736980438232422e-04 3.232061862945556641e-04 2.951025962829589844e-04 2.885460853576660156e-04 2.911984920501708984e-04 2.808272838592529297e-04 2.781450748443603516e-04
5.155436303927283248e-01 -7.819831371307373047e-04 -7.835328578948974609e-04 -7.803440093994140625e-04 -7.913708686828613281e-04 -7.732212543487548828e-04 -7.739663124084472656e-04 -7.779300212860107422e-04 -7.750093936920166016e-04 -7.743835449218750000e-04 -7.664859294891357422e-04
5.219963923781163473e-01 7.062554359436035156e-04 7.109940052032470703e-04 7.129907608032226562e-04 6.958246231079101562e-04 7.199347019195556641e-04 7.318854331970214844e-04 7.295906543731689453e-04 7.238388061523437500e-04 7.167756557464599609e-04 7.193088531494140625e-04
5.284491543635041477e-01 -3.375709056854248047e-04 -3.617703914642333984e-04 -3.507435321807861328e-04 -3.442764282226562500e-04 -3.467798233032226562e-04 -3.746747970581054688e-04 -3.621280193328857422e-04 -3.754794597625732422e-04 -3.853738307952880859e-04 -3.748238086700439453e-04
5.349019163488920592e-01 -3.464519977569580078e-04 -3.317296504974365234e-04 -3.488659858703613281e-04 -3.572702407836914062e-04 -3.404021263122558594e-04 -3.165006637573242188e-04 -3.108680248260498047e-04 -3.182888031005859375e-04 -3.190636634826660156e-04 -3.297030925750732422e-04
5.413546783342799706e-01 8.810460567474365234e-04 8.800327777862548828e-04 8.842945098876953125e-04 8.803606033325195312e-04 8.766651153564453125e-04 8.782148361206054688e-04 8.736550807952880859e-04 8.631348609924316406e-04 8.749961853027343750e-04 8.610785007476806641e-04
5.478074403196678821e-01 -4.285871982574462891e-04 -4.341602325439453125e-04 -4.459917545318603516e-04 -4.363656044006347656e-04 -4.429817199707031250e-04 -4.493594169616699219e-04 -4.578232765197753906e-04 -4.405081272125244141e-04 -4.540085792541503906e-04 -4.686713218688964844e-04
5.542602023050557936e-01 -1.455247402191162109e-04 -1.409947872161865234e-04 -1.366734504699707031e-04 -1.471042633056640625e-04 -1.319944858551025391e-04 -1.090764999389648438e-04 -1.226961612701416016e-04 -1.132190227508544922e-04 -1.148283481597900391e-04 -1.137852668762207031e-04
5.607129642904437050e-01 4.447996616363525391e-04 4.228651523590087891e-04 4.232227802276611328e-04 4.411041736602783203e-04 4.407167434692382812e-04 4.132986068725585938e-04 4.219710826873779297e-04 4.147291183471679688e-04 4.129707813262939453e-04 4.214644432067871094e-04
5.671657262758316165e-01 -5.916953086853027344e-04 -5.893111228942871094e-04 -5.828738212585449219e-04 -5.763769149780273438e-04 -5.829632282257080078e-04 -5.774796009063720703e-04 -5.861520767211914062e-04 -5.891621112823486328e-04 -5.823969841003417969e-04 -5.923807621002197266e-04
5.736184882612194169e-01 3.757178783416748047e-04 3.663003444671630859e-04 3.651082515716552734e-04 3.665387630462646484e-04 3.701746463775634766e-04 3.762245178222656250e-04 3.801286220550537109e-04 3.941059112548828125e-04 3.944337368011474609e-04 3.941953182220458984e-04
5.800712502466074394e-01 3.125369548797607422e-04 3.182888031005859375e-04 3.239512443542480469e-04 3.111064434051513672e-04 3.186762332916259766e-04 3.063976764678955078e-04 3.113150596618652344e-04 2.911388874053955078e-04 2.994835376739501953e-04 2.962648868560791016e-04
5.865240122319952398e-01 -6.123483180999755859e-04 -6.111860275268554688e-04 -6.079077720642089844e-04 -5.970597267150878906e-04 -6.106495857238769531e-04 -6.112754344940185547e-04 -6.068646907806396484e-04 -6.017386913299560547e-04 -6.083846092224121094e-04 -6.109476089477539062e-04
5.929767742173832623e-01 2.492368221282958984e-04 2.340376377105712891e-04 2.453327178955078125e-04 2.398788928985595703e-04 2.405345439910888672e-04 2.564191818237304688e-04 2.734959125518798828e-04 2.698302268981933594e-04 2.675354480743408203e-04 2.570748329162597656e-04
5.994295362027710627e-01 1.328289508819580078e-04 1.302063465118408203e-04 1.201629638671875000e-04 1.336634159088134766e-04 1.332163810729980469e-04 1.123547554016113281e-04 1.186132431030273438e-04 1.266002655029296875e-04 1.204311847686767578e-04 1.235008239746093750e-04
6.058822981881590852e-01 -2.219974994659423828e-04 -2.267658710479736328e-04 -2.253353595733642578e-04 -2.316832542419433594e-04 -2.309381961822509766e-04 -2.277791500091552734e-04 -2.252161502838134766e-04 -2.104341983795166016e-04 -2.152621746063232422e-04 -2.222657203674316406e-04
6.123350601735468857e-01 3.741085529327392578e-04 3.605186939239501953e-04 3.755986690521240234e-04 3.688335418701171875e-04 3.766715526580810547e-04 3.708600997924804688e-04 3.702938556671142578e-04 3.698766231536865234e-04 3.755986690521240234e-04 3.743469715118408203e-04
6.187878221589347971e-01 -1.614093780517578125e-04 -1.539885997772216797e-04 -1.737475395202636719e-04 -1.550316810607910156e-04 -1.648366451263427734e-04 -1.723170280456542969e-04 -1.624524593353271484e-04 -1.776516437530517578e-04 -1.729130744934082031e-04 -1.740455627441406250e-04
6.252405841443227086e-01 -3.232657909393310547e-04 -3.014802932739257812e-04 -3.183782100677490234e-04 -3.174543380737304688e-04 -3.159940242767333984e-04 -3.084540367126464844e-04 -3.028810024261474609e-04 -3.125965595245361328e-04 -3.169178962707519531e-04 -3.140866756439208984e-04
6.316933461297106200e-01 2.840757369995117188e-04 2.768337726593017578e-04 2.839863300323486328e-04 2.931356430053710938e-04 2.861022949218750000e-04 2.841055393218994141e-04 2.875626087188720703e-04 2.960860729217529297e-04 2.877712249755859375e-04 2.906024456024169922e-04
6.381461081150985315e-01 4.619359970092773438e-05 5.218386650085449219e-05 4.723668098449707031e-05 5.763769149780273438e-05 4.398822784423828125e-05 4.971027374267578125e-05 4.929304122924804688e-05 4.863739013671875000e-05 5.075335502624511719e-05 4.261732101440429688e-05
6.445988701004864430e-01 -1.225173473358154297e-04 -1.391172409057617188e-04 -1.325011253356933594e-04 -1.212954521179199219e-04 -1.351237297058105469e-04 -1.316070556640625000e-04 -1.359581947326660156e-04 -1.323521137237548828e-04 -1.227557659149169922e-04 -1.320540904998779297e-04
6.510516320858743544e-01 6.550550460815429688e-05 7.233023643493652344e-05 6.753206253051757812e-05 6.607174873352050781e-05 6.735324859619140625e-05 5.820393562316894531e-05 7.179379463195800781e-05 7.319450378417968750e-05 6.479024887084960938e-05 7.039308547973632812e-05
6.575043940712622659e-01 -1.083910465240478516e-04 -1.157224178314208984e-04 -1.261532306671142578e-04 -1.262426376342773438e-04 -1.148879528045654297e-04 -1.182556152343750000e-04 -1.122951507568359375e-04 -1.247823238372802734e-04 -1.224875450134277344e-04 -1.249015331268310547e-04
6.639571560566501773e-01 -7.700920104980468750e-05 -8.693337440490722656e-05 -8.404254913330078125e-05 -7.337331771850585938e-05 -8.162856101989746094e-05 -7.879734039306640625e-05 -8.460879325866699219e-05 -6.785988807678222656e-05 -7.438659667968750000e-05 -8.615851402282714844e-05
6.704099180420379778e-01 2.484023571014404297e-04 2.437531948089599609e-04 2.467930316925048828e-04 2.399384975433349609e-04 2.467632293701171875e-04 2.292692661285400391e-04 2.447962760925292969e-04 2.506971359252929688e-04 2.379119396209716797e-04 2.312660217285156250e-04
6.768626800274260003e-01 -8.374452590942382812e-06 -8.076429367065429688e-06 1.877546310424804688e-06 -4.500150680541992188e-06 -1.683831214904785156e-05 -2.154707908630371094e-05 -5.006790161132812500e-06 -9.715557098388671875e-06 -1.430511474609375000e-05 -1.651048660278320312e-05
6.833154420128139117e-01 -1.677274703979492188e-04 -1.729130744934082031e-04 -1.693367958068847656e-04 -1.658499240875244141e-04 -1.622438430786132812e-04 -1.754164695739746094e-04 -1.679062843322753906e-04 -1.600980758666992188e-04 -1.640021800994873047e-04 -1.671612262725830078e-04
6.897682039982017121e-01 4.187226295471191406e-05 5.096197128295898438e-05 4.407763481140136719e-05 5.725026130676269531e-05 4.062056541442871094e-05 4.377961158752441406e-05 4.708766937255859375e-05 4.044175148010253906e-05 5.316734313964843750e-05 4.908442497253417969e-05
6.962209659835896236e-01 6.723403930664062500e-05 6.181001663208007812e-05 6.064772605895996094e-05 6.788969039916992188e-05 5.114078521728515625e-05 5.051493644714355469e-05 5.131959915161132812e-05 6.082653999328613281e-05 6.225705146789550781e-05 4.905462265014648438e-05
7.026737279689775351e-01 2.440810203552246094e-05 2.866983413696289062e-05 2.288818359375000000e-05 1.600384712219238281e-05 2.193450927734375000e-05 1.546740531921386719e-05 2.232193946838378906e-05 3.087520599365234375e-05 2.339482307434082031e-05 2.712011337280273438e-05
7.091264899543654465e-01 -8.136034011840820312e-06 -1.451373100280761719e-05 -4.291534423828125000e-06 -6.705522537231445312e-06 2.533197402954101562e-06 5.602836608886718750e-06 -1.507997512817382812e-05 -7.808208465576171875e-06 -1.221895217895507812e-05 1.150369644165039062e-05
7.155792519397533580e-01 1.422762870788574219e-04 1.394748687744140625e-04 1.402199268341064453e-04 1.405179500579833984e-04 1.326501369476318359e-04 1.397430896759033203e-04 1.299977302551269531e-04 1.401007175445556641e-04 1.403093338012695312e-04 1.428425312042236328e-04
7.220320139251412694e-01 -2.991855144500732422e-04 -2.900063991546630859e-04 -2.939105033874511719e-04 -2.907514572143554688e-04 -2.931654453277587891e-04 -3.064870834350585938e-04 -3.008246421813964844e-04 -3.040134906768798828e-04 -2.987086772918701172e-04 -3.001391887664794922e-04
7.284847759105291809e-01 4.529953002929687500e-06 1.496076583862304688e-05 8.285045623779296875e-06 1.004338264465332031e-05 9.298324584960937500e-06 3.361701965332031250e-05 3.597140312194824219e-05 3.007054328918457031e-05 2.250075340270996094e-05 3.561377525329589844e-05
7.349375378959170924e-01 9.944736957550048828e-04 1.009613275527954102e-03 9.922683238983154297e-04 9.859800338745117188e-04 9.884238243103027344e-04 9.730756282806396484e-04 9.714066982269287109e-04 9.860396385192871094e-04 9.750723838806152344e-04 9.850859642028808594e-04
7.413902998813050038e-01 -1.105338335037231445e-03 -1.106530427932739258e-03 -1.113414764404296875e-03 -1.098483800888061523e-03 -1.090258359909057617e-03 -1.119017601013183594e-03 -1.129239797592163086e-03 -1.121848821640014648e-03 -1.120686531066894531e-03 -1.132339239120483398e-03
7.478430618666929153e-01 3.036856651306152344e-05 1.558661460876464844e-05 2.598762512207031250e-05 1.996755599975585938e-05 3.129243850708007812e-05 7.593631744384765625e-05 7.832050323486328125e-05 8.317828178405761719e-05 7.131695747375488281e-05 7.462501525878906250e-05
7.542958238520808267e-01 1.057237386703491211e-03 1.051902770996093750e-03 1.071244478225708008e-03 1.071810722351074219e-03 1.052737236022949219e-03 1.016765832901000977e-03 1.016765832901000977e-03 1.013636589050292969e-03 1.019448041915893555e-03 1.025587320327758789e-03
7.607485858374687382e-01 -2.576828002929687500e-03 -2.575218677520751953e-03 -2.602577209472656250e-03 -2.569854259490966797e-03 -2.581924200057983398e-03 -2.585172653198242188e-03 -2.584099769592285156e-03 -2.578169107437133789e-03 -2.582430839538574219e-03 -2.580851316452026367e-03
7.672013478228566496e-01 2.828329801559448242e-03 2.830356359481811523e-03 2.814948558807373047e-03 2.819061279296875000e-03 2.821475267410278320e-03 2.877891063690185547e-03 2.873092889785766602e-03 2.867639064788818359e-03 2.876937389373779297e-03 2.876877784729003906e-03
7.736541098082445611e-01 3.252625465393066406e-04 3.364682197570800781e-04 3.427267074584960938e-04 3.569126129150390625e-04 3.236234188079833984e-04 2.168715000152587891e-04 2.076923847198486328e-04 1.952648162841796875e-04 1.975595951080322266e-04 2.028048038482666016e-04
7.801068717936323615e-01 -3.361046314239501953e-03 -3.388911485671997070e-03 -3.390967845916748047e-03 -3.403812646865844727e-03 -3.396570682525634766e-03 -3.330379724502563477e-03 -3.338873386383056641e-03 -3.306269645690917969e-03 -3.333419561386108398e-03 -3.316521644592285156e-03
7.865596337790202730e-01 4.944026470184326172e-03 4.962414503097534180e-03 4.961550235748291016e-03 4.939347505569458008e-03 4.966437816619873047e-03 4.983484745025634766e-03 4.999339580535888672e-03 4.995614290237426758e-03 4.985064268112182617e-03 5.004137754440307617e-03
7.930123957644081845e-01 -2.453267574310302734e-03 -2.441555261611938477e-03 -2.426534891128540039e-03 -2.383530139923095703e-03 -2.423673868179321289e-03 -2.582877874374389648e-03 -2.585023641586303711e-03 -2.597302198410034180e-03 -2.564162015914916992e-03 -2.596050500869750977e-03
7.994651577497960959e-01 -2.819150686264038086e-03 -2.838253974914550781e-03 -2.857953310012817383e-03 -2.872318029403686523e-03 -2.802282571792602539e-03 -2.672970294952392578e-03 -2.656102180480957031e-03 -2.649486064910888672e-03 -2.641826868057250977e-03 -2.624422311782836914e-03
8.059179197351840074e-01 5.694031715393066406e-03 5.695164203643798828e-03 5.677253007888793945e-03 5.708605051040649414e-03 5.694836378097534180e-03 5.596369504928588867e-03 5.612879991531372070e-03 5.624473094940185547e-03 5.612254142761230469e-03 5.623012781143188477e-03
8.123706817205719188e-01 -6.852596998214721680e-03 -6.837785243988037109e-03 -6.830871105194091797e-03 -6.831318140029907227e-03 -6.860345602035522461e-03 -6.953924894332885742e-03 -6.985783576965332031e-03 -6.994128227233886719e-03 -6.967663764953613281e-03 -6.996095180511474609e-03
8.188234437059598303e-01 2.011865377426147461e-03 1.966625452041625977e-03 2.011001110076904297e-03 1.921981573104858398e-03 2.020210027694702148e-03 2.216160297393798828e-03 2.254873514175415039e-03 2.263277769088745117e-03 2.223223447799682617e-03 2.247244119644165039e-03
8.252762056913477418e-01 4.164308309555053711e-03 4.205048084259033203e-03 4.171848297119140625e-03 4.239857196807861328e-03 4.133313894271850586e-03 3.948360681533813477e-03 3.943979740142822266e-03 3.909885883331298828e-03 3.927826881408691406e-03 3.912836313247680664e-03
8.317289676767356532e-01 -8.918583393096923828e-03 -8.903354406356811523e-03 -8.911103010177612305e-03 -8.915841579437255859e-03 -8.923470973968505859e-03 -8.870780467987060547e-03 -8.898615837097167969e-03 -8.897900581359863281e-03 -8.898228406906127930e-03 -8.898347616195678711e-03
8.381817296621235647e-01 7.619023323059082031e-03 7.591873407363891602e-03 7.608920335769653320e-03 7.580369710922241211e-03 7.620304822921752930e-03 7.772535085678100586e-03 7.792383432388305664e-03 7.796287536621093750e-03 7.785677909851074219e-03 7.812798023223876953e-03
8.446344916475114761e-01 -2.202689647674560547e-03 -2.177029848098754883e-03 -2.205073833465576172e-03 -2.157270908355712891e-03 -2.217680215835571289e-03 -2.485930919647216797e-03 -2.496719360351562500e-03 -2.482384443283081055e-03 -2.458214759826660156e-03 -2.508610486984252930e-03
8.510872536328993876e-01 -5.834579467773437500e-03 -5.840152502059936523e-03 -5.818545818328857422e-03 -5.859196186065673828e-03 -5.790412425994873047e-03 -5.613058805465698242e-03 -5.617201328277587891e-03 -5.601108074188232422e-03 -5.605727434158325195e-03 -5.584448575973510742e-03
8.575400156182872990e-01 8.207499980926513672e-03 8.209943771362304688e-03 8.208662271499633789e-03 8.196651935577392578e-03 8.227437734603881836e-03 8.208006620407104492e-03 8.236259222030639648e-03 8.232623338699340820e-03 8.214652538299560547e-03 8.219748735427856445e-03
8.639927776036752105e-01 -5.075156688690185547e-03 -5.095273256301879883e-03 -5.084574222564697266e-03 -5.016267299652099609e-03 -5.100846290588378906e-03 -5.269706249237060547e-03 -5.336642265319824219e-03 -5.312114953994750977e-03 -5.296140909194946289e-03 -5.319505929946899414e-03
8.704455395890630109e-01 -1.785516738891601562e-03 -1.810878515243530273e-03 -1.794725656509399414e-03 -1.839458942413330078e-03 -1.767337322235107422e-03 -1.567959785461425781e-03 -1.563489437103271484e-03 -1.526385545730590820e-03 -1.582324504852294922e-03 -1.534789800643920898e-03
8.768983015744509224e-01 6.489008665084838867e-03 6.474792957305908203e-03 6.490498781204223633e-03 6.476938724517822266e-03 6.457746028900146484e-03 6.389051675796508789e-03 6.391137838363647461e-03 6.398409605026245117e-03 6.381660699844360352e-03 6.366640329360961914e-03
8.833510635598388339e-01 -5.709022283554077148e-03 -5.683720111846923828e-03 -5.676567554473876953e-03 -5.649477243423461914e-03 -5.710661411285400391e-03 -5.734503269195556641e-03 -5.764812231063842773e-03 -5.779594182968139648e-03 -5.749195814132690430e-03 -5.776256322860717773e-03
8.898038255452267453e-01 1.255065202713012695e-03 1.236438751220703125e-03 1.227468252182006836e-03 1.203864812850952148e-03 1.254379749298095703e-03 1.395821571350097656e-03 1.403361558914184570e-03 1.411259174346923828e-03 1.410216093063354492e-03 1.427203416824340820e-03
8.962565875306146568e-01 3.109633922576904297e-03 3.109514713287353516e-03 3.110259771347045898e-03 3.128558397293090820e-03 3.101378679275512695e-03 2.982437610626220703e-03 3.014862537384033203e-03 2.983331680297851562e-03 2.967596054077148438e-03 2.972692251205444336e-03
9.027093495160025682e-01 -4.637271165847778320e-03 -4.647940397262573242e-03 -4.649996757507324219e-03 -4.649311304092407227e-03 -4.640787839889526367e-03 -4.635363817214965820e-03 -4.653692245483398438e-03 -4.640907049179077148e-03 -4.628837108612060547e-03 -4.647403955459594727e-03
9.091621115013904797e-01 2.173840999603271484e-03 2.149790525436401367e-03 2.162367105484008789e-03 2.142101526260375977e-03 2.170354127883911133e-03 2.253979444503784180e-03 2.278208732604980469e-03 2.278804779052734375e-03 2.243369817733764648e-03 2.279639244079589844e-03
9.156148734867783912e-01 1.131534576416015625e-03 1.146197319030761719e-03 1.157104969024658203e-03 1.158803701400756836e-03 1.133054494857788086e-03 1.033544540405273438e-03 1.035988330841064453e-03 1.030057668685913086e-03 1.047521829605102539e-03 1.022279262542724609e-03
9.220676354721663026e-01 -2.766132354736328125e-03 -2.783715724945068359e-03 -2.771884202957153320e-03 -2.803355455398559570e-03 -2.787768840789794922e-03 -2.732008695602416992e-03 -2.733737230300903320e-03 -2.715945243835449219e-03 -2.725630998611450195e-03 -2.732336521148681641e-03
9.285203974575542141e-01 2.143114805221557617e-03 2.138733863830566406e-03 2.135306596755981445e-03 2.122133970260620117e-03 2.138108015060424805e-03 2.175986766815185547e-03 2.193093299865722656e-03 2.183020114898681641e-03 2.176403999328613281e-03 2.182126045227050781e-03
9.349731594429421255e-01 3.137290477752685547e-04 3.252029418945312500e-04 3.250539302825927734e-04 3.328919410705566406e-04 3.301203250885009766e-04 2.569258213043212891e-04 2.608299255371093750e-04 2.435743808746337891e-04 2.552866935729980469e-04 2.462863922119140625e-04
9.414259214283300370e-01 -1.803100109100341797e-03 -1.822024583816528320e-03 -1.831442117691040039e-03 -1.835286617279052734e-03 -1.834511756896972656e-03 -1.784116029739379883e-03 -1.784205436706542969e-03 -1.763492822647094727e-03 -1.776188611984252930e-03 -1.778274774551391602e-03
9.478786834137179484e-01 2.011179924011230469e-03 1.985281705856323242e-03 1.980870962142944336e-03 1.963406801223754883e-03 1.974493265151977539e-03 2.024531364440917969e-03 2.024590969085693359e-03 2.019017934799194336e-03 2.008289098739624023e-03 2.017557621002197266e-03
9.543314453991058599e-01 -3.361701965332031250e-04 -3.203749656677246094e-04 -3.206133842468261719e-04 -3.078877925872802734e-04 -3.311336040496826172e-04 -3.808140754699707031e-04 -3.915429115295410156e-04 -3.916025161743164062e-04 -4.002749919891357422e-04 -3.986954689025878906e-04
9.607842073844936603e-01 -1.076430082321166992e-03 -1.093089580535888672e-03 -1.080483198165893555e-03 -1.110583543777465820e-03 -1.085013151168823242e-03 -1.038730144500732422e-03 -1.042395830154418945e-03 -1.054674386978149414e-03 -1.033693552017211914e-03 -1.032799482345581055e-03
9.672369693698815718e-01 1.543790102005004883e-03 1.555562019348144531e-03 1.536428928375244141e-03 1.547902822494506836e-03 1.548171043395996094e-03 1.556247472763061523e-03 1.560151576995849609e-03 1.545637845993041992e-03 1.557826995849609375e-03 1.547843217849731445e-03
9.736897313552694833e-01 -7.186830043792724609e-04 -6.991922855377197266e-04 -7.126927375793457031e-04 -7.020235061645507812e-04 -7.193386554718017578e-04 -7.517337799072265625e-04 -7.621347904205322266e-04 -7.518231868743896484e-04 -7.528066635131835938e-04 -7.553398609161376953e-04
9.801424933406573947e-01 -1.991391181945800781e-04 -2.038776874542236328e-04 -1.960992813110351562e-04 -2.173483371734619141e-04 -2.084076404571533203e-04 -1.640021800994873047e-04 -1.703202724456787109e-04 -1.603662967681884766e-04 -1.637041568756103516e-04 -1.509487628936767578e-04
9.865952553260453062e-01 9.367167949676513672e-04 9.310543537139892578e-04 9.364187717437744141e-04 9.410679340362548828e-04 9.428560733795166016e-04 9.130239486694335938e-04 9.161233901977539062e-04 9.146034717559814453e-04 9.281635284423828125e-04 9.257495403289794922e-04
9.930480173114332176e-01 -9.615123271942138672e-04 -9.595453739166259766e-04 -9.717643260955810547e-04 -9.610056877136230469e-04 -9.687840938568115234e-04 -9.636580944061279297e-04 -9.863078594207763672e-04 -9.739398956298828125e-04 -9.796917438507080078e-04 -9.755790233612060547e-04
9.995007792968211291e-01 4.019439220428466797e-04 3.980696201324462891e-04 4.121065139770507812e-04 4.079341888427734375e-04 4.077851772308349609e-04 4.245042800903320312e-04 4.204213619232177734e-04 4.245936870574951172e-04 4.382431507110595703e-04 4.209280014038085938e-04
1.005953541282209152e+00 1.088976860046386719e-04 1.052916049957275391e-04 9.056925773620605469e-05 1.187622547149658203e-04 1.036524772644042969e-04 9.211897850036621094e-05 9.569525718688964844e-05 1.028180122375488281e-04 8.982419967651367188e-05 9.173154830932617188e-05
1.012406303267596952e+00 -1.728236675262451172e-04 -1.871883869171142578e-04 -1.822113990783691406e-04 -1.963973045349121094e-04 -1.704692840576171875e-04 -1.802742481231689453e-04 -1.806318759918212891e-04 -1.628100872039794922e-04 -1.749098300933837891e-04 -1.731216907501220703e-04
1.018859065252984752e+00 2.436339855194091797e-04 2.626180648803710938e-04 2.418756484985351562e-04 2.417564392089843750e-04 2.429187297821044922e-04 2.385675907135009766e-04 2.493858337402343750e-04 2.380013465881347656e-04 2.407133579254150391e-04 2.405345439910888672e-04
1.025311827238372775e+00 -2.519190311431884766e-04 -2.413094043731689453e-04 -2.390444278717041016e-04 -2.447664737701416016e-04 -2.393126487731933594e-04 -2.394318580627441406e-04 -2.511143684387207031e-04 -2.355873584747314453e-04 -2.482235431671142578e-04 -2.315044403076171875e-04
1.031764589223760797e+00 3.105998039245605469e-04 2.834796905517578125e-04 2.786815166473388672e-04 2.721846103668212891e-04 2.936720848083496094e-04 2.995729446411132812e-04 2.991855144500732422e-04 2.952218055725097656e-04 2.914071083068847656e-04 2.858042716979980469e-04
1.038217351209148598e+00 -2.110302448272705078e-04 -2.020895481109619141e-04 -2.155900001525878906e-04 -2.167820930480957031e-04 -1.998841762542724609e-04 -2.200305461883544922e-04 -2.163648605346679688e-04 -2.353191375732421875e-04 -2.262592315673828125e-04 -2.226829528808593750e-04
1.044670113194536398e+00 9.715557098388671875e-05 9.784102439880371094e-05 9.974837303161621094e-05 9.599328041076660156e-05 9.411573410034179688e-05 1.135170459747314453e-04 1.022517681121826172e-04 1.095235347747802734e-04 1.150071620941162109e-04 1.214742660522460938e-04
1.051122875179924421e+00 1.937448978424072266e-04 1.938939094543457031e-04 2.048313617706298828e-04 1.965463161468505859e-04 2.006888389587402344e-04 1.923441886901855469e-04 1.809597015380859375e-04 1.921653747558593750e-04 1.838505268096923828e-04 1.849234104156494141e-04
1.057575637165312221e+00 -6.350278854370117188e-04 -6.319284439086914062e-04 -6.390213966369628906e-04 -6.369948387145996094e-04 -6.197094917297363281e-04 -6.282627582550048828e-04 -6.221234798431396484e-04 -6.248056888580322266e-04 -6.289184093475341797e-04 -6.282925605773925781e-04
1.064028399150700022e+00 5.681514739990234375e-04 5.741119384765625000e-04 5.683302879333496094e-04 5.589127540588378906e-04 5.754232406616210938e-04 5.882382392883300781e-04 5.852580070495605469e-04 5.881488323211669922e-04 5.894303321838378906e-04 5.765557289123535156e-04
1.070481161136088044e+00 -6.797909736633300781e-05 -8.541345596313476562e-05 -7.671117782592773438e-05 -6.654858589172363281e-05 -7.686018943786621094e-05 -9.638071060180664062e-05 -9.706616401672363281e-05 -9.626150131225585938e-05 -9.781122207641601562e-05 -1.043081283569335938e-04
1.076933923121476067e+00 -1.779794692993164062e-04 -1.805126667022705078e-04 -1.816749572753906250e-04 -1.757144927978515625e-04 -1.708567142486572266e-04 -1.547932624816894531e-04 -1.499652862548828125e-04 -1.504719257354736328e-04 -1.541376113891601562e-04 -1.703500747680664062e-04
1.083386685106863867e+00 4.235804080963134766e-04 4.137754440307617188e-04 4.149377346038818359e-04 4.120469093322753906e-04 4.155039787292480469e-04 4.072189331054687500e-04 4.079937934875488281e-04 4.084110260009765625e-04 4.158020019531250000e-04 4.145205020904541016e-04
1.089839447092251667e+00 -4.318654537200927734e-04 -4.435479640960693359e-04 -4.387795925140380859e-04 -4.424452781677246094e-04 -4.414916038513183594e-04 -4.506409168243408203e-04 -4.525780677795410156e-04 -4.518330097198486328e-04 -4.538893699645996094e-04 -4.457235336303710938e-04
1.096292209077639690e+00 6.684660911560058594e-05 7.507205009460449219e-05 6.905198097229003906e-05 6.505846977233886719e-05 5.942583084106445312e-05 9.408593177795410156e-05 9.825825691223144531e-05 9.509921073913574219e-05 8.141994476318359375e-05 8.022785186767578125e-05
1.102744971063027712e+00 1.745820045471191406e-04 1.638531684875488281e-04 1.642704010009765625e-04 1.760721206665039062e-04 1.747906208038330078e-04 1.580715179443359375e-04 1.560449600219726562e-04 1.610517501831054688e-04 1.510977745056152344e-04 1.676678657531738281e-04
1.109197733048415513e+00 -3.756880760192871094e-04 -3.753006458282470703e-04 -3.773272037506103516e-04 -3.903806209564208984e-04 -3.745555877685546875e-04 -3.771781921386718750e-04 -3.796517848968505859e-04 -3.831386566162109375e-04 -3.755986690521240234e-04 -3.786087036132812500e-04
1.115650495033803313e+00 2.630650997161865234e-04 2.540946006774902344e-04 2.697706222534179688e-04 2.586245536804199219e-04 2.857744693756103516e-04 2.764165401458740234e-04 2.723932266235351562e-04 2.770423889160156250e-04 2.794861793518066406e-04 2.794265747070312500e-04
1.122103257019191336e+00 -8.356571197509765625e-05 -9.220838546752929688e-05 -8.851289749145507812e-05 -7.903575897216796875e-05 -8.508563041687011719e-05 -9.557604789733886719e-05 -9.256601333618164062e-05 -9.328126907348632812e-05 -9.232759475708007812e-05 -9.676814079284667969e-05
1.128556019004579358e+00 -8.928775787353515625e-05 -8.755922317504882812e-05 -8.365511894226074219e-05 -9.289383888244628906e-05 -1.058876514434814453e-04 -9.691715240478515625e-05 -8.657574653625488281e-05 -8.881092071533203125e-05 -8.025765419006347656e-05 -8.308887481689453125e-05
1.135008780989967159e+00 2.015233039855957031e-04 2.020299434661865234e-04 1.845657825469970703e-04 1.920461654663085938e-04 1.880824565887451172e-04 1.794397830963134766e-04 1.904070377349853516e-04 1.952350139617919922e-04 1.811385154724121094e-04 1.947581768035888672e-04
1.141461542975354959e+00 -8.398294448852539062e-05 -8.141994476318359375e-05 -8.285045623779296875e-05 -8.049607276916503906e-05 -8.177757263183593750e-05 -8.809566497802734375e-05 -8.311867713928222656e-05 -7.861852645874023438e-05 -7.283687591552734375e-05 -9.047985076904296875e-05
1.147914304960742982e+00 1.495778560638427734e-04 1.353919506072998047e-04 1.375377178192138672e-04 1.381337642669677734e-04 1.315474510192871094e-04 1.328587532043457031e-04 1.395940780639648438e-04 1.416504383087158203e-04 1.439452171325683594e-04 1.437962055206298828e-04
1.154367066946130782e+00 -1.377761363983154297e-04 -1.433789730072021484e-04 -1.399219036102294922e-04 -1.446902751922607422e-04 -1.365244388580322266e-04 -1.357793807983398438e-04 -1.389980316162109375e-04 -1.406371593475341797e-04 -1.395940780639648438e-04 -1.384019851684570312e-04
1.160819828931518582e+00 9.870529174804687500e-05 8.699297904968261719e-05 9.277462959289550781e-05 1.019835472106933594e-04 8.887052536010742188e-05 9.602308273315429688e-05 9.718537330627441406e-05 1.059472560882568359e-04 9.649991989135742188e-05 1.013875007629394531e-04
1.167272590916906605e+00 -3.457069396972656250e-06 -4.529953002929687500e-06 -3.308057785034179688e-06 9.238719940185546875e-07 -8.851289749145507812e-06 -9.834766387939453125e-06 -4.649162292480468750e-06 -2.801418304443359375e-06 -9.089708328247070312e-06 -6.586313247680664062e-06
1.173725352902294627e+00 -1.507103443145751953e-04 -1.478195190429687500e-04 -1.501441001892089844e-04 -1.630783081054687500e-04 -1.374483108520507812e-04 -1.484751701354980469e-04 -1.501441001892089844e-04 -1.485645771026611328e-04 -1.480579376220703125e-04 -1.493096351623535156e-04
1.180178114887682428e+00 3.063082695007324219e-04 3.055632114410400391e-04 3.103315830230712891e-04 3.186762332916259766e-04 3.045201301574707031e-04 2.991259098052978516e-04 3.018975257873535156e-04 3.080368041992187500e-04 3.132224082946777344e-04 3.156960010528564453e-04
1.186630876873070450e+00 -1.916587352752685547e-04 -2.007782459259033203e-04 -2.024173736572265625e-04 -2.036988735198974609e-04 -1.918971538543701172e-04 -2.061128616333007812e-04 -2.052485942840576172e-04 -2.057850360870361328e-04 -2.112388610839843750e-04 -2.030432224273681641e-04
1.193083638858458251e+00 6.589293479919433594e-05 7.876753807067871094e-05 5.918741226196289062e-05 5.841255187988281250e-05 6.580352783203125000e-05 7.069110870361328125e-05 7.459521293640136719e-05 7.519125938415527344e-05 7.879734039306640625e-05 6.777048110961914062e-05
1.199536400843846051e+00 2.388358116149902344e-04 2.363026142120361328e-04 2.373158931732177734e-04 2.413690090179443359e-04 2.624988555908203125e-04 2.352893352508544922e-04 2.444684505462646484e-04 2.323091030120849609e-04 2.358257770538330078e-04 2.304017543792724609e-04
1.205989162829234074e+00 -3.516077995300292969e-04 -3.488361835479736328e-04 -3.525912761688232422e-04 -3.542006015777587891e-04 -3.516077995300292969e-04 -3.555715084075927734e-04 -3.601908683776855469e-04 -3.556013107299804688e-04 -3.511607646942138672e-04 -3.527700901031494141e-04
1.212441924814621874e+00 3.176927566528320312e-04 3.070533275604248047e-04 3.271996974945068359e-04 3.105998039245605469e-04 3.128647804260253906e-04 3.080070018768310547e-04 3.237426280975341797e-04 3.372430801391601562e-04 3.231763839721679688e-04 3.200769424438476562e-04
1.218894686800009897e+00 -3.138184547424316406e-05 -2.372264862060546875e-05 -3.564357757568359375e-05 -4.014372825622558594e-05 -2.688169479370117188e-05 -3.981590270996093750e-05 -4.422664642333984375e-05 -5.543231964111328125e-05 -3.704428672790527344e-05 -4.413723945617675781e-05
1.225347448785397697e+00 -1.959502696990966797e-04 -1.896619796752929688e-04 -2.140402793884277344e-04 -1.973807811737060547e-04 -2.000331878662109375e-04 -1.911222934722900391e-04 -1.916885375976562500e-04 -1.909732818603515625e-04 -1.852214336395263672e-04 -1.845657825469970703e-04
1.231800210770785720e+00 2.715885639190673828e-04 2.557039260864257812e-04 2.644956111907958984e-04 2.675056457519531250e-04 2.630054950714111328e-04 2.631247043609619141e-04 2.650618553161621094e-04 2.464354038238525391e-04 2.704262733459472656e-04 2.575218677520751953e-04
1.238252972756173520e+00 -1.981556415557861328e-04 -1.955032348632812500e-04 -1.956224441528320312e-04 -1.977682113647460938e-04 -2.047121524810791016e-04 -2.003610134124755859e-04 -2.114474773406982422e-04 -2.001523971557617188e-04 -1.963675022125244141e-04 -1.982748508453369141e-04
1.244705734741561542e+00 6.258487701416015625e-07 -1.123547554016113281e-05 -9.506940841674804688e-06 -9.000301361083984375e-06 9.536743164062500000e-07 1.013278961181640625e-06 -6.794929504394531250e-06 2.980232238769531250e-07 4.112720489501953125e-06 -2.175569534301757812e-06
1.251158496726949343e+00 1.497566699981689453e-04 1.355707645416259766e-04 1.388192176818847656e-04 1.516640186309814453e-04 1.392662525177001953e-04 1.407265663146972656e-04 1.376867294311523438e-04 1.363456249237060547e-04 1.402497291564941406e-04 1.354515552520751953e-04
1.257611258712337365e+00 -1.877546310424804688e-04 -1.891851425170898438e-04 -1.862347126007080078e-04 -1.813471317291259766e-04 -1.938939094543457031e-04 -1.914501190185546875e-04 -1.899898052215576172e-04 -1.827478408813476562e-04 -1.800954341888427734e-04 -1.749694347381591797e-04
1.264064020697725166e+00 6.678700447082519531e-05 5.277991294860839844e-05 7.474422454833984375e-05 5.665421485900878906e-05 5.608797073364257812e-05 6.660819053649902344e-05 5.897879600524902344e-05 6.273388862609863281e-05 7.674098014831542969e-05 8.195638656616210938e-05
1.270516782683113188e+00 4.020333290100097656e-05 5.039572715759277344e-05 5.164742469787597656e-05 5.400180816650390625e-05 5.662441253662109375e-05 4.953145980834960938e-05 3.889203071594238281e-05 4.413723945617675781e-05 4.959106445312500000e-05 5.382299423217773438e-05
1.276969544668500989e+00 -1.244843006134033203e-04 -1.243054866790771484e-04 -1.179277896881103516e-04 -1.277029514312744141e-04 -1.192390918731689453e-04 -1.200735569000244141e-04 -1.349747180938720703e-04 -1.244544982910156250e-04 -1.247525215148925781e-04 -1.279413700103759766e-04
1.283422306653888789e+00 5.844235420227050781e-05 6.866455078125000000e-05 5.257129669189453125e-05 5.629658699035644531e-05 5.239248275756835938e-05 6.040930747985839844e-05 5.561113357543945312e-05 4.744529724121093750e-05 5.847215652465820312e-05 7.015466690063476562e-05
1.289875068639276812e+00 8.222460746765136719e-05 8.228421211242675781e-05 8.091330528259277344e-05 7.715821266174316406e-05 8.410215377807617188e-05 7.009506225585937500e-05 7.328391075134277344e-05 7.227063179016113281e-05 9.045004844665527344e-05 5.462765693664550781e-05
1.296327830624664612e+00 -1.473426818847656250e-04 -1.330971717834472656e-04 -1.409649848937988281e-04 -1.471042633056640625e-04 -1.406073570251464844e-04 -1.364052295684814453e-04 -1.366138458251953125e-04 -1.458823680877685547e-04 -1.294314861297607422e-04 -1.392364501953125000e-04
1.302780592610052635e+00 8.690357208251953125e-05 8.374452590942382812e-05 8.240342140197753906e-05 1.057982444763183594e-04 8.273124694824218750e-05 9.542703628540039062e-05 8.988380432128906250e-05 9.781122207641601562e-05 8.863210678100585938e-05 1.041591167449951172e-04
1.309233354595440435e+00 4.374980926513671875e-05 3.746151924133300781e-05 3.165006637573242188e-05 4.023313522338867188e-05 3.862380981445312500e-05 2.515316009521484375e-05 3.200769424438476562e-05 3.927946090698242188e-05 3.939867019653320312e-05 2.625584602355957031e-05
1.315686116580828458e+00 -1.669526100158691406e-04 -1.664161682128906250e-04 -1.653134822845458984e-04 -1.616179943084716797e-04 -1.737177371978759766e-04 -1.661479473114013672e-04 -1.630783081054687500e-04 -1.693964004516601562e-04 -1.699924468994140625e-04 -1.863539218902587891e-04
1.322138878566216258e+00 1.675486564636230469e-04 1.622438430786132812e-04 1.707375049591064453e-04 1.697838306427001953e-04 1.647174358367919922e-04 1.567900180816650391e-04 1.632273197174072266e-04 1.696050167083740234e-04 1.698732376098632812e-04 1.751780509948730469e-04
1.328591640551604280e+00 -1.695752143859863281e-05 -2.142786979675292969e-05 -1.811981201171875000e-05 -2.148747444152832031e-05 -2.643465995788574219e-05 -2.959370613098144531e-05 -1.734495162963867188e-05 -2.580881118774414062e-05 -9.268522262573242188e-06 -3.695487976074218750e-05
1.335044402536992081e+00 -2.094507217407226562e-04 -2.051591873168945312e-04 -2.117156982421875000e-04 -2.067089080810546875e-04 -1.997053623199462891e-04 -1.997947692871093750e-04 -1.991093158721923828e-04 -1.981556415557861328e-04 -1.919269561767578125e-04 -2.007782459259033203e-04
1.341497164522380103e+00 2.822577953338623047e-04 2.709329128265380859e-04 2.725720405578613281e-04 2.759099006652832031e-04 2.849102020263671875e-04 2.788305282592773438e-04 2.823472023010253906e-04 2.770423889160156250e-04 2.763271331787109375e-04 2.917349338531494141e-04
1.347949926507767904e+00 -1.592040061950683594e-04 -1.609325408935546875e-04 -1.567304134368896484e-04 -1.514256000518798828e-04 -1.619458198547363281e-04 -1.633763313293457031e-04 -1.662969589233398438e-04 -1.706779003143310547e-04 -1.544058322906494141e-04 -1.769065856933593750e-04
1.354402688493155926e+00 -8.517503738403320312e-05 -8.082389831542968750e-05 -9.450316429138183594e-05 -8.711218833923339844e-05 -8.594989776611328125e-05 -7.024407386779785156e-05 -8.127093315124511719e-05 -7.447600364685058594e-05 -7.805228233337402344e-05 -6.991624832153320312e-05
1.360855450478543727e+00 2.345442771911621094e-04 2.452731132507324219e-04 2.391636371612548828e-04 2.404451370239257812e-04 2.402961254119873047e-04 2.280175685882568359e-04 2.389848232269287109e-04 2.432763576507568359e-04 2.392232418060302734e-04 2.275407314300537109e-04
1.367308212463931749e+00 -1.801252365112304688e-04 -1.814663410186767578e-04 -1.711547374725341797e-04 -1.921057701110839844e-04 -1.786351203918457031e-04 -1.737475395202636719e-04 -1.838803291320800781e-04 -1.638233661651611328e-04 -1.784563064575195312e-04 -1.746416091918945312e-04
1.373760974449319550e+00 1.330077648162841797e-04 1.268982887268066406e-04 1.198053359985351562e-04 1.146793365478515625e-04 1.350641250610351562e-04 1.358389854431152344e-04 1.227557659149169922e-04 1.319348812103271484e-04 1.319050788879394531e-04 1.104176044464111328e-04
1.380213736434707350e+00 2.344846725463867188e-04 2.346038818359375000e-04 2.378225326538085938e-04 2.340674400329589844e-04 2.247095108032226562e-04 2.173483371734619141e-04 2.238154411315917969e-04 2.151131629943847656e-04 2.182424068450927734e-04 2.148449420928955078e-04
1.386666498420095373e+00 -2.419650554656982422e-04 -2.486705780029296875e-04 -2.417862415313720703e-04 -2.459883689880371094e-04 -2.365112304687500000e-04 -2.483427524566650391e-04 -2.329647541046142578e-04 -2.433657646179199219e-04 -2.372860908508300781e-04 -2.457201480865478516e-04
1.393119260405483173e+00 1.504421234130859375e-04 1.544356346130371094e-04 1.525282859802246094e-04 1.506805419921875000e-04 1.447200775146484375e-04 1.521110534667968750e-04 1.589357852935791016e-04 1.527070999145507812e-04 1.586973667144775391e-04 1.657009124755859375e-04
1.399572022390871195e+00 1.059770584106445312e-04 1.054406166076660156e-04 1.026093959808349609e-04 1.057386398315429688e-04 9.152293205261230469e-05 9.897351264953613281e-05 9.587407112121582031e-05 9.515881538391113281e-05 9.134411811828613281e-05 9.885430335998535156e-05
1.406024784376258996e+00 -1.311004161834716797e-04 -1.333355903625488281e-04 -1.339912414550781250e-04 -1.366138458251953125e-04 -1.361072063446044922e-04 -1.306533813476562500e-04 -1.302361488342285156e-04 -1.370012760162353516e-04 -1.344382762908935547e-04 -1.361668109893798828e-04
1.412477546361647018e+00 1.436471939086914062e-04 1.423060894012451172e-04 1.454651355743408203e-04 1.379847526550292969e-04 1.491606235504150391e-04 1.358985900878906250e-04 1.383721828460693359e-04 1.413822174072265625e-04 1.407563686370849609e-04 1.466572284698486328e-04
1.418930308347034819e+00 -1.551210880279541016e-04 -1.573264598846435547e-04 -1.552700996398925781e-04 -1.601874828338623047e-04 -1.580119132995605469e-04 -1.572370529174804688e-04 -1.546144485473632812e-04 -1.697838306427001953e-04 -1.631081104278564453e-04 -1.655220985412597656e-04
1.425383070332422841e+00 5.453824996948242188e-05 4.687905311584472656e-05 4.741549491882324219e-05 5.230307579040527344e-05 4.747509956359863281e-05 6.726384162902832031e-05 5.748867988586425781e-05 5.182623863220214844e-05 5.155801773071289062e-05 5.254149436950683594e-05
1.431835832317810642e+00 1.136064529418945312e-04 1.028478145599365234e-04 1.147985458374023438e-04 1.095533370971679688e-04 1.013278961181640625e-04 9.521842002868652344e-05 9.867548942565917969e-05 9.956955909729003906e-05 1.016259193420410156e-04 9.924173355102539062e-05
1.438288594303198664e+00 -9.751319885253906250e-05 -8.746981620788574219e-05 -8.115172386169433594e-05 -8.589029312133789062e-05 -8.311867713928222656e-05 -8.803606033325195312e-05 -9.715557098388671875e-05 -9.196996688842773438e-05 -9.125471115112304688e-05 -9.658932685852050781e-05
1.444741356288586465e+00 9.605288505554199219e-05 9.301304817199707031e-05 9.882450103759765625e-05 9.709596633911132812e-05 9.188055992126464844e-05 9.295344352722167969e-05 1.105964183807373047e-04 9.962916374206542969e-05 1.032948493957519531e-04 9.846687316894531250e-05
1.451194118273974487e+00 -6.037950515747070312e-05 -6.788969039916992188e-05 -4.419684410095214844e-05 -5.474686622619628906e-05 -5.677342414855957031e-05 -6.750226020812988281e-05 -6.502866744995117188e-05 -5.966424942016601562e-05 -5.823373794555664062e-05 -5.590915679931640625e-05
1.457646880259362288e+00 -1.728534698486328125e-05 -2.163648605346679688e-05 -1.603364944458007812e-05 -2.214312553405761719e-05 -2.560019493103027344e-05 -1.773238182067871094e-05 -2.601742744445800781e-05 -1.743435859680175781e-05 -2.917647361755371094e-05 -1.272559165954589844e-05
1.464099642244750310e+00 6.219744682312011719e-05 7.772445678710937500e-05 6.905198097229003906e-05 6.914138793945312500e-05 7.584691047668457031e-05 6.774067878723144531e-05 7.218122482299804688e-05 7.125735282897949219e-05 6.946921348571777344e-05 8.705258369445800781e-05
1.470552404230138110e+00 -1.008808612823486328e-04 -9.158253669738769531e-05 -9.691715240478515625e-05 -9.173154830932617188e-05 -9.918212890625000000e-05 -8.961558341979980469e-05 -8.702278137207031250e-05 -9.283423423767089844e-05 -9.667873382568359375e-05 -9.834766387939453125e-05
1.477005166215525911e+00 6.407499313354492188e-06 1.281499862670898438e-06 -6.258487701416015625e-07 -2.264976501464843750e-06 -2.980232238769531250e-08 2.950429916381835938e-06 2.682209014892578125e-06 1.224875450134277344e-05 -9.357929229736328125e-06 -7.271766662597656250e-06
1.483457928200913933e+00 -1.472234725952148438e-05 -1.195073127746582031e-05 -9.328126907348632812e-06 8.046627044677734375e-07 -2.086162567138671875e-07 -9.715557098388671875e-06 -1.344084739685058594e-05 -3.755092620849609375e-06 -9.566545486450195312e-06 -1.290440559387207031e-05
1.489910690186301734e+00 -5.319714546203613281e-05 -6.559491157531738281e-05 -7.042288780212402344e-05 -7.826089859008789062e-05 -6.428360939025878906e-05 -6.997585296630859375e-05 -5.823373794555664062e-05 -7.638335227966308594e-05 -8.541345596313476562e-05 -6.914138793945312500e-05
1.496363452171689756e+00 7.954239845275878906e-05 7.960200309753417969e-05 7.772445678710937500e-05 7.534027099609375000e-05 8.204579353332519531e-05 7.930397987365722656e-05 9.152293205261230469e-05 8.291006088256835938e-05 8.398294448852539062e-05 8.562207221984863281e-05
1.502816214157077557e+00 -6.136298179626464844e-05 -6.231665611267089844e-05 -6.541609764099121094e-05 -5.105137825012207031e-05 -5.570054054260253906e-05 -5.754828453063964844e-05 -7.197260856628417969e-05 -5.728006362915039062e-05 -4.920363426208496094e-05 -5.397200584411621094e-05
1.509268976142465579e+00 -4.205107688903808594e-05 -4.610419273376464844e-05 -4.327297210693359375e-05 -5.385279655456542969e-05 -5.349516868591308594e-05 -4.723668098449707031e-05 -4.926323890686035156e-05 -5.391240119934082031e-05 -5.638599395751953125e-05 -4.667043685913085938e-05
1.515721738127853380e+00 7.244944572448730469e-05 6.663799285888671875e-05 7.382035255432128906e-05 8.258223533630371094e-05 7.662177085876464844e-05 7.712841033935546875e-05 7.185339927673339844e-05 8.049607276916503906e-05 6.717443466186523438e-05 6.440281867980957031e-05
1.522174500113241402e+00 -6.869435310363769531e-05 -8.168816566467285156e-05 -8.004903793334960938e-05 -7.227063179016113281e-05 -7.703900337219238281e-05 -7.456541061401367188e-05 -7.551908493041992188e-05 -7.742643356323242188e-05 -7.206201553344726562e-05 -7.522106170654296875e-05
1.528627262098629203e+00 3.132224082946777344e-05 3.504753112792968750e-05 4.866719245910644531e-05 3.296136856079101562e-05 2.053380012512207031e-05 3.948807716369628906e-05 3.454089164733886719e-05 3.868341445922851562e-05 3.191828727722167969e-05 3.826618194580078125e-05
1.535080024084017225e+00 1.847743988037109375e-05 2.717971801757812500e-05 2.330541610717773438e-05 2.348423004150390625e-05 1.704692840576171875e-05 2.387166023254394531e-05 2.613663673400878906e-05 2.810359001159667969e-05 3.808736801147460938e-05 2.020597457885742188e-05
1.541532786069405025e+00 -6.693601608276367188e-05 -6.750226020812988281e-05 -6.508827209472656250e-05 -6.034970283508300781e-05 -6.851553916931152344e-05 -6.747245788574218750e-05 -6.851553916931152344e-05 -6.890296936035156250e-05 -7.861852645874023438e-05 -7.209181785583496094e-05
1.547985548054793048e+00 6.207823753356933594e-05 5.847215652465820312e-05 5.301833152770996094e-05 6.973743438720703125e-05 5.057454109191894531e-05 4.160404205322265625e-05 4.678964614868164062e-05 5.134940147399902344e-05 4.243850708007812500e-05 3.623962402343750000e-05
1.554438310040180848e+00 7.361173629760742188e-06 1.832842826843261719e-05 9.089708328247070312e-06 1.624226570129394531e-05 1.811981201171875000e-05 1.838803291320800781e-05 2.291798591613769531e-05 2.396106719970703125e-05 1.895427703857421875e-05 1.665949821472167969e-05
1.560891072025568649e+00 -3.084540367126464844e-05 -3.859400749206542969e-05 -3.191828727722167969e-05 -3.069639205932617188e-05 -2.875924110412597656e-05 -3.907084465026855469e-05 -2.545118331909179688e-05 -2.935528755187988281e-05 -2.130866050720214844e-05 -2.887845039367675781e-05
1.567343834010956671e+00 5.471706390380859375e-05 5.355477333068847656e-05 5.522370338439941406e-05 5.903840065002441406e-05 5.394220352172851562e-05 5.251169204711914062e-05 5.099177360534667969e-05 4.842877388000488281e-05 5.316734313964843750e-05 5.218386650085449219e-05
1.573796595996344472e+00 -1.591444015502929688e-05 -2.345442771911621094e-05 -1.034140586853027344e-05 -2.622604370117187500e-05 -1.972913742065429688e-05 -2.002716064453125000e-05 -1.269578933715820312e-05 -2.101063728332519531e-05 -5.900859832763671875e-06 -8.791685104370117188e-06
1.580249357981732494e+00 -2.264976501464843750e-05 -2.348423004150390625e-05 -3.388524055480957031e-05 -2.300739288330078125e-05 -2.899765968322753906e-05 -2.610683441162109375e-05 -1.651048660278320312e-05 -2.798438072204589844e-05 -3.072619438171386719e-05 -3.588199615478515625e-05
1.586702119967120295e+00 6.663799285888671875e-05 6.452202796936035156e-05 4.872679710388183594e-05 5.102157592773437500e-05 5.778670310974121094e-05 5.289912223815917969e-05 4.830956459045410156e-05 4.911422729492187500e-05 4.431605339050292969e-05 4.628300666809082031e-05
1.593154881952508317e+00 -4.169344902038574219e-05 -5.072355270385742188e-05 -3.373622894287109375e-05 -4.205107688903808594e-05 -3.474950790405273438e-05 -3.433227539062500000e-05 -2.071261405944824219e-05 -2.706050872802734375e-05 -1.037120819091796875e-05 -4.422664642333984375e-05
1.599607643937896118e+00 6.154179573059082031e-05 4.714727401733398438e-05 3.913044929504394531e-05 3.442168235778808594e-05 5.015730857849121094e-05 3.325939178466796875e-05 3.734230995178222656e-05 3.752112388610839844e-05 3.561377525329589844e-05 3.707408905029296875e-05
1.606060405923284140e+00 8.761882781982421875e-06 -3.546476364135742188e-06 7.957220077514648438e-06 -1.001358032226562500e-05 1.177191734313964844e-05 4.440546035766601562e-06 9.238719940185546875e-07 1.591444015502929688e-05 8.016824722290039062e-06 1.135468482971191406e-05
1.612513167908671941e+00 -4.580616950988769531e-05 -5.289912223815917969e-05 -3.871321678161621094e-05 -4.869699478149414062e-05 -5.444884300231933594e-05 -3.990530967712402344e-05 -4.416704177856445312e-05 -3.722310066223144531e-05 -4.085898399353027344e-05 -3.877282142639160156e-05
1.618965929894059963e+00 7.498264312744140625e-05 7.611513137817382812e-05 7.569789886474609375e-05 7.027387619018554688e-05 6.341934204101562500e-05 5.137920379638671875e-05 5.286931991577148438e-05 7.146596908569335938e-05 6.026029586791992188e-05 7.200241088867187500e-05
1.625418691879447763e+00 -4.649162292480468750e-05 -4.211068153381347656e-05 -4.783272743225097656e-05 -4.497170448303222656e-05 -5.319714546203613281e-05 -3.600120544433593750e-05 -5.018711090087890625e-05 -4.291534423828125000e-05 -3.236532211303710938e-05 -4.380941390991210938e-05
1.631871453864835786e+00 2.759695053100585938e-05 1.823902130126953125e-05 1.204013824462890625e-05 1.057982444763183594e-05 1.856684684753417969e-05 2.688169479370117188e-05 1.683831214904785156e-05 1.719594001770019531e-05 2.372264862060546875e-05 2.017617225646972656e-05
1.638324215850223586e+00 3.150105476379394531e-05 3.519654273986816406e-05 1.311302185058593750e-05 2.160668373107910156e-05 3.296136856079101562e-05 5.811452865600585938e-06 1.165270805358886719e-05 1.069903373718261719e-05 9.983777999877929688e-06 1.946091651916503906e-05
1.644776977835611609e+00 -6.261467933654785156e-05 -5.039572715759277344e-05 -6.425380706787109375e-05 -6.231665611267089844e-05 -6.997585296630859375e-05 -6.398558616638183594e-05 -5.385279655456542969e-05 -5.775690078735351562e-05 -7.301568984985351562e-05 -5.987286567687988281e-05
1.651229739820999409e+00 1.369118690490722656e-04 1.167953014373779297e-04 1.226961612701416016e-04 1.323819160461425781e-04 1.245737075805664062e-04 1.237690448760986328e-04 1.278221607208251953e-04 1.253187656402587891e-04 1.265406608581542969e-04 1.243948936462402344e-04
1.657682501806387210e+00 -5.218386650085449219e-05 -4.854798316955566406e-05 -5.164742469787597656e-05 -5.075335502624511719e-05 -4.634261131286621094e-05 -5.811452865600585938e-05 -6.246566772460937500e-05 -5.286931991577148438e-05 -4.386901855468750000e-05 -5.993247032165527344e-05
1.664135263791775232e+00 1.615285873413085938e-05 1.034140586853027344e-05 1.960992813110351562e-05 1.162290573120117188e-05 1.093745231628417969e-05 4.231929779052734375e-06 8.016824722290039062e-06 1.770257949829101562e-05 1.299381256103515625e-05 1.373887062072753906e-05
1.670588025777163033e+00 4.062056541442871094e-05 4.506111145019531250e-05 4.529953002929687500e-05 4.929304122924804688e-05 4.604458808898925781e-05 3.552436828613281250e-05 4.857778549194335938e-05 3.519654273986816406e-05 6.216764450073242188e-05 3.591179847717285156e-05
1.677040787762551055e+00 -3.064870834350585938e-04 -3.059506416320800781e-04 -3.020167350769042969e-04 -2.979636192321777344e-04 -2.927780151367187500e-04 -3.082156181335449219e-04 -3.218948841094970703e-04 -3.202557563781738281e-04 -3.149211406707763672e-04 -3.193616867065429688e-04
1.683493549747938856e+00 1.048445701599121094e-04 1.156628131866455078e-04 1.328289508819580078e-04 1.169145107269287109e-04 1.174211502075195312e-04 1.290440559387207031e-04 1.427829265594482422e-04 1.315772533416748047e-04 1.492798328399658203e-04 1.462399959564208984e-04
1.689946311733326878e+00 1.022219657897949219e-04 1.178979873657226562e-04 1.098811626434326172e-04 1.153051853179931641e-04 1.068115234375000000e-04 1.154541969299316406e-04 1.078546047210693359e-04 1.108944416046142578e-04 1.044869422912597656e-04 9.486079216003417969e-05
1.696399073718714678e+00 -1.159012317657470703e-04 -1.099407672882080078e-04 -1.153349876403808594e-04 -1.181364059448242188e-04 -1.231729984283447266e-04 -1.132786273956298828e-04 -1.181662082672119141e-04 -1.226663589477539062e-04 -1.116394996643066406e-04 -1.170337200164794922e-04
1.702851835704102701e+00 2.296566963195800781e-04 2.101957798004150391e-04 2.399086952209472656e-04 2.329647541046142578e-04 2.235472202301025391e-04 2.258121967315673828e-04 2.306401729583740234e-04 2.307295799255371094e-04 2.362430095672607422e-04 2.261996269226074219e-04
1.709304597689490501e+00 -4.965066909790039062e-05 -5.307793617248535156e-05 -5.111098289489746094e-05 -6.896257400512695312e-05 -5.766749382019042969e-05 -7.233023643493652344e-05 -8.350610733032226562e-05 -6.991624832153320312e-05 -7.551908493041992188e-05 -8.431077003479003906e-05
1.715757359674878524e+00 -7.450580596923828125e-07 8.076429367065429688e-06 -2.562999725341796875e-06 -1.049041748046875000e-05 5.215406417846679688e-06 4.261732101440429688e-06 8.374452590942382812e-06 5.155801773071289062e-06 1.645088195800781250e-05 2.253055572509765625e-05
1.722210121660266324e+00 1.431405544281005859e-04 1.619458198547363281e-04 1.426041126251220703e-04 1.501142978668212891e-04 1.542866230010986328e-04 1.429915428161621094e-04 1.539289951324462891e-04 1.547932624816894531e-04 1.531541347503662109e-04 1.533329486846923828e-04
1.728662883645654347e+00 -3.427267074584960938e-05 -4.231929779052734375e-05 -4.374980926513671875e-05 -4.231929779052734375e-05 -3.436207771301269531e-05 -4.059076309204101562e-05 -4.535913467407226562e-05 -4.559755325317382812e-05 -5.450844764709472656e-05 -5.623698234558105469e-05
1.735115645631042147e+00 2.741813659667968750e-05 3.677606582641601562e-05 3.668665885925292969e-05 2.688169479370117188e-05 4.008412361145019531e-05 3.916025161743164062e-05 4.628300666809082031e-05 4.529953002929687500e-05 5.370378494262695312e-05 4.601478576660156250e-05
1.741568407616429948e+00 1.631379127502441406e-04 1.659393310546875000e-04 1.619458198547363281e-04 1.527965068817138672e-04 1.689493656158447266e-04 1.610219478607177734e-04 1.644790172576904297e-04 1.612007617950439453e-04 1.566112041473388672e-04 1.642405986785888672e-04
1.748021169601817970e+00 -1.498162746429443359e-04 -1.491010189056396484e-04 -1.497566699981689453e-04 -1.498758792877197266e-04 -1.506805419921875000e-04 -1.500248908996582031e-04 -1.527965068817138672e-04 -1.563429832458496094e-04 -1.516640186309814453e-04 -1.405775547027587891e-04
1.754473931587205771e+00 8.991360664367675781e-05 9.459257125854492188e-05 8.228421211242675781e-05 9.086728096008300781e-05 9.384751319885253906e-05 8.434057235717773438e-05 9.074807167053222656e-05 9.286403656005859375e-05 8.127093315124511719e-05 8.404254913330078125e-05
1.760926693572593793e+00 1.091063022613525391e-04 9.658932685852050781e-05 9.593367576599121094e-05 1.085698604583740234e-04 1.071095466613769531e-04 1.002550125122070312e-04 1.056492328643798828e-04 8.988380432128906250e-05 9.381771087646484375e-05 1.002252101898193359e-04
1.767379455557981593e+00 -1.579523086547851562e-05 -6.884336471557617188e-06 -1.332163810729980469e-05 -1.713633537292480469e-05 -1.233816146850585938e-05 -2.393126487731933594e-05 -2.285838127136230469e-05 -2.288818359375000000e-05 -8.165836334228515625e-06 -1.966953277587890625e-05
1.773832217543369616e+00 9.205937385559082031e-05 1.037418842315673828e-04 8.857250213623046875e-05 8.735060691833496094e-05 8.842349052429199219e-05 9.495019912719726562e-05 9.328126907348632812e-05 8.314847946166992188e-05 8.374452590942382812e-05 9.587407112121582031e-05
1.780284979528757416e+00 -2.494454383850097656e-05 -1.934170722961425781e-05 -3.048777580261230469e-05 -1.963973045349121094e-05 -1.686811447143554688e-05 -2.562999725341796875e-05 -2.366304397583007812e-05 -1.683831214904785156e-05 -2.780556678771972656e-05 -2.744793891906738281e-05
1.786737741514145439e+00 -1.221001148223876953e-04 -1.228153705596923828e-04 -1.248717308044433594e-04 -1.245141029357910156e-04 -1.233518123626708984e-04 -1.330077648162841797e-04 -1.243650913238525391e-04 -1.410841941833496094e-04 -1.206994056701660156e-04 -1.233816146850585938e-04
1.793190503499533239e+00 6.258487701416015625e-07 1.111626625061035156e-05 8.076429367065429688e-06 -4.470348358154296875e-07 1.254677772521972656e-05 1.740455627441406250e-05 1.743435859680175781e-05 1.576542854309082031e-05 1.454353332519531250e-05 1.037120819091796875e-05
1.799643265484921262e+00 2.100467681884765625e-04 2.169907093048095703e-04 2.149343490600585938e-04 2.184808254241943359e-04 2.109408378601074219e-04 2.011656761169433594e-04 2.063214778900146484e-04 2.092719078063964844e-04 1.954734325408935547e-04 2.036690711975097656e-04
1.806096027470309062e+00 -8.988380432128906250e-05 -9.259581565856933594e-05 -8.720159530639648438e-05 -9.873509407043457031e-05 -9.927153587341308594e-05 -9.837746620178222656e-05 -9.876489639282226562e-05 -1.050829887390136719e-04 -9.098649024963378906e-05 -1.033246517181396484e-04
1.812548789455697085e+00 8.887052536010742188e-05 8.937716484069824219e-05 9.131431579589843750e-05 7.683038711547851562e-05 9.027123451232910156e-05 9.131431579589843750e-05 8.773803710937500000e-05 9.122490882873535156e-05 8.028745651245117188e-05 9.599328041076660156e-05
1.819001551441084885e+00 9.939074516296386719e-05 1.145601272583007812e-04 1.012980937957763672e-04 9.539723396301269531e-05 1.012086868286132812e-04 8.910894393920898438e-05 9.626150131225585938e-05 9.438395500183105469e-05 8.586049079895019531e-05 7.769465446472167969e-05
1.825454313426472908e+00 -2.683699131011962891e-04 -2.581179141998291016e-04 -2.544224262237548828e-04 -2.564191818237304688e-04 -2.399384975433349609e-04 -2.539455890655517578e-04 -2.490282058715820312e-04 -2.644062042236328125e-04 -2.421736717224121094e-04 -2.590715885162353516e-04
1.831907075411860708e+00 2.273917198181152344e-04 2.213120460510253906e-04 2.177059650421142578e-04 2.284348011016845703e-04 2.213716506958007812e-04 2.231001853942871094e-04 2.258718013763427734e-04 2.255737781524658203e-04 2.185106277465820312e-04 2.253055572509765625e-04
1.838359837397248508e+00 -4.023313522338867188e-06 2.920627593994140625e-06 -1.460313796997070312e-06 9.536743164062500000e-07 -8.463859558105468750e-06 -1.361966133117675781e-05 -8.672475814819335938e-06 -1.093745231628417969e-05 -1.823902130126953125e-05 -1.353025436401367188e-05
1.844812599382636531e+00 -1.886785030364990234e-04 -1.989006996154785156e-04 -1.930594444274902344e-04 -1.991093158721923828e-04 -1.921951770782470703e-04 -1.825690269470214844e-04 -1.783967018127441406e-04 -1.843273639678955078e-04 -1.876950263977050781e-04 -1.860260963439941406e-04
1.851265361368024331e+00 2.769529819488525391e-04 2.675652503967285156e-04 2.768337726593017578e-04 2.691447734832763672e-04 2.781748771667480469e-04 2.717077732086181641e-04 2.662241458892822266e-04 2.702176570892333984e-04 2.610385417938232422e-04 2.698004245758056641e-04
1.857718123353412354e+00 -2.176165580749511719e-04 -2.104043960571289062e-04 -2.040565013885498047e-04 -2.165436744689941406e-04 -2.011656761169433594e-04 -2.061426639556884766e-04 -2.063214778900146484e-04 -2.173781394958496094e-04 -1.994967460632324219e-04 -2.042651176452636719e-04
1.864170885338800154e+00 -2.104043960571289062e-05 -1.657009124755859375e-05 -2.986192703247070312e-05 -2.992153167724609375e-05 -2.694129943847656250e-05 -1.308321952819824219e-05 -1.743435859680175781e-05 -2.211332321166992188e-05 -1.400709152221679688e-05 -1.361966133117675781e-05
1.870623647324188177e+00 2.083480358123779297e-04 2.232491970062255859e-04 2.073943614959716797e-04 2.046227455139160156e-04 2.099275588989257812e-04 2.112686634063720703e-04 1.958012580871582031e-04 2.167522907257080078e-04 1.940429210662841797e-04 2.093315124511718750e-04
1.877076409309575977e+00 -2.388060092926025391e-04 -2.399682998657226562e-04 -2.428591251373291016e-04 -2.438724040985107422e-04 -2.386569976806640625e-04 -2.457797527313232422e-04 -2.367794513702392578e-04 -2.454221248626708984e-04 -2.406835556030273438e-04 -2.515316009521484375e-04
1.883529171294964000e+00 5.972385406494140625e-05 5.424022674560546875e-05 5.158782005310058594e-05 5.912780761718750000e-05 4.807114601135253906e-05 5.793571472167968750e-05 6.052851676940917969e-05 5.963444709777832031e-05 6.175041198730468750e-05 6.875395774841308594e-05
1.889981933280351800e+00 7.724761962890625000e-05 7.057189941406250000e-05 6.479024887084960938e-05 6.425380706787109375e-05 6.616115570068359375e-05 5.576014518737792969e-05 5.742907524108886719e-05 7.069110870361328125e-05 7.510185241699218750e-05 6.318092346191406250e-05
1.896434695265739823e+00 -2.047121524810791016e-04 -2.013742923736572266e-04 -1.928508281707763672e-04 -1.850724220275878906e-04 -1.938939094543457031e-04 -1.861453056335449219e-04 -2.000629901885986328e-04 -1.935958862304687500e-04 -1.943707466125488281e-04 -1.877844333648681641e-04
1.902887457251127623e+00 1.193284988403320312e-04 1.340508460998535156e-04 1.092255115509033203e-04 1.219213008880615234e-04 1.298487186431884766e-04 1.178979873657226562e-04 1.281499862670898438e-04 1.318454742431640625e-04 1.266002655029296875e-04 1.270771026611328125e-04
1.909340219236515646e+00 1.862645149230957031e-05 2.700090408325195312e-05 3.236532211303710938e-05 3.305077552795410156e-05 2.026557922363281250e-05 3.260374069213867188e-05 1.993775367736816406e-05 1.606345176696777344e-05 1.940131187438964844e-05 2.911686897277832031e-05
1.915792981221903446e+00 -1.568496227264404297e-04 -1.504421234130859375e-04 -1.338124275207519531e-04 -1.499652862548828125e-04 -1.358091831207275391e-04 -1.527667045593261719e-04 -1.430511474609375000e-04 -1.510977745056152344e-04 -1.334547996520996094e-04 -1.423656940460205078e-04
1.922245743207291468e+00 1.260638236999511719e-04 1.388788223266601562e-04 1.395344734191894531e-04 1.272559165954589844e-04 1.381933689117431641e-04 1.400113105773925781e-04 1.320838928222656250e-04 1.315772533416748047e-04 1.360476016998291016e-04 1.412928104400634766e-04
1.928698505192679269e+00 -3.254413604736328125e-05 -3.120303153991699219e-05 -1.269578933715820312e-05 -2.652406692504882812e-05 -1.582503318786621094e-05 -2.813339233398437500e-05 -3.081560134887695312e-05 -3.412365913391113281e-05 -2.235174179077148438e-05 -3.150105476379394531e-05
1.935151267178067069e+00 -5.891919136047363281e-05 -6.064772605895996094e-05 -5.984306335449218750e-05 -6.181001663208007812e-05 -5.587935447692871094e-05 -5.221366882324218750e-05 -6.183981895446777344e-05 -4.628300666809082031e-05 -5.024671554565429688e-05 -4.252791404724121094e-05
1.941604029163455092e+00 1.180768013000488281e-04 1.287758350372314453e-04 1.303553581237792969e-04 1.268088817596435547e-04 1.251399517059326172e-04 1.222193241119384766e-04 1.307427883148193359e-04 1.302659511566162109e-04 1.241564750671386719e-04 1.299679279327392578e-04
1.948056791148842892e+00 -5.200505256652832031e-05 -5.584955215454101562e-05 -4.842877388000488281e-05 -5.435943603515625000e-05 -4.556775093078613281e-05 -6.243586540222167969e-05 -5.590915679931640625e-05 -5.066394805908203125e-05 -6.338953971862792969e-05 -4.681944847106933594e-05
1.954509553134230915e+00 -1.046061515808105469e-04 -9.182095527648925781e-05 -1.083910465240478516e-04 -1.018643379211425781e-04 -9.298324584960937500e-05 -9.620189666748046875e-05 -9.936094284057617188e-05 -8.156895637512207031e-05 -8.395314216613769531e-05 -8.270144462585449219e-05
1.960962315119618715e+00 2.100169658660888672e-04 1.888275146484375000e-04 2.043545246124267578e-04 1.850128173828125000e-04 1.863539218902587891e-04 1.836121082305908203e-04 1.977086067199707031e-04 1.934170722961425781e-04 1.895427703857421875e-04 1.867115497589111328e-04
1.967415077105006738e+00 -1.270473003387451172e-04 -1.187622547149658203e-04 -1.139640808105468750e-04 -1.247227191925048828e-04 -1.213848590850830078e-04 -1.205801963806152344e-04 -1.232326030731201172e-04 -1.232624053955078125e-04 -1.353919506072998047e-04 -1.230537891387939453e-04
1.973867839090394538e+00 3.814697265625000000e-06 9.179115295410156250e-06 2.145767211914062500e-06 -1.966953277587890625e-06 5.811452865600585938e-06 1.725554466247558594e-05 7.152557373046875000e-07 3.933906555175781250e-06 1.728534698486328125e-06 1.323223114013671875e-05
1.980320601075782561e+00 1.168251037597656250e-04 1.177191734313964844e-04 1.123249530792236328e-04 1.188218593597412109e-04 1.114904880523681641e-04 1.173615455627441406e-04 1.226961612701416016e-04 1.049339771270751953e-04 1.118183135986328125e-04 1.064538955688476562e-04
1.986773363061170361e+00 -2.371668815612792969e-04 -2.503693103790283203e-04 -2.377927303314208984e-04 -2.267360687255859375e-04 -2.363324165344238281e-04 -2.374649047851562500e-04 -2.333521842956542969e-04 -2.298355102539062500e-04 -2.247691154479980469e-04 -2.385973930358886719e-04
1.993226125046558384e+00 1.608431339263916016e-04 1.601576805114746094e-04 1.617372035980224609e-04 1.603066921234130859e-04 1.477301120758056641e-04 1.712143421173095703e-04 1.687407493591308594e-04 1.639723777770996094e-04 1.553297042846679688e-04 1.668632030487060547e-04
1.999678887031946184e+00 9.456276893615722656e-05 8.174777030944824219e-05 9.766221046447753906e-05 9.393692016601562500e-05 8.842349052429199219e-05 8.031725883483886719e-05 6.726384162902832031e-05 7.742643356323242188e-05 7.528066635131835938e-05 7.325410842895507812e-05
2.006131649017333984e+00 -1.186728477478027344e-04 -1.082718372344970703e-04 -1.039505004882812500e-04 -1.003146171569824219e-04 -9.828805923461914062e-05 -9.086728096008300781e-05 -9.796023368835449219e-05 -9.313225746154785156e-05 -8.782744407653808594e-05 -9.483098983764648438e-05
