#Range[m] 0 1 2 3 4 5 6 7 8 9
1.800000071525573730e-01 -4.635193943977355957e-02 -4.656407237052917480e-02 -4.653123021125793457e-02 -4.631218314170837402e-02 -4.627996683120727539e-02 -4.631850123405456543e-02 -4.632860422134399414e-02 -4.630753397941589355e-02 -4.643058776855468750e-02 -4.638034105300903320e-02
1.864527691379452845e-01 3.526899218559265137e-02 3.507232666015625000e-02 3.500381112098693848e-02 3.525844216346740723e-02 3.523984551429748535e-02 3.515216708183288574e-02 3.518474102020263672e-02 3.513142466545104980e-02 3.508189320564270020e-02 3.517800569534301758e-02
1.929055311233331682e-01 1.012164354324340820e-02 1.034814119338989258e-02 1.040261983871459961e-02 1.001906394958496094e-02 1.000928878784179688e-02 1.022195816040039062e-02 1.012924313545227051e-02 1.017501950263977051e-02 1.029554009437561035e-02 1.026573777198791504e-02
1.993582931087210797e-01 -2.286434173583984375e-02 -2.289983630180358887e-02 -2.291914820671081543e-02 -2.280709147453308105e-02 -2.280265092849731445e-02 -2.288582921028137207e-02 -2.283003926277160645e-02 -2.284371852874755859e-02 -2.290320396423339844e-02 -2.294537425041198730e-02
2.058110550941089911e-01 2.880901098251342773e-03 2.796292304992675781e-03 2.847373485565185547e-03 2.959221601486206055e-03 2.911686897277832031e-03 2.890348434448242188e-03 2.853751182556152344e-03 2.820461988449096680e-03 2.845257520675659180e-03 2.873420715332031250e-03
2.122638170794968748e-01 7.146120071411132812e-03 7.110029458999633789e-03 7.086455821990966797e-03 6.986856460571289062e-03 7.011562585830688477e-03 7.129102945327758789e-03 7.147431373596191406e-03 7.075339555740356445e-03 7.084459066390991211e-03 7.085472345352172852e-03
2.187165790648847863e-01 7.402360439300537109e-03 7.433295249938964844e-03 7.455676794052124023e-03 7.491111755371093750e-03 7.478028535842895508e-03 7.420569658279418945e-03 7.406324148178100586e-03 7.492303848266601562e-03 7.488310337066650391e-03 7.417231798171997070e-03
2.251693410502726977e-01 -1.550102233886718750e-02 -1.541018486022949219e-02 -1.535770297050476074e-02 -1.546880602836608887e-02 -1.552778482437133789e-02 -1.550433039665222168e-02 -1.548558473587036133e-02 -1.547673344612121582e-02 -1.541310548782348633e-02 -1.543474197387695312e-02
2.316221030356606092e-01 -6.272584199905395508e-03 -6.479620933532714844e-03 -6.468713283538818359e-03 -6.367087364196777344e-03 -6.323337554931640625e-03 -6.360292434692382812e-03 -6.306052207946777344e-03 -6.421864032745361328e-03 -6.486982107162475586e-03 -6.445527076721191406e-03
2.380748650210485207e-01 2.584674954414367676e-02 2.578729391098022461e-02 2.580299973487854004e-02 2.583640813827514648e-02 2.584397792816162109e-02 2.584627270698547363e-02 2.583086490631103516e-02 2.582871913909912109e-02 2.581501007080078125e-02 2.581802010536193848e-02
2.445276270064364044e-01 -1.019346714019775391e-02 -9.837001562118530273e-03 -9.765326976776123047e-03 -1.005840301513671875e-02 -1.002901792526245117e-02 -9.989321231842041016e-03 -1.004445552825927734e-02 -9.923160076141357422e-03 -9.921997785568237305e-03 -9.887069463729858398e-03
2.509803889918242881e-01 -2.557843923568725586e-02 -2.576842904090881348e-02 -2.577728033065795898e-02 -2.563917636871337891e-02 -2.563738822937011719e-02 -2.565407752990722656e-02 -2.565187215805053711e-02 -2.565163373947143555e-02 -2.574560046195983887e-02 -2.568301558494567871e-02
2.574331509772121995e-01 2.822431921958923340e-02 2.801379561424255371e-02 2.800428867340087891e-02 2.817523479461669922e-02 2.822002768516540527e-02 2.819240093231201172e-02 2.818545699119567871e-02 2.819594740867614746e-02 2.813887596130371094e-02 2.819684147834777832e-02
2.638859129626001110e-01 5.701035261154174805e-03 6.115674972534179688e-03 6.133019924163818359e-03 5.838006734848022461e-03 5.796402692794799805e-03 5.838513374328613281e-03 5.788922309875488281e-03 5.941897630691528320e-03 6.050527095794677734e-03 5.963683128356933594e-03
2.703386749479880224e-01 -3.747624158859252930e-02 -3.750088810920715332e-02 -3.751197457313537598e-02 -3.744214773178100586e-02 -3.747320175170898438e-02 -3.747823834419250488e-02 -3.745135664939880371e-02 -3.745263814926147461e-02 -3.748378157615661621e-02 -3.749072551727294922e-02
2.767914369333759339e-01 1.886758208274841309e-02 1.858049631118774414e-02 1.857632398605346680e-02 1.883611083030700684e-02 1.881200075149536133e-02 1.876950263977050781e-02 1.886814832687377930e-02 1.875209808349609375e-02 1.869037747383117676e-02 1.871341466903686523e-02
2.832441989187638454e-01 2.086055278778076172e-02 2.116119861602783203e-02 2.117612957954406738e-02 2.085351943969726562e-02 2.085199952125549316e-02 2.095192670822143555e-02 2.088695764541625977e-02 2.097669243812561035e-02 2.106845378875732422e-02 2.102836966514587402e-02
2.896969609041517568e-01 -3.308582305908203125e-02 -3.300622105598449707e-02 -3.296011686325073242e-02 -3.305575251579284668e-02 -3.304356336593627930e-02 -3.304934501647949219e-02 -3.303012251853942871e-02 -3.304061293601989746e-02 -3.297895193099975586e-02 -3.303512930870056152e-02
2.961497228895396683e-01 2.201318740844726562e-03 1.943200826644897461e-03 1.941144466400146484e-03 2.162843942642211914e-03 2.239853143692016602e-03 2.126604318618774414e-03 2.224504947662353516e-03 2.078771591186523438e-03 2.042412757873535156e-03 2.143591642379760742e-03
3.026024848749275242e-01 2.621027827262878418e-02 2.635461091995239258e-02 2.639186382293701172e-02 2.618959546089172363e-02 2.626392245292663574e-02 2.625349164009094238e-02 2.624487876892089844e-02 2.631667256355285645e-02 2.639943361282348633e-02 2.630499005317687988e-02
3.090552468603154357e-01 -2.130472660064697266e-02 -2.112784981727600098e-02 -2.109652757644653320e-02 -2.127215266227722168e-02 -2.128511667251586914e-02 -2.123579382896423340e-02 -2.127757668495178223e-02 -2.117994427680969238e-02 -2.118939161300659180e-02 -2.119627594947814941e-02
3.155080088457033471e-01 -1.340842247009277344e-02 -1.364561915397644043e-02 -1.363018155097961426e-02 -1.339483261108398438e-02 -1.344671845436096191e-02 -1.346829533576965332e-02 -1.349699497222900391e-02 -1.350563764572143555e-02 -1.356527209281921387e-02 -1.351377367973327637e-02
3.219607708310912586e-01 2.554491162300109863e-02 2.550229430198669434e-02 2.550408244132995605e-02 2.546522021293640137e-02 2.549454569816589355e-02 2.553144097328186035e-02 2.551648020744323730e-02 2.547666430473327637e-02 2.551048994064331055e-02 2.548679709434509277e-02
3.284135328164791701e-01 -4.087924957275390625e-03 -3.933519124984741211e-03 -3.890663385391235352e-03 -4.061102867126464844e-03 -4.040926694869995117e-03 -4.054933786392211914e-03 -4.041314125061035156e-03 -3.997921943664550781e-03 -3.940820693969726562e-03 -3.984302282333374023e-03
3.348662948018670260e-01 -1.985210180282592773e-02 -1.988309621810913086e-02 -1.988950371742248535e-02 -1.982897520065307617e-02 -1.983988285064697266e-02 -1.982212066650390625e-02 -1.981180906295776367e-02 -1.981443166732788086e-02 -1.983898878097534180e-02 -1.983168721199035645e-02
3.413190567872549375e-01 1.329910755157470703e-02 1.318359375000000000e-02 1.313036680221557617e-02 1.321831345558166504e-02 1.324984431266784668e-02 1.323378086090087891e-02 1.327279210090637207e-02 1.318815350532531738e-02 1.316341757774353027e-02 1.319226622581481934e-02
3.477718187726428489e-01 1.066023111343383789e-02 1.074546575546264648e-02 1.078933477401733398e-02 1.069819927215576172e-02 1.065534353256225586e-02 1.069483160972595215e-02 1.067000627517700195e-02 1.071834564208984375e-02 1.076650619506835938e-02 1.072385907173156738e-02
3.542245807580307604e-01 -1.568379998207092285e-02 -1.563164591789245605e-02 -1.561662554740905762e-02 -1.564890146255493164e-02 -1.564881205558776855e-02 -1.564022898674011230e-02 -1.566952466964721680e-02 -1.563903689384460449e-02 -1.564854383468627930e-02 -1.564767956733703613e-02
3.606773427434186718e-01 -1.551151275634765625e-03 -1.718699932098388672e-03 -1.727461814880371094e-03 -1.577407121658325195e-03 -1.543581485748291016e-03 -1.603811979293823242e-03 -1.600831747055053711e-03 -1.653075218200683594e-03 -1.693844795227050781e-03 -1.623034477233886719e-03
3.671301047288065833e-01 1.580229401588439941e-02 1.577904820442199707e-02 1.581370830535888672e-02 1.576852798461914062e-02 1.576992869377136230e-02 1.579910516738891602e-02 1.580035686492919922e-02 1.579368114471435547e-02 1.581937074661254883e-02 1.579609513282775879e-02
3.735828667141944948e-01 -6.057143211364746094e-03 -5.906671285629272461e-03 -5.917489528656005859e-03 -6.023705005645751953e-03 -6.039798259735107422e-03 -5.990833044052124023e-03 -6.039083003997802734e-03 -5.977421998977661133e-03 -5.974084138870239258e-03 -5.998104810714721680e-03
3.800356286995824062e-01 -1.121893525123596191e-02 -1.128375530242919922e-02 -1.128369569778442383e-02 -1.119229197502136230e-02 -1.124903559684753418e-02 -1.120299100875854492e-02 -1.121357083320617676e-02 -1.123231649398803711e-02 -1.129725575447082520e-02 -1.124244928359985352e-02
3.864883906849703177e-01 1.336658000946044922e-02 1.331046223640441895e-02 1.328667998313903809e-02 1.337060332298278809e-02 1.335006952285766602e-02 1.334887742996215820e-02 1.333793997764587402e-02 1.330071687698364258e-02 1.332214474678039551e-02 1.330772042274475098e-02
3.929411526703582291e-01 5.777120590209960938e-03 5.899399518966674805e-03 5.889803171157836914e-03 5.773335695266723633e-03 5.800485610961914062e-03 5.795449018478393555e-03 5.784749984741210938e-03 5.815148353576660156e-03 5.875527858734130859e-03 5.844295024871826172e-03
3.993939146557460851e-01 -1.665842533111572266e-02 -1.660552620887756348e-02 -1.661491394042968750e-02 -1.660621166229248047e-02 -1.662787795066833496e-02 -1.662570238113403320e-02 -1.663398742675781250e-02 -1.660302281379699707e-02 -1.663678884506225586e-02 -1.663628220558166504e-02
4.058466766411339965e-01 4.938125610351562500e-03 4.807502031326293945e-03 4.774212837219238281e-03 4.895359277725219727e-03 4.886895418167114258e-03 4.891514778137207031e-03 4.889875650405883789e-03 4.853725433349609375e-03 4.801481962203979492e-03 4.836589097976684570e-03
4.122994386265219080e-01 1.359546184539794922e-02 1.366862654685974121e-02 1.364830136299133301e-02 1.361006498336791992e-02 1.361352205276489258e-02 1.362812519073486328e-02 1.359727978706359863e-02 1.361450552940368652e-02 1.361411809921264648e-02 1.360219717025756836e-02
4.187522006119098195e-01 -1.253712177276611328e-02 -1.245656609535217285e-02 -1.241761445999145508e-02 -1.248514652252197266e-02 -1.250991225242614746e-02 -1.248615980148315430e-02 -1.252102851867675781e-02 -1.247662305831909180e-02 -1.245003938674926758e-02 -1.246511936187744141e-02
4.252049625972976754e-01 -5.255013704299926758e-03 -5.343139171600341797e-03 -5.357980728149414062e-03 -5.260020494461059570e-03 -5.262851715087890625e-03 -5.281895399093627930e-03 -5.232751369476318359e-03 -5.289763212203979492e-03 -5.349725484848022461e-03 -5.316138267517089844e-03
4.316577245826856424e-01 1.427984237670898438e-02 1.428022980690002441e-02 1.426798105239868164e-02 1.425039768218994141e-02 1.425847411155700684e-02 1.426288485527038574e-02 1.426300406455993652e-02 1.426446437835693359e-02 1.427918672561645508e-02 1.428955793380737305e-02
4.381104865680734983e-01 -4.458159208297729492e-03 -4.337936639785766602e-03 -4.337787628173828125e-03 -4.422426223754882812e-03 -4.439860582351684570e-03 -4.419475793838500977e-03 -4.425972700119018555e-03 -4.376351833343505859e-03 -4.356682300567626953e-03 -4.362285137176513672e-03
4.445632485534614098e-01 -1.049029827117919922e-02 -1.050436496734619141e-02 -1.053613424301147461e-02 -1.047316193580627441e-02 -1.046109199523925781e-02 -1.050111651420593262e-02 -1.047378778457641602e-02 -1.050901412963867188e-02 -1.055008172988891602e-02 -1.050853729248046875e-02
4.510160105388493212e-01 9.628415107727050781e-03 9.564459323883056641e-03 9.570479393005371094e-03 9.624302387237548828e-03 9.599745273590087891e-03 9.589135646820068359e-03 9.608775377273559570e-03 9.596824645996093750e-03 9.600460529327392578e-03 9.592086076736450195e-03
4.574687725242372327e-01 2.489596605300903320e-03 2.564489841461181641e-03 2.582877874374389648e-03 2.493411302566528320e-03 2.526015043258666992e-03 2.486348152160644531e-03 2.509564161300659180e-03 2.529978752136230469e-03 2.568870782852172852e-03 2.539753913879394531e-03
4.639215345096251442e-01 -1.017966866493225098e-02 -1.018017530441284180e-02 -1.018998026847839355e-02 -1.019868254661560059e-02 -1.018461585044860840e-02 -1.018378138542175293e-02 -1.017779111862182617e-02 -1.018190383911132812e-02 -1.020061969757080078e-02 -1.016694307327270508e-02
4.703742964950130556e-01 1.445382833480834961e-03 1.348614692687988281e-03 1.365929841995239258e-03 1.447856426239013672e-03 1.421540975570678711e-03 1.398950815200805664e-03 1.426398754119873047e-03 1.398742198944091797e-03 1.377224922180175781e-03 1.396656036376953125e-03
4.768270584804009671e-01 8.218526840209960938e-03 8.248001337051391602e-03 8.268207311630249023e-03 8.233100175857543945e-03 8.230209350585937500e-03 8.229345083236694336e-03 8.245944976806640625e-03 8.249938488006591797e-03 8.249789476394653320e-03 8.223295211791992188e-03
4.832798204657888230e-01 -5.525946617126464844e-03 -5.486309528350830078e-03 -5.473464727401733398e-03 -5.513280630111694336e-03 -5.531340837478637695e-03 -5.517721176147460938e-03 -5.523860454559326172e-03 -5.501508712768554688e-03 -5.482137203216552734e-03 -5.480438470840454102e-03
4.897325824511767345e-01 -5.270391702651977539e-03 -5.310773849487304688e-03 -5.305886268615722656e-03 -5.296766757965087891e-03 -5.264967679977416992e-03 -5.283385515213012695e-03 -5.276918411254882812e-03 -5.273908376693725586e-03 -5.284309387207031250e-03 -5.279362201690673828e-03
4.961853444365646459e-01 6.491601467132568359e-03 6.484180688858032227e-03 6.479501724243164062e-03 6.497859954833984375e-03 6.499201059341430664e-03 6.492793560028076172e-03 6.485730409622192383e-03 6.484031677246093750e-03 6.485134363174438477e-03 6.484895944595336914e-03
5.026381064219525019e-01 2.815932035446166992e-03 2.863883972167968750e-03 2.845495939254760742e-03 2.810537815093994141e-03 2.791374921798706055e-03 2.835005521774291992e-03 2.814292907714843750e-03 2.819269895553588867e-03 2.835929393768310547e-03 2.850174903869628906e-03
5.090908684073405244e-01 -7.436364889144897461e-03 -7.450401782989501953e-03 -7.436037063598632812e-03 -7.417500019073486328e-03 -7.435083389282226562e-03 -7.421135902404785156e-03 -7.459223270416259766e-03 -7.430464029312133789e-03 -7.435292005538940430e-03 -7.437169551849365234e-03
5.155436303927283248e-01 2.839267253875732422e-04 1.895725727081298828e-04 2.075433731079101562e-04 2.874135971069335938e-04 3.077983856201171875e-04 2.492070198059082031e-04 2.483725547790527344e-04 2.236068248748779297e-04 2.110600471496582031e-04 2.534389495849609375e-04
5.219963923781163473e-01 9.225457906723022461e-03 9.244084358215332031e-03 9.229511022567749023e-03 9.187847375869750977e-03 9.201347827911376953e-03 9.237527847290039062e-03 9.225308895111083984e-03 9.227454662322998047e-03 9.247303009033203125e-03 9.209603071212768555e-03
5.284491543635041477e-01 -6.397992372512817383e-03 -6.316632032394409180e-03 -6.326228380203247070e-03 -6.351083517074584961e-03 -6.361901760101318359e-03 -6.350934505462646484e-03 -6.373137235641479492e-03 -6.334990262985229492e-03 -6.335318088531494141e-03 -6.359398365020751953e-03
5.349019163488920592e-01 -5.534917116165161133e-03 -5.589038133621215820e-03 -5.616128444671630859e-03 -5.535364151000976562e-03 -5.598962306976318359e-03 -5.525559186935424805e-03 -5.581617355346679688e-03 -5.567073822021484375e-03 -5.624413490295410156e-03 -5.554705858230590820e-03
5.413546783342799706e-01 1.262646913528442383e-02 1.259803771972656250e-02 1.256993412971496582e-02 1.260104775428771973e-02 1.259949803352355957e-02 1.261538267135620117e-02 1.260644197463989258e-02 1.257908344268798828e-02 1.259583234786987305e-02 1.256433129310607910e-02
5.478074403196678821e-01 -9.568631649017333984e-04 -8.145272731781005859e-04 -8.421540260314941406e-04 -8.937120437622070312e-04 -8.803904056549072266e-04 -8.773803710937500000e-04 -9.226202964782714844e-04 -8.657574653625488281e-04 -8.185207843780517578e-04 -8.622407913208007812e-04
5.542602023050557936e-01 -1.295366883277893066e-02 -1.300254464149475098e-02 -1.303032040596008301e-02 -1.297655701637268066e-02 -1.300698518753051758e-02 -1.299726963043212891e-02 -1.301014423370361328e-02 -1.302754878997802734e-02 -1.301965117454528809e-02 -1.299586892127990723e-02
5.607129642904437050e-01 1.201763749122619629e-02 1.194021105766296387e-02 1.189881563186645508e-02 1.197573542594909668e-02 1.199945807456970215e-02 1.198008656501770020e-02 1.200166344642639160e-02 1.195734739303588867e-02 1.191660761833190918e-02 1.192069053649902344e-02
5.671657262758316165e-01 5.617409944534301758e-03 5.744457244873046875e-03 5.721360445022583008e-03 5.680978298187255859e-03 5.643337965011596680e-03 5.643099546432495117e-03 5.625545978546142578e-03 5.669742822647094727e-03 5.689769983291625977e-03 5.650579929351806641e-03
5.736184882612194169e-01 -1.570069789886474609e-02 -1.572757959365844727e-02 -1.570808887481689453e-02 -1.572343707084655762e-02 -1.573970913887023926e-02 -1.570063829421997070e-02 -1.570308208465576172e-02 -1.573085784912109375e-02 -1.573869585990905762e-02 -1.569989323616027832e-02
5.800712502466074394e-01 7.649153470993041992e-03 7.521212100982666016e-03 7.472693920135498047e-03 7.632732391357421875e-03 7.646262645721435547e-03 7.615387439727783203e-03 7.626026868820190430e-03 7.606685161590576172e-03 7.566481828689575195e-03 7.563024759292602539e-03
5.865240122319952398e-01 9.274750947952270508e-03 9.385019540786743164e-03 9.374618530273437500e-03 9.305834770202636719e-03 9.285658597946166992e-03 9.283453226089477539e-03 9.248405694961547852e-03 9.336918592453002930e-03 9.358167648315429688e-03 9.345114231109619141e-03
5.929767742173832623e-01 -1.478341221809387207e-02 -1.475358009338378906e-02 -1.475909352302551270e-02 -1.479840278625488281e-02 -1.477947831153869629e-02 -1.476714015007019043e-02 -1.476079225540161133e-02 -1.477935910224914551e-02 -1.476934552192687988e-02 -1.475065946578979492e-02
5.994295362027710627e-01 2.883821725845336914e-03 2.786487340927124023e-03 2.757400274276733398e-03 2.866655588150024414e-03 2.894461154937744141e-03 2.870023250579833984e-03 2.861827611923217773e-03 2.842396497726440430e-03 2.788096666336059570e-03 2.781510353088378906e-03
6.058822981881590852e-01 1.054379343986511230e-02 1.061549782752990723e-02 1.064467430114746094e-02 1.056066155433654785e-02 1.053810119628906250e-02 1.056426763534545898e-02 1.053625345230102539e-02 1.057523488998413086e-02 1.059558987617492676e-02 1.057419180870056152e-02
6.123350601735468857e-01 -1.098504662513732910e-02 -1.094821095466613770e-02 -1.094087958335876465e-02 -1.098981499671936035e-02 -1.098075509071350098e-02 -1.097068190574645996e-02 -1.096150279045104980e-02 -1.095163822174072266e-02 -1.096561551094055176e-02 -1.098355650901794434e-02
6.187878221589347971e-01 -8.497834205627441406e-04 -9.316802024841308594e-04 -9.139180183410644531e-04 -8.524358272552490234e-04 -8.375346660614013672e-04 -8.742213249206542969e-04 -8.548796176910400391e-04 -8.922219276428222656e-04 -9.103119373321533203e-04 -8.910000324249267578e-04
6.252405841443227086e-01 8.665204048156738281e-03 8.677005767822265625e-03 8.665204048156738281e-03 8.647710084915161133e-03 8.648842573165893555e-03 8.658707141876220703e-03 8.651375770568847656e-03 8.633166551589965820e-03 8.659124374389648438e-03 8.669108152389526367e-03
6.316933461297106200e-01 -4.522919654846191406e-03 -4.451066255569458008e-03 -4.446506500244140625e-03 -4.519015550613403320e-03 -4.485130310058593750e-03 -4.462510347366333008e-03 -4.494816064834594727e-03 -4.443824291229248047e-03 -4.493594169616699219e-03 -4.475265741348266602e-03
6.381461081150985315e-01 -3.949970006942749023e-03 -4.012584686279296875e-03 -4.011660814285278320e-03 -3.939658403396606445e-03 -3.949284553527832031e-03 -3.968089818954467773e-03 -3.979980945587158203e-03 -3.973335027694702148e-03 -3.989070653915405273e-03 -3.996193408966064453e-03
6.445988701004864430e-01 5.168348550796508789e-03 5.151450634002685547e-03 5.165308713912963867e-03 5.177289247512817383e-03 5.176812410354614258e-03 5.180239677429199219e-03 5.179405212402343750e-03 5.158632993698120117e-03 5.174100399017333984e-03 5.187004804611206055e-03
6.510516320858743544e-01 6.610155105590820312e-05 1.171231269836425781e-04 1.110732555389404297e-04 6.678700447082519531e-05 6.046891212463378906e-05 8.457899093627929688e-05 6.684660911560058594e-05 9.119510650634765625e-05 1.018047332763671875e-04 8.943676948547363281e-05
6.575043940712622659e-01 -4.056602716445922852e-03 -4.058808088302612305e-03 -4.035532474517822266e-03 -4.036903381347656250e-03 -4.039704799652099609e-03 -4.052370786666870117e-03 -4.043161869049072266e-03 -4.044741392135620117e-03 -4.045218229293823242e-03 -4.042506217956542969e-03
6.639571560566501773e-01 1.409858465194702148e-03 1.393079757690429688e-03 1.402735710144042969e-03 1.407086849212646484e-03 1.413673162460327148e-03 1.414597034454345703e-03 1.415282487869262695e-03 1.395970582962036133e-03 1.389503479003906250e-03 1.404613256454467773e-03
6.704099180420379778e-01 2.781033515930175781e-03 2.786636352539062500e-03 2.778798341751098633e-03 2.777665853500366211e-03 2.780526876449584961e-03 2.774417400360107422e-03 2.788394689559936523e-03 2.782046794891357422e-03 2.788811922073364258e-03 2.766251564025878906e-03
6.768626800274260003e-01 -1.946181058883666992e-03 -1.927733421325683594e-03 -1.927495002746582031e-03 -1.936525106430053711e-03 -1.931697130203247070e-03 -1.958817243576049805e-03 -1.943498849868774414e-03 -1.920759677886962891e-03 -1.914829015731811523e-03 -1.917362213134765625e-03
6.833154420128139117e-01 -2.093344926834106445e-03 -2.120524644851684570e-03 -2.133518457412719727e-03 -2.121269702911376953e-03 -2.113610506057739258e-03 -2.110093832015991211e-03 -2.110570669174194336e-03 -2.112537622451782227e-03 -2.121478319168090820e-03 -2.109885215759277344e-03
6.897682039982017121e-01 3.306329250335693359e-03 3.289967775344848633e-03 3.289282321929931641e-03 3.297001123428344727e-03 3.305941820144653320e-03 3.306120634078979492e-03 3.317952156066894531e-03 3.294736146926879883e-03 3.303706645965576172e-03 3.307461738586425781e-03
6.962209659835896236e-01 3.743469715118408203e-04 4.091858863830566406e-04 4.029273986816406250e-04 3.899633884429931641e-04 3.836452960968017578e-04 3.992319107055664062e-04 3.747045993804931641e-04 3.926455974578857422e-04 3.942847251892089844e-04 4.022419452667236328e-04
7.026737279689775351e-01 -3.659546375274658203e-03 -3.653198480606079102e-03 -3.647148609161376953e-03 -3.654956817626953125e-03 -3.669589757919311523e-03 -3.625750541687011719e-03 -3.640145063400268555e-03 -3.646284341812133789e-03 -3.654897212982177734e-03 -3.652602434158325195e-03
7.091264899543654465e-01 1.749515533447265625e-03 1.695394515991210938e-03 1.700401306152343750e-03 1.734673976898193359e-03 1.731365919113159180e-03 1.720368862152099609e-03 1.723498106002807617e-03 1.718580722808837891e-03 1.718819141387939453e-03 1.699626445770263672e-03
7.155792519397533580e-01 2.802610397338867188e-03 2.837955951690673828e-03 2.824276685714721680e-03 2.805411815643310547e-03 2.802401781082153320e-03 2.796113491058349609e-03 2.814829349517822266e-03 2.806812524795532227e-03 2.815216779708862305e-03 2.821207046508789062e-03
7.220320139251412694e-01 -3.284186124801635742e-03 -3.270596265792846680e-03 -3.270626068115234375e-03 -3.289937973022460938e-03 -3.289431333541870117e-03 -3.293395042419433594e-03 -3.276854753494262695e-03 -3.278553485870361328e-03 -3.277391195297241211e-03 -3.284007310867309570e-03
7.284847759105291809e-01 -3.071129322052001953e-04 -3.426671028137207031e-04 -3.406107425689697266e-04 -3.069937229156494141e-04 -3.090500831604003906e-04 -3.156960010528564453e-04 -3.222823143005371094e-04 -3.297924995422363281e-04 -3.384947776794433594e-04 -3.314614295959472656e-04
7.349375378959170924e-01 3.616333007812500000e-03 3.609955310821533203e-03 3.596901893615722656e-03 3.611445426940917969e-03 3.599494695663452148e-03 3.582626581192016602e-03 3.591686487197875977e-03 3.588467836380004883e-03 3.615260124206542969e-03 3.617107868194580078e-03
7.413902998813050038e-01 -1.585453748703002930e-03 -1.564562320709228516e-03 -1.584798097610473633e-03 -1.588910818099975586e-03 -1.593083143234252930e-03 -1.580774784088134766e-03 -1.591801643371582031e-03 -1.580357551574707031e-03 -1.569151878356933594e-03 -1.578718423843383789e-03
7.478430618666929153e-01 -2.602398395538330078e-03 -2.618879079818725586e-03 -2.615571022033691406e-03 -2.603441476821899414e-03 -2.598881721496582031e-03 -2.604693174362182617e-03 -2.604335546493530273e-03 -2.628207206726074219e-03 -2.622127532958984375e-03 -2.599179744720458984e-03
7.542958238520808267e-01 2.972126007080078125e-03 2.951383590698242188e-03 2.956628799438476562e-03 2.946913242340087891e-03 2.968132495880126953e-03 2.969861030578613281e-03 2.961486577987670898e-03 2.951771020889282227e-03 2.948224544525146484e-03 2.953708171844482422e-03
7.607485858374687382e-01 5.768537521362304688e-04 5.982518196105957031e-04 5.837082862854003906e-04 5.801320075988769531e-04 5.769729614257812500e-04 5.861222743988037109e-04 5.698204040527343750e-04 5.937218666076660156e-04 5.880296230316162109e-04 5.696713924407958984e-04
7.672013478228566496e-01 -3.208875656127929688e-03 -3.218322992324829102e-03 -3.203511238098144531e-03 -3.190785646438598633e-03 -3.209680318832397461e-03 -3.199368715286254883e-03 -3.209769725799560547e-03 -3.189176321029663086e-03 -3.218501806259155273e-03 -3.205120563507080078e-03
7.736541098082445611e-01 1.847296953201293945e-03 1.828104257583618164e-03 1.837372779846191406e-03 1.832157373428344727e-03 1.847356557846069336e-03 1.830726861953735352e-03 1.841723918914794922e-03 1.822113990783691406e-03 1.826614141464233398e-03 1.836180686950683594e-03
7.801068717936323615e-01 2.348780632019042969e-03 2.361029386520385742e-03 2.358794212341308594e-03 2.337068319320678711e-03 2.345919609069824219e-03 2.340227365493774414e-03 2.335667610168457031e-03 2.350449562072753906e-03 2.360999584197998047e-03 2.340257167816162109e-03
7.865596337790202730e-01 -2.639591693878173828e-03 -2.610385417938232422e-03 -2.603441476821899414e-03 -2.600044012069702148e-03 -2.612054347991943359e-03 -2.614051103591918945e-03 -2.608597278594970703e-03 -2.590328454971313477e-03 -2.637118101119995117e-03 -2.612650394439697266e-03
7.930123957644081845e-01 -4.538893699645996094e-05 -6.353855133056640625e-05 -7.104873657226562500e-05 -4.258751869201660156e-05 -4.208087921142578125e-05 -4.696846008300781250e-05 -5.364418029785156250e-05 -5.838274955749511719e-05 -5.301833152770996094e-05 -8.043646812438964844e-05
7.994651577497960959e-01 2.794444561004638672e-03 2.801597118377685547e-03 2.786397933959960938e-03 2.801775932312011719e-03 2.794116735458374023e-03 2.801418304443359375e-03 2.794891595840454102e-03 2.782583236694335938e-03 2.807438373565673828e-03 2.786278724670410156e-03
8.059179197351840074e-01 -1.930892467498779297e-03 -1.893579959869384766e-03 -1.913756132125854492e-03 -1.911789178848266602e-03 -1.924514770507812500e-03 -1.930475234985351562e-03 -1.928687095642089844e-03 -1.912534236907958984e-03 -1.898288726806640625e-03 -1.903563737869262695e-03
8.123706817205719188e-01 -1.830995082855224609e-03 -1.852035522460937500e-03 -1.834809780120849609e-03 -1.825809478759765625e-03 -1.816689968109130859e-03 -1.821041107177734375e-03 -1.818001270294189453e-03 -1.836329698562622070e-03 -1.846462488174438477e-03 -1.847982406616210938e-03
8.188234437059598303e-01 2.644300460815429688e-03 2.647757530212402344e-03 2.650678157806396484e-03 2.666026353836059570e-03 2.639949321746826172e-03 2.649784088134765625e-03 2.655297517776489258e-03 2.644121646881103516e-03 2.656668424606323242e-03 2.657711505889892578e-03
8.252762056913477418e-01 -3.899931907653808594e-04 -3.552138805389404297e-04 -3.683865070343017578e-04 -3.753602504730224609e-04 -3.790259361267089844e-04 -3.770887851715087891e-04 -3.696978092193603516e-04 -3.653168678283691406e-04 -3.594756126403808594e-04 -3.692209720611572266e-04
8.317289676767356532e-01 -2.262234687805175781e-03 -2.265840768814086914e-03 -2.274900674819946289e-03 -2.260178327560424805e-03 -2.252221107482910156e-03 -2.276480197906494141e-03 -2.259254455566406250e-03 -2.261102199554443359e-03 -2.281069755554199219e-03 -2.264350652694702148e-03
8.381817296621235647e-01 1.632243394851684570e-03 1.647353172302246094e-03 1.646727323532104492e-03 1.640886068344116211e-03 1.646459102630615234e-03 1.639097929000854492e-03 1.635432243347167969e-03 1.649409532546997070e-03 1.633971929550170898e-03 1.647859811782836914e-03
8.446344916475114761e-01 7.912218570709228516e-04 8.096992969512939453e-04 8.101761341094970703e-04 7.903873920440673828e-04 8.030533790588378906e-04 8.106529712677001953e-04 8.043944835662841797e-04 8.094608783721923828e-04 8.049905300140380859e-04 8.045732975006103516e-04
8.510872536328993876e-01 -1.353234052658081055e-03 -1.347124576568603516e-03 -1.341223716735839844e-03 -1.354962587356567383e-03 -1.350820064544677734e-03 -1.350909471511840820e-03 -1.358509063720703125e-03 -1.354932785034179688e-03 -1.361787319183349609e-03 -1.363575458526611328e-03
8.575400156182872990e-01 -2.361238002777099609e-04 -2.403259277343750000e-04 -2.482235431671142578e-04 -2.402365207672119141e-04 -2.371966838836669922e-04 -2.401173114776611328e-04 -2.426207065582275391e-04 -2.401173114776611328e-04 -2.577304840087890625e-04 -2.401769161224365234e-04
8.639927776036752105e-01 9.373128414154052734e-04 9.307563304901123047e-04 9.353756904602050781e-04 9.324252605438232422e-04 9.321570396423339844e-04 9.334087371826171875e-04 9.420812129974365234e-04 9.388029575347900391e-04 9.397268295288085938e-04 9.301304817199707031e-04
8.704455395890630109e-01 -4.172623157501220703e-04 -4.117190837860107422e-04 -4.107058048248291016e-04 -4.189312458038330078e-04 -4.090666770935058594e-04 -4.241466522216796875e-04 -4.099607467651367188e-04 -4.115998744964599609e-04 -4.163682460784912109e-04 -4.002749919891357422e-04
8.768983015744509224e-01 -8.924603462219238281e-04 -8.977353572845458984e-04 -8.879601955413818359e-04 -9.004175662994384766e-04 -8.784532546997070312e-04 -8.922815322875976562e-04 -8.872747421264648438e-04 -8.928775787353515625e-04 -8.981227874755859375e-04 -8.992254734039306641e-04
8.833510635598388339e-01 8.037388324737548828e-04 7.972121238708496094e-04 7.999837398529052734e-04 8.021593093872070312e-04 7.937550544738769531e-04 8.137822151184082031e-04 8.159875869750976562e-04 7.917284965515136719e-04 7.944107055664062500e-04 8.000135421752929688e-04
8.898038255452267453e-01 6.361901760101318359e-04 6.622970104217529297e-04 6.347000598907470703e-04 6.317794322967529297e-04 6.406307220458984375e-04 6.451606750488281250e-04 6.326436996459960938e-04 6.436705589294433594e-04 6.566345691680908203e-04 6.435811519622802734e-04
8.962565875306146568e-01 -1.145154237747192383e-03 -1.154661178588867188e-03 -1.139193773269653320e-03 -1.153051853179931641e-03 -1.143783330917358398e-03 -1.139700412750244141e-03 -1.148939132690429688e-03 -1.133143901824951172e-03 -1.146495342254638672e-03 -1.145064830780029297e-03
9.027093495160025682e-01 -1.536011695861816406e-04 -1.704692840576171875e-04 -1.666545867919921875e-04 -1.514554023742675781e-04 -1.533329486846923828e-04 -1.511275768280029297e-04 -1.560151576995849609e-04 -1.575946807861328125e-04 -1.659095287322998047e-04 -1.559555530548095703e-04
9.091621115013904797e-01 1.220047473907470703e-03 1.219928264617919922e-03 1.235187053680419922e-03 1.222819089889526367e-03 1.210510730743408203e-03 1.222848892211914062e-03 1.217901706695556641e-03 1.207172870635986328e-03 1.216024160385131836e-03 1.222819089889526367e-03
9.156148734867783912e-01 -5.500614643096923828e-04 -5.414187908172607422e-04 -5.402266979217529297e-04 -5.360543727874755859e-04 -5.610585212707519531e-04 -5.509853363037109375e-04 -5.573034286499023438e-04 -5.356669425964355469e-04 -5.371272563934326172e-04 -5.459189414978027344e-04
9.220676354721663026e-01 -7.869601249694824219e-04 -7.953047752380371094e-04 -8.015632629394531250e-04 -7.745027542114257812e-04 -7.746219635009765625e-04 -7.800161838531494141e-04 -7.855296134948730469e-04 -7.946789264678955078e-04 -7.805228233337402344e-04 -7.751286029815673828e-04
9.285203974575542141e-01 9.714365005493164062e-04 9.694397449493408203e-04 9.700059890747070312e-04 9.829699993133544922e-04 9.827613830566406250e-04 9.739696979522705078e-04 9.943842887878417969e-04 9.709000587463378906e-04 9.838640689849853516e-04 9.806156158447265625e-04
9.349731594429421255e-01 2.305209636688232422e-04 2.290606498718261719e-04 2.389550209045410156e-04 2.271234989166259766e-04 2.255141735076904297e-04 2.223849296569824219e-04 2.133548259735107422e-04 2.280771732330322266e-04 2.322494983673095703e-04 2.338886260986328125e-04
9.414259214283300370e-01 -1.079201698303222656e-03 -1.058757305145263672e-03 -1.079201698303222656e-03 -1.078963279724121094e-03 -1.075655221939086914e-03 -1.073449850082397461e-03 -1.084119081497192383e-03 -1.080513000488281250e-03 -1.086801290512084961e-03 -1.076191663742065430e-03
9.478786834137179484e-01 5.758702754974365234e-04 5.691647529602050781e-04 5.695223808288574219e-04 5.754530429840087891e-04 5.684196949005126953e-04 5.742311477661132812e-04 5.857944488525390625e-04 5.666911602020263672e-04 5.657672882080078125e-04 5.614757537841796875e-04
9.543314453991058599e-01 8.572340011596679688e-04 8.641183376312255859e-04 8.598864078521728516e-04 8.649826049804687500e-04 8.612871170043945312e-04 8.694827556610107422e-04 8.628666400909423828e-04 8.636415004730224609e-04 8.628666400909423828e-04 8.634924888610839844e-04
9.607842073844936603e-01 -1.076042652130126953e-03 -1.068383455276489258e-03 -1.096010208129882812e-03 -1.082271337509155273e-03 -1.069724559783935547e-03 -1.074641942977905273e-03 -1.077055931091308594e-03 -1.072198152542114258e-03 -1.082479953765869141e-03 -1.072168350219726562e-03
9.672369693698815718e-01 -2.065300941467285156e-04 -2.095103263854980469e-04 -2.233088016510009766e-04 -2.016723155975341797e-04 -2.195239067077636719e-04 -2.266764640808105469e-04 -2.178549766540527344e-04 -2.229809761047363281e-04 -2.124309539794921875e-04 -2.189874649047851562e-04
9.736897313552694833e-01 1.054733991622924805e-03 1.062363386154174805e-03 1.050502061843872070e-03 1.062631607055664062e-03 1.053869724273681641e-03 1.061081886291503906e-03 1.064181327819824219e-03 1.056313514709472656e-03 1.052260398864746094e-03 1.051694154739379883e-03
9.801424933406573947e-01 -4.626214504241943359e-04 -4.495978355407714844e-04 -4.381537437438964844e-04 -4.563629627227783203e-04 -4.528462886810302734e-04 -4.556179046630859375e-04 -4.586577415466308594e-04 -4.460513591766357422e-04 -4.552900791168212891e-04 -4.543364048004150391e-04
9.865952553260453062e-01 -6.746947765350341797e-04 -6.819367408752441406e-04 -6.802082061767578125e-04 -6.837844848632812500e-04 -6.780028343200683594e-04 -6.986558437347412109e-04 -6.792843341827392578e-04 -6.690323352813720703e-04 -6.771385669708251953e-04 -6.768703460693359375e-04
9.930480173114332176e-01 8.026659488677978516e-04 8.100569248199462891e-04 8.383095264434814453e-04 8.156001567840576172e-04 8.266270160675048828e-04 8.177161216735839844e-04 8.225142955780029297e-04 8.173286914825439453e-04 8.153617382049560547e-04 8.159875869750976562e-04
9.995007792968211291e-01 -3.570318222045898438e-05 -4.222989082336425781e-05 -4.455447196960449219e-05 -4.121661186218261719e-05 -3.436207771301269531e-05 -3.653764724731445312e-05 -5.441904067993164062e-05 -3.516674041748046875e-05 -3.266334533691406250e-05 -4.643201828002929688e-05
1.005953541282209152e+00 -7.233619689941406250e-04 -7.209777832031250000e-04 -7.224082946777343750e-04 -7.317662239074707031e-04 -7.162392139434814453e-04 -7.230639457702636719e-04 -7.284879684448242188e-04 -7.365643978118896484e-04 -7.170140743255615234e-04 -7.261037826538085938e-04
1.012406303267596952e+00 3.829002380371093750e-04 3.756582736968994141e-04 3.751218318939208984e-04 3.845989704132080078e-04 3.775656223297119141e-04 3.691911697387695312e-04 3.767907619476318359e-04 3.838241100311279297e-04 3.702938556671142578e-04 3.789365291595458984e-04
1.018859065252984752e+00 4.919171333312988281e-04 4.819333553314208984e-04 4.809200763702392578e-04 4.881620407104492188e-04 4.765093326568603516e-04 4.943013191223144531e-04 4.808306694030761719e-04 4.971325397491455078e-04 4.933774471282958984e-04 4.856884479522705078e-04
1.025311827238372775e+00 -6.519556045532226562e-04 -6.480216979980468750e-04 -6.569325923919677734e-04 -6.535649299621582031e-04 -6.616413593292236328e-04 -6.511807441711425781e-04 -6.551742553710937500e-04 -6.543099880218505859e-04 -6.500184535980224609e-04 -6.580352783203125000e-04
1.031764589223760797e+00 -1.450777053833007812e-04 -1.569986343383789062e-04 -1.585781574249267578e-04 -1.564919948577880859e-04 -1.561641693115234375e-04 -1.642107963562011719e-04 -1.622736454010009766e-04 -1.604855060577392578e-04 -1.564323902130126953e-04 -1.539885997772216797e-04
1.038217351209148598e+00 6.338059902191162109e-04 6.124675273895263672e-04 6.012916564941406250e-04 6.126165390014648438e-04 6.148517131805419922e-04 6.223618984222412109e-04 6.370544433593750000e-04 6.347298622131347656e-04 6.268918514251708984e-04 6.195604801177978516e-04
1.044670113194536398e+00 4.321336746215820312e-05 3.322958946228027344e-05 3.981590270996093750e-05 4.619359970092773438e-05 4.449486732482910156e-05 4.962086677551269531e-05 3.311038017272949219e-05 2.825260162353515625e-05 4.288554191589355469e-05 3.567337989807128906e-05
1.051122875179924421e+00 -4.259943962097167969e-04 -4.177391529083251953e-04 -4.197955131530761719e-04 -4.400312900543212891e-04 -4.078149795532226562e-04 -4.276037216186523438e-04 -4.249215126037597656e-04 -4.321634769439697266e-04 -4.231333732604980469e-04 -4.167258739471435547e-04
1.057575637165312221e+00 5.477666854858398438e-05 5.677342414855957031e-05 4.994869232177734375e-05 7.495284080505371094e-05 8.174777030944824219e-05 5.343556404113769531e-05 6.699562072753906250e-05 5.462765693664550781e-05 4.565715789794921875e-05 6.765127182006835938e-05
1.064028399150700022e+00 2.056658267974853516e-04 2.067387104034423828e-04 2.030134201049804688e-04 2.002120018005371094e-04 1.915693283081054688e-04 2.054572105407714844e-04 2.005100250244140625e-04 1.957714557647705078e-04 1.907050609588623047e-04 1.986920833587646484e-04
1.070481161136088044e+00 -3.323554992675781250e-04 -3.251433372497558594e-04 -3.430545330047607422e-04 -3.389120101928710938e-04 -3.284215927124023438e-04 -3.224909305572509766e-04 -3.395378589630126953e-04 -3.358423709869384766e-04 -3.432631492614746094e-04 -3.316700458526611328e-04
1.076933923121476067e+00 1.547932624816894531e-04 1.588761806488037109e-04 1.558959484100341797e-04 1.581907272338867188e-04 1.655519008636474609e-04 1.622140407562255859e-04 1.463890075683593750e-04 1.544058322906494141e-04 1.543164253234863281e-04 1.534819602966308594e-04
1.083386685106863867e+00 2.734065055847167969e-04 2.618432044982910156e-04 2.690851688385009766e-04 2.680718898773193359e-04 2.735555171966552734e-04 2.597570419311523438e-04 2.715289592742919922e-04 2.674758434295654297e-04 2.501606941223144531e-04 2.682805061340332031e-04
1.089839447092251667e+00 -4.043281078338623047e-04 -4.029273986816406250e-04 -3.924071788787841797e-04 -4.036426544189453125e-04 -3.997087478637695312e-04 -3.963410854339599609e-04 -3.975629806518554688e-04 -4.049241542816162109e-04 -4.010200500488281250e-04 -3.803074359893798828e-04
1.096292209077639690e+00 -1.776516437530517578e-04 -1.871883869171142578e-04 -1.904070377349853516e-04 -1.926720142364501953e-04 -1.874268054962158203e-04 -1.875460147857666016e-04 -1.772344112396240234e-04 -1.895129680633544922e-04 -1.983642578125000000e-04 -2.024769783020019531e-04
1.102744971063027712e+00 2.015829086303710938e-04 2.194643020629882812e-04 2.184808254241943359e-04 2.205073833465576172e-04 2.234578132629394531e-04 2.316832542419433594e-04 2.212822437286376953e-04 2.201199531555175781e-04 2.257227897644042969e-04 2.257525920867919922e-04
1.109197733048415513e+00 4.944205284118652344e-05 5.683302879333496094e-05 5.307793617248535156e-05 4.863739013671875000e-05 4.449486732482910156e-05 5.769729614257812500e-05 5.337595939636230469e-05 6.228685379028320312e-05 6.303191184997558594e-05 5.176663398742675781e-05
1.115650495033803313e+00 -7.364451885223388672e-04 -7.291734218597412109e-04 -7.236599922180175781e-04 -7.297992706298828125e-04 -7.278323173522949219e-04 -7.318854331970214844e-04 -7.307529449462890625e-04 -7.198452949523925781e-04 -7.309615612030029297e-04 -7.334351539611816406e-04
1.122103257019191336e+00 1.136958599090576172e-04 1.201331615447998047e-04 1.080632209777832031e-04 1.073479652404785156e-04 1.128911972045898438e-04 1.114010810852050781e-04 1.196861267089843750e-04 1.254081726074218750e-04 8.371472358703613281e-05 9.945034980773925781e-05
1.128556019004579358e+00 4.545152187347412109e-04 4.586577415466308594e-04 4.392564296722412109e-04 4.537403583526611328e-04 4.541873931884765625e-04 4.541873931884765625e-04 4.607737064361572266e-04 4.559457302093505859e-04 4.650056362152099609e-04 4.530549049377441406e-04
1.135008780989967159e+00 -5.377531051635742188e-04 -5.340576171875000000e-04 -5.447268486022949219e-04 -5.491673946380615234e-04 -5.525052547454833984e-04 -5.423724651336669922e-04 -5.315840244293212891e-04 -5.365908145904541016e-04 -5.430579185485839844e-04 -5.317330360412597656e-04
1.141461542975354959e+00 -2.756714820861816406e-04 -2.776384353637695312e-04 -2.860724925994873047e-04 -2.779364585876464844e-04 -2.888441085815429688e-04 -2.737641334533691406e-04 -2.828836441040039062e-04 -2.736449241638183594e-04 -2.767145633697509766e-04 -2.884864807128906250e-04
1.147914304960742982e+00 6.641447544097900391e-04 6.511807441711425781e-04 6.633996963500976562e-04 6.621479988098144531e-04 6.494820117950439453e-04 6.595253944396972656e-04 6.541609764099121094e-04 6.486177444458007812e-04 6.717741489410400391e-04 6.649494171142578125e-04
1.154367066946130782e+00 -1.861751079559326172e-04 -1.955926418304443359e-04 -2.033114433288574219e-04 -1.977980136871337891e-04 -2.029538154602050781e-04 -2.064704895019531250e-04 -1.898705959320068359e-04 -1.882016658782958984e-04 -1.915097236633300781e-04 -1.983642578125000000e-04
1.160819828931518582e+00 -4.375576972961425781e-04 -4.386305809020996094e-04 -4.360377788543701172e-04 -4.349946975708007812e-04 -4.269182682037353516e-04 -4.371404647827148438e-04 -4.320740699768066406e-04 -4.433989524841308594e-04 -4.465281963348388672e-04 -4.330575466156005859e-04
1.167272590916906605e+00 4.772543907165527344e-04 4.779994487762451172e-04 4.864037036895751953e-04 4.795789718627929688e-04 4.878938198089599609e-04 4.909038543701171875e-04 4.912912845611572266e-04 4.889667034149169922e-04 4.773736000061035156e-04 4.755854606628417969e-04
1.173725352902294627e+00 2.470612525939941406e-05 4.059076309204101562e-05 4.053115844726562500e-05 3.996491432189941406e-05 3.522634506225585938e-05 3.287196159362792969e-05 3.945827484130859375e-05 3.123283386230468750e-05 3.367662429809570312e-05 3.704428672790527344e-05
1.180178114887682428e+00 -5.496740341186523438e-04 -5.504786968231201172e-04 -5.552470684051513672e-04 -5.530416965484619141e-04 -5.646944046020507812e-04 -5.626380443572998047e-04 -5.596280097961425781e-04 -5.548596382141113281e-04 -5.571842193603515625e-04 -5.488097667694091797e-04
1.186630876873070450e+00 3.474056720733642578e-04 3.542900085449218750e-04 3.511011600494384766e-04 3.587603569030761719e-04 3.523230552673339844e-04 3.519952297210693359e-04 3.527402877807617188e-04 3.467500209808349609e-04 3.539025783538818359e-04 3.561079502105712891e-04
1.193083638858458251e+00 3.881752490997314453e-04 3.972649574279785156e-04 4.022121429443359375e-04 4.005432128906250000e-04 3.936886787414550781e-04 4.048943519592285156e-04 4.072189331054687500e-04 4.077851772308349609e-04 4.055202007293701172e-04 3.876686096191406250e-04
1.199536400843846051e+00 -4.239380359649658203e-04 -4.257261753082275391e-04 -4.222095012664794922e-04 -4.301369190216064453e-04 -4.258751869201660156e-04 -4.306733608245849609e-04 -4.156231880187988281e-04 -4.295110702514648438e-04 -4.306435585021972656e-04 -4.237592220306396484e-04
1.205989162829234074e+00 -1.198053359985351562e-05 -1.657009124755859375e-05 -2.670288085937500000e-05 -1.984834671020507812e-05 -1.421570777893066406e-05 -6.854534149169921875e-07 -1.174211502075195312e-05 -2.810359001159667969e-05 -2.712011337280273438e-05 -1.937150955200195312e-05
1.212441924814621874e+00 3.868937492370605469e-04 3.910660743713378906e-04 3.907382488250732422e-04 3.898739814758300781e-04 3.879368305206298828e-04 3.874897956848144531e-04 3.869235515594482422e-04 3.889799118041992188e-04 3.934204578399658203e-04 3.833174705505371094e-04
1.218894686800009897e+00 -1.434087753295898438e-04 -1.363158226013183594e-04 -1.369416713714599609e-04 -1.415908336639404297e-04 -1.433491706848144531e-04 -1.515448093414306641e-04 -1.332461833953857422e-04 -1.431107521057128906e-04 -1.389980316162109375e-04 -1.434683799743652344e-04
1.225347448785397697e+00 -1.813173294067382812e-04 -1.748502254486083984e-04 -1.932382583618164062e-04 -1.791417598724365234e-04 -1.720786094665527344e-04 -1.780688762664794922e-04 -1.753866672515869141e-04 -1.887679100036621094e-04 -1.718401908874511719e-04 -1.706779003143310547e-04
1.231800210770785720e+00 3.045499324798583984e-04 3.067255020141601562e-04 3.128051757812500000e-04 3.110766410827636719e-04 3.047287464141845703e-04 3.020167350769042969e-04 3.145039081573486328e-04 3.052651882171630859e-04 3.064274787902832031e-04 3.175735473632812500e-04
1.238252972756173520e+00 -5.358457565307617188e-05 -4.237890243530273438e-05 -4.225969314575195312e-05 -4.321336746215820312e-05 -5.760788917541503906e-05 -5.009770393371582031e-05 -5.981326103210449219e-05 -4.628300666809082031e-05 -4.357099533081054688e-05 -4.032254219055175781e-05
1.244705734741561542e+00 -2.721250057220458984e-04 -2.859532833099365234e-04 -2.707242965698242188e-04 -2.749264240264892578e-04 -2.730190753936767578e-04 -2.833306789398193359e-04 -2.731382846832275391e-04 -2.764165401458740234e-04 -2.736449241638183594e-04 -2.656280994415283203e-04
1.251158496726949343e+00 1.880824565887451172e-04 1.779198646545410156e-04 1.821517944335937500e-04 1.767277717590332031e-04 1.825094223022460938e-04 1.805424690246582031e-04 1.882910728454589844e-04 1.782178878784179688e-04 1.872777938842773438e-04 1.869797706604003906e-04
1.257611258712337365e+00 1.335442066192626953e-04 1.362562179565429688e-04 1.300573348999023438e-04 1.326501369476318359e-04 1.426339149475097656e-04 1.341998577117919922e-04 1.439452171325683594e-04 1.390576362609863281e-04 1.271963119506835938e-04 1.428425312042236328e-04
1.264064020697725166e+00 -2.462267875671386719e-04 -2.542436122894287109e-04 -2.445876598358154297e-04 -2.626478672027587891e-04 -2.625584602355957031e-04 -2.466738224029541016e-04 -2.654194831848144531e-04 -2.541244029998779297e-04 -2.470016479492187500e-04 -2.578198909759521484e-04
1.270516782683113188e+00 -2.974271774291992188e-05 -2.002716064453125000e-05 -2.503395080566406250e-05 -2.178549766540527344e-05 -9.804964065551757812e-06 -2.631545066833496094e-05 -2.115964889526367188e-05 -3.063678741455078125e-05 -3.334879875183105469e-05 -3.385543823242187500e-05
1.276969544668500989e+00 1.578927040100097656e-04 1.525282859802246094e-04 1.497268676757812500e-04 1.539885997772216797e-04 1.518130302429199219e-04 1.531541347503662109e-04 1.519620418548583984e-04 1.556277275085449219e-04 1.476407051086425781e-04 1.462101936340332031e-04
1.283422306653888789e+00 -7.534027099609375000e-05 -5.957484245300292969e-05 -7.405877113342285156e-05 -7.218122482299804688e-05 -6.556510925292968750e-05 -7.271766662597656250e-05 -7.271766662597656250e-05 -7.295608520507812500e-05 -5.874037742614746094e-05 -7.563829421997070312e-05
1.289875068639276812e+00 -4.792213439941406250e-05 -5.689263343811035156e-05 -3.227591514587402344e-05 -4.574656486511230469e-05 -4.810094833374023438e-05 -4.675984382629394531e-05 -3.993511199951171875e-05 -4.103779792785644531e-05 -5.599856376647949219e-05 -5.200505256652832031e-05
1.296327830624664612e+00 1.147687435150146484e-04 1.105666160583496094e-04 1.051425933837890625e-04 9.998679161071777344e-05 1.081228256225585938e-04 1.058876514434814453e-04 1.035332679748535156e-04 1.114904880523681641e-04 1.069009304046630859e-04 1.180171966552734375e-04
1.302780592610052635e+00 -1.701712608337402344e-05 -1.683831214904785156e-05 2.086162567138671875e-07 -2.586841583251953125e-05 -1.806020736694335938e-05 -1.275539398193359375e-05 -1.570582389831542969e-05 -1.588463783264160156e-05 -7.450580596923828125e-06 -1.043081283569335938e-06
1.309233354595440435e+00 -1.094043254852294922e-04 -1.239478588104248047e-04 -1.135766506195068359e-04 -1.119077205657958984e-04 -1.195669174194335938e-04 -1.155436038970947266e-04 -1.034736633300781250e-04 -1.102387905120849609e-04 -1.010894775390625000e-04 -1.209080219268798828e-04
1.315686116580828458e+00 4.386901855468750000e-05 4.187226295471191406e-05 5.301833152770996094e-05 4.783272743225097656e-05 5.191564559936523438e-05 5.525350570678710938e-05 4.070997238159179688e-05 4.738569259643554688e-05 4.619359970092773438e-05 4.440546035766601562e-05
1.322138878566216258e+00 1.050829887390136719e-04 9.879469871520996094e-05 9.098649024963378906e-05 9.062886238098144531e-05 9.581446647644042969e-05 1.062154769897460938e-04 1.007616519927978516e-04 1.020431518554687500e-04 1.069009304046630859e-04 1.022815704345703125e-04
1.328591640551604280e+00 -4.723668098449707031e-05 -3.525614738464355469e-05 -4.974007606506347656e-05 -4.664063453674316406e-05 -4.729628562927246094e-05 -3.811717033386230469e-05 -3.305077552795410156e-05 -5.111098289489746094e-05 -4.613399505615234375e-05 -4.047155380249023438e-05
1.335044402536992081e+00 -1.658797264099121094e-04 -1.594722270965576172e-04 -1.635849475860595703e-04 -1.552402973175048828e-04 -1.605153083801269531e-04 -1.588463783264160156e-04 -1.728236675262451172e-04 -1.746118068695068359e-04 -1.635253429412841797e-04 -1.609921455383300781e-04
1.341497164522380103e+00 1.679360866546630859e-04 1.800656318664550781e-04 1.672208309173583984e-04 1.706182956695556641e-04 1.661479473114013672e-04 1.573264598846435547e-04 1.648664474487304688e-04 1.652538776397705078e-04 1.731216907501220703e-04 1.746118068695068359e-04
1.347949926507767904e+00 5.379319190979003906e-05 6.622076034545898438e-05 6.538629531860351562e-05 6.729364395141601562e-05 5.859136581420898438e-05 6.440281867980957031e-05 5.602836608886718750e-05 6.338953971862792969e-05 5.546212196350097656e-05 6.282329559326171875e-05
1.354402688493155926e+00 -2.035200595855712891e-04 -2.195835113525390625e-04 -2.189576625823974609e-04 -2.243816852569580078e-04 -2.112090587615966797e-04 -2.183914184570312500e-04 -2.137422561645507812e-04 -2.206861972808837891e-04 -2.093017101287841797e-04 -2.116262912750244141e-04
1.360855450478543727e+00 9.316205978393554688e-05 6.848573684692382812e-05 8.076429367065429688e-05 8.824467658996582031e-05 8.082389831542968750e-05 8.410215377807617188e-05 8.442997932434082031e-05 9.003281593322753906e-05 8.323788642883300781e-05 8.052587509155273438e-05
1.367308212463931749e+00 -2.801418304443359375e-06 -8.374452590942382812e-06 -7.390975952148437500e-06 -5.900859832763671875e-06 4.768371582031250000e-07 -9.894371032714843750e-06 -4.589557647705078125e-06 -1.099705696105957031e-05 1.013278961181640625e-06 -3.248453140258789062e-06
1.373760974449319550e+00 -2.906322479248046875e-04 -2.829730510711669922e-04 -3.016591072082519531e-04 -2.914071083068847656e-04 -3.030300140380859375e-04 -2.919733524322509766e-04 -2.942681312561035156e-04 -2.984404563903808594e-04 -3.053247928619384766e-04 -3.108084201812744141e-04
1.380213736434707350e+00 4.068017005920410156e-05 2.810359001159667969e-05 3.799796104431152344e-05 2.551078796386718750e-05 3.987550735473632812e-05 2.709031105041503906e-05 3.090500831604003906e-05 4.008412361145019531e-05 3.802776336669921875e-05 3.224611282348632812e-05
1.386666498420095373e+00 6.210803985595703125e-05 5.555152893066406250e-05 6.243586540222167969e-05 6.869435310363769531e-05 6.011128425598144531e-05 6.145238876342773438e-05 6.857514381408691406e-05 5.325675010681152344e-05 6.023049354553222656e-05 6.544589996337890625e-05
1.393119260405483173e+00 -9.059906005859375000e-05 -8.660554885864257812e-05 -9.346008300781250000e-05 -1.053512096405029297e-04 -8.744001388549804688e-05 -1.021027565002441406e-04 -9.575486183166503906e-05 -9.703636169433593750e-05 -9.825825691223144531e-05 -1.035332679748535156e-04
1.399572022390871195e+00 -6.401538848876953125e-05 -5.424022674560546875e-05 -5.653500556945800781e-05 -6.774067878723144531e-05 -6.061792373657226562e-05 -6.911158561706542969e-05 -5.125999450683593750e-05 -5.847215652465820312e-05 -5.820393562316894531e-05 -6.854534149169921875e-05
1.406024784376258996e+00 2.279281616210937500e-04 2.267360687255859375e-04 2.284049987792968750e-04 2.127885818481445312e-04 2.253055572509765625e-04 2.223253250122070312e-04 2.202987670898437500e-04 2.316832542419433594e-04 2.394020557403564453e-04 2.340972423553466797e-04
1.412477546361647018e+00 -2.935528755187988281e-04 -2.946853637695312500e-04 -2.996325492858886719e-04 -3.095269203186035156e-04 -3.059506416320800781e-04 -3.056228160858154297e-04 -2.985298633575439453e-04 -3.000795841217041016e-04 -3.059804439544677734e-04 -2.944767475128173828e-04
1.418930308347034819e+00 4.500150680541992188e-06 -1.084804534912109375e-05 1.519918441772460938e-06 9.715557098388671875e-06 1.376867294311523438e-05 8.940696716308593750e-06 6.616115570068359375e-06 -1.251697540283203125e-06 1.341104507446289062e-06 -1.290440559387207031e-05
1.425383070332422841e+00 1.943707466125488281e-04 1.893639564514160156e-04 1.856982707977294922e-04 1.912415027618408203e-04 1.866221427917480469e-04 1.904070377349853516e-04 1.856386661529541016e-04 1.866221427917480469e-04 1.897811889648437500e-04 1.997351646423339844e-04
1.431835832317810642e+00 -7.218122482299804688e-05 -6.684660911560058594e-05 -6.791949272155761719e-05 -6.023049354553222656e-05 -6.830692291259765625e-05 -6.249547004699707031e-05 -7.125735282897949219e-05 -7.143616676330566406e-05 -8.967518806457519531e-05 -8.353590965270996094e-05
1.438288594303198664e+00 -1.471638679504394531e-04 -1.500546932220458984e-04 -1.453161239624023438e-04 -1.519024372100830078e-04 -1.393258571624755859e-04 -1.378953456878662109e-04 -1.414120197296142578e-04 -1.403391361236572266e-04 -1.562535762786865234e-04 -1.565217971801757812e-04
1.444741356288586465e+00 2.980232238769531250e-08 -4.649162292480468750e-06 5.960464477539062500e-07 -5.364418029785156250e-06 -7.867813110351562500e-06 -1.484155654907226562e-05 -2.533197402954101562e-06 -8.761882781982421875e-06 -5.483627319335937500e-06 2.682209014892578125e-07
1.451194118273974487e+00 2.664327621459960938e-05 3.218650817871093750e-05 2.503395080566406250e-05 3.564357757568359375e-05 2.521276473999023438e-05 1.829862594604492188e-05 2.864003181457519531e-05 2.366304397583007812e-05 2.491474151611328125e-05 3.665685653686523438e-05
1.457646880259362288e+00 6.192922592163085938e-05 5.429983139038085938e-05 5.236268043518066406e-05 6.696581840515136719e-05 5.829334259033203125e-05 6.249547004699707031e-05 6.583333015441894531e-05 6.249547004699707031e-05 4.938244819641113281e-05 5.313754081726074219e-05
1.464099642244750310e+00 6.839632987976074219e-05 5.802512168884277344e-05 7.095932960510253906e-05 5.701184272766113281e-05 6.788969039916992188e-05 5.015730857849121094e-05 5.793571472167968750e-05 6.553530693054199219e-05 7.364153861999511719e-05 6.595253944396972656e-05
1.470552404230138110e+00 -5.784630775451660156e-05 -4.485249519348144531e-05 -4.684925079345703125e-05 -4.369020462036132812e-05 -5.474686622619628906e-05 -5.280971527099609375e-05 -6.508827209472656250e-05 -5.272030830383300781e-05 -5.766749382019042969e-05 -4.103779792785644531e-05
1.477005166215525911e+00 6.672739982604980469e-05 6.425380706787109375e-05 8.001923561096191406e-05 7.072091102600097656e-05 6.893277168273925781e-05 7.954239845275878906e-05 7.930397987365722656e-05 6.446242332458496094e-05 7.864832878112792969e-05 7.632374763488769531e-05
1.483457928200913933e+00 -6.374716758728027344e-05 -6.625056266784667969e-05 -6.538629531860351562e-05 -6.976723670959472656e-05 -7.021427154541015625e-05 -6.747245788574218750e-05 -7.325410842895507812e-05 -6.988644599914550781e-05 -7.170438766479492188e-05 -6.091594696044921875e-05
1.489910690186301734e+00 1.591444015502929688e-05 1.907348632812500000e-05 1.066923141479492188e-05 1.782178878784179688e-05 1.502037048339843750e-05 1.636147499084472656e-05 5.483627319335937500e-06 1.314282417297363281e-05 1.919269561767578125e-05 1.412630081176757812e-05
1.496363452171689756e+00 1.250207424163818359e-04 1.201629638671875000e-04 1.239180564880371094e-04 1.354515552520751953e-04 1.158416271209716797e-04 1.257956027984619141e-04 1.191198825836181641e-04 1.156926155090332031e-04 1.207888126373291016e-04 1.215338706970214844e-04
1.502816214157077557e+00 -6.794929504394531250e-05 -6.562471389770507812e-05 -6.759166717529296875e-05 -5.882978439331054688e-05 -6.970763206481933594e-05 -7.551908493041992188e-05 -7.015466690063476562e-05 -6.508827209472656250e-05 -6.628036499023437500e-05 -6.240606307983398438e-05
1.509268976142465579e+00 -4.327297210693359375e-05 -4.178285598754882812e-05 -4.070997238159179688e-05 -2.953410148620605469e-05 -3.299117088317871094e-05 -3.495812416076660156e-05 -3.230571746826171875e-05 -3.653764724731445312e-05 -1.865625381469726562e-05 -2.241134643554687500e-05
1.515721738127853380e+00 9.134411811828613281e-05 9.071826934814453125e-05 9.921193122863769531e-05 8.025765419006347656e-05 8.445978164672851562e-05 1.027584075927734375e-04 8.517503738403320312e-05 8.583068847656250000e-05 8.592009544372558594e-05 9.292364120483398438e-05
1.522174500113241402e+00 -2.878904342651367188e-05 -3.716349601745605469e-05 -2.953410148620605469e-05 -3.719329833984375000e-05 -4.032254219055175781e-05 -3.075599670410156250e-05 -3.671646118164062500e-05 -3.719329833984375000e-05 -4.288554191589355469e-05 -2.756714820861816406e-05
1.528627262098629203e+00 -1.373887062072753906e-05 -3.367662429809570312e-06 -1.066923141479492188e-05 -5.722045898437500000e-06 -7.987022399902343750e-06 -1.400709152221679688e-06 -6.705522537231445312e-06 6.705522537231445312e-06 6.377696990966796875e-06 -7.152557373046875000e-06
1.535080024084017225e+00 8.729100227355957031e-05 7.119774818420410156e-05 8.320808410644531250e-05 8.034706115722656250e-05 7.623434066772460938e-05 8.133053779602050781e-05 7.191300392150878906e-05 8.031725883483886719e-05 8.529424667358398438e-05 6.672739982604980469e-05
1.541532786069405025e+00 -8.213520050048828125e-05 -7.820129394531250000e-05 -6.759166717529296875e-05 -7.370114326477050781e-05 -7.146596908569335938e-05 -8.004903793334960938e-05 -7.867813110351562500e-05 -7.918477058410644531e-05 -8.803606033325195312e-05 -7.164478302001953125e-05
1.547985548054793048e+00 -1.248717308044433594e-05 -1.600384712219238281e-05 -2.312660217285156250e-05 -1.505017280578613281e-05 -1.209974288940429688e-05 -1.835823059082031250e-05 -1.800060272216796875e-05 -1.356005668640136719e-05 -1.606345176696777344e-05 -2.893805503845214844e-05
1.554438310040180848e+00 7.545948028564453125e-05 6.899237632751464844e-05 7.459521293640136719e-05 7.304549217224121094e-05 7.218122482299804688e-05 5.963444709777832031e-05 7.161498069763183594e-05 6.651878356933593750e-05 6.490945816040039062e-05 5.251169204711914062e-05
1.560891072025568649e+00 -9.864568710327148438e-06 -1.668930053710937500e-05 -1.016259193420410156e-05 -1.060962677001953125e-05 -1.060962677001953125e-05 -1.308321952819824219e-05 -1.192092895507812500e-05 -1.546740531921386719e-05 -2.071261405944824219e-05 -1.460313796997070312e-05
1.567343834010956671e+00 -8.201599121093750000e-05 -6.920099258422851562e-05 -6.178021430969238281e-05 -6.031990051269531250e-05 -5.617737770080566406e-05 -7.396936416625976562e-05 -6.946921348571777344e-05 -5.659461021423339844e-05 -6.991624832153320312e-05 -7.042288780212402344e-05
1.573796595996344472e+00 2.175569534301757812e-05 1.290440559387207031e-05 3.039836883544921875e-05 2.121925354003906250e-05 2.437829971313476562e-05 1.588463783264160156e-05 2.813339233398437500e-05 1.782178878784179688e-05 2.884864807128906250e-05 2.065300941467285156e-05
1.580249357981732494e+00 -3.159046173095703125e-06 -6.049871444702148438e-06 -4.500150680541992188e-06 -3.486871719360351562e-06 6.258487701416015625e-07 -1.019239425659179688e-05 -3.933906555175781250e-06 -3.337860107421875000e-06 -1.114606857299804688e-05 7.361173629760742188e-06
1.586702119967120295e+00 -6.955862045288085938e-05 -6.419420242309570312e-05 -6.571412086486816406e-05 -6.127357482910156250e-05 -7.352232933044433594e-05 -6.499886512756347656e-05 -6.702542304992675781e-05 -5.736947059631347656e-05 -6.943941116333007812e-05 -7.882714271545410156e-05
1.593154881952508317e+00 5.060434341430664062e-05 4.491209983825683594e-05 4.515051841735839844e-05 5.567073822021484375e-05 4.616379737854003906e-05 4.726648330688476562e-05 4.020333290100097656e-05 5.489587783813476562e-05 4.461407661437988281e-05 5.030632019042968750e-05
1.599607643937896118e+00 2.133846282958984375e-05 2.452731132507324219e-05 3.832578659057617188e-05 3.123283386230468750e-05 3.463029861450195312e-05 2.634525299072265625e-05 4.693865776062011719e-05 2.962350845336914062e-05 2.467632293701171875e-05 2.908706665039062500e-05
1.606060405923284140e+00 -3.439188003540039062e-05 -3.939867019653320312e-05 -4.178285598754882812e-05 -3.886222839355468750e-05 -4.711747169494628906e-05 -3.868341445922851562e-05 -4.369020462036132812e-05 -4.097819328308105469e-05 -3.993511199951171875e-05 -5.626678466796875000e-05
1.612513167908671941e+00 -7.838010787963867188e-06 -1.546740531921386719e-05 -9.357929229736328125e-06 -1.516938209533691406e-05 -2.643465995788574219e-05 -7.003545761108398438e-06 -1.409649848937988281e-05 -4.112720489501953125e-06 -6.049871444702148438e-06 -9.238719940185546875e-07
1.618965929894059963e+00 -7.331371307373046875e-06 5.364418029785156250e-07 3.874301910400390625e-06 3.278255462646484375e-07 -2.652406692504882812e-06 7.450580596923828125e-07 4.053115844726562500e-06 4.768371582031250000e-07 -1.224875450134277344e-05 -7.688999176025390625e-06
1.625418691879447763e+00 9.477138519287109375e-06 1.311302185058593750e-05 7.450580596923828125e-06 2.950429916381835938e-06 1.111626625061035156e-05 -8.940696716308593750e-07 1.272559165954589844e-05 1.537799835205078125e-05 8.463859558105468750e-06 3.993511199951171875e-06
1.631871453864835786e+00 -1.963973045349121094e-05 -2.011656761169433594e-05 -2.127885818481445312e-05 -3.066658973693847656e-05 -1.209974288940429688e-05 -1.826882362365722656e-05 -2.366304397583007812e-05 -3.325939178466796875e-05 -1.555681228637695312e-05 -2.393126487731933594e-05
1.638324215850223586e+00 2.446770668029785156e-05 2.160668373107910156e-05 3.516674041748046875e-05 2.926588058471679688e-05 1.901388168334960938e-05 2.917647361755371094e-05 3.120303153991699219e-05 1.657009124755859375e-05 2.771615982055664062e-05 3.197789192199707031e-05
1.644776977835611609e+00 3.015995025634765625e-05 2.554059028625488281e-05 3.147125244140625000e-05 2.339482307434082031e-05 2.154707908630371094e-05 2.351403236389160156e-05 1.761317253112792969e-05 1.379847526550292969e-05 1.710653305053710938e-05 3.099441528320312500e-05
1.651229739820999409e+00 -1.353025436401367188e-05 -2.050399780273437500e-05 -2.068281173706054688e-05 -3.227591514587402344e-05 -1.156330108642578125e-05 -1.531839370727539062e-05 -2.717971801757812500e-05 -1.391768455505371094e-05 -1.931190490722656250e-05 -9.417533874511718750e-06
1.657682501806387210e+00 5.003809928894042969e-05 5.319714546203613281e-05 4.428625106811523438e-05 5.245208740234375000e-05 4.971027374267578125e-05 3.775954246520996094e-05 6.085634231567382812e-05 5.447864532470703125e-05 6.386637687683105469e-05 3.537535667419433594e-05
1.664135263791775232e+00 3.737211227416992188e-05 3.316998481750488281e-05 2.732872962951660156e-05 3.632903099060058594e-05 3.588199615478515625e-05 4.157423973083496094e-05 2.941489219665527344e-05 4.461407661437988281e-05 3.153085708618164062e-05 3.182888031005859375e-05
1.670588025777163033e+00 -8.958578109741210938e-05 -7.492303848266601562e-05 -9.369850158691406250e-05 -7.864832878112792969e-05 -7.885694503784179688e-05 -8.079409599304199219e-05 -8.624792098999023438e-05 -7.748603820800781250e-05 -8.639693260192871094e-05 -7.990002632141113281e-05
1.677040787762551055e+00 -2.220273017883300781e-05 -3.418326377868652344e-05 -2.688169479370117188e-05 -2.598762512207031250e-05 -2.297759056091308594e-05 -2.384185791015625000e-05 -1.722574234008789062e-05 -3.236532211303710938e-05 -1.752376556396484375e-05 -3.018975257873535156e-05
1.683493549747938856e+00 3.379583358764648438e-05 3.162026405334472656e-05 2.509355545043945312e-05 3.686547279357910156e-05 3.716349601745605469e-05 3.510713577270507812e-05 2.735853195190429688e-05 2.434849739074707031e-05 3.561377525329589844e-05 2.744793891906738281e-05
1.689946311733326878e+00 8.001923561096191406e-05 7.754564285278320312e-05 8.407235145568847656e-05 7.382035255432128906e-05 8.112192153930664062e-05 6.502866744995117188e-05 7.271766662597656250e-05 7.236003875732421875e-05 8.526444435119628906e-05 8.267164230346679688e-05
1.696399073718714678e+00 6.154179573059082031e-05 6.303191184997558594e-05 5.960464477539062500e-05 5.906820297241210938e-05 6.967782974243164062e-05 6.642937660217285156e-05 7.185339927673339844e-05 6.610155105590820312e-05 6.338953971862792969e-05 5.969405174255371094e-05
1.702851835704102701e+00 -1.021027565002441406e-04 -1.015365123748779297e-04 -1.043677330017089844e-04 -1.031458377838134766e-04 -1.068711280822753906e-04 -9.375810623168945312e-05 -1.153349876403808594e-04 -8.863210678100585938e-05 -1.193284988403320312e-04 -1.054406166076660156e-04
1.709304597689490501e+00 2.682209014892578125e-06 -1.218914985656738281e-05 -5.513429641723632812e-06 -1.668930053710937500e-06 7.390975952148437500e-06 -7.599592208862304688e-06 1.052021980285644531e-05 -3.159046173095703125e-06 6.467103958129882812e-06 -1.078844070434570312e-05
1.715757359674878524e+00 8.344650268554687500e-05 7.519125938415527344e-05 7.891654968261718750e-05 8.377432823181152344e-05 6.800889968872070312e-05 7.823109626770019531e-05 9.375810623168945312e-05 6.285309791564941406e-05 7.644295692443847656e-05 5.596876144409179688e-05
1.722210121660266324e+00 -8.994340896606445312e-05 -9.524822235107421875e-05 -8.857250213623046875e-05 -1.058280467987060547e-04 -9.635090827941894531e-05 -9.867548942565917969e-05 -9.289383888244628906e-05 -9.080767631530761719e-05 -9.506940841674804688e-05 -8.943676948547363281e-05
1.728662883645654347e+00 -6.318092346191406250e-06 -7.450580596923828125e-06 2.950429916381835938e-06 -6.198883056640625000e-06 5.394220352172851562e-06 8.374452590942382812e-06 1.084804534912109375e-05 2.264976501464843750e-06 -3.695487976074218750e-06 1.046061515808105469e-05
1.735115645631042147e+00 1.337230205535888672e-04 1.274943351745605469e-04 1.248717308044433594e-04 1.294314861297607422e-04 1.223683357238769531e-04 1.257956027984619141e-04 1.299977302551269531e-04 1.177489757537841797e-04 1.241564750671386719e-04 1.328885555267333984e-04
1.741568407616429948e+00 -1.200437545776367188e-04 -1.204609870910644531e-04 -1.244843006134033203e-04 -1.150369644165039062e-04 -1.183748245239257812e-04 -1.252591609954833984e-04 -1.040101051330566406e-04 -1.211166381835937500e-04 -1.036226749420166016e-04 -1.094341278076171875e-04
1.748021169601817970e+00 1.302361488342285156e-05 1.209974288940429688e-05 6.526708602905273438e-06 2.092123031616210938e-05 5.185604095458984375e-06 9.626150131225585938e-06 1.254677772521972656e-05 1.329183578491210938e-05 8.791685104370117188e-06 1.600384712219238281e-05
1.754473931587205771e+00 2.499818801879882812e-04 2.546906471252441406e-04 2.556443214416503906e-04 2.488791942596435547e-04 2.603232860565185547e-04 2.405345439910888672e-04 2.385675907135009766e-04 2.522170543670654297e-04 2.551376819610595703e-04 2.565085887908935547e-04
1.760926693572593793e+00 -1.466870307922363281e-04 -1.447200775146484375e-04 -1.432895660400390625e-04 -1.619160175323486328e-04 -1.510977745056152344e-04 -1.552700996398925781e-04 -1.526176929473876953e-04 -1.534223556518554688e-04 -1.353621482849121094e-04 -1.398921012878417969e-04
1.767379455557981593e+00 -2.145767211914062500e-05 -2.595782279968261719e-05 -3.343820571899414062e-05 -2.738833427429199219e-05 -2.285838127136230469e-05 -2.619624137878417969e-05 -2.366304397583007812e-05 -4.231929779052734375e-06 -2.193450927734375000e-05 -1.689791679382324219e-05
1.773832217543369616e+00 2.569854259490966797e-04 2.429187297821044922e-04 2.459287643432617188e-04 2.501606941223144531e-04 2.472400665283203125e-04 2.534389495849609375e-04 2.465546131134033203e-04 2.561807632446289062e-04 2.477467060089111328e-04 2.516806125640869141e-04
1.780284979528757416e+00 -1.660883426666259766e-04 -1.659691333770751953e-04 -1.679062843322753906e-04 -1.591742038726806641e-04 -1.720190048217773438e-04 -1.645386219024658203e-04 -1.578927040100097656e-04 -1.632273197174072266e-04 -1.630783081054687500e-04 -1.682937145233154297e-04
1.786737741514145439e+00 -1.617968082427978516e-04 -1.640617847442626953e-04 -1.598000526428222656e-04 -1.604259014129638672e-04 -1.576244831085205078e-04 -1.589953899383544922e-04 -1.616477966308593750e-04 -1.655817031860351562e-04 -1.554787158966064453e-04 -1.569390296936035156e-04
1.793190503499533239e+00 2.758204936981201172e-04 2.845823764801025391e-04 2.655684947967529297e-04 2.797544002532958984e-04 2.857744693756103516e-04 2.869367599487304688e-04 2.914369106292724609e-04 2.839863300323486328e-04 2.826750278472900391e-04 2.906620502471923828e-04
1.799643265484921262e+00 -5.140900611877441406e-05 -2.637505531311035156e-05 -3.808736801147460938e-05 -4.312396049499511719e-05 -5.590915679931640625e-05 -5.152821540832519531e-05 -4.068017005920410156e-05 -4.962086677551269531e-05 -3.233551979064941406e-05 -4.127621650695800781e-05
1.806096027470309062e+00 -1.414120197296142578e-04 -1.302659511566162109e-04 -1.295506954193115234e-04 -1.313388347625732422e-04 -1.400411128997802734e-04 -1.323223114013671875e-04 -1.269280910491943359e-04 -1.451969146728515625e-04 -1.336336135864257812e-04 -1.262724399566650391e-04
1.812548789455697085e+00 3.046095371246337891e-04 3.194510936737060547e-04 2.985894680023193359e-04 3.079771995544433594e-04 3.152489662170410156e-04 3.062188625335693359e-04 3.159940242767333984e-04 3.099143505096435547e-04 3.086924552917480469e-04 3.198683261871337891e-04
1.819001551441084885e+00 -7.724761962890625000e-05 -8.022785186767578125e-05 -8.302927017211914062e-05 -8.976459503173828125e-05 -8.505582809448242188e-05 -8.130073547363281250e-05 -7.396936416625976562e-05 -8.004903793334960938e-05 -8.186697959899902344e-05 -7.590651512145996094e-05
1.825454313426472908e+00 -2.439022064208984375e-04 -2.422332763671875000e-04 -2.398490905761718750e-04 -2.472698688507080078e-04 -2.439320087432861328e-04 -2.397894859313964844e-04 -2.298057079315185547e-04 -2.481043338775634766e-04 -2.489387989044189453e-04 -2.489089965820312500e-04
1.831907075411860708e+00 2.904534339904785156e-04 2.848803997039794922e-04 2.751648426055908203e-04 2.893209457397460938e-04 2.943575382232666016e-04 2.811253070831298828e-04 2.778470516204833984e-04 2.695918083190917969e-04 2.847909927368164062e-04 2.653300762176513672e-04
1.838359837397248508e+00 -1.254677772521972656e-05 -1.913309097290039062e-05 -2.941489219665527344e-05 -2.843141555786132812e-05 -2.565979957580566406e-05 -2.181529998779296875e-05 -2.714991569519042969e-05 -3.352761268615722656e-05 -2.348423004150390625e-05 -2.875924110412597656e-05
1.844812599382636531e+00 -2.385675907135009766e-04 -2.439022064208984375e-04 -2.409517765045166016e-04 -2.370774745941162109e-04 -2.420842647552490234e-04 -2.468824386596679688e-04 -2.438724040985107422e-04 -2.410113811492919922e-04 -2.504885196685791016e-04 -2.329647541046142578e-04
1.851265361368024331e+00 2.851784229278564453e-04 2.624690532684326172e-04 2.724826335906982422e-04 2.658665180206298828e-04 2.734065055847167969e-04 2.762675285339355469e-04 2.730190753936767578e-04 2.682507038116455078e-04 2.722144126892089844e-04 2.807676792144775391e-04
1.857718123353412354e+00 -2.509355545043945312e-05 -1.674890518188476562e-05 -2.801418304443359375e-05 -2.115964889526367188e-05 -3.564357757568359375e-05 -2.574920654296875000e-05 -3.114342689514160156e-05 -2.309679985046386719e-05 -2.214312553405761719e-05 -3.442168235778808594e-05
1.864170885338800154e+00 -2.297461032867431641e-04 -2.388060092926025391e-04 -2.395510673522949219e-04 -2.379715442657470703e-04 -2.302825450897216797e-04 -2.301335334777832031e-04 -2.210438251495361328e-04 -2.397000789642333984e-04 -2.322494983673095703e-04 -2.211630344390869141e-04
1.870623647324188177e+00 2.203285694122314453e-04 2.150535583496093750e-04 2.131462097167968750e-04 2.208054065704345703e-04 2.136826515197753906e-04 2.081990242004394531e-04 2.194643020629882812e-04 2.229213714599609375e-04 2.255439758300781250e-04 2.094209194183349609e-04
1.877076409309575977e+00 -9.715557098388671875e-06 6.318092346191406250e-06 1.251697540283203125e-06 6.467103958129882812e-06 3.099441528320312500e-06 -3.784894943237304688e-06 1.668930053710937500e-06 5.662441253662109375e-07 4.708766937255859375e-06 7.152557373046875000e-06
1.883529171294964000e+00 -2.311766147613525391e-04 -2.286136150360107422e-04 -2.368688583374023438e-04 -2.255737781524658203e-04 -2.404749393463134766e-04 -2.281069755554199219e-04 -2.376735210418701172e-04 -2.171993255615234375e-04 -2.360641956329345703e-04 -2.183914184570312500e-04
1.889981933280351800e+00 1.497864723205566406e-04 1.550614833831787109e-04 1.508891582489013672e-04 1.529455184936523438e-04 1.464188098907470703e-04 1.514554023742675781e-04 1.507997512817382812e-04 1.497268676757812500e-04 1.514554023742675781e-04 1.416504383087158203e-04
1.896434695265739823e+00 2.348423004150390625e-05 2.565979957580566406e-05 1.600384712219238281e-05 1.186132431030273438e-05 1.677870750427246094e-05 8.970499038696289062e-06 1.707673072814941406e-05 3.197789192199707031e-05 3.525614738464355469e-05 2.771615982055664062e-05
1.902887457251127623e+00 -1.355409622192382812e-04 -1.345276832580566406e-04 -1.317560672760009766e-04 -1.439750194549560547e-04 -1.388192176818847656e-04 -1.417100429534912109e-04 -1.411139965057373047e-04 -1.362860202789306641e-04 -1.353621482849121094e-04 -1.270771026611328125e-04
1.909340219236515646e+00 1.184344291687011719e-04 1.210570335388183594e-04 1.270473003387451172e-04 1.151859760284423828e-04 1.250803470611572266e-04 1.244246959686279297e-04 1.247823238372802734e-04 1.164376735687255859e-04 1.136958599090576172e-04 1.363456249237060547e-04
1.915792981221903446e+00 2.661347389221191406e-05 3.048777580261230469e-05 2.536177635192871094e-05 3.698468208312988281e-05 3.120303153991699219e-05 2.509355545043945312e-05 2.518296241760253906e-05 3.659725189208984375e-05 2.148747444152832031e-05 2.798438072204589844e-05
1.922245743207291468e+00 -1.212656497955322266e-04 -1.282989978790283203e-04 -1.251697540283203125e-04 -1.164078712463378906e-04 -1.188814640045166016e-04 -1.191198825836181641e-04 -1.317858695983886719e-04 -1.312494277954101562e-04 -1.262426376342773438e-04 -1.281499862670898438e-04
1.928698505192679269e+00 8.007884025573730469e-05 8.514523506164550781e-05 8.991360664367675781e-05 8.124113082885742188e-05 7.355213165283203125e-05 7.510185241699218750e-05 8.237361907958984375e-05 9.161233901977539062e-05 8.508563041687011719e-05 7.802248001098632812e-05
1.935151267178067069e+00 7.274746894836425781e-05 6.946921348571777344e-05 6.717443466186523438e-05 6.550550460815429688e-05 7.027387619018554688e-05 7.736682891845703125e-05 7.432699203491210938e-05 6.937980651855468750e-05 8.553266525268554688e-05 7.385015487670898438e-05
1.941604029163455092e+00 -5.471706390380859375e-05 -6.181001663208007812e-05 -6.455183029174804688e-05 -6.237626075744628906e-05 -6.729364395141601562e-05 -6.318092346191406250e-05 -5.936622619628906250e-05 -6.461143493652343750e-05 -6.598234176635742188e-05 -6.777048110961914062e-05
1.948056791148842892e+00 3.477931022644042969e-05 2.181529998779296875e-05 3.013014793395996094e-05 3.814697265625000000e-05 2.950429916381835938e-05 2.697110176086425781e-05 3.209710121154785156e-05 3.299117088317871094e-05 2.434849739074707031e-05 3.197789192199707031e-05
1.954509553134230915e+00 -1.448392868041992188e-05 -3.123283386230468750e-05 -2.783536911010742188e-05 -2.378225326538085938e-05 -1.534819602966308594e-05 -3.418326377868652344e-05 -2.324581146240234375e-05 -2.777576446533203125e-05 -2.175569534301757812e-05 -2.190470695495605469e-05
1.960962315119618715e+00 2.837181091308593750e-05 3.722310066223144531e-05 3.373622894287109375e-05 3.182888031005859375e-05 3.194808959960937500e-05 3.534555435180664062e-05 2.390146255493164062e-05 3.871321678161621094e-05 3.910064697265625000e-05 3.039836883544921875e-05
1.967415077105006738e+00 -2.980232238769531250e-07 -4.053115844726562500e-06 -1.251697540283203125e-06 3.278255462646484375e-07 7.092952728271484375e-06 6.794929504394531250e-06 -8.702278137207031250e-06 -7.361173629760742188e-06 -2.980232238769531250e-07 -2.235174179077148438e-06
1.973867839090394538e+00 -1.034140586853027344e-05 -2.256035804748535156e-05 -3.162026405334472656e-05 -1.409649848937988281e-05 -1.385807991027832031e-05 -5.990266799926757812e-06 -2.047419548034667969e-05 -1.415610313415527344e-05 -2.124905586242675781e-05 -1.767277717590332031e-05
1.980320601075782561e+00 4.154443740844726562e-05 4.866719245910644531e-05 4.059076309204101562e-05 4.425644874572753906e-05 4.002451896667480469e-05 4.288554191589355469e-05 3.874301910400390625e-05 4.175305366516113281e-05 4.610419273376464844e-05 3.576278686523437500e-05
1.986773363061170361e+00 -1.106262207031250000e-04 -1.046657562255859375e-04 -1.029670238494873047e-04 -9.998679161071777344e-05 -1.049339771270751953e-04 -1.144111156463623047e-04 -1.117885112762451172e-04 -1.207888126373291016e-04 -1.039505004882812500e-04 -1.116394996643066406e-04
1.993226125046558384e+00 1.192092895507812500e-07 6.765127182006835938e-06 -9.238719940185546875e-07 -3.427267074584960938e-06 6.556510925292968750e-07 8.344650268554687500e-06 2.861022949218750000e-06 8.523464202880859375e-06 1.102685928344726562e-06 0.000000000000000000e+00
1.999678887031946184e+00 1.830160617828369141e-04 1.780688762664794922e-04 1.802146434783935547e-04 1.752972602844238281e-04 1.794397830963134766e-04 1.721680164337158203e-04 1.849234104156494141e-04 1.784265041351318359e-04 1.932084560394287109e-04 1.693069934844970703e-04
2.006131649017333984e+00 -5.662441253662109375e-05 -7.990002632141113281e-05 -7.531046867370605469e-05 -5.957484245300292969e-05 -6.645917892456054688e-05 -6.610155105590820312e-05 -7.444620132446289062e-05 -7.724761962890625000e-05 -8.136034011840820312e-05 -7.876753807067871094e-05
