#Range[m] 0 1 2 3 4 5 6 7 8 9
1.800000071525573730e-01 -6.586939096450805664e-03 -6.603091955184936523e-03 -6.612271070480346680e-03 -6.572157144546508789e-03 -6.605595350265502930e-03 -6.603926420211791992e-03 -6.588459014892578125e-03 -6.624758243560791016e-03 -6.576657295227050781e-03 -6.593585014343261719e-03
1.864527691379452845e-01 2.629309892654418945e-03 2.619862556457519531e-03 2.614110708236694336e-03 2.584695816040039062e-03 2.554237842559814453e-03 2.568691968917846680e-03 2.603620290756225586e-03 2.607196569442749023e-03 2.569913864135742188e-03 2.561748027801513672e-03
1.929055311233331682e-01 3.452539443969726562e-03 3.482878208160400391e-03 3.486841917037963867e-03 3.472328186035156250e-03 3.496527671813964844e-03 3.513932228088378906e-03 3.471612930297851562e-03 3.500521183013916016e-03 3.510117530822753906e-03 3.515481948852539062e-03
1.993582931087210797e-01 -5.195528268814086914e-03 -5.217820405960083008e-03 -5.203634500503540039e-03 -5.192965269088745117e-03 -5.177527666091918945e-03 -5.186796188354492188e-03 -5.184561014175415039e-03 -5.227267742156982422e-03 -5.173981189727783203e-03 -5.189895629882812500e-03
2.058110550941089911e-01 2.971321344375610352e-03 2.934306859970092773e-03 2.908468246459960938e-03 2.894401550292968750e-03 2.875626087188720703e-03 2.904325723648071289e-03 2.915382385253906250e-03 2.913683652877807617e-03 2.886712551116943359e-03 2.883255481719970703e-03
2.122638170794968748e-01 8.387267589569091797e-04 8.440315723419189453e-04 8.458197116851806641e-04 8.502006530761718750e-04 8.806288242340087891e-04 8.934140205383300781e-04 8.352100849151611328e-04 8.493959903717041016e-04 8.564889430999755859e-04 8.511543273925781250e-04
2.187165790648847863e-01 -2.173453569412231445e-03 -2.172708511352539062e-03 -2.170741558074951172e-03 -2.151161432266235352e-03 -2.166837453842163086e-03 -2.162635326385498047e-03 -2.154558897018432617e-03 -2.171576023101806641e-03 -2.170860767364501953e-03 -2.165764570236206055e-03
2.251693410502726977e-01 1.416087150573730469e-03 1.433193683624267578e-03 1.391321420669555664e-03 1.400202512741088867e-03 1.383215188980102539e-03 1.398772001266479492e-03 1.400530338287353516e-03 1.384496688842773438e-03 1.393735408782958984e-03 1.393288373947143555e-03
2.316221030356606092e-01 1.126229763031005859e-04 1.222193241119384766e-04 1.152157783508300781e-04 1.244843006134033203e-04 1.245141029357910156e-04 1.302659511566162109e-04 1.270174980163574219e-04 1.363456249237060547e-04 1.268684864044189453e-04 1.199841499328613281e-04
2.380748650210485207e-01 1.969337463378906250e-04 2.097189426422119141e-04 2.091526985168457031e-04 2.111196517944335938e-04 2.150237560272216797e-04 2.281665802001953125e-04 2.124905586242675781e-04 2.234578132629394531e-04 2.228021621704101562e-04 2.252757549285888672e-04
2.445276270064364044e-01 -2.680957317352294922e-03 -2.694338560104370117e-03 -2.697348594665527344e-03 -2.699077129364013672e-03 -2.702593803405761719e-03 -2.709895372390747070e-03 -2.691715955734252930e-03 -2.701580524444580078e-03 -2.692103385925292969e-03 -2.692639827728271484e-03
2.509803889918242881e-01 3.877520561218261719e-03 3.883570432662963867e-03 3.855794668197631836e-03 3.866374492645263672e-03 3.835320472717285156e-03 3.846645355224609375e-03 3.868460655212402344e-03 3.843277692794799805e-03 3.827601671218872070e-03 3.819078207015991211e-03
2.574331509772121995e-01 -3.346800804138183594e-04 -3.147721290588378906e-04 -3.105700016021728516e-04 -3.225803375244140625e-04 -2.811551094055175781e-04 -2.851784229278564453e-04 -2.943575382232666016e-04 -2.963840961456298828e-04 -2.675652503967285156e-04 -2.921819686889648438e-04
2.638859129626001110e-01 -4.652172327041625977e-03 -4.671394824981689453e-03 -4.638701677322387695e-03 -4.648804664611816406e-03 -4.641711711883544922e-03 -4.684865474700927734e-03 -4.630565643310546875e-03 -4.645407199859619141e-03 -4.671007394790649414e-03 -4.659056663513183594e-03
2.703386749479880224e-01 8.437186479568481445e-03 8.425712585449218750e-03 8.382320404052734375e-03 8.388489484786987305e-03 8.361488580703735352e-03 8.366286754608154297e-03 8.394926786422729492e-03 8.370906114578247070e-03 8.378773927688598633e-03 8.366465568542480469e-03
2.767914369333759339e-01 -5.694955587387084961e-03 -5.682528018951416016e-03 -5.683988332748413086e-03 -5.670279264450073242e-03 -5.626082420349121094e-03 -5.619853734970092773e-03 -5.672931671142578125e-03 -5.686253309249877930e-03 -5.595326423645019531e-03 -5.602538585662841797e-03
2.832441989187638454e-01 -2.181023359298706055e-03 -2.243310213088989258e-03 -2.181798219680786133e-03 -2.196699380874633789e-03 -2.226322889328002930e-03 -2.240777015686035156e-03 -2.176105976104736328e-03 -2.173215150833129883e-03 -2.226114273071289062e-03 -2.233356237411499023e-03
2.896969609041517568e-01 1.110380887985229492e-02 1.110720634460449219e-02 1.111948490142822266e-02 1.111969351768493652e-02 1.111933588981628418e-02 1.111677289009094238e-02 1.104614138603210449e-02 1.107597351074218750e-02 1.107418537139892578e-02 1.110860705375671387e-02
2.961497228895396683e-01 -1.258546113967895508e-02 -1.254144310951232910e-02 -1.258820295333862305e-02 -1.259174942970275879e-02 -1.255035400390625000e-02 -1.256102323532104492e-02 -1.257455348968505859e-02 -1.253867149353027344e-02 -1.252627372741699219e-02 -1.252838969230651855e-02
3.026024848749275242e-01 6.819874048233032227e-03 6.780236959457397461e-03 6.833970546722412109e-03 6.843239068984985352e-03 6.794929504394531250e-03 6.789922714233398438e-03 6.845861673355102539e-03 6.843745708465576172e-03 6.775200366973876953e-03 6.752192974090576172e-03
3.090552468603154357e-01 7.507979869842529297e-03 7.549643516540527344e-03 7.517486810684204102e-03 7.517069578170776367e-03 7.563948631286621094e-03 7.552951574325561523e-03 7.485061883926391602e-03 7.506817579269409180e-03 7.548987865447998047e-03 7.580131292343139648e-03
3.155080088457033471e-01 -1.530593633651733398e-02 -1.531147956848144531e-02 -1.527586579322814941e-02 -1.528349518775939941e-02 -1.528573036193847656e-02 -1.529109477996826172e-02 -1.526939868927001953e-02 -1.529330015182495117e-02 -1.526683568954467773e-02 -1.528152823448181152e-02
3.219607708310912586e-01 1.216307282447814941e-02 1.212218403816223145e-02 1.213443279266357422e-02 1.212090253829956055e-02 1.210594177246093750e-02 1.209503412246704102e-02 1.216217875480651855e-02 1.216036081314086914e-02 1.204076409339904785e-02 1.205271482467651367e-02
3.284135328164791701e-01 4.937350749969482422e-04 5.624294281005859375e-04 5.175173282623291016e-04 5.233883857727050781e-04 5.809068679809570312e-04 6.009340286254882812e-04 4.976093769073486328e-04 5.339980125427246094e-04 6.044209003448486328e-04 5.768835544586181641e-04
3.348662948018670260e-01 -1.356700062751770020e-02 -1.359212398529052734e-02 -1.359736919403076172e-02 -1.360407471656799316e-02 -1.363515853881835938e-02 -1.361426711082458496e-02 -1.358592510223388672e-02 -1.363217830657958984e-02 -1.363766193389892578e-02 -1.363953948020935059e-02
3.413190567872549375e-01 1.562350988388061523e-02 1.559990644454956055e-02 1.562517881393432617e-02 1.561605930328369141e-02 1.559141278266906738e-02 1.557284593582153320e-02 1.561835408210754395e-02 1.560631394386291504e-02 1.558136940002441406e-02 1.559129357337951660e-02
3.477718187726428489e-01 -6.245344877243041992e-03 -6.205320358276367188e-03 -6.205618381500244141e-03 -6.214439868927001953e-03 -6.141811609268188477e-03 -6.122112274169921875e-03 -6.198734045028686523e-03 -6.187111139297485352e-03 -6.127625703811645508e-03 -6.114065647125244141e-03
3.542245807580307604e-01 -6.599038839340209961e-03 -6.640315055847167969e-03 -6.620377302169799805e-03 -6.636202335357666016e-03 -6.667971611022949219e-03 -6.642252206802368164e-03 -6.591200828552246094e-03 -6.627678871154785156e-03 -6.687164306640625000e-03 -6.692141294479370117e-03
3.606773427434186718e-01 1.349848508834838867e-02 1.351553201675415039e-02 1.350173354148864746e-02 1.350355148315429688e-02 1.351979374885559082e-02 1.353040337562561035e-02 1.348796486854553223e-02 1.349571347236633301e-02 1.350477337837219238e-02 1.352858543395996094e-02
3.671301047288065833e-01 -1.026934385299682617e-02 -1.025173068046569824e-02 -1.028710603713989258e-02 -1.025828719139099121e-02 -1.022881269454956055e-02 -1.019018888473510742e-02 -1.027852296829223633e-02 -1.027232408523559570e-02 -1.024264097213745117e-02 -1.023283600807189941e-02
3.735828667141944948e-01 6.712973117828369141e-04 6.569623947143554688e-04 6.834566593170166016e-04 6.541311740875244141e-04 6.185173988342285156e-04 6.499290466308593750e-04 6.676614284515380859e-04 6.228387355804443359e-04 5.756318569183349609e-04 5.616843700408935547e-04
3.800356286995824062e-01 7.296621799468994141e-03 7.327735424041748047e-03 7.272005081176757812e-03 7.296651601791381836e-03 7.335811853408813477e-03 7.286339998245239258e-03 7.285982370376586914e-03 7.293581962585449219e-03 7.336795330047607422e-03 7.339298725128173828e-03
3.864883906849703177e-01 -1.046070456504821777e-02 -1.044628024101257324e-02 -1.046356558799743652e-02 -1.046517491340637207e-02 -1.045930385589599609e-02 -1.044994592666625977e-02 -1.045548915863037109e-02 -1.046061515808105469e-02 -1.044297218322753906e-02 -1.045739650726318359e-02
3.929411526703582291e-01 3.689169883728027344e-03 3.650546073913574219e-03 3.679633140563964844e-03 3.671973943710327148e-03 3.647029399871826172e-03 3.648400306701660156e-03 3.701478242874145508e-03 3.681987524032592773e-03 3.616303205490112305e-03 3.625690937042236328e-03
3.993939146557460851e-01 3.904610872268676758e-03 3.908514976501464844e-03 3.902286291122436523e-03 3.917723894119262695e-03 3.932833671569824219e-03 3.924220800399780273e-03 3.879964351654052734e-03 3.884255886077880859e-03 3.959685564041137695e-03 3.944098949432373047e-03
4.058466766411339965e-01 -8.370459079742431641e-03 -8.381992578506469727e-03 -8.370131254196166992e-03 -8.387863636016845703e-03 -8.395552635192871094e-03 -8.385360240936279297e-03 -8.402705192565917969e-03 -8.381545543670654297e-03 -8.387774229049682617e-03 -8.378624916076660156e-03
4.122994386265219080e-01 4.988968372344970703e-03 4.992485046386718750e-03 5.004435777664184570e-03 4.985302686691284180e-03 4.972338676452636719e-03 4.963397979736328125e-03 4.982233047485351562e-03 4.991710186004638672e-03 4.936158657073974609e-03 4.972666501998901367e-03
4.187522006119098195e-01 1.048713922500610352e-03 1.074612140655517578e-03 1.059919595718383789e-03 1.070290803909301758e-03 1.096487045288085938e-03 1.100391149520874023e-03 1.054883003234863281e-03 1.063704490661621094e-03 1.094013452529907227e-03 1.095980405807495117e-03
4.252049625972976754e-01 -6.330579519271850586e-03 -6.339460611343383789e-03 -6.319642066955566406e-03 -6.325513124465942383e-03 -6.331980228424072266e-03 -6.332188844680786133e-03 -6.324619054794311523e-03 -6.330490112304687500e-03 -6.351739168167114258e-03 -6.345212459564208984e-03
4.316577245826856424e-01 5.417525768280029297e-03 5.400300025939941406e-03 5.408346652984619141e-03 5.427122116088867188e-03 5.394786596298217773e-03 5.390733480453491211e-03 5.412071943283081055e-03 5.423694849014282227e-03 5.372762680053710938e-03 5.381166934967041016e-03
4.381104865680734983e-01 -1.335620880126953125e-03 -1.293241977691650391e-03 -1.305580139160156250e-03 -1.288563013076782227e-03 -1.278489828109741211e-03 -1.282423734664916992e-03 -1.325935125350952148e-03 -1.319736242294311523e-03 -1.264125108718872070e-03 -1.267880201339721680e-03
4.445632485534614098e-01 -3.759384155273437500e-03 -3.758788108825683594e-03 -3.787457942962646484e-03 -3.779977560043334961e-03 -3.787010908126831055e-03 -3.807812929153442383e-03 -3.755897283554077148e-03 -3.758430480957031250e-03 -3.781259059906005859e-03 -3.784626722335815430e-03
4.510160105388493212e-01 5.370646715164184570e-03 5.361080169677734375e-03 5.381137132644653320e-03 5.369156599044799805e-03 5.388766527175903320e-03 5.381226539611816406e-03 5.374044179916381836e-03 5.367159843444824219e-03 5.360335111618041992e-03 5.355328321456909180e-03
4.574687725242372327e-01 -3.575652837753295898e-03 -3.570824861526489258e-03 -3.562688827514648438e-03 -3.572285175323486328e-03 -3.568172454833984375e-03 -3.564178943634033203e-03 -3.569513559341430664e-03 -3.569304943084716797e-03 -3.564655780792236328e-03 -3.557831048965454102e-03
4.639215345096251442e-01 -1.004964113235473633e-03 -1.018881797790527344e-03 -1.020222902297973633e-03 -1.004606485366821289e-03 -1.026123762130737305e-03 -1.016825437545776367e-03 -9.988844394683837891e-04 -1.032650470733642578e-03 -1.037240028381347656e-03 -1.021862030029296875e-03
4.703742964950130556e-01 3.632515668869018555e-03 3.637880086898803711e-03 3.629952669143676758e-03 3.632992506027221680e-03 3.622591495513916016e-03 3.625243902206420898e-03 3.619343042373657227e-03 3.634154796600341797e-03 3.622978925704956055e-03 3.639101982116699219e-03
4.768270584804009671e-01 -3.031522035598754883e-03 -3.021270036697387695e-03 -3.005266189575195312e-03 -3.009796142578125000e-03 -2.998292446136474609e-03 -3.003060817718505859e-03 -3.030180931091308594e-03 -3.002166748046875000e-03 -2.997308969497680664e-03 -2.996206283569335938e-03
4.832798204657888230e-01 4.409253597259521484e-04 4.208385944366455078e-04 4.247426986694335938e-04 4.327893257141113281e-04 4.156231880187988281e-04 4.043579101562500000e-04 4.254281520843505859e-04 3.975927829742431641e-04 4.113614559173583984e-04 3.935694694519042969e-04
4.897325824511767345e-01 1.970231533050537109e-03 1.979261636734008789e-03 1.961499452590942383e-03 1.955777406692504883e-03 1.990795135498046875e-03 1.968860626220703125e-03 1.970440149307250977e-03 1.973450183868408203e-03 1.988202333450317383e-03 1.972168684005737305e-03
4.961853444365646459e-01 -2.705127000808715820e-03 -2.703696489334106445e-03 -2.705901861190795898e-03 -2.706706523895263672e-03 -2.691656351089477539e-03 -2.692610025405883789e-03 -2.692461013793945312e-03 -2.694010734558105469e-03 -2.701461315155029297e-03 -2.674847841262817383e-03
5.026381064219525019e-01 1.227200031280517578e-03 1.223802566528320312e-03 1.242220401763916016e-03 1.244127750396728516e-03 1.229852437973022461e-03 1.231342554092407227e-03 1.223653554916381836e-03 1.232594251632690430e-03 1.220434904098510742e-03 1.213371753692626953e-03
5.090908684073405244e-01 7.435083389282226562e-04 7.530748844146728516e-04 7.495880126953125000e-04 7.425248622894287109e-04 7.598400115966796875e-04 7.496774196624755859e-04 7.325410842895507812e-04 7.462799549102783203e-04 7.579326629638671875e-04 7.420778274536132812e-04
5.155436303927283248e-01 -1.621365547180175781e-03 -1.612901687622070312e-03 -1.627057790756225586e-03 -1.628369092941284180e-03 -1.628428697586059570e-03 -1.624435186386108398e-03 -1.612752676010131836e-03 -1.609683036804199219e-03 -1.625001430511474609e-03 -1.630425453186035156e-03
5.219963923781163473e-01 1.307874917984008789e-03 1.294434070587158203e-03 1.301556825637817383e-03 1.290500164031982422e-03 1.306384801864624023e-03 1.294732093811035156e-03 1.316428184509277344e-03 1.299768686294555664e-03 1.307517290115356445e-03 1.302540302276611328e-03
5.284491543635041477e-01 -5.241632461547851562e-04 -5.189180374145507812e-04 -5.075931549072265625e-04 -5.090236663818359375e-04 -5.092918872833251953e-04 -5.168914794921875000e-04 -5.185604095458984375e-04 -5.095601081848144531e-04 -5.053579807281494141e-04 -4.958808422088623047e-04
5.349019163488920592e-01 -4.670321941375732422e-04 -4.608631134033203125e-04 -4.681348800659179688e-04 -4.669725894927978516e-04 -4.597306251525878906e-04 -4.738867282867431641e-04 -4.615187644958496094e-04 -4.680752754211425781e-04 -4.852712154388427734e-04 -4.719495773315429688e-04
5.413546783342799706e-01 1.086354255676269531e-03 1.095771789550781250e-03 1.092404127120971680e-03 1.100599765777587891e-03 1.102954149246215820e-03 1.091569662094116211e-03 1.095145940780639648e-03 1.113206148147583008e-03 1.093983650207519531e-03 1.100927591323852539e-03
5.478074403196678821e-01 -5.340278148651123047e-04 -5.314648151397705078e-04 -5.227625370025634766e-04 -5.394816398620605469e-04 -5.334615707397460938e-04 -5.333423614501953125e-04 -5.281567573547363281e-04 -5.191266536712646484e-04 -5.171597003936767578e-04 -5.325675010681152344e-04
5.542602023050557936e-01 -5.596876144409179688e-05 -6.917119026184082031e-05 -6.100535392761230469e-05 -6.267428398132324219e-05 -6.413459777832031250e-05 -6.705522537231445312e-05 -5.248188972473144531e-05 -7.233023643493652344e-05 -7.143616676330566406e-05 -5.957484245300292969e-05
5.607129642904437050e-01 4.787445068359375000e-04 4.961192607879638672e-04 4.852116107940673828e-04 4.843175411224365234e-04 4.831850528717041016e-04 4.770755767822265625e-04 4.939138889312744141e-04 4.954338073730468750e-04 4.913508892059326172e-04 4.813969135284423828e-04
5.671657262758316165e-01 -6.633102893829345703e-04 -6.428956985473632812e-04 -6.453394889831542969e-04 -6.424188613891601562e-04 -6.568431854248046875e-04 -6.498694419860839844e-04 -6.566941738128662109e-04 -6.645917892456054688e-04 -6.561279296875000000e-04 -6.446242332458496094e-04
5.736184882612194169e-01 4.911720752716064453e-04 4.830062389373779297e-04 4.961788654327392578e-04 4.838109016418457031e-04 4.873871803283691406e-04 4.912316799163818359e-04 4.913210868835449219e-04 4.879534244537353516e-04 4.787445068359375000e-04 4.932582378387451172e-04
5.800712502466074394e-01 2.012550830841064453e-04 2.104341983795166016e-04 2.059340476989746094e-04 2.052187919616699219e-04 2.072155475616455078e-04 2.052783966064453125e-04 1.982152462005615234e-04 2.213418483734130859e-04 2.101659774780273438e-04 1.865327358245849609e-04
5.865240122319952398e-01 -6.885528564453125000e-04 -6.900429725646972656e-04 -7.015764713287353516e-04 -6.869137287139892578e-04 -6.679892539978027344e-04 -6.894171237945556641e-04 -6.852149963378906250e-04 -6.820857524871826172e-04 -6.695091724395751953e-04 -6.785094738006591797e-04
5.929767742173832623e-01 5.488395690917968750e-04 5.431175231933593750e-04 5.502402782440185547e-04 5.496740341186523438e-04 5.634725093841552734e-04 5.477368831634521484e-04 5.459785461425781250e-04 5.409717559814453125e-04 5.375444889068603516e-04 5.448162555694580078e-04
5.994295362027710627e-01 -8.681416511535644531e-05 -8.293986320495605469e-05 -9.137392044067382812e-05 -9.062886238098144531e-05 -9.298324584960937500e-05 -8.535385131835937500e-05 -8.419156074523925781e-05 -9.351968765258789062e-05 -8.976459503173828125e-05 -8.529424667358398438e-05
6.058822981881590852e-01 -2.173781394958496094e-04 -2.250969409942626953e-04 -2.284049987792968750e-04 -2.181231975555419922e-04 -2.236366271972656250e-04 -2.281367778778076172e-04 -2.259612083435058594e-04 -2.273619174957275391e-04 -2.322196960449218750e-04 -2.271533012390136719e-04
6.123350601735468857e-01 5.812942981719970703e-04 5.725920200347900391e-04 5.841255187988281250e-04 5.808770656585693359e-04 5.770325660705566406e-04 5.692541599273681641e-04 5.767047405242919922e-04 5.722045898437500000e-04 5.867481231689453125e-04 5.773305892944335938e-04
6.187878221589347971e-01 -5.392730236053466797e-04 -5.409419536590576172e-04 -5.364716053009033203e-04 -5.351901054382324219e-04 -5.428493022918701172e-04 -5.433559417724609375e-04 -5.457401275634765625e-04 -5.469620227813720703e-04 -5.301833152770996094e-04 -5.378127098083496094e-04
6.252405841443227086e-01 -1.023411750793457031e-04 -9.986758232116699219e-05 -1.039803028106689453e-04 -1.026690006256103516e-04 -9.891390800476074219e-05 -1.075863838195800781e-04 -7.554888725280761719e-05 -9.366869926452636719e-05 -8.371472358703613281e-05 -9.310245513916015625e-05
6.316933461297106200e-01 4.535913467407226562e-04 4.438757896423339844e-04 4.405975341796875000e-04 4.441738128662109375e-04 4.490911960601806641e-04 4.625618457794189453e-04 4.404485225677490234e-04 4.581212997436523438e-04 4.459023475646972656e-04 4.507899284362792969e-04
6.381461081150985315e-01 -3.225505352020263672e-04 -3.257095813751220703e-04 -3.303289413452148438e-04 -3.331005573272705078e-04 -3.322660923004150391e-04 -3.216564655303955078e-04 -3.372728824615478516e-04 -3.314614295959472656e-04 -3.344118595123291016e-04 -3.288686275482177734e-04
6.445988701004864430e-01 8.067488670349121094e-05 8.353590965270996094e-05 8.311867713928222656e-05 7.078051567077636719e-05 7.236003875732421875e-05 6.920099258422851562e-05 9.062886238098144531e-05 7.441639900207519531e-05 6.908178329467773438e-05 6.571412086486816406e-05
6.510516320858743544e-01 9.551644325256347656e-05 1.149177551269531250e-04 1.090764999389648438e-04 1.249611377716064453e-04 1.114010810852050781e-04 1.048147678375244141e-04 1.099407672882080078e-04 1.063942909240722656e-04 1.192688941955566406e-04 1.073777675628662109e-04
6.575043940712622659e-01 -4.091262817382812500e-04 -4.138648509979248047e-04 -4.039406776428222656e-04 -4.104077816009521484e-04 -3.955364227294921875e-04 -4.082024097442626953e-04 -4.030168056488037109e-04 -4.107952117919921875e-04 -4.092752933502197266e-04 -4.161000251770019531e-04
6.639571560566501773e-01 2.132058143615722656e-04 2.122819423675537109e-04 2.063214778900146484e-04 2.123117446899414062e-04 2.065896987915039062e-04 2.111792564392089844e-04 2.027153968811035156e-04 2.032518386840820312e-04 2.024173736572265625e-04 2.009272575378417969e-04
6.704099180420379778e-01 2.694427967071533203e-04 2.524256706237792969e-04 2.633333206176757812e-04 2.610087394714355469e-04 2.753436565399169922e-04 2.688765525817871094e-04 2.579987049102783203e-04 2.597868442535400391e-04 2.638101577758789062e-04 2.558827400207519531e-04
6.768626800274260003e-01 -3.661513328552246094e-04 -3.625750541687011719e-04 -3.634691238403320312e-04 -3.666579723358154297e-04 -3.718435764312744141e-04 -3.683567047119140625e-04 -3.642141819000244141e-04 -3.636181354522705078e-04 -3.699064254760742188e-04 -3.563463687896728516e-04
6.833154420128139117e-01 1.191496849060058594e-04 1.049637794494628906e-04 1.112222671508789062e-04 1.187622547149658203e-04 1.098215579986572266e-04 1.055598258972167969e-04 1.111328601837158203e-04 9.682774543762207031e-05 1.079142093658447266e-04 1.057684421539306641e-04
6.897682039982017121e-01 8.672475814819335938e-05 1.018345355987548828e-04 9.042024612426757812e-05 8.735060691833496094e-05 8.642673492431640625e-05 8.797645568847656250e-05 8.237361907958984375e-05 9.173154830932617188e-05 9.426474571228027344e-05 1.009702682495117188e-04
6.962209659835896236e-01 -3.716647624969482422e-04 -3.685355186462402344e-04 -3.805458545684814453e-04 -3.685355186462402344e-04 -3.766119480133056641e-04 -3.635287284851074219e-04 -3.626644611358642578e-04 -3.773272037506103516e-04 -3.678500652313232422e-04 -3.696680068969726562e-04
7.026737279689775351e-01 4.043877124786376953e-04 4.003643989562988281e-04 4.082322120666503906e-04 4.009306430816650391e-04 4.059374332427978516e-04 4.068315029144287109e-04 4.053115844726562500e-04 3.991127014160156250e-04 4.059076309204101562e-04 3.956854343414306641e-04
7.091264899543654465e-01 1.975893974304199219e-05 1.925230026245117188e-05 2.342462539672851562e-05 2.965331077575683594e-05 1.773238182067871094e-05 1.767277717590332031e-05 2.586841583251953125e-05 2.133846282958984375e-05 2.750754356384277344e-05 2.667307853698730469e-05
7.155792519397533580e-01 -5.489885807037353516e-04 -5.542635917663574219e-04 -5.443096160888671875e-04 -5.498826503753662109e-04 -5.559325218200683594e-04 -5.413591861724853516e-04 -5.497932434082031250e-04 -5.435049533843994141e-04 -5.485415458679199219e-04 -5.429089069366455078e-04
7.220320139251412694e-01 5.120337009429931641e-04 5.095005035400390625e-04 5.233287811279296875e-04 5.169510841369628906e-04 5.108416080474853516e-04 5.182325839996337891e-04 5.097389221191406250e-04 5.071163177490234375e-04 5.038082599639892578e-04 5.135238170623779297e-04
7.284847759105291809e-01 -1.077950000762939453e-04 -1.204013824462890625e-04 -1.174509525299072266e-04 -1.097917556762695312e-04 -1.065135002136230469e-04 -1.131296157836914062e-04 -1.135468482971191406e-04 -1.176595687866210938e-04 -1.057684421539306641e-04 -1.154243946075439453e-04
7.349375378959170924e-01 -1.288056373596191406e-04 -1.213848590850830078e-04 -1.181960105895996094e-04 -1.234710216522216797e-04 -1.204907894134521484e-04 -1.216232776641845703e-04 -1.297295093536376953e-04 -1.235604286193847656e-04 -1.279711723327636719e-04 -1.301765441894531250e-04
7.413902998813050038e-01 4.672408103942871094e-04 4.861354827880859375e-04 4.788935184478759766e-04 4.763603210449218750e-04 4.799664020538330078e-04 4.832744598388671875e-04 4.659295082092285156e-04 4.782378673553466797e-04 4.856288433074951172e-04 4.863440990447998047e-04
7.478430618666929153e-01 -8.377730846405029297e-04 -8.406043052673339844e-04 -8.405447006225585938e-04 -8.302628993988037109e-04 -8.402168750762939453e-04 -8.405447006225585938e-04 -8.372068405151367188e-04 -8.270144462585449219e-04 -8.268654346466064453e-04 -8.408725261688232422e-04
7.542958238520808267e-01 -2.625584602355957031e-05 -2.971291542053222656e-05 -2.059340476989746094e-05 -4.187226295471191406e-05 -2.789497375488281250e-05 -3.796815872192382812e-05 -3.227591514587402344e-05 -3.424286842346191406e-05 -2.616643905639648438e-05 -3.245472908020019531e-05
7.607485858374687382e-01 4.906356334686279297e-04 4.832744598388671875e-04 4.841983318328857422e-04 4.945695400238037109e-04 4.928410053253173828e-04 4.945993423461914062e-04 4.749298095703125000e-04 4.861056804656982422e-04 4.838407039642333984e-04 4.843175411224365234e-04
7.672013478228566496e-01 -3.752112388610839844e-04 -3.711581230163574219e-04 -3.796815872192382812e-04 -3.715455532073974609e-04 -3.864467144012451172e-04 -3.706514835357666016e-04 -3.659725189208984375e-04 -3.874599933624267578e-04 -3.824234008789062500e-04 -3.768503665924072266e-04
7.736541098082445611e-01 4.956126213073730469e-04 5.120933055877685547e-04 5.201697349548339844e-04 5.052387714385986328e-04 5.148947238922119141e-04 5.151927471160888672e-04 5.113482475280761719e-04 5.130469799041748047e-04 5.154609680175781250e-04 4.949867725372314453e-04
7.801068717936323615e-01 1.794099807739257812e-04 1.810789108276367188e-04 1.746714115142822266e-04 1.959204673767089844e-04 1.940429210662841797e-04 1.901388168334960938e-04 1.815855503082275391e-04 1.836717128753662109e-04 1.901686191558837891e-04 1.834034919738769531e-04
7.865596337790202730e-01 -2.747774124145507812e-04 -2.670288085937500000e-04 -2.832710742950439453e-04 -2.662837505340576172e-04 -2.593994140625000000e-04 -2.534389495849609375e-04 -2.506077289581298828e-04 -2.558231353759765625e-04 -2.674460411071777344e-04 -2.587139606475830078e-04
7.930123957644081845e-01 7.109045982360839844e-04 7.037520408630371094e-04 7.056891918182373047e-04 7.067918777465820312e-04 7.003247737884521484e-04 6.831586360931396484e-04 6.993412971496582031e-04 7.079541683197021484e-04 6.971359252929687500e-04 6.937086582183837891e-04
7.994651577497960959e-01 -2.395808696746826172e-04 -2.348423004150390625e-04 -2.319514751434326172e-04 -2.353489398956298828e-04 -2.279281616210937500e-04 -2.247095108032226562e-04 -2.236366271972656250e-04 -2.294480800628662109e-04 -2.297759056091308594e-04 -2.242326736450195312e-04
8.059179197351840074e-01 -8.396208286285400391e-04 -8.557438850402832031e-04 -8.372366428375244141e-04 -8.508265018463134766e-04 -8.437931537628173828e-04 -8.478760719299316406e-04 -8.528828620910644531e-04 -8.406639099121093750e-04 -8.426010608673095703e-04 -8.422434329986572266e-04
8.123706817205719188e-01 1.014769077301025391e-04 1.096427440643310547e-04 9.968876838684082031e-05 1.183748245239257812e-04 1.209974288940429688e-04 1.220703125000000000e-04 1.260042190551757812e-04 1.189410686492919922e-04 1.200437545776367188e-04 1.197159290313720703e-04
8.188234437059598303e-01 2.305507659912109375e-04 2.301931381225585938e-04 2.292692661285400391e-04 2.258718013763427734e-04 2.257823944091796875e-04 2.347230911254882812e-04 2.249479293823242188e-04 2.290606498718261719e-04 2.163052558898925781e-04 2.226829528808593750e-04
8.252762056913477418e-01 -3.775954246520996094e-04 -3.744959831237792969e-04 -3.720223903656005859e-04 -3.694891929626464844e-04 -3.713071346282958984e-04 -3.813505172729492188e-04 -3.779232501983642578e-04 -3.784894943237304688e-04 -3.732740879058837891e-04 -3.842711448669433594e-04
8.317289676767356532e-01 -1.235306262969970703e-04 -1.196861267089843750e-04 -1.392364501953125000e-04 -1.293718814849853516e-04 -1.348853111267089844e-04 -1.181662082672119141e-04 -1.262128353118896484e-04 -1.193583011627197266e-04 -1.235306262969970703e-04 -1.276135444641113281e-04
8.381817296621235647e-01 2.037286758422851562e-04 2.199411392211914062e-04 2.198815345764160156e-04 2.146065235137939453e-04 2.093613147735595703e-04 2.249181270599365234e-04 2.248585224151611328e-04 2.221167087554931641e-04 2.156794071197509766e-04 2.226531505584716797e-04
8.446344916475114761e-01 1.271963119506835938e-04 1.177191734313964844e-04 1.253485679626464844e-04 1.204609870910644531e-04 1.281201839447021484e-04 1.306533813476562500e-04 1.240670680999755859e-04 1.161992549896240234e-04 1.334249973297119141e-04 1.204311847686767578e-04
8.510872536328993876e-01 7.477402687072753906e-05 5.903840065002441406e-05 6.049871444702148438e-05 7.870793342590332031e-05 6.660819053649902344e-05 5.653500556945800781e-05 6.091594696044921875e-05 6.335973739624023438e-05 6.556510925292968750e-05 6.344914436340332031e-05
8.575400156182872990e-01 -1.253485679626464844e-04 -1.268982887268066406e-04 -1.294314861297607422e-04 -1.201927661895751953e-04 -1.330375671386718750e-04 -1.370906829833984375e-04 -1.259446144104003906e-04 -1.274943351745605469e-04 -1.267790794372558594e-04 -1.354217529296875000e-04
8.639927776036752105e-01 -1.330077648162841797e-04 -1.374185085296630859e-04 -1.190304756164550781e-04 -1.429617404937744141e-04 -1.453161239624023438e-04 -1.268684864044189453e-04 -1.349449157714843750e-04 -1.390278339385986328e-04 -1.372396945953369141e-04 -1.362562179565429688e-04
8.704455395890630109e-01 -2.198815345764160156e-04 -2.256333827972412109e-04 -2.252757549285888672e-04 -2.335608005523681641e-04 -2.154111862182617188e-04 -2.229213714599609375e-04 -2.188086509704589844e-04 -2.190768718719482422e-04 -2.322793006896972656e-04 -2.201497554779052734e-04
8.768983015744509224e-01 5.662441253662109375e-05 6.553530693054199219e-05 6.461143493652343750e-05 5.960464477539062500e-05 5.835294723510742188e-05 5.748867988586425781e-05 5.766749382019042969e-05 5.263090133666992188e-05 5.990266799926757812e-05 6.645917892456054688e-05
8.833510635598388339e-01 2.236664295196533203e-04 2.322793006896972656e-04 2.242922782897949219e-04 2.237856388092041016e-04 2.202093601226806641e-04 2.329349517822265625e-04 2.240836620330810547e-04 2.219080924987792969e-04 2.183914184570312500e-04 2.272427082061767578e-04
8.898038255452267453e-01 -1.510977745056152344e-05 -1.788139343261718750e-07 -6.675720214843750000e-06 -1.129508018493652344e-05 -2.393126487731933594e-05 -2.667307853698730469e-05 -2.667307853698730469e-05 -1.558661460876464844e-05 -2.324581146240234375e-05 -1.770257949829101562e-05
8.962565875306146568e-01 -1.050531864166259766e-04 -9.381771087646484375e-05 -9.337067604064941406e-05 -1.036822795867919922e-04 -9.196996688842773438e-05 -7.921457290649414062e-05 -8.052587509155273438e-05 -9.587407112121582031e-05 -9.378790855407714844e-05 -1.038312911987304688e-04
9.027093495160025682e-01 -6.988644599914550781e-05 -6.356835365295410156e-05 -5.686283111572265625e-05 -7.319450378417968750e-05 -6.064772605895996094e-05 -6.771087646484375000e-05 -6.613135337829589844e-05 -5.912780761718750000e-05 -6.046891212463378906e-05 -6.684660911560058594e-05
9.091621115013904797e-01 8.776783943176269531e-05 8.773803710937500000e-05 9.474158287048339844e-05 1.069903373718261719e-04 9.939074516296386719e-05 9.331107139587402344e-05 1.125633716583251953e-04 9.429454803466796875e-05 9.468197822570800781e-05 1.006126403808593750e-04
9.156148734867783912e-01 1.046061515808105469e-04 9.694695472717285156e-05 9.721517562866210938e-05 9.375810623168945312e-05 1.018047332763671875e-04 8.812546730041503906e-05 9.840726852416992188e-05 9.587407112121582031e-05 1.004934310913085938e-04 8.675456047058105469e-05
9.220676354721663026e-01 -6.294250488281250000e-05 -7.179379463195800781e-05 -8.058547973632812500e-05 -6.216764450073242188e-05 -6.762146949768066406e-05 -6.806850433349609375e-05 -6.353855133056640625e-05 -8.034706115722656250e-05 -8.320808410644531250e-05 -6.330013275146484375e-05
9.285203974575542141e-01 -6.362795829772949219e-05 -6.195902824401855469e-05 -5.486607551574707031e-05 -5.891919136047363281e-05 -6.279349327087402344e-05 -6.946921348571777344e-05 -6.368756294250488281e-05 -6.607174873352050781e-05 -7.307529449462890625e-05 -5.695223808288574219e-05
9.349731594429421255e-01 1.454353332519531250e-05 2.434849739074707031e-05 1.057982444763183594e-05 2.241134643554687500e-05 1.543760299682617188e-05 1.767277717590332031e-05 2.938508987426757812e-05 1.618266105651855469e-05 1.764297485351562500e-05 2.011656761169433594e-05
9.414259214283300370e-01 -7.420778274536132812e-06 -1.811981201171875000e-05 -1.826882362365722656e-05 -1.615285873413085938e-05 -4.798173904418945312e-06 -9.298324584960937500e-06 -1.233816146850585938e-05 -8.463859558105468750e-06 3.695487976074218750e-06 -9.596347808837890625e-06
9.478786834137179484e-01 1.301467418670654297e-04 1.204013824462890625e-04 1.128017902374267578e-04 1.267492771148681641e-04 1.221597194671630859e-04 1.254379749298095703e-04 1.310110092163085938e-04 1.209080219268798828e-04 1.241266727447509766e-04 1.182854175567626953e-04
9.543314453991058599e-01 -1.022219657897949219e-05 -9.715557098388671875e-06 -1.496076583862304688e-05 -2.622604370117187500e-06 -1.171231269836425781e-05 -2.890825271606445312e-06 2.384185791015625000e-07 -8.970499038696289062e-06 -3.010034561157226562e-06 -6.139278411865234375e-06
9.607842073844936603e-01 -2.128183841705322266e-04 -2.130270004272460938e-04 -2.008080482482910156e-04 -2.043843269348144531e-04 -1.984536647796630859e-04 -2.066493034362792969e-04 -2.044141292572021484e-04 -2.024173736572265625e-04 -1.906454563140869141e-04 -2.048909664154052734e-04
9.672369693698815718e-01 4.023313522338867188e-05 3.725290298461914062e-05 4.640221595764160156e-05 3.606081008911132812e-05 3.805756568908691406e-05 5.486607551574707031e-05 5.155801773071289062e-05 4.351139068603515625e-05 4.604458808898925781e-05 4.717707633972167969e-05
9.736897313552694833e-01 6.917119026184082031e-05 7.227063179016113281e-05 6.231665611267089844e-05 7.003545761108398438e-05 7.501244544982910156e-05 6.106495857238769531e-05 5.903840065002441406e-05 7.095932960510253906e-05 6.914138793945312500e-05 7.188320159912109375e-05
9.801424933406573947e-01 -8.928775787353515625e-05 -9.617209434509277344e-05 -8.499622344970703125e-05 -8.761882781982421875e-05 -9.563565254211425781e-05 -8.991360664367675781e-05 -9.146332740783691406e-05 -8.711218833923339844e-05 -8.681416511535644531e-05 -9.393692016601562500e-05
9.865952553260453062e-01 1.249313354492187500e-04 1.253485679626464844e-04 1.099407672882080078e-04 1.164376735687255859e-04 1.247823238372802734e-04 1.250505447387695312e-04 1.255571842193603516e-04 1.248419284820556641e-04 1.231431961059570312e-04 1.205205917358398438e-04
9.930480173114332176e-01 -1.028776168823242188e-04 -8.717179298400878906e-05 -1.021623611450195312e-04 -9.837746620178222656e-05 -1.086592674255371094e-04 -1.041889190673828125e-04 -9.417533874511718750e-05 -9.804964065551757812e-05 -9.757280349731445312e-05 -8.729100227355957031e-05
9.995007792968211291e-01 -8.079409599304199219e-05 -8.124113082885742188e-05 -8.636713027954101562e-05 -8.758902549743652344e-05 -7.545948028564453125e-05 -7.778406143188476562e-05 -8.720159530639648438e-05 -8.991360664367675781e-05 -7.069110870361328125e-05 -7.447600364685058594e-05
1.005953541282209152e+00 2.239942550659179688e-04 2.271234989166259766e-04 2.301335334777832031e-04 2.198517322540283203e-04 2.212524414062500000e-04 2.161562442779541016e-04 2.214014530181884766e-04 2.236962318420410156e-04 2.230703830718994141e-04 2.167820930480957031e-04
1.012406303267596952e+00 -6.821751594543457031e-05 -6.404519081115722656e-05 -6.687641143798828125e-05 -6.201863288879394531e-05 -5.945563316345214844e-05 -6.487965583801269531e-05 -5.263090133666992188e-05 -6.526708602905273438e-05 -7.870793342590332031e-05 -7.247924804687500000e-05
1.018859065252984752e+00 1.648068428039550781e-05 2.083182334899902344e-05 1.645088195800781250e-05 1.859664916992187500e-05 2.327561378479003906e-05 9.715557098388671875e-06 2.634525299072265625e-05 1.147389411926269531e-05 1.215934753417968750e-05 1.430511474609375000e-05
1.025311827238372775e+00 4.604458808898925781e-05 3.942847251892089844e-05 4.330277442932128906e-05 4.062056541442871094e-05 4.678964614868164062e-05 4.538893699645996094e-05 3.692507743835449219e-05 4.422664642333984375e-05 4.678964614868164062e-05 4.050135612487792969e-05
1.031764589223760797e+00 -1.475512981414794922e-04 -1.413822174072265625e-04 -1.495480537414550781e-04 -1.455843448638916016e-04 -1.472830772399902344e-04 -1.486837863922119141e-04 -1.424849033355712891e-04 -1.473426818847656250e-04 -1.462101936340332031e-04 -1.456439495086669922e-04
1.038217351209148598e+00 2.006292343139648438e-04 2.011358737945556641e-04 1.901686191558837891e-04 2.035498619079589844e-04 1.942813396453857422e-04 2.079904079437255859e-04 1.984834671020507812e-04 2.012252807617187500e-04 1.926720142364501953e-04 1.924335956573486328e-04
1.044670113194536398e+00 9.950995445251464844e-05 8.723139762878417969e-05 1.004934310913085938e-04 7.793307304382324219e-05 8.371472358703613281e-05 8.699297904968261719e-05 8.583068847656250000e-05 7.373094558715820312e-05 8.264183998107910156e-05 9.894371032714843750e-05
1.051122875179924421e+00 -1.890361309051513672e-04 -1.964271068572998047e-04 -1.960694789886474609e-04 -1.990795135498046875e-04 -1.989006996154785156e-04 -1.815259456634521484e-04 -2.039372920989990234e-04 -1.963078975677490234e-04 -1.951754093170166016e-04 -2.001821994781494141e-04
1.057575637165312221e+00 -8.842349052429199219e-05 -9.131431579589843750e-05 -8.139014244079589844e-05 -9.116530418395996094e-05 -8.568167686462402344e-05 -8.419156074523925781e-05 -7.718801498413085938e-05 -8.389353752136230469e-05 -8.308887481689453125e-05 -7.614493370056152344e-05
1.064028399150700022e+00 3.263354301452636719e-05 3.603100776672363281e-05 3.996491432189941406e-05 2.887845039367675781e-05 4.032254219055175781e-05 2.706050872802734375e-05 3.561377525329589844e-05 3.802776336669921875e-05 3.039836883544921875e-05 4.726648330688476562e-05
1.070481161136088044e+00 1.072883605957031250e-05 1.353025436401367188e-05 2.548098564147949219e-05 2.482533454895019531e-05 2.089142799377441406e-05 2.324581146240234375e-06 1.248717308044433594e-05 7.152557373046875000e-06 2.327561378479003906e-05 1.943111419677734375e-05
1.076933923121476067e+00 6.702542304992675781e-05 6.863474845886230469e-05 5.787611007690429688e-05 7.337331771850585938e-05 7.572770118713378906e-05 6.633996963500976562e-05 6.920099258422851562e-05 7.438659667968750000e-05 5.328655242919921875e-05 7.653236389160156250e-05
1.083386685106863867e+00 -8.824467658996582031e-05 -8.264183998107910156e-05 -8.457899093627929688e-05 -8.064508438110351562e-05 -9.316205978393554688e-05 -8.344650268554687500e-05 -8.568167686462402344e-05 -8.270144462585449219e-05 -9.185075759887695312e-05 -8.150935173034667969e-05
1.089839447092251667e+00 -1.735985279083251953e-04 -1.553595066070556641e-04 -1.648664474487304688e-04 -1.774430274963378906e-04 -1.644194126129150391e-04 -1.650750637054443359e-04 -1.631975173950195312e-04 -1.620054244995117188e-04 -1.577138900756835938e-04 -1.576840877532958984e-04
1.096292209077639690e+00 1.803338527679443359e-04 1.816451549530029297e-04 1.944303512573242188e-04 1.744329929351806641e-04 1.857876777648925781e-04 1.705884933471679688e-04 1.749694347381591797e-04 1.654028892517089844e-04 1.766383647918701172e-04 1.613199710845947266e-04
1.102744971063027712e+00 -1.538991928100585938e-04 -1.596808433532714844e-04 -1.521110534667968750e-04 -1.643002033233642578e-04 -1.650750637054443359e-04 -1.737773418426513672e-04 -1.716017723083496094e-04 -1.783668994903564453e-04 -1.761019229888916016e-04 -1.471042633056640625e-04
1.109197733048415513e+00 5.206465721130371094e-05 5.546212196350097656e-05 5.793571472167968750e-05 6.267428398132324219e-05 5.713105201721191406e-05 6.186962127685546875e-05 5.519390106201171875e-05 7.307529449462890625e-05 6.169080734252929688e-05 6.666779518127441406e-05
1.115650495033803313e+00 -2.750754356384277344e-05 -2.995133399963378906e-05 -3.305077552795410156e-05 -2.729892730712890625e-05 -1.424551010131835938e-05 -1.585483551025390625e-05 -1.513957977294921875e-05 -1.209974288940429688e-05 -8.523464202880859375e-06 -1.817941665649414062e-05
1.122103257019191336e+00 -1.856982707977294922e-04 -1.856088638305664062e-04 -1.992583274841308594e-04 -1.789629459381103516e-04 -1.610517501831054688e-04 -1.657605171203613281e-04 -1.717507839202880859e-04 -1.791119575500488281e-04 -1.794397830963134766e-04 -1.598298549652099609e-04
1.128556019004579358e+00 -5.802512168884277344e-05 -4.342198371887207031e-05 -5.167722702026367188e-05 -6.365776062011718750e-05 -6.049871444702148438e-05 -5.596876144409179688e-05 -6.279349327087402344e-05 -5.316734313964843750e-05 -6.198883056640625000e-05 -6.890296936035156250e-05
1.135008780989967159e+00 -3.576278686523437500e-07 7.778406143188476562e-06 1.204013824462890625e-05 1.993775367736816406e-05 1.716613769531250000e-05 1.487135887145996094e-05 1.356005668640136719e-05 2.014636993408203125e-05 5.155801773071289062e-06 1.478195190429687500e-05
1.141461542975354959e+00 6.654858589172363281e-05 5.963444709777832031e-05 6.121397018432617188e-05 5.701184272766113281e-05 6.690621376037597656e-05 5.978345870971679688e-05 6.511807441711425781e-05 5.602836608886718750e-05 5.221366882324218750e-05 7.066130638122558594e-05
1.147914304960742982e+00 1.679956912994384766e-04 1.756250858306884766e-04 1.703202724456787109e-04 1.601576805114746094e-04 1.666545867919921875e-04 1.622140407562255859e-04 1.570880413055419922e-04 1.614391803741455078e-04 1.619756221771240234e-04 1.671016216278076172e-04
1.154367066946130782e+00 8.761882781982421875e-06 1.132488250732421875e-06 1.877546310424804688e-06 -5.602836608886718750e-06 -1.430511474609375000e-06 7.033348083496093750e-06 1.400709152221679688e-06 3.576278686523437500e-06 -3.010034561157226562e-06 4.321336746215820312e-06
1.160819828931518582e+00 -7.626414299011230469e-05 -7.659196853637695312e-05 -7.009506225585937500e-05 -7.194280624389648438e-05 -6.595253944396972656e-05 -7.614493370056152344e-05 -5.906820297241210938e-05 -7.310509681701660156e-05 -6.389617919921875000e-05 -7.721781730651855469e-05
1.167272590916906605e+00 1.406073570251464844e-04 1.509487628936767578e-04 1.449882984161376953e-04 1.578330993652343750e-04 1.439750194549560547e-04 1.452565193176269531e-04 1.533031463623046875e-04 1.496076583862304688e-04 1.543462276458740234e-04 1.429617404937744141e-04
1.173725352902294627e+00 -8.511543273925781250e-05 -9.337067604064941406e-05 -8.982419967651367188e-05 -7.912516593933105469e-05 -8.198618888854980469e-05 -9.489059448242187500e-05 -9.611248970031738281e-05 -1.007914543151855469e-04 -1.077950000762939453e-04 -9.527802467346191406e-05
1.180178114887682428e+00 -2.086162567138671875e-06 4.023313522338867188e-06 7.927417755126953125e-06 -3.308057785034179688e-06 8.523464202880859375e-06 1.266598701477050781e-05 -6.496906280517578125e-06 1.817941665649414062e-06 -2.682209014892578125e-07 8.136034011840820312e-06
1.186630876873070450e+00 1.410841941833496094e-04 1.512169837951660156e-04 1.487433910369873047e-04 1.457631587982177734e-04 1.445710659027099609e-04 1.535415649414062500e-04 1.468956470489501953e-04 1.495182514190673828e-04 1.645684242248535156e-04 1.558363437652587891e-04
1.193083638858458251e+00 -1.038908958435058594e-04 -1.163184642791748047e-04 -9.647011756896972656e-05 -1.119077205657958984e-04 -1.150667667388916016e-04 -1.199245452880859375e-04 -1.247227191925048828e-04 -1.125335693359375000e-04 -1.077950000762939453e-04 -1.052320003509521484e-04
1.199536400843846051e+00 6.434321403503417969e-05 6.854534149169921875e-05 5.850195884704589844e-05 7.352232933044433594e-05 6.338953971862792969e-05 7.233023643493652344e-05 5.897879600524902344e-05 6.157159805297851562e-05 6.356835365295410156e-05 6.663799285888671875e-05
1.205989162829234074e+00 5.167722702026367188e-05 6.914138793945312500e-05 5.036592483520507812e-05 4.962086677551269531e-05 5.310773849487304688e-05 6.216764450073242188e-05 5.081295967102050781e-05 5.683302879333496094e-05 6.350874900817871094e-05 4.655122756958007812e-05
1.212441924814621874e+00 -6.887316703796386719e-05 -6.264448165893554688e-05 -6.109476089477539062e-05 -6.595253944396972656e-05 -5.650520324707031250e-05 -6.088614463806152344e-05 -5.620718002319335938e-05 -6.175041198730468750e-05 -5.552172660827636719e-05 -5.972385406494140625e-05
1.218894686800009897e+00 6.511807441711425781e-05 6.678700447082519531e-05 7.402896881103515625e-05 6.607174873352050781e-05 6.818771362304687500e-05 6.216764450073242188e-05 7.084012031555175781e-05 6.410479545593261719e-05 6.514787673950195312e-05 7.659196853637695312e-05
1.225347448785397697e+00 1.573562622070312500e-05 6.467103958129882812e-06 9.596347808837890625e-06 2.861022949218750000e-06 1.454353332519531250e-05 5.275011062622070312e-06 2.115964889526367188e-06 2.056360244750976562e-06 6.943941116333007812e-06 7.599592208862304688e-06
1.231800210770785720e+00 -6.604194641113281250e-05 -7.024407386779785156e-05 -6.923079490661621094e-05 -6.845593452453613281e-05 -5.555152893066406250e-05 -6.023049354553222656e-05 -6.964802742004394531e-05 -7.110834121704101562e-05 -6.780028343200683594e-05 -6.315112113952636719e-05
1.238252972756173520e+00 2.694129943847656250e-05 4.801154136657714844e-05 3.048777580261230469e-05 4.079937934875488281e-05 4.142522811889648438e-05 3.701448440551757812e-05 3.689527511596679688e-05 3.895163536071777344e-05 2.959370613098144531e-05 3.287196159362792969e-05
1.244705734741561542e+00 -1.072883605957031250e-06 -3.814697265625000000e-06 -1.034140586853027344e-05 -8.255243301391601562e-06 -7.331371307373046875e-06 -3.963708877563476562e-06 -5.096197128295898438e-06 -1.594424247741699219e-05 -2.139806747436523438e-05 -5.960464477539062500e-08
1.251158496726949343e+00 -4.407763481140136719e-05 -4.011392593383789062e-05 -3.755092620849609375e-05 -4.228949546813964844e-05 -2.801418304443359375e-05 -3.439188003540039062e-05 -3.030896186828613281e-05 -3.993511199951171875e-05 -3.045797348022460938e-05 -4.547834396362304688e-05
1.257611258712337365e+00 2.092123031616210938e-05 3.725290298461914062e-06 1.239776611328125000e-05 8.106231689453125000e-06 1.239776611328125000e-05 6.109476089477539062e-06 1.090764999389648438e-05 1.251697540283203125e-05 2.261996269226074219e-05 1.421570777893066406e-05
1.264064020697725166e+00 3.799796104431152344e-05 4.765391349792480469e-05 4.133582115173339844e-05 3.376603126525878906e-05 3.656744956970214844e-05 4.094839096069335938e-05 4.532933235168457031e-05 4.607439041137695312e-05 3.528594970703125000e-05 4.139542579650878906e-05
1.270516782683113188e+00 -1.144111156463623047e-04 -1.190304756164550781e-04 -1.087486743927001953e-04 -1.116394996643066406e-04 -1.066029071807861328e-04 -1.233518123626708984e-04 -1.185834407806396484e-04 -1.142024993896484375e-04 -1.140534877777099609e-04 -1.073479652404785156e-04
1.276969544668500989e+00 -3.367662429809570312e-06 1.084804534912109375e-05 -1.281499862670898438e-06 1.162290573120117188e-05 6.556510925292968750e-06 1.063942909240722656e-05 6.079673767089843750e-06 1.174211502075195312e-05 2.864003181457519531e-05 6.854534149169921875e-06
1.283422306653888789e+00 8.556246757507324219e-05 9.885430335998535156e-05 8.252263069152832031e-05 9.572505950927734375e-05 7.301568984985351562e-05 8.305907249450683594e-05 8.204579353332519531e-05 8.979439735412597656e-05 8.457899093627929688e-05 8.600950241088867188e-05
1.289875068639276812e+00 -1.254379749298095703e-04 -1.132190227508544922e-04 -1.223981380462646484e-04 -1.217722892761230469e-04 -1.200735569000244141e-04 -1.257658004760742188e-04 -1.172125339508056641e-04 -1.337230205535888672e-04 -1.235902309417724609e-04 -1.228749752044677734e-04
1.296327830624664612e+00 8.150935173034667969e-05 8.270144462585449219e-05 8.532404899597167969e-05 9.202957153320312500e-05 8.416175842285156250e-05 8.904933929443359375e-05 8.943676948547363281e-05 7.832050323486328125e-05 8.803606033325195312e-05 8.273124694824218750e-05
1.302780592610052635e+00 -9.685754776000976562e-06 -1.394748687744140625e-05 -4.053115844726562500e-06 -1.466274261474609375e-05 -3.337860107421875000e-06 -1.394748687744140625e-05 -4.172325134277343750e-06 -1.600384712219238281e-05 -2.083182334899902344e-05 -1.382827758789062500e-05
1.309233354595440435e+00 -1.082122325897216797e-04 -1.032948493957519531e-04 -1.120865345001220703e-04 -1.099407672882080078e-04 -1.047849655151367188e-04 -1.055002212524414062e-04 -1.054406166076660156e-04 -9.745359420776367188e-05 -9.840726852416992188e-05 -1.151859760284423828e-04
1.315686116580828458e+00 1.572072505950927734e-04 1.545846462249755859e-04 1.436769962310791016e-04 1.488327980041503906e-04 1.551210880279541016e-04 1.659393310546875000e-04 1.506507396697998047e-04 1.623928546905517578e-04 1.597702503204345703e-04 1.504719257354736328e-04
1.322138878566216258e+00 -5.799531936645507812e-05 -6.613135337829589844e-05 -6.043910980224609375e-05 -5.570054054260253906e-05 -5.385279655456542969e-05 -6.043910980224609375e-05 -5.897879600524902344e-05 -5.364418029785156250e-05 -5.957484245300292969e-05 -5.191564559936523438e-05
1.328591640551604280e+00 -1.633167266845703125e-05 -1.806020736694335938e-05 -1.677870750427246094e-05 -8.940696716308593750e-06 -1.969933509826660156e-05 -1.886487007141113281e-05 -2.700090408325195312e-05 -2.285838127136230469e-05 -1.496076583862304688e-05 -6.198883056640625000e-06
1.335044402536992081e+00 5.084276199340820312e-05 4.971027374267578125e-05 5.254149436950683594e-05 5.680322647094726562e-05 5.635619163513183594e-05 5.519390106201171875e-05 4.655122756958007812e-05 4.798173904418945312e-05 5.641579627990722656e-05 4.696846008300781250e-05
1.341497164522380103e+00 -7.933378219604492188e-05 -7.414817810058593750e-05 -8.153915405273437500e-05 -7.522106170654296875e-05 -7.051229476928710938e-05 -7.885694503784179688e-05 -6.824731826782226562e-05 -7.659196853637695312e-05 -6.958842277526855469e-05 -5.653500556945800781e-05
1.347949926507767904e+00 7.098913192749023438e-05 7.933378219604492188e-05 6.428360939025878906e-05 6.493926048278808594e-05 6.493926048278808594e-05 6.154179573059082031e-05 6.824731826782226562e-05 6.875395774841308594e-05 5.775690078735351562e-05 7.021427154541015625e-05
1.354402688493155926e+00 2.390146255493164062e-05 2.801418304443359375e-05 2.646446228027343750e-05 3.430247306823730469e-05 1.615285873413085938e-05 2.875924110412597656e-05 2.297759056091308594e-05 2.226233482360839844e-05 2.670288085937500000e-05 1.722574234008789062e-05
1.360855450478543727e+00 -7.542967796325683594e-05 -7.927417755126953125e-05 -8.144974708557128906e-05 -8.565187454223632812e-05 -9.015202522277832031e-05 -7.331371307373046875e-05 -8.302927017211914062e-05 -9.229779243469238281e-05 -7.826089859008789062e-05 -6.586313247680664062e-05
1.367308212463931749e+00 3.448128700256347656e-05 3.704428672790527344e-05 2.789497375488281250e-05 3.579258918762207031e-05 3.418326377868652344e-05 4.214048385620117188e-05 3.027915954589843750e-05 3.242492675781250000e-05 3.275275230407714844e-05 3.543496131896972656e-05
1.373760974449319550e+00 3.758072853088378906e-05 3.826618194580078125e-05 3.656744956970214844e-05 3.576278686523437500e-05 3.406405448913574219e-05 4.100799560546875000e-05 3.230571746826171875e-05 2.595782279968261719e-05 3.299117088317871094e-05 2.956390380859375000e-05
1.380213736434707350e+00 6.556510925292968750e-05 7.045269012451171875e-05 7.441639900207519531e-05 7.236003875732421875e-05 7.492303848266601562e-05 7.665157318115234375e-05 7.212162017822265625e-05 7.599592208862304688e-05 6.845593452453613281e-05 7.417798042297363281e-05
1.386666498420095373e+00 -1.052021980285644531e-05 -1.680850982666015625e-05 -2.434849739074707031e-05 -1.984834671020507812e-05 -1.567602157592773438e-05 -2.589821815490722656e-05 -2.303719520568847656e-05 -2.425909042358398438e-05 -1.677870750427246094e-05 -8.821487426757812500e-06
1.393119260405483173e+00 6.312131881713867188e-05 5.567073822021484375e-05 5.856156349182128906e-05 5.930662155151367188e-05 4.950165748596191406e-05 5.161762237548828125e-05 6.282329559326171875e-05 5.525350570678710938e-05 5.427002906799316406e-05 4.974007606506347656e-05
1.399572022390871195e+00 -3.552436828613281250e-05 -3.647804260253906250e-05 -2.381205558776855469e-05 -4.497170448303222656e-05 -3.474950790405273438e-05 -3.448128700256347656e-05 -3.612041473388671875e-05 -3.722310066223144531e-05 -3.689527511596679688e-05 -4.398822784423828125e-05
1.406024784376258996e+00 1.767277717590332031e-05 1.135468482971191406e-05 2.339482307434082031e-05 1.966953277587890625e-05 1.630187034606933594e-05 1.388788223266601562e-05 1.925230026245117188e-05 1.546740531921386719e-05 1.785159111022949219e-05 1.573562622070312500e-05
1.412477546361647018e+00 3.266334533691406250e-05 2.878904342651367188e-05 3.209710121154785156e-05 3.409385681152343750e-05 3.141164779663085938e-05 2.837181091308593750e-05 2.616643905639648438e-05 2.759695053100585938e-05 3.466010093688964844e-05 3.063678741455078125e-05
1.418930308347034819e+00 -4.985928535461425781e-05 -6.034970283508300781e-05 -4.974007606506347656e-05 -4.360079765319824219e-05 -5.549192428588867188e-05 -5.710124969482421875e-05 -5.492568016052246094e-05 -4.878640174865722656e-05 -6.416440010070800781e-05 -5.769729614257812500e-05
1.425383070332422841e+00 5.602836608886718750e-05 4.211068153381347656e-05 4.935264587402343750e-05 5.397200584411621094e-05 5.769729614257812500e-05 5.602836608886718750e-05 6.219744682312011719e-05 5.751848220825195312e-05 4.893541336059570312e-05 5.170702934265136719e-05
1.431835832317810642e+00 2.700090408325195312e-05 3.212690353393554688e-05 4.148483276367187500e-05 4.073977470397949219e-05 4.237890243530273438e-05 4.193186759948730469e-05 3.200769424438476562e-05 5.427002906799316406e-05 3.170967102050781250e-05 3.823637962341308594e-05
1.438288594303198664e+00 -1.223385334014892578e-04 -1.296401023864746094e-04 -1.282393932342529297e-04 -1.118183135986328125e-04 -1.106262207031250000e-04 -1.186728477478027344e-04 -1.307427883148193359e-04 -1.253485679626464844e-04 -1.364052295684814453e-04 -1.288056373596191406e-04
1.444741356288586465e+00 9.772181510925292969e-05 8.490681648254394531e-05 1.102983951568603516e-04 9.289383888244628906e-05 9.116530418395996094e-05 8.574128150939941406e-05 9.709596633911132812e-05 8.767843246459960938e-05 8.887052536010742188e-05 7.963180541992187500e-05
1.451194118273974487e+00 8.553266525268554688e-06 2.270936965942382812e-05 2.744793891906738281e-05 1.472234725952148438e-05 1.561641693115234375e-05 5.215406417846679688e-06 1.898407936096191406e-05 1.493096351623535156e-05 1.072883605957031250e-05 2.184510231018066406e-05
1.457646880259362288e+00 -7.981061935424804688e-05 -8.404254913330078125e-05 -7.581710815429687500e-05 -8.079409599304199219e-05 -9.542703628540039062e-05 -8.592009544372558594e-05 -7.882714271545410156e-05 -8.293986320495605469e-05 -8.726119995117187500e-05 -8.162856101989746094e-05
1.464099642244750310e+00 1.319944858551025391e-04 1.508295536041259766e-04 1.488029956817626953e-04 1.366734504699707031e-04 1.384615898132324219e-04 1.339018344879150391e-04 1.333653926849365234e-04 1.394450664520263672e-04 1.371800899505615234e-04 1.468062400817871094e-04
1.470552404230138110e+00 -9.569525718688964844e-05 -1.103281974792480469e-04 -1.108646392822265625e-04 -9.527802467346191406e-05 -9.652972221374511719e-05 -1.072287559509277344e-04 -1.068711280822753906e-04 -1.062750816345214844e-04 -1.001954078674316406e-04 -9.918212890625000000e-05
1.477005166215525911e+00 -5.286931991577148438e-05 -5.647540092468261719e-05 -5.429983139038085938e-05 -4.914402961730957031e-05 -3.987550735473632812e-05 -5.561113357543945312e-05 -4.795193672180175781e-05 -4.991888999938964844e-05 -5.024671554565429688e-05 -5.283951759338378906e-05
1.483457928200913933e+00 1.403689384460449219e-04 1.471042633056640625e-04 1.360476016998291016e-04 1.468360424041748047e-04 1.434385776519775391e-04 1.410245895385742188e-04 1.414120197296142578e-04 1.338720321655273438e-04 1.448690891265869141e-04 1.409053802490234375e-04
1.489910690186301734e+00 -1.664757728576660156e-04 -1.769959926605224609e-04 -1.646280288696289062e-04 -1.674294471740722656e-04 -1.573264598846435547e-04 -1.628994941711425781e-04 -1.586079597473144531e-04 -1.612007617950439453e-04 -1.747608184814453125e-04 -1.738965511322021484e-04
1.496363452171689756e+00 7.042288780212402344e-05 6.616115570068359375e-05 5.936622619628906250e-05 7.027387619018554688e-05 5.972385406494140625e-05 5.978345870971679688e-05 6.633996963500976562e-05 7.325410842895507812e-05 5.736947059631347656e-05 7.072091102600097656e-05
1.502816214157077557e+00 8.028745651245117188e-05 8.538365364074707031e-05 8.094310760498046875e-05 7.760524749755859375e-05 7.423758506774902344e-05 8.118152618408203125e-05 8.746981620788574219e-05 7.990002632141113281e-05 9.313225746154785156e-05 8.854269981384277344e-05
1.509268976142465579e+00 -2.129077911376953125e-04 -2.034902572631835938e-04 -2.106428146362304688e-04 -2.231299877166748047e-04 -2.110898494720458984e-04 -2.014935016632080078e-04 -2.109408378601074219e-04 -2.103745937347412109e-04 -2.063810825347900391e-04 -2.045929431915283203e-04
1.515721738127853380e+00 2.067685127258300781e-04 1.885592937469482422e-04 2.000033855438232422e-04 1.914203166961669922e-04 1.929998397827148438e-04 1.953244209289550781e-04 1.927614212036132812e-04 1.940727233886718750e-04 1.832246780395507812e-04 1.811683177947998047e-04
1.522174500113241402e+00 -5.504488945007324219e-05 -5.513429641723632812e-05 -6.157159805297851562e-05 -5.859136581420898438e-05 -4.559755325317382812e-05 -4.950165748596191406e-05 -6.031990051269531250e-05 -6.306171417236328125e-05 -5.868077278137207031e-05 -5.072355270385742188e-05
1.528627262098629203e+00 -1.426339149475097656e-04 -1.402199268341064453e-04 -1.371502876281738281e-04 -1.276433467864990234e-04 -1.271665096282958984e-04 -1.341700553894042969e-04 -1.446902751922607422e-04 -1.313686370849609375e-04 -1.393854618072509766e-04 -1.364350318908691406e-04
1.535080024084017225e+00 2.434849739074707031e-04 2.390444278717041016e-04 2.478361129760742188e-04 2.455413341522216797e-04 2.457499504089355469e-04 2.413690090179443359e-04 2.386868000030517578e-04 2.398192882537841797e-04 2.486407756805419922e-04 2.453029155731201172e-04
1.541532786069405025e+00 -2.410411834716796875e-04 -2.300739288330078125e-04 -2.360343933105468750e-04 -2.347230911254882812e-04 -2.395212650299072266e-04 -2.340078353881835938e-04 -2.299547195434570312e-04 -2.426207065582275391e-04 -2.301633358001708984e-04 -2.329647541046142578e-04
1.547985548054793048e+00 7.128715515136718750e-05 6.157159805297851562e-05 6.726384162902832031e-05 6.148219108581542969e-05 5.230307579040527344e-05 7.125735282897949219e-05 5.817413330078125000e-05 4.890561103820800781e-05 4.997849464416503906e-05 4.759430885314941406e-05
1.554438310040180848e+00 1.526176929473876953e-04 1.595914363861083984e-04 1.668035984039306641e-04 1.637935638427734375e-04 1.565515995025634766e-04 1.609325408935546875e-04 1.586675643920898438e-04 1.629292964935302734e-04 1.652538776397705078e-04 1.637637615203857422e-04
1.560891072025568649e+00 -2.403557300567626953e-04 -2.364516258239746094e-04 -2.353489398956298828e-04 -2.484917640686035156e-04 -2.395808696746826172e-04 -2.318024635314941406e-04 -2.344846725463867188e-04 -2.383291721343994141e-04 -2.450346946716308594e-04 -2.347528934478759766e-04
1.567343834010956671e+00 1.812875270843505859e-04 1.765489578247070312e-04 1.779198646545410156e-04 1.707077026367187500e-04 1.596510410308837891e-04 1.596510410308837891e-04 1.576840877532958984e-04 1.772940158843994141e-04 1.613199710845947266e-04 1.741945743560791016e-04
1.573796595996344472e+00 1.379847526550292969e-05 3.194808959960937500e-05 3.463029861450195312e-05 3.069639205932617188e-05 3.597140312194824219e-05 3.668665885925292969e-05 3.203749656677246094e-05 2.655386924743652344e-05 2.858042716979980469e-05 2.986192703247070312e-05
1.580249357981732494e+00 -1.842677593231201172e-04 -2.017319202423095703e-04 -1.919269561767578125e-04 -1.910030841827392578e-04 -1.809895038604736328e-04 -1.821517944335937500e-04 -1.947581768035888672e-04 -1.904964447021484375e-04 -2.040266990661621094e-04 -1.889467239379882812e-04
1.586702119967120295e+00 2.208650112152099609e-04 2.194643020629882812e-04 2.265274524688720703e-04 2.096593379974365234e-04 2.135038375854492188e-04 2.175569534301757812e-04 2.218782901763916016e-04 2.170503139495849609e-04 2.220273017883300781e-04 2.205967903137207031e-04
1.593154881952508317e+00 -8.949637413024902344e-05 -9.492039680480957031e-05 -9.498000144958496094e-05 -1.016855239868164062e-04 -8.031725883483886719e-05 -7.721781730651855469e-05 -9.340047836303710938e-05 -8.893013000488281250e-05 -8.389353752136230469e-05 -8.615851402282714844e-05
1.599607643937896118e+00 -6.708502769470214844e-05 -6.103515625000000000e-05 -6.607174873352050781e-05 -6.753206253051757812e-05 -6.392598152160644531e-05 -6.067752838134765625e-05 -5.882978439331054688e-05 -6.750226020812988281e-05 -6.821751594543457031e-05 -6.845593452453613281e-05
1.606060405923284140e+00 2.112388610839843750e-04 2.112984657287597656e-04 2.017021179199218750e-04 1.983940601348876953e-04 2.073347568511962891e-04 1.988112926483154297e-04 2.030730247497558594e-04 1.996755599975585938e-04 2.019405364990234375e-04 1.977384090423583984e-04
1.612513167908671941e+00 -2.004206180572509766e-04 -1.969337463378906250e-04 -1.989901065826416016e-04 -1.992881298065185547e-04 -2.086460590362548828e-04 -2.149641513824462891e-04 -2.027451992034912109e-04 -1.920759677886962891e-04 -1.936852931976318359e-04 -1.957416534423828125e-04
1.618965929894059963e+00 9.927153587341308594e-05 9.423494338989257812e-05 8.851289749145507812e-05 9.545683860778808594e-05 8.988380432128906250e-05 9.891390800476074219e-05 9.432435035705566406e-05 9.131431579589843750e-05 9.778141975402832031e-05 1.029968261718750000e-04
1.625418691879447763e+00 1.276731491088867188e-04 1.233816146850585938e-04 1.268982887268066406e-04 1.407563686370849609e-04 1.289248466491699219e-04 1.305043697357177734e-04 1.291334629058837891e-04 1.303851604461669922e-04 1.309812068939208984e-04 1.236200332641601562e-04
1.631871453864835786e+00 -2.071559429168701172e-04 -2.059638500213623047e-04 -2.102255821228027344e-04 -1.975297927856445312e-04 -2.015829086303710938e-04 -2.005398273468017578e-04 -1.987218856811523438e-04 -2.019405364990234375e-04 -2.095997333526611328e-04 -2.139806747436523438e-04
1.638324215850223586e+00 1.441836357116699219e-04 1.515746116638183594e-04 1.354813575744628906e-04 1.425147056579589844e-04 1.519024372100830078e-04 1.488327980041503906e-04 1.458227634429931641e-04 1.316964626312255859e-04 1.521408557891845703e-04 1.407265663146972656e-04
1.644776977835611609e+00 3.826618194580078125e-05 3.257393836975097656e-05 4.518032073974609375e-05 4.833936691284179688e-05 3.919005393981933594e-05 4.455447196960449219e-05 4.225969314575195312e-05 4.133582115173339844e-05 4.151463508605957031e-05 3.939867019653320312e-05
1.651229739820999409e+00 -1.475811004638671875e-04 -1.471340656280517578e-04 -1.406967639923095703e-04 -1.427531242370605469e-04 -1.513659954071044922e-04 -1.578629016876220703e-04 -1.522004604339599609e-04 -1.439154148101806641e-04 -1.600384712219238281e-04 -1.502037048339843750e-04
1.657682501806387210e+00 1.945495605468750000e-04 2.069175243377685547e-04 1.893937587738037109e-04 1.876652240753173828e-04 1.984238624572753906e-04 1.855492591857910156e-04 1.957714557647705078e-04 2.070963382720947266e-04 1.756250858306884766e-04 1.937150955200195312e-04
1.664135263791775232e+00 -3.227591514587402344e-05 -2.786517143249511719e-05 -4.172325134277343750e-05 -3.737211227416992188e-05 -2.717971801757812500e-05 -2.530217170715332031e-05 -2.297759056091308594e-05 -4.237890243530273438e-05 -3.749132156372070312e-05 -3.015995025634765625e-05
1.670588025777163033e+00 -1.226067543029785156e-04 -1.218914985656738281e-04 -1.263916492462158203e-04 -1.312494277954101562e-04 -1.286268234252929688e-04 -1.122653484344482422e-04 -1.297891139984130859e-04 -1.335144042968750000e-04 -1.282095909118652344e-04 -1.301169395446777344e-04
1.677040787762551055e+00 1.126229763031005859e-04 1.093149185180664062e-04 1.117289066314697266e-04 1.071691513061523438e-04 1.176297664642333984e-04 1.112818717956542969e-04 1.124739646911621094e-04 1.141130924224853516e-04 9.977817535400390625e-05 1.030266284942626953e-04
1.683493549747938856e+00 -7.712841033935546875e-05 -7.939338684082031250e-05 -8.198618888854980469e-05 -7.179379463195800781e-05 -8.073449134826660156e-05 -7.721781730651855469e-05 -7.215142250061035156e-05 -7.104873657226562500e-05 -8.633732795715332031e-05 -8.332729339599609375e-05
1.689946311733326878e+00 1.046061515808105469e-04 1.026988029479980469e-04 1.073777675628662109e-04 1.058280467987060547e-04 1.092553138732910156e-04 1.050531864166259766e-04 1.139044761657714844e-04 1.000463962554931641e-04 1.153647899627685547e-04 1.086294651031494141e-04
1.696399073718714678e+00 9.375810623168945312e-05 9.927153587341308594e-05 1.071691513061523438e-04 1.063346862792968750e-04 1.049339771270751953e-04 9.942054748535156250e-05 1.008808612823486328e-04 9.226799011230468750e-05 1.034438610076904297e-04 9.310245513916015625e-05
1.702851835704102701e+00 -1.783668994903564453e-04 -1.851618289947509766e-04 -1.636743545532226562e-04 -1.693665981292724609e-04 -1.752376556396484375e-04 -1.832842826843261719e-04 -1.786649227142333984e-04 -1.750290393829345703e-04 -1.684427261352539062e-04 -1.729428768157958984e-04
1.709304597689490501e+00 4.163384437561035156e-05 4.318356513977050781e-05 4.750490188598632812e-05 4.580616950988769531e-05 5.242228507995605469e-05 3.793835639953613281e-05 4.112720489501953125e-05 4.640221595764160156e-05 4.482269287109375000e-05 3.355741500854492188e-05
1.715757359674878524e+00 3.603100776672363281e-05 3.185868263244628906e-05 2.482533454895019531e-05 3.582239151000976562e-05 2.849102020263671875e-05 4.297494888305664062e-05 3.039836883544921875e-05 3.722310066223144531e-05 3.001093864440917969e-05 3.305077552795410156e-05
1.722210121660266324e+00 -7.531046867370605469e-05 -8.714199066162109375e-05 -8.586049079895019531e-05 -8.013844490051269531e-05 -8.031725883483886719e-05 -8.350610733032226562e-05 -7.653236389160156250e-05 -7.700920104980468750e-05 -8.460879325866699219e-05 -8.502602577209472656e-05
1.728662883645654347e+00 4.419684410095214844e-05 5.722045898437500000e-05 6.547570228576660156e-05 4.178285598754882812e-05 5.131959915161132812e-05 4.881620407104492188e-05 6.496906280517578125e-05 4.896521568298339844e-05 6.452202796936035156e-05 5.236268043518066406e-05
1.735115645631042147e+00 1.376867294311523438e-05 3.191828727722167969e-05 2.431869506835937500e-05 3.081560134887695312e-05 3.471970558166503906e-05 3.466010093688964844e-05 1.487135887145996094e-05 1.537799835205078125e-05 2.250075340270996094e-05 1.111626625061035156e-05
1.741568407616429948e+00 -5.495548248291015625e-05 -6.633996963500976562e-05 -8.028745651245117188e-05 -7.280707359313964844e-05 -6.794929504394531250e-05 -6.639957427978515625e-05 -6.198883056640625000e-05 -6.100535392761230469e-05 -6.929039955139160156e-05 -7.173418998718261719e-05
1.748021169601817970e+00 8.028745651245117188e-05 8.779764175415039062e-05 8.845329284667968750e-05 7.882714271545410156e-05 9.986758232116699219e-05 7.230043411254882812e-05 8.979439735412597656e-05 8.872151374816894531e-05 8.386373519897460938e-05 9.071826934814453125e-05
1.754473931587205771e+00 5.951523780822753906e-05 6.762146949768066406e-05 5.599856376647949219e-05 5.748867988586425781e-05 6.142258644104003906e-05 6.052851676940917969e-05 5.665421485900878906e-05 5.114078521728515625e-05 6.583333015441894531e-05 6.079673767089843750e-05
1.760926693572593793e+00 -4.222989082336425781e-05 -4.073977470397949219e-05 -5.507469177246093750e-05 -4.583597183227539062e-05 -3.772974014282226562e-05 -4.604458808898925781e-05 -4.288554191589355469e-05 -5.406141281127929688e-05 -6.371736526489257812e-05 -4.094839096069335938e-05
1.767379455557981593e+00 1.359879970550537109e-04 1.215934753417968750e-04 1.382529735565185547e-04 1.415014266967773438e-04 1.364946365356445312e-04 1.392066478729248047e-04 1.288354396820068359e-04 1.282691955566406250e-04 1.268684864044189453e-04 1.290738582611083984e-04
1.773832217543369616e+00 -1.332163810729980469e-05 -2.831220626831054688e-06 4.351139068603515625e-06 -5.722045898437500000e-06 -5.364418029785156250e-06 2.324581146240234375e-06 -3.695487976074218750e-06 -9.655952453613281250e-06 9.536743164062500000e-07 -9.834766387939453125e-07
1.780284979528757416e+00 -5.331635475158691406e-05 -4.562735557556152344e-05 -4.786252975463867188e-05 -5.212426185607910156e-05 -5.301833152770996094e-05 -5.567073822021484375e-05 -5.626678466796875000e-05 -5.021691322326660156e-05 -5.179643630981445312e-05 -4.836916923522949219e-05
1.786737741514145439e+00 -3.278255462646484375e-06 -5.036592483520507812e-06 -3.904104232788085938e-06 -1.192092895507812500e-07 -4.172325134277343750e-06 7.271766662597656250e-06 3.755092620849609375e-06 5.185604095458984375e-06 -2.145767211914062500e-06 1.102685928344726562e-06
1.793190503499533239e+00 -4.202127456665039062e-06 -1.981854438781738281e-05 -7.838010787963867188e-06 -2.098083496093750000e-05 -5.394220352172851562e-06 -2.408027648925781250e-05 -1.516938209533691406e-05 -2.753734588623046875e-05 -1.916289329528808594e-05 -1.868605613708496094e-05
1.799643265484921262e+00 7.149577140808105469e-05 7.548928260803222656e-05 8.934736251831054688e-05 8.350610733032226562e-05 8.496642112731933594e-05 7.671117782592773438e-05 7.420778274536132812e-05 7.581710815429687500e-05 7.537007331848144531e-05 8.305907249450683594e-05
1.806096027470309062e+00 9.924173355102539062e-05 8.648633956909179688e-05 9.942054748535156250e-05 8.773803710937500000e-05 9.238719940185546875e-05 7.411837577819824219e-05 8.982419967651367188e-05 8.305907249450683594e-05 8.195638656616210938e-05 7.790327072143554688e-05
1.812548789455697085e+00 -2.741813659667968750e-05 -1.466274261474609375e-05 -1.826882362365722656e-05 -3.543496131896972656e-05 -3.111362457275390625e-05 -2.679228782653808594e-05 -3.445148468017578125e-05 -2.607703208923339844e-05 -3.185868263244628906e-05 -2.959370613098144531e-05
1.819001551441084885e+00 1.609325408935546875e-06 -8.940696716308593750e-08 -2.384185791015625000e-07 -3.278255462646484375e-07 1.609325408935546875e-06 -7.599592208862304688e-06 -5.036592483520507812e-06 -6.198883056640625000e-06 -1.496076583862304688e-05 -6.765127182006835938e-06
1.825454313426472908e+00 2.548098564147949219e-05 1.263618469238281250e-05 1.978874206542968750e-05 2.905726432800292969e-05 2.154707908630371094e-05 1.281499862670898438e-05 1.078844070434570312e-05 2.467632293701171875e-05 2.235174179077148438e-05 1.582503318786621094e-05
1.831907075411860708e+00 -5.599856376647949219e-05 -6.660819053649902344e-05 -6.330013275146484375e-05 -6.559491157531738281e-05 -6.055831909179687500e-05 -6.684660911560058594e-05 -7.051229476928710938e-05 -5.754828453063964844e-05 -6.932020187377929688e-05 -4.819035530090332031e-05
1.838359837397248508e+00 1.654028892517089844e-05 -1.519918441772460938e-06 -1.668930053710937500e-06 5.543231964111328125e-06 1.451373100280761719e-05 1.701712608337402344e-05 -1.847743988037109375e-06 4.559755325317382812e-06 1.201033592224121094e-05 4.202127456665039062e-06
1.844812599382636531e+00 3.618001937866210938e-05 4.389882087707519531e-05 4.705786705017089844e-05 4.389882087707519531e-05 5.710124969482421875e-05 3.618001937866210938e-05 4.610419273376464844e-05 4.747509956359863281e-05 4.994869232177734375e-05 5.048513412475585938e-05
1.851265361368024331e+00 -5.483627319335937500e-05 -6.005167961120605469e-05 -6.225705146789550781e-05 -6.651878356933593750e-05 -5.954504013061523438e-05 -6.031990051269531250e-05 -5.668401718139648438e-05 -6.374716758728027344e-05 -5.400180816650390625e-05 -5.775690078735351562e-05
1.857718123353412354e+00 7.480382919311523438e-06 1.257658004760742188e-05 1.728534698486328125e-06 -4.172325134277343750e-07 5.573034286499023438e-06 7.927417755126953125e-06 1.594424247741699219e-05 1.019239425659179688e-05 4.470348358154296875e-07 -1.204013824462890625e-05
1.864170885338800154e+00 3.659725189208984375e-05 3.245472908020019531e-05 2.992153167724609375e-05 3.632903099060058594e-05 2.577900886535644531e-05 2.473592758178710938e-05 3.710389137268066406e-05 3.367662429809570312e-05 3.948807716369628906e-05 4.026293754577636719e-05
1.870623647324188177e+00 -5.894899368286132812e-05 -5.567073822021484375e-05 -4.971027374267578125e-05 -6.142258644104003906e-05 -5.012750625610351562e-05 -5.602836608886718750e-05 -5.659461021423339844e-05 -4.911422729492187500e-05 -5.671381950378417969e-05 -5.826354026794433594e-05
1.877076409309575977e+00 2.044439315795898438e-05 1.087784767150878906e-05 2.273917198181152344e-05 1.311302185058593750e-05 2.834200859069824219e-05 7.539987564086914062e-06 1.484155654907226562e-05 1.150369644165039062e-05 6.675720214843750000e-06 1.421570777893066406e-05
1.883529171294964000e+00 1.645088195800781250e-05 1.075863838195800781e-05 1.701712608337402344e-05 1.758337020874023438e-05 1.949071884155273438e-05 1.513957977294921875e-05 1.317262649536132812e-05 4.798173904418945312e-06 2.029538154602050781e-05 1.254677772521972656e-05
1.889981933280351800e+00 -6.175041198730468750e-05 -7.382035255432128906e-05 -6.824731826782226562e-05 -6.061792373657226562e-05 -6.738305091857910156e-05 -6.327033042907714844e-05 -6.595253944396972656e-05 -5.903840065002441406e-05 -6.669759750366210938e-05 -6.234645843505859375e-05
1.896434695265739823e+00 2.402067184448242188e-05 3.048777580261230469e-05 1.612305641174316406e-05 2.032518386840820312e-05 2.664327621459960938e-05 2.914667129516601562e-05 1.311302185058593750e-05 2.333521842956542969e-05 1.776218414306640625e-05 2.378225326538085938e-05
1.902887457251127623e+00 3.594160079956054688e-05 2.938508987426757812e-05 4.976987838745117188e-05 3.066658973693847656e-05 3.367662429809570312e-05 3.635883331298828125e-05 3.972649574279785156e-05 3.239512443542480469e-05 4.121661186218261719e-05 4.315376281738281250e-05
1.909340219236515646e+00 -5.760788917541503906e-05 -5.507469177246093750e-05 -4.464387893676757812e-05 -4.562735557556152344e-05 -5.102157592773437500e-05 -4.249811172485351562e-05 -4.255771636962890625e-05 -3.799796104431152344e-05 -4.377961158752441406e-05 -5.468726158142089844e-05
1.915792981221903446e+00 4.628300666809082031e-05 4.249811172485351562e-05 4.008412361145019531e-05 4.604458808898925781e-05 5.331635475158691406e-05 3.993511199951171875e-05 4.118680953979492188e-05 5.471706390380859375e-05 4.053115844726562500e-05 4.708766937255859375e-05
1.922245743207291468e+00 -2.154707908630371094e-05 -2.896785736083984375e-05 -2.256035804748535156e-05 -1.811981201171875000e-05 -1.123547554016113281e-05 -3.165006637573242188e-05 -1.820921897888183594e-05 -3.004074096679687500e-05 -1.543760299682617188e-05 -2.670288085937500000e-05
1.928698505192679269e+00 -7.539987564086914062e-06 -1.937150955200195312e-06 -2.491474151611328125e-05 -2.086162567138671875e-06 3.665685653686523438e-06 -9.894371032714843750e-06 -1.120567321777343750e-05 1.460313796997070312e-06 -1.567602157592773438e-05 -1.427531242370605469e-05
1.935151267178067069e+00 8.746981620788574219e-05 9.617209434509277344e-05 9.712576866149902344e-05 1.045465469360351562e-04 9.259581565856933594e-05 1.090168952941894531e-04 8.738040924072265625e-05 1.020133495330810547e-04 9.885430335998535156e-05 9.047985076904296875e-05
1.941604029163455092e+00 -3.373622894287109375e-05 -2.938508987426757812e-05 -2.646446228027343750e-05 -4.208087921142578125e-05 -2.855062484741210938e-05 -2.756714820861816406e-05 -1.928210258483886719e-05 -2.947449684143066406e-05 -3.477931022644042969e-05 -3.921985626220703125e-05
1.948056791148842892e+00 1.671910285949707031e-05 1.883506774902343750e-05 2.980232238769531250e-06 2.816319465637207031e-05 5.960464477539062500e-06 1.850724220275878906e-05 2.014636993408203125e-05 1.722574234008789062e-05 2.679228782653808594e-05 1.835823059082031250e-05
1.954509553134230915e+00 -1.102685928344726562e-05 -8.076429367065429688e-06 -1.066923141479492188e-05 3.576278686523437500e-06 -4.440546035766601562e-06 -1.052021980285644531e-05 -7.629394531250000000e-06 -5.811452865600585938e-06 -8.136034011840820312e-06 -1.105666160583496094e-05
1.960962315119618715e+00 2.026557922363281250e-06 -4.917383193969726562e-06 1.931190490722656250e-05 1.519918441772460938e-06 1.043081283569335938e-05 -5.453824996948242188e-06 -3.695487976074218750e-06 3.695487976074218750e-06 7.420778274536132812e-06 7.838010787963867188e-06
1.967415077105006738e+00 4.738569259643554688e-05 4.172325134277343750e-05 3.555417060852050781e-05 3.287196159362792969e-05 2.270936965942382812e-05 3.367662429809570312e-05 3.668665885925292969e-05 1.814961433410644531e-05 2.977252006530761719e-05 2.518296241760253906e-05
1.973867839090394538e+00 -3.278255462646484375e-05 -2.744793891906738281e-05 -3.600120544433593750e-05 -2.533197402954101562e-05 -2.342462539672851562e-05 -2.688169479370117188e-05 -2.861022949218750000e-05 -2.560019493103027344e-05 -2.610683441162109375e-05 -3.615021705627441406e-05
1.980320601075782561e+00 -3.457069396972656250e-06 1.379847526550292969e-05 1.081824302673339844e-05 4.619359970092773438e-06 6.824731826782226562e-06 3.069639205932617188e-06 9.834766387939453125e-07 -1.063942909240722656e-05 1.069903373718261719e-05 8.434057235717773438e-06
1.986773363061170361e+00 -3.647804260253906250e-05 -4.535913467407226562e-05 -4.637241363525390625e-05 -4.160404205322265625e-05 -5.537271499633789062e-05 -4.816055297851562500e-05 -4.822015762329101562e-05 -3.674626350402832031e-05 -4.151463508605957031e-05 -4.607439041137695312e-05
1.993226125046558384e+00 1.814961433410644531e-05 1.001358032226562500e-05 -2.682209014892578125e-07 1.475214958190917969e-05 -3.784894943237304688e-06 2.801418304443359375e-06 4.857778549194335938e-06 3.397464752197265625e-06 9.000301361083984375e-06 1.010298728942871094e-05
1.999678887031946184e+00 1.332163810729980469e-04 1.314282417297363281e-04 1.319348812103271484e-04 1.219809055328369141e-04 1.250803470611572266e-04 1.331567764282226562e-04 1.306235790252685547e-04 1.285374164581298828e-04 1.287162303924560547e-04 1.301467418670654297e-04
2.006131649017333984e+00 -2.342462539672851562e-05 -2.589821815490722656e-05 -3.734230995178222656e-05 -3.030896186828613281e-05 -3.376603126525878906e-05 -3.340840339660644531e-05 -3.024935722351074219e-05 -3.674626350402832031e-05 -3.650784492492675781e-05 -3.084540367126464844e-05
