# Range[m] 0 1 2 3 4 5 6 7 8 9
1.800000071525573730e-01 -6.743013858795166016e-03 -6.720960140228271484e-03 -6.724566221237182617e-03 -6.714671850204467773e-03 -6.732016801834106445e-03 -6.766080856323242188e-03 -6.751358509063720703e-03 -6.751149892807006836e-03 -6.746202707290649414e-03 -6.739348173141479492e-03
1.864527691379452845e-01 2.851217985153198242e-03 2.824872732162475586e-03 2.830028533935546875e-03 2.850919961929321289e-03 2.861738204956054688e-03 2.904355525970458984e-03 2.883166074752807617e-03 2.852857112884521484e-03 2.875626087188720703e-03 2.835631370544433594e-03
1.929055311233331682e-01 3.427147865295410156e-03 3.416538238525390625e-03 3.430694341659545898e-03 3.394395112991333008e-03 3.407865762710571289e-03 3.388047218322753906e-03 3.423959016799926758e-03 3.401637077331542969e-03 3.425747156143188477e-03 3.459036350250244141e-03
1.993582931087210797e-01 -5.284965038299560547e-03 -5.290031433105468750e-03 -5.272150039672851562e-03 -5.288898944854736328e-03 -5.259990692138671875e-03 -5.298346281051635742e-03 -5.306273698806762695e-03 -5.275279283523559570e-03 -5.329072475433349609e-03 -5.288571119308471680e-03
2.058110550941089911e-01 2.581506967544555664e-03 2.606272697448730469e-03 2.575784921646118164e-03 2.613425254821777344e-03 2.597838640213012695e-03 2.630710601806640625e-03 2.603650093078613281e-03 2.608269453048706055e-03 2.618223428726196289e-03 2.593576908111572266e-03
2.122638170794968748e-01 1.719713211059570312e-03 1.720577478408813477e-03 1.727491617202758789e-03 1.724988222122192383e-03 1.720249652862548828e-03 1.728981733322143555e-03 1.733750104904174805e-03 1.728683710098266602e-03 1.746088266372680664e-03 1.750469207763671875e-03
2.187165790648847863e-01 -3.127545118331909180e-03 -3.111779689788818359e-03 -3.131836652755737305e-03 -3.127068281173706055e-03 -3.136634826660156250e-03 -3.147184848785400391e-03 -3.145247697830200195e-03 -3.139555454254150391e-03 -3.172844648361206055e-03 -3.145039081573486328e-03
2.251693410502726977e-01 1.487463712692260742e-03 1.501351594924926758e-03 1.486063003540039062e-03 1.513481140136718750e-03 1.502066850662231445e-03 1.511543989181518555e-03 1.503109931945800781e-03 1.512289047241210938e-03 1.502335071563720703e-03 1.488447189331054688e-03
2.316221030356606092e-01 2.539604902267456055e-03 2.534538507461547852e-03 2.541661262512207031e-03 2.562850713729858398e-03 2.551823854446411133e-03 2.561599016189575195e-03 2.564221620559692383e-03 2.552270889282226562e-03 2.576529979705810547e-03 2.562195062637329102e-03
2.380748650210485207e-01 -3.271222114562988281e-03 -3.270477056503295898e-03 -3.264158964157104492e-03 -3.278046846389770508e-03 -3.291785717010498047e-03 -3.294289112091064453e-03 -3.287017345428466797e-03 -3.297775983810424805e-03 -3.274679183959960938e-03 -3.260552883148193359e-03
2.445276270064364044e-01 -7.256567478179931641e-04 -7.171630859375000000e-04 -7.242262363433837891e-04 -7.135868072509765625e-04 -6.680190563201904297e-04 -6.805360317230224609e-04 -7.100105285644531250e-04 -6.871223449707031250e-04 -7.117986679077148438e-04 -7.200837135314941406e-04
2.509803889918242881e-01 6.731808185577392578e-03 6.753265857696533203e-03 6.755650043487548828e-03 6.770372390747070312e-03 6.733894348144531250e-03 6.747514009475708008e-03 6.736844778060913086e-03 6.734043359756469727e-03 6.801128387451171875e-03 6.770491600036621094e-03
2.574331509772121995e-01 -7.642090320587158203e-03 -7.673740386962890625e-03 -7.644712924957275391e-03 -7.662057876586914062e-03 -7.692098617553710938e-03 -7.702678442001342773e-03 -7.668495178222656250e-03 -7.672995328903198242e-03 -7.615119218826293945e-03 -7.619768381118774414e-03
2.638859129626001110e-01 2.834856510162353516e-03 2.842396497726440430e-03 2.801239490509033203e-03 2.834260463714599609e-03 2.857804298400878906e-03 2.866923809051513672e-03 2.806544303894042969e-03 2.809703350067138672e-03 2.753615379333496094e-03 2.726465463638305664e-03
2.703386749479880224e-01 7.840126752853393555e-03 7.866650819778442383e-03 7.902115583419799805e-03 7.879793643951416016e-03 7.827609777450561523e-03 7.848918437957763672e-03 7.889062166213989258e-03 7.876127958297729492e-03 7.941365242004394531e-03 7.938653230667114258e-03
2.767914369333759339e-01 -1.435607671737670898e-02 -1.439955830574035645e-02 -1.436942815780639648e-02 -1.439660787582397461e-02 -1.436957716941833496e-02 -1.437631249427795410e-02 -1.438134908676147461e-02 -1.436421275138854980e-02 -1.435384154319763184e-02 -1.435014605522155762e-02
2.832441989187638454e-01 1.181474328041076660e-02 1.181489229202270508e-02 1.180019974708557129e-02 1.182562112808227539e-02 1.187628507614135742e-02 1.188108325004577637e-02 1.181548833847045898e-02 1.183336973190307617e-02 1.179215312004089355e-02 1.174458861351013184e-02
2.896969609041517568e-01 1.862883567810058594e-03 1.924365758895874023e-03 1.897901296615600586e-03 1.869648694992065430e-03 1.845091581344604492e-03 1.808136701583862305e-03 1.888215541839599609e-03 1.870185136795043945e-03 1.941919326782226562e-03 1.977741718292236328e-03
2.961497228895396683e-01 -1.523005962371826172e-02 -1.522809267044067383e-02 -1.527968049049377441e-02 -1.521667838096618652e-02 -1.520416140556335449e-02 -1.517203450202941895e-02 -1.520779728889465332e-02 -1.521947979927062988e-02 -1.526501774787902832e-02 -1.533725857734680176e-02
3.026024848749275242e-01 1.990780234336853027e-02 1.992437243461608887e-02 1.992067694664001465e-02 1.989912986755371094e-02 1.992484927177429199e-02 1.990133523941040039e-02 1.989042758941650391e-02 1.990804076194763184e-02 1.990368962287902832e-02 1.991018652915954590e-02
3.090552468603154357e-01 -1.140865683555603027e-02 -1.141780614852905273e-02 -1.134803891181945801e-02 -1.140534877777099609e-02 -1.150041818618774414e-02 -1.146960258483886719e-02 -1.142495870590209961e-02 -1.139292120933532715e-02 -1.136904954910278320e-02 -1.131340861320495605e-02
3.155080088457033471e-01 -7.023096084594726562e-03 -7.034271955490112305e-03 -7.058233022689819336e-03 -7.026612758636474609e-03 -7.007271051406860352e-03 -6.956875324249267578e-03 -7.017791271209716797e-03 -7.054179906845092773e-03 -7.120043039321899414e-03 -7.121682167053222656e-03
3.219607708310912586e-01 1.954323053359985352e-02 1.953527331352233887e-02 1.956510543823242188e-02 1.955580711364746094e-02 1.949802041053771973e-02 1.948907971382141113e-02 1.952829957008361816e-02 1.947852969169616699e-02 1.952621340751647949e-02 1.955294609069824219e-02
3.284135328164791701e-01 -1.960512995719909668e-02 -1.958924531936645508e-02 -1.956757903099060059e-02 -1.963767409324645996e-02 -1.963552832603454590e-02 -1.967084407806396484e-02 -1.961246132850646973e-02 -1.961869001388549805e-02 -1.960185170173645020e-02 -1.954543590545654297e-02
3.348662948018670260e-01 3.774493932723999023e-03 3.757625818252563477e-03 3.696680068969726562e-03 3.804653882980346680e-03 3.864228725433349609e-03 3.869742155075073242e-03 3.797590732574462891e-03 3.785192966461181641e-03 3.643840551376342773e-03 3.598570823669433594e-03
3.413190567872549375e-01 1.099365949630737305e-02 1.102975010871887207e-02 1.105827093124389648e-02 1.104953885078430176e-02 1.096272468566894531e-02 1.095148921012878418e-02 1.100865006446838379e-02 1.102876663208007812e-02 1.110157370567321777e-02 1.112893223762512207e-02
3.477718187726428489e-01 -1.997932791709899902e-02 -1.999020576477050781e-02 -2.000358700752258301e-02 -2.001622319221496582e-02 -1.997798681259155273e-02 -1.996687054634094238e-02 -1.997381448745727539e-02 -1.998656988143920898e-02 -1.999151706695556641e-02 -1.999509334564208984e-02
3.542245807580307604e-01 1.334646344184875488e-02 1.334428787231445312e-02 1.330327987670898438e-02 1.337173581123352051e-02 1.338937878608703613e-02 1.340383291244506836e-02 1.338243484497070312e-02 1.337483525276184082e-02 1.331096887588500977e-02 1.327830553054809570e-02
3.606773427434186718e-01 1.082420349121093750e-04 1.473128795623779297e-04 1.728832721710205078e-04 1.469552516937255859e-04 8.511543273925781250e-05 6.410479545593261719e-05 1.323223114013671875e-04 1.117289066314697266e-04 1.833736896514892578e-04 2.508163452148437500e-04
3.671301047288065833e-01 -1.358583569526672363e-02 -1.363626122474670410e-02 -1.360556483268737793e-02 -1.362177729606628418e-02 -1.356223225593566895e-02 -1.352903246879577637e-02 -1.355740427970886230e-02 -1.357764005661010742e-02 -1.358741521835327148e-02 -1.363626122474670410e-02
3.735828667141944948e-01 1.488873362541198730e-02 1.489150524139404297e-02 1.490244269371032715e-02 1.489207148551940918e-02 1.491943001747131348e-02 1.490399241447448730e-02 1.488667726516723633e-02 1.489475369453430176e-02 1.489254832267761230e-02 1.489368081092834473e-02
3.800356286995824062e-01 -7.672458887100219727e-03 -7.627516984939575195e-03 -7.636249065399169922e-03 -7.674843072891235352e-03 -7.710188627243041992e-03 -7.709056138992309570e-03 -7.691025733947753906e-03 -7.702529430389404297e-03 -7.591366767883300781e-03 -7.623702287673950195e-03
3.864883906849703177e-01 -5.500316619873046875e-03 -5.541920661926269531e-03 -5.550533533096313477e-03 -5.541354417800903320e-03 -5.491226911544799805e-03 -5.467474460601806641e-03 -5.470424890518188477e-03 -5.519598722457885742e-03 -5.501240491867065430e-03 -5.573451519012451172e-03
3.929411526703582291e-01 1.108512282371520996e-02 1.111015677452087402e-02 1.106974482536315918e-02 1.104506850242614746e-02 1.106014847755432129e-02 1.108357310295104980e-02 1.103270053863525391e-02 1.107206940650939941e-02 1.106262207031250000e-02 1.106002926826477051e-02
3.993939146557460851e-01 -7.228583097457885742e-03 -7.204174995422363281e-03 -7.195919752120971680e-03 -7.222801446914672852e-03 -7.265597581863403320e-03 -7.254898548126220703e-03 -7.212758064270019531e-03 -7.228970527648925781e-03 -7.217377424240112305e-03 -7.200539112091064453e-03
4.058466766411339965e-01 -1.929610967636108398e-03 -1.937419176101684570e-03 -1.936793327331542969e-03 -1.923859119415283203e-03 -1.907348632812500000e-03 -1.867979764938354492e-03 -1.896589994430541992e-03 -1.914024353027343750e-03 -1.941204071044921875e-03 -1.961350440979003906e-03
4.122994386265219080e-01 8.194446563720703125e-03 8.181363344192504883e-03 8.208066225051879883e-03 8.152127265930175781e-03 8.158355951309204102e-03 8.171230554580688477e-03 8.172154426574707031e-03 8.176326751708984375e-03 8.153975009918212891e-03 8.200436830520629883e-03
4.187522006119098195e-01 -6.800234317779541016e-03 -6.784826517105102539e-03 -6.759583950042724609e-03 -6.774991750717163086e-03 -6.795734167098999023e-03 -6.813496351242065430e-03 -6.796419620513916016e-03 -6.791353225708007812e-03 -6.777614355087280273e-03 -6.752312183380126953e-03
4.252049625972976754e-01 -1.424551010131835938e-04 -1.339614391326904297e-04 -1.580417156219482422e-04 -1.275837421417236328e-04 -1.172125339508056641e-04 -9.551644325256347656e-05 -1.266002655029296875e-04 -1.295208930969238281e-04 -1.423060894012451172e-04 -1.786351203918457031e-04
4.316577245826856424e-01 5.605220794677734375e-03 5.631834268569946289e-03 5.613893270492553711e-03 5.623370409011840820e-03 5.583912134170532227e-03 5.603045225143432617e-03 5.600839853286743164e-03 5.577474832534790039e-03 5.636423826217651367e-03 5.601644515991210938e-03
4.381104865680734983e-01 -6.427109241485595703e-03 -6.413191556930541992e-03 -6.406933069229125977e-03 -6.408691406250000000e-03 -6.428271532058715820e-03 -6.433784961700439453e-03 -6.418704986572265625e-03 -6.426274776458740234e-03 -6.417363882064819336e-03 -6.427109241485595703e-03
4.445632485534614098e-01 1.855134963989257812e-03 1.833647489547729492e-03 1.838386058807373047e-03 1.868754625320434570e-03 1.864045858383178711e-03 1.885175704956054688e-03 1.856684684753417969e-03 1.856923103332519531e-03 1.830726861953735352e-03 1.820772886276245117e-03
4.510160105388493212e-01 3.121167421340942383e-03 3.131926059722900391e-03 3.145575523376464844e-03 3.107070922851562500e-03 3.098845481872558594e-03 3.090858459472656250e-03 3.114461898803710938e-03 3.126680850982666016e-03 3.149300813674926758e-03 3.168612718582153320e-03
4.574687725242372327e-01 -5.208194255828857422e-03 -5.218327045440673828e-03 -5.200386047363281250e-03 -5.217522382736206055e-03 -5.201697349548339844e-03 -5.209058523178100586e-03 -5.208253860473632812e-03 -5.204409360885620117e-03 -5.217403173446655273e-03 -5.237042903900146484e-03
4.639215345096251442e-01 2.961575984954833984e-03 2.973526716232299805e-03 2.960711717605590820e-03 2.976030111312866211e-03 2.999395132064819336e-03 2.983868122100830078e-03 2.979874610900878906e-03 2.974212169647216797e-03 2.974510192871093750e-03 2.954065799713134766e-03
4.703742964950130556e-01 1.538693904876708984e-03 1.532822847366333008e-03 1.530230045318603516e-03 1.520663499832153320e-03 1.518756151199340820e-03 1.511901617050170898e-03 1.540482044219970703e-03 1.544296741485595703e-03 1.547545194625854492e-03 1.541465520858764648e-03
4.768270584804009671e-01 -3.550708293914794922e-03 -3.541886806488037109e-03 -3.564000129699707031e-03 -3.533929586410522461e-03 -3.553092479705810547e-03 -3.544092178344726562e-03 -3.550231456756591797e-03 -3.535032272338867188e-03 -3.556162118911743164e-03 -3.555059432983398438e-03
4.832798204657888230e-01 2.744197845458984375e-03 2.763539552688598633e-03 2.746611833572387695e-03 2.762168645858764648e-03 2.756446599960327148e-03 2.756595611572265625e-03 2.728641033172607422e-03 2.749145030975341797e-03 2.731353044509887695e-03 2.744853496551513672e-03
4.897325824511767345e-01 3.928244113922119141e-04 4.013478755950927734e-04 4.208087921142578125e-04 3.936588764190673828e-04 3.873407840728759766e-04 4.004836082458496094e-04 4.029273986816406250e-04 4.101395606994628906e-04 4.373490810394287109e-04 4.502236843109130859e-04
4.961853444365646459e-01 -2.664625644683837891e-03 -2.661615610122680664e-03 -2.662003040313720703e-03 -2.672314643859863281e-03 -2.661257982254028320e-03 -2.654999494552612305e-03 -2.658456563949584961e-03 -2.665191888809204102e-03 -2.660930156707763672e-03 -2.666562795639038086e-03
5.026381064219525019e-01 2.583831548690795898e-03 2.570509910583496094e-03 2.572774887084960938e-03 2.551078796386718750e-03 2.570182085037231445e-03 2.575665712356567383e-03 2.574592828750610352e-03 2.571970224380493164e-03 2.565741539001464844e-03 2.545773983001708984e-03
5.090908684073405244e-01 -1.564323902130126953e-04 -1.520514488220214844e-04 -1.415312290191650391e-04 -1.494586467742919922e-04 -1.657009124755859375e-04 -1.663863658905029297e-04 -1.574158668518066406e-04 -1.511573791503906250e-04 -1.381337642669677734e-04 -1.326799392700195312e-04
5.155436303927283248e-01 -1.879930496215820312e-03 -1.878887414932250977e-03 -1.886993646621704102e-03 -1.896798610687255859e-03 -1.875668764114379883e-03 -1.868456602096557617e-03 -1.886278390884399414e-03 -1.866877079010009766e-03 -1.885563135147094727e-03 -1.900672912597656250e-03
5.219963923781163473e-01 2.566397190093994141e-03 2.563059329986572266e-03 2.559542655944824219e-03 2.567559480667114258e-03 2.568036317825317383e-03 2.573192119598388672e-03 2.568691968917846680e-03 2.559632062911987305e-03 2.556443214416503906e-03 2.556592226028442383e-03
5.284491543635041477e-01 -1.517802476882934570e-03 -1.513987779617309570e-03 -1.494795083999633789e-03 -1.501768827438354492e-03 -1.522183418273925781e-03 -1.518517732620239258e-03 -1.518398523330688477e-03 -1.512140035629272461e-03 -1.514375209808349609e-03 -1.499503850936889648e-03
5.349019163488920592e-01 -4.188120365142822266e-04 -4.398226737976074219e-04 -4.355609416961669922e-04 -4.179775714874267578e-04 -4.155933856964111328e-04 -3.993213176727294922e-04 -4.116296768188476562e-04 -4.190206527709960938e-04 -4.298090934753417969e-04 -4.400908946990966797e-04
5.413546783342799706e-01 2.211630344390869141e-03 2.215117216110229492e-03 2.224862575531005859e-03 2.216607332229614258e-03 2.228230237960815430e-03 2.227276563644409180e-03 2.219974994659423828e-03 2.216935157775878906e-03 2.217859029769897461e-03 2.211868762969970703e-03
5.478074403196678821e-01 -1.738488674163818359e-03 -1.722842454910278320e-03 -1.721680164337158203e-03 -1.715093851089477539e-03 -1.729488372802734375e-03 -1.720935106277465820e-03 -1.741200685501098633e-03 -1.735657453536987305e-03 -1.727283000946044922e-03 -1.716345548629760742e-03
5.542602023050557936e-01 2.433061599731445312e-04 2.460479736328125000e-04 2.326965332031250000e-04 2.434253692626953125e-04 2.554059028625488281e-04 2.625286579132080078e-04 2.458095550537109375e-04 2.382993698120117188e-04 2.572238445281982422e-04 2.437531948089599609e-04
5.607129642904437050e-01 1.216411590576171875e-03 1.198679208755493164e-03 1.210898160934448242e-03 1.216262578964233398e-03 1.204937696456909180e-03 1.201391220092773438e-03 1.199841499328613281e-03 1.204580068588256836e-03 1.221001148223876953e-03 1.224368810653686523e-03
5.671657262758316165e-01 -1.742273569107055664e-03 -1.741439104080200195e-03 -1.745790243148803711e-03 -1.749187707901000977e-03 -1.749038696289062500e-03 -1.755923032760620117e-03 -1.762926578521728516e-03 -1.755863428115844727e-03 -1.754760742187500000e-03 -1.751720905303955078e-03
5.736184882612194169e-01 1.142352819442749023e-03 1.157224178314208984e-03 1.134246587753295898e-03 1.152932643890380859e-03 1.148879528045654297e-03 1.162976026535034180e-03 1.156210899353027344e-03 1.150578260421752930e-03 1.154005527496337891e-03 1.154839992523193359e-03
5.800712502466074394e-01 3.547668457031250000e-04 3.545582294464111328e-04 3.674030303955078125e-04 3.575086593627929688e-04 3.450810909271240234e-04 3.605186939239501953e-04 3.718733787536621094e-04 3.606677055358886719e-04 3.780126571655273438e-04 3.754198551177978516e-04
5.865240122319952398e-01 -1.354694366455078125e-03 -1.360327005386352539e-03 -1.361817121505737305e-03 -1.357853412628173828e-03 -1.354157924652099609e-03 -1.346707344055175781e-03 -1.355618238449096680e-03 -1.344799995422363281e-03 -1.362979412078857422e-03 -1.354366540908813477e-03
5.929767742173832623e-01 1.199752092361450195e-03 1.195996999740600586e-03 1.191049814224243164e-03 1.189410686492919922e-03 1.203209161758422852e-03 1.211404800415039062e-03 1.186281442642211914e-03 1.194119453430175781e-03 1.195669174194335938e-03 1.201570034027099609e-03
5.994295362027710627e-01 -2.135336399078369141e-04 -2.191662788391113281e-04 -2.213418483734130859e-04 -2.190172672271728516e-04 -2.298057079315185547e-04 -2.226829528808593750e-04 -2.196729183197021484e-04 -2.148151397705078125e-04 -2.149343490600585938e-04 -2.104341983795166016e-04
6.058822981881590852e-01 -4.437565803527832031e-04 -4.547834396362304688e-04 -4.654526710510253906e-04 -4.571676254272460938e-04 -4.558563232421875000e-04 -4.433989524841308594e-04 -4.588663578033447266e-04 -4.554986953735351562e-04 -4.610717296600341797e-04 -4.534423351287841797e-04
6.123350601735468857e-01 8.685588836669921875e-04 8.708536624908447266e-04 8.784830570220947266e-04 8.810460567474365234e-04 8.897483348846435547e-04 8.707344532012939453e-04 8.822381496429443359e-04 8.687078952789306641e-04 8.821785449981689453e-04 8.744299411773681641e-04
6.187878221589347971e-01 -7.302463054656982422e-04 -7.302761077880859375e-04 -7.189214229583740234e-04 -7.143318653106689453e-04 -7.259249687194824219e-04 -7.281303405761718750e-04 -7.199048995971679688e-04 -7.306933403015136719e-04 -7.116794586181640625e-04 -7.181763648986816406e-04
6.252405841443227086e-01 -1.366138458251953125e-04 -1.487135887145996094e-04 -1.557767391204833984e-04 -1.350343227386474609e-04 -1.420080661773681641e-04 -1.389682292938232422e-04 -1.376569271087646484e-04 -1.422464847564697266e-04 -1.468658447265625000e-04 -1.513957977294921875e-04
6.316933461297106200e-01 4.841685295104980469e-04 4.749298095703125000e-04 4.848241806030273438e-04 4.855692386627197266e-04 4.718005657196044922e-04 4.753768444061279297e-04 4.680454730987548828e-04 4.639327526092529297e-04 4.823207855224609375e-04 4.802346229553222656e-04
6.381461081150985315e-01 -3.564953804016113281e-04 -3.550946712493896484e-04 -3.519654273986816406e-04 -3.594160079956054688e-04 -3.661811351776123047e-04 -3.647506237030029297e-04 -3.574490547180175781e-04 -3.561377525329589844e-04 -3.476142883300781250e-04 -3.548264503479003906e-04
6.445988701004864430e-01 1.091361045837402344e-04 1.144707202911376953e-04 1.265406608581542969e-04 1.190304756164550781e-04 1.254975795745849609e-04 1.266300678253173828e-04 1.129508018493652344e-04 1.212656497955322266e-04 1.236796379089355469e-04 1.223683357238769531e-04
6.510516320858743544e-01 -2.157688140869140625e-05 -3.784894943237304688e-05 -3.504753112792968750e-05 -2.971291542053222656e-05 -3.206729888916015625e-05 -3.722310066223144531e-05 -4.419684410095214844e-05 -2.768635749816894531e-05 -3.615021705627441406e-05 -4.330277442932128906e-05
6.575043940712622659e-01 -1.924633979797363281e-04 -2.023875713348388672e-04 -1.901686191558837891e-04 -1.944005489349365234e-04 -1.966953277587890625e-04 -1.938045024871826172e-04 -2.028942108154296875e-04 -2.144873142242431641e-04 -2.041459083557128906e-04 -1.953244209289550781e-04
6.639571560566501773e-01 8.684396743774414062e-05 8.010864257812500000e-05 8.726119995117187500e-05 9.158253669738769531e-05 9.515881538391113281e-05 7.948279380798339844e-05 8.600950241088867188e-05 9.340047836303710938e-05 9.688735008239746094e-05 8.711218833923339844e-05
6.704099180420379778e-01 7.995963096618652344e-05 8.323788642883300781e-05 8.711218833923339844e-05 7.620453834533691406e-05 8.380413055419921875e-05 7.688999176025390625e-05 8.493661880493164062e-05 7.629394531250000000e-05 8.925795555114746094e-05 8.440017700195312500e-05
6.768626800274260003e-01 -7.599592208862304688e-06 -5.692243576049804688e-06 8.344650268554687500e-07 -4.768371582031250000e-06 -1.728534698486328125e-06 -1.311302185058593750e-06 -8.761882781982421875e-06 -8.940696716308593750e-08 2.324581146240234375e-06 -5.006790161132812500e-06
6.833154420128139117e-01 -1.791119575500488281e-04 -1.668334007263183594e-04 -1.704990863800048828e-04 -1.556575298309326172e-04 -1.783668994903564453e-04 -1.681745052337646484e-04 -1.647770404815673828e-04 -1.615583896636962891e-04 -1.659095287322998047e-04 -1.649558544158935547e-04
6.897682039982017121e-01 1.108348369598388672e-04 1.092255115509033203e-04 9.694695472717285156e-05 1.149773597717285156e-04 1.024305820465087891e-04 9.727478027343750000e-05 9.727478027343750000e-05 1.022517681121826172e-04 9.104609489440917969e-05 9.670853614807128906e-05
6.962209659835896236e-01 4.172325134277343750e-07 1.555681228637695312e-05 1.797080039978027344e-05 1.543760299682617188e-05 1.463294029235839844e-05 -4.500150680541992188e-06 1.102685928344726562e-05 7.122755050659179688e-06 -5.751848220825195312e-06 1.668930053710937500e-05
7.026737279689775351e-01 -2.962350845336914062e-05 -3.647804260253906250e-05 -3.999471664428710938e-05 -2.416968345642089844e-05 -3.150105476379394531e-05 -2.595782279968261719e-05 -1.767277717590332031e-05 -1.960992813110351562e-05 -2.625584602355957031e-05 -2.714991569519042969e-05
7.091264899543654465e-01 1.620352268218994141e-04 1.693964004516601562e-04 1.640319824218750000e-04 1.567006111145019531e-04 1.570582389831542969e-04 1.647770404815673828e-04 1.530349254608154297e-04 1.497864723205566406e-04 1.596212387084960938e-04 1.577734947204589844e-04
7.155792519397533580e-01 -2.067983150482177734e-04 -2.003610134124755859e-04 -2.037286758422851562e-04 -2.104640007019042969e-04 -2.142190933227539062e-04 -2.043843269348144531e-04 -1.937448978424072266e-04 -1.956522464752197266e-04 -2.070069313049316406e-04 -2.141892910003662109e-04
7.220320139251412694e-01 -1.212954521179199219e-05 2.264976501464843750e-06 -4.589557647705078125e-06 -1.531839370727539062e-05 5.364418029785156250e-07 4.768371582031250000e-07 -7.569789886474609375e-06 9.238719940185546875e-07 -8.404254913330078125e-06 -2.083182334899902344e-05
7.284847759105291809e-01 1.900196075439453125e-04 1.906454563140869141e-04 1.908242702484130859e-04 1.854598522186279297e-04 1.742839813232421875e-04 2.006888389587402344e-04 1.941025257110595703e-04 1.883506774902343750e-04 1.789927482604980469e-04 1.823604106903076172e-04
7.349375378959170924e-01 1.050531864166259766e-04 9.596347808837890625e-05 1.056492328643798828e-04 9.733438491821289062e-05 9.986758232116699219e-05 9.879469871520996094e-05 1.089572906494140625e-04 1.104176044464111328e-04 1.066625118255615234e-04 1.015961170196533203e-04
7.413902998813050038e-01 -8.615851402282714844e-05 -7.051229476928710938e-05 -8.925795555114746094e-05 -9.691715240478515625e-05 -7.936358451843261719e-05 -7.623434066772460938e-05 -9.703636169433593750e-05 -8.091330528259277344e-05 -8.571147918701171875e-05 -9.858608245849609375e-05
7.478430618666929153e-01 -2.111494541168212891e-04 -1.963078975677490234e-04 -1.941323280334472656e-04 -2.137124538421630859e-04 -2.130866050720214844e-04 -1.899600028991699219e-04 -2.101063728332519531e-04 -2.001523971557617188e-04 -2.048611640930175781e-04 -2.095103263854980469e-04
7.542958238520808267e-01 -7.578730583190917969e-05 -9.149312973022460938e-05 -7.712841033935546875e-05 -7.161498069763183594e-05 -8.687376976013183594e-05 -8.979439735412597656e-05 -8.085370063781738281e-05 -7.000565528869628906e-05 -8.171796798706054688e-05 -7.116794586181640625e-05
7.607485858374687382e-01 4.595518112182617188e-05 3.001093864440917969e-05 2.127885818481445312e-05 3.483891487121582031e-05 3.138184547424316406e-05 3.060698509216308594e-05 1.743435859680175781e-05 2.542138099670410156e-05 2.473592758178710938e-05 2.640485763549804688e-05
7.672013478228566496e-01 2.219080924987792969e-04 2.242922782897949219e-04 2.148449420928955078e-04 2.332031726837158203e-04 2.267658710479736328e-04 2.303123474121093750e-04 2.178847789764404297e-04 2.265572547912597656e-04 2.197027206420898438e-04 2.227425575256347656e-04
7.736541098082445611e-01 1.917779445648193359e-04 1.954138278961181641e-04 1.972615718841552734e-04 1.835227012634277344e-04 1.866817474365234375e-04 1.907050609588623047e-04 1.892745494842529297e-04 1.898407936096191406e-04 2.021193504333496094e-04 1.826882362365722656e-04
7.801068717936323615e-01 -1.988112926483154297e-04 -1.882314682006835938e-04 -2.001225948333740234e-04 -2.141296863555908203e-04 -2.057552337646484375e-04 -2.162754535675048828e-04 -2.080202102661132812e-04 -2.010166645050048828e-04 -1.957416534423828125e-04 -2.135634422302246094e-04
7.865596337790202730e-01 4.836916923522949219e-04 4.743635654449462891e-04 4.686713218688964844e-04 4.640221595764160156e-04 4.680454730987548828e-04 4.631876945495605469e-04 4.578828811645507812e-04 4.715919494628906250e-04 4.610419273376464844e-04 4.631876945495605469e-04
7.930123957644081845e-01 3.098249435424804688e-04 3.202259540557861328e-04 3.183186054229736328e-04 3.226101398468017578e-04 3.181695938110351562e-04 3.109872341156005859e-04 3.138780593872070312e-04 3.158450126647949219e-04 3.138482570648193359e-04 3.157854080200195312e-04
7.994651577497960959e-01 -3.273189067840576172e-04 -3.237724304199218750e-04 -3.418624401092529297e-04 -3.336668014526367188e-04 -3.407299518585205078e-04 -3.239810466766357422e-04 -3.396868705749511719e-04 -3.321170806884765625e-04 -3.265440464019775391e-04 -3.181099891662597656e-04
8.059179197351840074e-01 -2.640783786773681641e-04 -2.633035182952880859e-04 -2.650320529937744141e-04 -2.693831920623779297e-04 -2.607703208923339844e-04 -2.478957176208496094e-04 -2.487599849700927734e-04 -2.577602863311767578e-04 -2.513825893402099609e-04 -2.457499504089355469e-04
8.123706817205719188e-01 -3.027021884918212891e-04 -3.044903278350830078e-04 -2.851784229278564453e-04 -2.974271774291992188e-04 -3.111064434051513672e-04 -3.077387809753417969e-04 -3.232657909393310547e-04 -3.211498260498046875e-04 -3.308951854705810547e-04 -3.348886966705322266e-04
8.188234437059598303e-01 3.560781478881835938e-04 3.602504730224609375e-04 3.537535667419433594e-04 3.624558448791503906e-04 3.596842288970947266e-04 3.603994846343994141e-04 3.668963909149169922e-04 3.533661365509033203e-04 3.614127635955810547e-04 3.641247749328613281e-04
8.252762056913477418e-01 -1.119971275329589844e-04 -1.120269298553466797e-04 -1.120865345001220703e-04 -1.132190227508544922e-04 -1.144707202911376953e-04 -1.106858253479003906e-04 -1.095235347747802734e-04 -1.097917556762695312e-04 -1.186430454254150391e-04 -1.104176044464111328e-04
8.317289676767356532e-01 -6.528794765472412109e-04 -6.446838378906250000e-04 -6.474554538726806641e-04 -6.615817546844482422e-04 -6.441771984100341797e-04 -6.528496742248535156e-04 -6.484389305114746094e-04 -6.513893604278564453e-04 -6.496906280517578125e-04 -6.548464298248291016e-04
8.381817296621235647e-01 5.716979503631591797e-04 5.699694156646728516e-04 5.856156349182128906e-04 5.875229835510253906e-04 5.886852741241455078e-04 5.835294723510742188e-04 5.864500999450683594e-04 5.875825881958007812e-04 5.879700183868408203e-04 5.854666233062744141e-04
8.446344916475114761e-01 8.010864257812500000e-05 7.480382919311523438e-05 6.651878356933593750e-05 7.122755050659179688e-05 6.553530693054199219e-05 8.457899093627929688e-05 8.609890937805175781e-05 6.854534149169921875e-05 7.641315460205078125e-05 8.663535118103027344e-05
8.510872536328993876e-01 -3.325939178466796875e-04 -3.316104412078857422e-04 -3.378391265869140625e-04 -3.346502780914306641e-04 -3.357231616973876953e-04 -3.407299518585205078e-04 -3.313720226287841797e-04 -3.350377082824707031e-04 -3.308355808258056641e-04 -3.406703472137451172e-04
8.575400156182872990e-01 3.239214420318603516e-04 3.232359886169433594e-04 3.359913825988769531e-04 3.227889537811279297e-04 3.345906734466552734e-04 3.295242786407470703e-04 3.477931022644042969e-04 3.406405448913574219e-04 3.412067890167236328e-04 3.282427787780761719e-04
8.639927776036752105e-01 -3.320276737213134766e-04 -3.225207328796386719e-04 -3.325641155242919922e-04 -3.406107425689697266e-04 -3.424882888793945312e-04 -3.415048122406005859e-04 -3.461837768554687500e-04 -3.314614295959472656e-04 -3.376007080078125000e-04 -3.258585929870605469e-04
8.704455395890630109e-01 -4.162490367889404297e-04 -4.099905490875244141e-04 -4.165768623352050781e-04 -4.212558269500732422e-04 -4.305839538574218750e-04 -4.224181175231933594e-04 -4.202127456665039062e-04 -4.174411296844482422e-04 -4.150569438934326172e-04 -4.343688488006591797e-04
8.768983015744509224e-01 5.231499671936035156e-04 5.384981632232666016e-04 5.354583263397216797e-04 5.255639553070068359e-04 5.231797695159912109e-04 5.262494087219238281e-04 5.328953266143798828e-04 5.290210247039794922e-04 5.316436290740966797e-04 5.291998386383056641e-04
8.833510635598388339e-01 -1.270473003387451172e-04 -1.305043697357177734e-04 -1.379251480102539062e-04 -1.260340213775634766e-04 -1.339614391326904297e-04 -1.260042190551757812e-04 -1.354813575744628906e-04 -1.323819160461425781e-04 -1.333951950073242188e-04 -1.247525215148925781e-04
8.898038255452267453e-01 -4.217028617858886719e-05 -4.729628562927246094e-05 -4.696846008300781250e-05 -4.169344902038574219e-05 -3.939867019653320312e-05 -3.266334533691406250e-05 -2.682209014892578125e-05 -3.343820571899414062e-05 -1.960992813110351562e-05 -3.811717033386230469e-05
8.962565875306146568e-01 1.647472381591796875e-04 1.636743545532226562e-04 1.650750637054443359e-04 1.629292964935302734e-04 1.648068428039550781e-04 1.713633537292480469e-04 1.593530178070068359e-04 1.681149005889892578e-04 1.713335514068603516e-04 1.620054244995117188e-04
9.027093495160025682e-01 -3.780424594879150391e-04 -3.707706928253173828e-04 -3.753006458282470703e-04 -3.712177276611328125e-04 -3.777444362640380859e-04 -3.729164600372314453e-04 -3.728866577148437500e-04 -3.778040409088134766e-04 -3.660917282104492188e-04 -3.802180290222167969e-04
9.091621115013904797e-01 2.552568912506103516e-04 2.470314502716064453e-04 2.415776252746582031e-04 2.544522285461425781e-04 2.505183219909667969e-04 2.487599849700927734e-04 2.370774745941162109e-04 2.481341361999511719e-04 2.344548702239990234e-04 2.359151840209960938e-04
9.156148734867783912e-01 1.689791679382324219e-04 1.715421676635742188e-04 1.618564128875732422e-04 1.688897609710693359e-04 1.618266105651855469e-04 1.617372035980224609e-04 1.645088195800781250e-04 1.702904701232910156e-04 1.565515995025634766e-04 1.676082611083984375e-04
9.220676354721663026e-01 -2.711117267608642578e-04 -2.747178077697753906e-04 -2.697706222534179688e-04 -2.685487270355224609e-04 -2.747476100921630859e-04 -2.699494361877441406e-04 -2.728700637817382812e-04 -2.649128437042236328e-04 -2.787113189697265625e-04 -2.654194831848144531e-04
9.285203974575542141e-01 1.201629638671875000e-04 1.204013824462890625e-04 1.263916492462158203e-04 1.173317432403564453e-04 1.216828823089599609e-04 1.121461391448974609e-04 1.197755336761474609e-04 1.209676265716552734e-04 1.187324523925781250e-04 1.146197319030761719e-04
9.349731594429421255e-01 -1.302361488342285156e-05 -2.682209014892578125e-06 -1.347064971923828125e-05 -1.117587089538574219e-05 -1.490116119384765625e-06 -1.853704452514648438e-05 -1.153349876403808594e-05 -8.344650268554687500e-06 -1.889467239379882812e-05 -1.370906829833984375e-05
9.414259214283300370e-01 -8.234381675720214844e-05 -8.943676948547363281e-05 -8.100271224975585938e-05 -8.141994476318359375e-05 -8.690357208251953125e-05 -7.840991020202636719e-05 -8.022785186767578125e-05 -8.258223533630371094e-05 -7.972121238708496094e-05 -8.124113082885742188e-05
9.478786834137179484e-01 2.618134021759033203e-04 2.597570419311523438e-04 2.566277980804443359e-04 2.590715885162353516e-04 2.559423446655273438e-04 2.532899379730224609e-04 2.502501010894775391e-04 2.593398094177246094e-04 2.649724483489990234e-04 2.540349960327148438e-04
9.543314453991058599e-01 -1.125633716583251953e-04 -1.157224178314208984e-04 -1.156032085418701172e-04 -1.290738582611083984e-04 -1.283586025238037109e-04 -1.222193241119384766e-04 -1.165568828582763672e-04 -1.080036163330078125e-04 -1.175999641418457031e-04 -1.076757907867431641e-04
9.607842073844936603e-01 -1.911818981170654297e-04 -1.866221427917480469e-04 -1.761615276336669922e-04 -1.982748508453369141e-04 -1.799166202545166016e-04 -1.620650291442871094e-04 -1.884698867797851562e-04 -1.908838748931884766e-04 -1.938641071319580078e-04 -1.909136772155761719e-04
9.672369693698815718e-01 1.082420349121093750e-04 1.203119754791259766e-04 1.143217086791992188e-04 1.168549060821533203e-04 1.016259193420410156e-04 1.119673252105712891e-04 1.121461391448974609e-04 1.074969768524169922e-04 1.111328601837158203e-04 1.139044761657714844e-04
9.736897313552694833e-01 5.841255187988281250e-06 -1.758337020874023438e-06 -1.421570777893066406e-05 1.156330108642578125e-05 -6.943941116333007812e-06 -1.358985900878906250e-05 -1.251697540283203125e-05 -5.662441253662109375e-06 -3.457069396972656250e-06 -1.430511474609375000e-05
9.801424933406573947e-01 -4.145503044128417969e-05 -3.582239151000976562e-05 -3.844499588012695312e-05 -3.564357757568359375e-05 -2.560019493103027344e-05 -2.577900886535644531e-05 -2.554059028625488281e-05 -3.290176391601562500e-05 -3.030896186828613281e-05 -2.965331077575683594e-05
9.865952553260453062e-01 1.122057437896728516e-04 1.000463962554931641e-04 1.061260700225830078e-04 1.018047332763671875e-04 1.100301742553710938e-04 9.819865226745605469e-05 1.175701618194580078e-04 1.062750816345214844e-04 1.177191734313964844e-04 1.015961170196533203e-04
9.930480173114332176e-01 -1.406967639923095703e-04 -1.486837863922119141e-04 -1.397430896759033203e-04 -1.334846019744873047e-04 -1.414418220520019531e-04 -1.387894153594970703e-04 -1.460611820220947266e-04 -1.456141471862792969e-04 -1.515150070190429688e-04 -1.449286937713623047e-04
9.995007792968211291e-01 4.291534423828125000e-06 1.788139343261718750e-06 3.695487976074218750e-06 3.248453140258789062e-06 -6.437301635742187500e-06 4.857778549194335938e-06 1.043081283569335938e-05 3.963708877563476562e-06 3.725290298461914062e-06 2.980232238769531250e-07
1.005953541282209152e+00 1.425445079803466797e-04 1.379847526550292969e-04 1.451969146728515625e-04 1.497864723205566406e-04 1.534223556518554688e-04 1.476109027862548828e-04 1.451671123504638672e-04 1.493692398071289062e-04 1.435875892639160156e-04 1.520216464996337891e-04
1.012406303267596952e+00 -6.243586540222167969e-05 -6.589293479919433594e-05 -5.841255187988281250e-05 -7.531046867370605469e-05 -5.972385406494140625e-05 -5.614757537841796875e-05 -6.276369094848632812e-05 -6.216764450073242188e-05 -5.823373794555664062e-05 -5.635619163513183594e-05
1.018859065252984752e+00 3.728270530700683594e-05 3.290176391601562500e-05 4.291534423828125000e-05 4.276633262634277344e-05 3.212690353393554688e-05 4.842877388000488281e-05 3.921985626220703125e-05 3.454089164733886719e-05 4.056096076965332031e-05 3.558397293090820312e-05
1.025311827238372775e+00 -2.026557922363281250e-05 -2.509355545043945312e-05 -3.385543823242187500e-05 -1.609325408935546875e-05 -3.230571746826171875e-05 -2.524256706237792969e-05 -1.630187034606933594e-05 -2.348423004150390625e-05 -1.803040504455566406e-05 -2.434849739074707031e-05
1.031764589223760797e+00 -6.306171417236328125e-05 -5.489587783813476562e-05 -5.334615707397460938e-05 -6.067752838134765625e-05 -6.362795829772949219e-05 -6.300210952758789062e-05 -6.347894668579101562e-05 -6.255507469177246094e-05 -5.030632019042968750e-05 -6.431341171264648438e-05
1.038217351209148598e+00 1.609921455383300781e-04 1.577734947204589844e-04 1.550018787384033203e-04 1.706182956695556641e-04 1.510083675384521484e-04 1.532137393951416016e-04 1.539587974548339844e-04 1.429319381713867188e-04 1.465380191802978516e-04 1.521408557891845703e-04
1.044670113194536398e+00 6.043910980224609375e-05 5.042552947998046875e-05 4.819035530090332031e-05 6.031990051269531250e-05 5.632638931274414062e-05 6.499886512756347656e-05 5.012750625610351562e-05 6.350874900817871094e-05 5.668401718139648438e-05 5.775690078735351562e-05
1.051122875179924421e+00 -1.555383205413818359e-04 -1.491904258728027344e-04 -1.403093338012695312e-04 -1.464486122131347656e-04 -1.393258571624755859e-04 -1.367032527923583984e-04 -1.437962055206298828e-04 -1.559257507324218750e-04 -1.427829265594482422e-04 -1.327991485595703125e-04
1.057575637165312221e+00 -2.365410327911376953e-04 -2.669692039489746094e-04 -2.491772174835205078e-04 -2.469718456268310547e-04 -2.492368221282958984e-04 -2.556145191192626953e-04 -2.712607383728027344e-04 -2.491474151611328125e-04 -2.448558807373046875e-04 -2.284348011016845703e-04
1.064028399150700022e+00 1.127421855926513672e-04 1.218914985656738281e-04 1.031160354614257812e-04 1.229941844940185547e-04 1.109242439270019531e-04 1.136064529418945312e-04 1.264214515686035156e-04 1.158118247985839844e-04 1.202523708343505859e-04 1.090466976165771484e-04
1.070481161136088044e+00 -8.520483970642089844e-05 -1.097023487091064453e-04 -1.140236854553222656e-04 -1.166462898254394531e-04 -9.807944297790527344e-05 -8.347630500793457031e-05 -9.351968765258789062e-05 -1.035034656524658203e-04 -9.673833847045898438e-05 -9.009242057800292969e-05
1.076933923121476067e+00 7.399916648864746094e-05 8.624792098999023438e-05 8.022785186767578125e-05 8.997321128845214844e-05 7.861852645874023438e-05 9.086728096008300781e-05 8.490681648254394531e-05 8.013844490051269531e-05 8.979439735412597656e-05 9.283423423767089844e-05
1.083386685106863867e+00 5.722045898437500000e-05 6.988644599914550781e-05 5.924701690673828125e-05 6.046891212463378906e-05 5.504488945007324219e-05 5.602836608886718750e-05 6.723403930664062500e-05 5.692243576049804688e-05 5.498528480529785156e-05 6.148219108581542969e-05
1.089839447092251667e+00 -8.517503738403320312e-05 -8.741021156311035156e-05 -8.159875869750976562e-05 -8.240342140197753906e-05 -8.273124694824218750e-05 -8.794665336608886719e-05 -8.046627044677734375e-05 -8.293986320495605469e-05 -7.542967796325683594e-05 -8.985400199890136719e-05
1.096292209077639690e+00 8.717179298400878906e-05 9.065866470336914062e-05 8.809566497802734375e-05 9.220838546752929688e-05 1.032948493957519531e-04 1.032948493957519531e-04 9.924173355102539062e-05 1.000761985778808594e-04 1.031756401062011719e-04 9.763240814208984375e-05
1.102744971063027712e+00 -2.071261405944824219e-04 -2.060234546661376953e-04 -2.039968967437744141e-04 -2.004802227020263672e-04 -2.156794071197509766e-04 -2.140104770660400391e-04 -2.010166645050048828e-04 -2.124607563018798828e-04 -2.086460590362548828e-04 -2.136826515197753906e-04
1.109197733048415513e+00 -1.488029956817626953e-04 -1.472234725952148438e-04 -1.531243324279785156e-04 -1.509487628936767578e-04 -1.533627510070800781e-04 -1.463592052459716797e-04 -1.444816589355468750e-04 -1.578330993652343750e-04 -1.471936702728271484e-04 -1.459717750549316406e-04
1.115650495033803313e+00 2.381205558776855469e-05 1.904368400573730469e-05 1.561641693115234375e-05 1.242756843566894531e-05 9.387731552124023438e-06 1.525878906250000000e-05 1.898407936096191406e-05 1.761317253112792969e-05 1.800060272216796875e-05 2.470612525939941406e-05
1.122103257019191336e+00 -1.661777496337890625e-04 -1.736283302307128906e-04 -1.817643642425537109e-04 -1.810491085052490234e-04 -1.902580261230468750e-04 -2.022683620452880859e-04 -2.050399780273437500e-04 -2.076327800750732422e-04 -2.031922340393066406e-04 -2.218782901763916016e-04
1.128556019004579358e+00 -1.020431518554687500e-04 -1.161396503448486328e-04 -1.129508018493652344e-04 -1.155436038970947266e-04 -1.150965690612792969e-04 -1.146495342254638672e-04 -1.071989536285400391e-04 -1.231431961059570312e-04 -1.196265220642089844e-04 -1.109838485717773438e-04
1.135008780989967159e+00 1.432597637176513672e-04 1.411139965057373047e-04 1.404285430908203125e-04 1.384317874908447266e-04 1.424252986907958984e-04 1.443922519683837891e-04 1.434981822967529297e-04 1.399517059326171875e-04 1.284480094909667969e-04 1.384317874908447266e-04
1.141461542975354959e+00 -1.107156276702880859e-04 -1.113712787628173828e-04 -1.099407672882080078e-04 -1.144111156463623047e-04 -1.078248023986816406e-04 -1.208186149597167969e-04 -1.142919063568115234e-04 -1.077055931091308594e-04 -1.212060451507568359e-04 -1.148581504821777344e-04
1.147914304960742982e+00 2.207458019256591797e-04 2.246201038360595703e-04 2.167224884033203125e-04 2.307295799255371094e-04 2.263188362121582031e-04 2.239346504211425781e-04 2.309978008270263672e-04 2.182424068450927734e-04 2.334415912628173828e-04 2.151429653167724609e-04
1.154367066946130782e+00 1.359581947326660156e-04 1.405477523803710938e-04 1.392960548400878906e-04 1.354515552520751953e-04 1.345574855804443359e-04 1.447200775146484375e-04 1.338720321655273438e-04 1.375079154968261719e-04 1.419186592102050781e-04 1.458823680877685547e-04
1.160819828931518582e+00 -3.636777400970458984e-04 -3.590583801269531250e-04 -3.609061241149902344e-04 -3.612935543060302734e-04 -3.702938556671142578e-04 -3.646612167358398438e-04 -3.586113452911376953e-04 -3.633499145507812500e-04 -3.683567047119140625e-04 -3.575384616851806641e-04
1.167272590916906605e+00 3.355741500854492188e-04 3.229379653930664062e-04 3.263950347900390625e-04 3.308951854705810547e-04 3.235042095184326172e-04 3.329217433929443359e-04 3.418624401092529297e-04 3.346800804138183594e-04 3.212988376617431641e-04 3.234446048736572266e-04
1.173725352902294627e+00 -1.474618911743164062e-04 -1.511871814727783203e-04 -1.451671123504638672e-04 -1.520514488220214844e-04 -1.488626003265380859e-04 -1.548528671264648438e-04 -1.542568206787109375e-04 -1.547038555145263672e-04 -1.347661018371582031e-04 -1.459717750549316406e-04
1.180178114887682428e+00 -2.298653125762939453e-04 -2.320110797882080078e-04 -2.325475215911865234e-04 -2.410411834716796875e-04 -2.376437187194824219e-04 -2.356767654418945312e-04 -2.412497997283935547e-04 -2.255737781524658203e-04 -2.308785915374755859e-04 -2.351701259613037109e-04
1.186630876873070450e+00 5.280077457427978516e-04 5.373060703277587891e-04 5.424916744232177734e-04 5.378127098083496094e-04 5.314648151397705078e-04 5.328953266143798828e-04 5.418062210083007812e-04 5.469322204589843750e-04 5.383789539337158203e-04 5.388557910919189453e-04
1.193083638858458251e+00 -3.429055213928222656e-04 -3.467500209808349609e-04 -3.408193588256835938e-04 -3.423392772674560547e-04 -3.565251827239990234e-04 -3.540813922882080078e-04 -3.554224967956542969e-04 -3.428161144256591797e-04 -3.402829170227050781e-04 -3.500580787658691406e-04
1.199536400843846051e+00 -2.822279930114746094e-05 -1.132488250732421875e-05 -1.996755599975585938e-05 -2.121925354003906250e-05 -1.451373100280761719e-05 -2.312660217285156250e-05 -1.075863838195800781e-05 -1.043081283569335938e-05 -1.668930053710937500e-05 -1.829862594604492188e-05
1.205989162829234074e+00 3.377497196197509766e-04 3.342032432556152344e-04 3.313124179840087891e-04 3.466308116912841797e-04 3.429651260375976562e-04 3.363192081451416016e-04 3.326535224914550781e-04 3.303885459899902344e-04 3.432333469390869141e-04 3.408491611480712891e-04
1.212441924814621874e+00 -4.770159721374511719e-04 -4.771947860717773438e-04 -4.861056804656982422e-04 -4.890263080596923828e-04 -4.834532737731933594e-04 -4.821419715881347656e-04 -4.772543907165527344e-04 -4.770159721374511719e-04 -4.709064960479736328e-04 -4.756450653076171875e-04
1.218894686800009897e+00 3.077387809753417969e-04 3.263652324676513672e-04 3.098845481872558594e-04 3.063380718231201172e-04 2.970993518829345703e-04 3.075301647186279297e-04 3.161728382110595703e-04 3.123581409454345703e-04 3.093481063842773438e-04 3.148615360260009766e-04
1.225347448785397697e+00 5.310773849487304688e-05 5.191564559936523438e-05 5.391240119934082031e-05 5.394220352172851562e-05 5.075335502624511719e-05 5.805492401123046875e-05 5.346536636352539062e-05 4.541873931884765625e-05 7.411837577819824219e-05 5.075335502624511719e-05
1.231800210770785720e+00 -3.210902214050292969e-04 -3.199875354766845703e-04 -3.215074539184570312e-04 -3.124773502349853516e-04 -3.138184547424316406e-04 -3.139078617095947266e-04 -3.265440464019775391e-04 -3.032982349395751953e-04 -3.164410591125488281e-04 -3.055930137634277344e-04
1.238252972756173520e+00 3.333091735839843750e-04 3.312826156616210938e-04 3.318488597869873047e-04 3.291964530944824219e-04 3.418326377868652344e-04 3.271102905273437500e-04 3.294050693511962891e-04 3.449022769927978516e-04 3.388524055480957031e-04 3.467798233032226562e-04
1.244705734741561542e+00 -1.401603221893310547e-04 -1.295208930969238281e-04 -1.285374164581298828e-04 -1.386106014251708984e-04 -1.307427883148193359e-04 -1.410245895385742188e-04 -1.360774040222167969e-04 -1.373291015625000000e-04 -1.400113105773925781e-04 -1.327693462371826172e-04
1.251158496726949343e+00 -9.623169898986816406e-05 -9.632110595703125000e-05 -9.804964065551757812e-05 -1.054406166076660156e-04 -9.408593177795410156e-05 -1.018643379211425781e-04 -1.055896282196044922e-04 -9.354948997497558594e-05 -1.097023487091064453e-04 -1.061856746673583984e-04
1.257611258712337365e+00 2.202689647674560547e-04 2.095401287078857422e-04 2.135336399078369141e-04 2.164840698242187500e-04 2.140998840332031250e-04 2.198815345764160156e-04 2.142190933227539062e-04 2.211332321166992188e-04 2.223551273345947266e-04 2.204179763793945312e-04
1.264064020697725166e+00 -1.296997070312500000e-04 -1.367032527923583984e-04 -1.326203346252441406e-04 -1.358091831207275391e-04 -1.364946365356445312e-04 -1.392066478729248047e-04 -1.383721828460693359e-04 -1.219809055328369141e-04 -1.364052295684814453e-04 -1.372396945953369141e-04
1.270516782683113188e+00 -7.903575897216796875e-05 -9.235739707946777344e-05 -9.110569953918457031e-05 -7.817149162292480469e-05 -8.636713027954101562e-05 -7.849931716918945312e-05 -9.045004844665527344e-05 -7.840991020202636719e-05 -8.583068847656250000e-05 -9.310245513916015625e-05
1.276969544668500989e+00 1.315772533416748047e-04 1.351833343505859375e-04 1.294910907745361328e-04 1.324415206909179688e-04 1.318156719207763672e-04 1.337528228759765625e-04 1.246929168701171875e-04 1.291632652282714844e-04 1.269578933715820312e-04 1.311600208282470703e-04
1.283422306653888789e+00 -4.205107688903808594e-05 -3.847479820251464844e-05 -5.000829696655273438e-05 -2.795457839965820312e-05 -3.910064697265625000e-05 -4.082918167114257812e-05 -3.880262374877929688e-05 -3.868341445922851562e-05 -4.708766937255859375e-05 -3.498792648315429688e-05
1.289875068639276812e+00 -3.448128700256347656e-05 -3.659725189208984375e-05 -1.928210258483886719e-05 -3.376603126525878906e-05 -3.740191459655761719e-05 -3.573298454284667969e-05 -2.956390380859375000e-05 -3.281235694885253906e-05 -2.923607826232910156e-05 -3.784894943237304688e-05
1.296327830624664612e+00 1.446306705474853516e-04 1.444518566131591797e-04 1.267194747924804688e-04 1.381635665893554688e-04 1.286566257476806641e-04 1.332461833953857422e-04 1.377165317535400391e-04 1.270771026611328125e-04 1.285374164581298828e-04 1.342594623565673828e-04
1.302780592610052635e+00 -1.114010810852050781e-04 -1.236796379089355469e-04 -1.289248466491699219e-04 -1.125633716583251953e-04 -1.262724399566650391e-04 -1.224577426910400391e-04 -1.254677772521972656e-04 -1.260340213775634766e-04 -1.096129417419433594e-04 -1.254975795745849609e-04
1.309233354595440435e+00 -3.984570503234863281e-05 -3.764033317565917969e-05 -4.169344902038574219e-05 -4.830956459045410156e-05 -5.611777305603027344e-05 -4.664063453674316406e-05 -3.561377525329589844e-05 -5.537271499633789062e-05 -3.567337989807128906e-05 -4.467368125915527344e-05
1.315686116580828458e+00 1.940131187438964844e-04 1.961290836334228516e-04 1.950263977050781250e-04 1.976490020751953125e-04 2.041161060333251953e-04 1.891851425170898438e-04 1.890659332275390625e-04 1.942515373229980469e-04 1.930892467498779297e-04 1.914799213409423828e-04
1.322138878566216258e+00 -1.604259014129638672e-04 -1.550614833831787109e-04 -1.607835292816162109e-04 -1.516640186309814453e-04 -1.576244831085205078e-04 -1.341402530670166016e-04 -1.583397388458251953e-04 -1.541376113891601562e-04 -1.476109027862548828e-04 -1.628994941711425781e-04
1.328591640551604280e+00 6.604194641113281250e-05 6.926059722900390625e-05 6.693601608276367188e-05 6.547570228576660156e-05 7.212162017822265625e-05 7.340312004089355469e-05 5.972385406494140625e-05 6.729364395141601562e-05 5.030632019042968750e-05 8.305907249450683594e-05
1.335044402536992081e+00 6.088614463806152344e-05 4.079937934875488281e-05 4.643201828002929688e-05 5.999207496643066406e-05 4.908442497253417969e-05 5.477666854858398438e-05 5.090236663818359375e-05 5.298852920532226562e-05 4.529953002929687500e-05 5.903840065002441406e-05
1.341497164522380103e+00 -1.818239688873291016e-04 -1.942217350006103516e-04 -1.852512359619140625e-04 -1.910924911499023438e-04 -1.800954341888427734e-04 -1.718103885650634766e-04 -1.761913299560546875e-04 -1.695454120635986328e-04 -1.809298992156982422e-04 -1.794695854187011719e-04
1.347949926507767904e+00 2.019703388214111328e-04 2.008974552154541016e-04 1.927614212036132812e-04 1.928508281707763672e-04 1.991689205169677734e-04 2.028346061706542969e-04 2.031028270721435547e-04 1.934170722961425781e-04 1.924335956573486328e-04 1.954734325408935547e-04
1.354402688493155926e+00 -3.051757812500000000e-05 -2.592802047729492188e-05 -2.834200859069824219e-05 -2.127885818481445312e-05 -2.866983413696289062e-05 -3.355741500854492188e-05 -3.141164779663085938e-05 -2.500414848327636719e-05 -2.202391624450683594e-05 -3.629922866821289062e-05
1.360855450478543727e+00 -1.291930675506591797e-04 -1.135468482971191406e-04 -1.257061958312988281e-04 -1.228153705596923828e-04 -1.161992549896240234e-04 -1.204311847686767578e-04 -1.230537891387939453e-04 -1.321136951446533203e-04 -1.264214515686035156e-04 -1.150071620941162109e-04
1.367308212463931749e+00 1.316368579864501953e-04 1.399219036102294922e-04 1.381933689117431641e-04 1.277923583984375000e-04 1.340806484222412109e-04 1.462697982788085938e-04 1.284778118133544922e-04 1.253783702850341797e-04 1.352727413177490234e-04 1.267492771148681641e-04
1.373760974449319550e+00 -3.871321678161621094e-05 -3.987550735473632812e-05 -4.550814628601074219e-05 -4.473328590393066406e-05 -3.495812416076660156e-05 -5.090236663818359375e-05 -4.070997238159179688e-05 -5.203485488891601562e-05 -4.482269287109375000e-05 -5.280971527099609375e-05
1.380213736434707350e+00 9.274482727050781250e-05 1.026391983032226562e-04 1.041889190673828125e-04 9.870529174804687500e-05 9.262561798095703125e-05 9.649991989135742188e-05 8.723139762878417969e-05 8.788704872131347656e-05 9.009242057800292969e-05 8.463859558105468750e-05
1.386666498420095373e+00 5.117058753967285156e-05 4.601478576660156250e-05 4.228949546813964844e-05 4.795193672180175781e-05 5.251169204711914062e-05 5.081295967102050781e-05 4.872679710388183594e-05 4.160404205322265625e-05 5.072355270385742188e-05 4.187226295471191406e-05
1.393119260405483173e+00 -3.463029861450195312e-05 -3.385543823242187500e-05 -3.346800804138183594e-05 -4.199147224426269531e-05 -4.199147224426269531e-05 -3.781914710998535156e-05 -4.506111145019531250e-05 -3.287196159362792969e-05 -3.847479820251464844e-05 -3.999471664428710938e-05
1.399572022390871195e+00 -2.884864807128906250e-05 -2.577900886535644531e-05 -3.328919410705566406e-05 -3.391504287719726562e-05 -3.206729888916015625e-05 -3.346800804138183594e-05 -2.735853195190429688e-05 -3.874301910400390625e-05 -4.088878631591796875e-05 -3.856420516967773438e-05
1.406024784376258996e+00 8.413195610046386719e-05 9.086728096008300781e-05 6.696581840515136719e-05 6.166100502014160156e-05 8.937716484069824219e-05 8.359551429748535156e-05 7.134675979614257812e-05 7.197260856628417969e-05 8.612871170043945312e-05 7.611513137817382812e-05
1.412477546361647018e+00 -7.456541061401367188e-05 -7.265806198120117188e-05 -7.233023643493652344e-05 -7.674098014831542969e-05 -6.684660911560058594e-05 -7.393956184387207031e-05 -7.402896881103515625e-05 -7.173418998718261719e-05 -8.293986320495605469e-05 -7.286667823791503906e-05
1.418930308347034819e+00 -2.890825271606445312e-06 -3.546476364135742188e-06 6.169080734252929688e-06 3.963708877563476562e-06 -1.266598701477050781e-05 -5.513429641723632812e-06 -2.086162567138671875e-07 -3.308057785034179688e-06 -3.874301910400390625e-07 -4.291534423828125000e-06
1.425383070332422841e+00 9.605288505554199219e-05 9.271502494812011719e-05 9.739398956298828125e-05 9.831786155700683594e-05 9.101629257202148438e-05 1.008510589599609375e-04 7.545948028564453125e-05 8.675456047058105469e-05 9.295344352722167969e-05 1.036822795867919922e-04
1.431835832317810642e+00 -1.058280467987060547e-04 -9.876489639282226562e-05 -9.566545486450195312e-05 -9.369850158691406250e-05 -9.754300117492675781e-05 -1.150071620941162109e-04 -1.056790351867675781e-04 -9.784102439880371094e-05 -1.164078712463378906e-04 -1.108348369598388672e-04
1.438288594303198664e+00 -1.797080039978027344e-05 -2.026557922363281250e-05 -8.434057235717773438e-06 -2.154707908630371094e-05 -1.686811447143554688e-05 -1.245737075805664062e-05 2.086162567138671875e-07 -1.683831214904785156e-05 -1.031160354614257812e-05 -1.892447471618652344e-05
1.444741356288586465e+00 6.359815597534179688e-05 5.319714546203613281e-05 6.926059722900390625e-05 6.350874900817871094e-05 6.562471389770507812e-05 6.884336471557617188e-05 7.155537605285644531e-05 6.574392318725585938e-05 7.122755050659179688e-05 7.379055023193359375e-05
1.451194118273974487e+00 -1.090764999389648438e-04 -8.958578109741210938e-05 -9.885430335998535156e-05 -1.096725463867187500e-04 -9.581446647644042969e-05 -1.028478145599365234e-04 -1.029372215270996094e-04 -1.108944416046142578e-04 -1.192092895507812500e-04 -1.026690006256103516e-04
1.457646880259362288e+00 1.144409179687500000e-04 1.126527786254882812e-04 1.165568828582763672e-04 1.149177551269531250e-04 1.031756401062011719e-04 1.272559165954589844e-04 1.045465469360351562e-04 1.049041748046875000e-04 1.005232334136962891e-04 9.992718696594238281e-05
1.464099642244750310e+00 -1.427531242370605469e-05 -1.260638236999511719e-05 -1.642107963562011719e-05 -2.056360244750976562e-05 -2.989172935485839844e-05 -2.169609069824218750e-05 -1.865625381469726562e-05 -2.616643905639648438e-05 -1.731514930725097656e-05 -1.758337020874023438e-05
1.470552404230138110e+00 -1.258254051208496094e-04 -1.260340213775634766e-04 -1.417994499206542969e-04 -1.319348812103271484e-04 -1.280605792999267578e-04 -1.417994499206542969e-04 -1.279115676879882812e-04 -1.464784145355224609e-04 -1.351535320281982422e-04 -1.346468925476074219e-04
1.477005166215525911e+00 1.531541347503662109e-04 1.489222049713134766e-04 1.465380191802978516e-04 1.497864723205566406e-04 1.429617404937744141e-04 1.501441001892089844e-04 1.391470432281494141e-04 1.551806926727294922e-04 1.462697982788085938e-04 1.445114612579345703e-04
1.483457928200913933e+00 -9.375810623168945312e-05 -8.597970008850097656e-05 -8.839368820190429688e-05 -8.264183998107910156e-05 -8.732080459594726562e-05 -8.484721183776855469e-05 -7.191300392150878906e-05 -8.016824722290039062e-05 -8.714199066162109375e-05 -7.784366607666015625e-05
1.489910690186301734e+00 -8.508563041687011719e-05 -8.180737495422363281e-05 -7.596611976623535156e-05 -8.091330528259277344e-05 -8.755922317504882812e-05 -7.167458534240722656e-05 -8.055567741394042969e-05 -8.693337440490722656e-05 -8.711218833923339844e-05 -8.895993232727050781e-05
1.496363452171689756e+00 2.122521400451660156e-04 2.237558364868164062e-04 2.289414405822753906e-04 2.181828022003173828e-04 2.304911613464355469e-04 2.261102199554443359e-04 2.271234989166259766e-04 2.270936965942382812e-04 2.192854881286621094e-04 2.279281616210937500e-04
1.502816214157077557e+00 -2.101659774780273438e-04 -2.112686634063720703e-04 -1.960694789886474609e-04 -2.041459083557128906e-04 -2.120733261108398438e-04 -1.953542232513427734e-04 -2.052783966064453125e-04 -1.897811889648437500e-04 -2.087354660034179688e-04 -1.944899559020996094e-04
1.509268976142465579e+00 2.241134643554687500e-05 1.674890518188476562e-05 2.929568290710449219e-05 1.397728919982910156e-05 3.170967102050781250e-05 2.190470695495605469e-05 1.570582389831542969e-05 1.549720764160156250e-05 2.035498619079589844e-05 4.649162292480468750e-06
1.515721738127853380e+00 2.037882804870605469e-04 1.988410949707031250e-04 2.012848854064941406e-04 2.089142799377441406e-04 1.887083053588867188e-04 1.933872699737548828e-04 1.866519451141357422e-04 1.828968524932861328e-04 1.987516880035400391e-04 2.047121524810791016e-04
1.522174500113241402e+00 -2.941787242889404297e-04 -2.948939800262451172e-04 -3.150999546051025391e-04 -3.048479557037353516e-04 -3.012716770172119141e-04 -2.957284450531005859e-04 -3.060996532440185547e-04 -3.098249435424804688e-04 -3.028512001037597656e-04 -3.124475479125976562e-04
1.528627262098629203e+00 2.042055130004882812e-04 1.984238624572753906e-04 2.039074897766113281e-04 1.940429210662841797e-04 2.038776874542236328e-04 2.025663852691650391e-04 2.018213272094726562e-04 2.078115940093994141e-04 2.040266990661621094e-04 2.016723155975341797e-04
1.535080024084017225e+00 1.111626625061035156e-05 1.710653305053710938e-05 1.367926597595214844e-05 1.230835914611816406e-05 6.526708602905273438e-06 1.043081283569335938e-05 1.376867294311523438e-05 8.642673492431640625e-06 4.678964614868164062e-06 -6.556510925292968750e-07
1.541532786069405025e+00 -2.294182777404785156e-04 -2.474486827850341797e-04 -2.416968345642089844e-04 -2.332925796508789062e-04 -2.352893352508544922e-04 -2.302527427673339844e-04 -2.396404743194580078e-04 -2.410411834716796875e-04 -2.280473709106445312e-04 -2.309679985046386719e-04
1.547985548054793048e+00 3.812015056610107422e-04 3.846585750579833984e-04 3.805756568908691406e-04 3.785192966461181641e-04 3.706514835357666016e-04 3.805458545684814453e-04 3.933608531951904297e-04 3.841221332550048828e-04 3.876686096191406250e-04 3.924965858459472656e-04
1.554438310040180848e+00 -2.053380012512207031e-04 -2.117753028869628906e-04 -2.010166645050048828e-04 -1.979470252990722656e-04 -2.008378505706787109e-04 -2.053081989288330078e-04 -2.029240131378173828e-04 -2.012252807617187500e-04 -1.985132694244384766e-04 -1.988708972930908203e-04
1.560891072025568649e+00 -5.120038986206054688e-05 -5.075335502624511719e-05 -4.354119300842285156e-05 -4.848837852478027344e-05 -6.076693534851074219e-05 -4.518032073974609375e-05 -5.233287811279296875e-05 -5.105137825012207031e-05 -5.108118057250976562e-05 -5.704164505004882812e-05
1.567343834010956671e+00 3.423094749450683594e-04 3.383755683898925781e-04 3.437101840972900391e-04 3.410577774047851562e-04 3.307461738586425781e-04 3.233551979064941406e-04 3.385245800018310547e-04 3.389120101928710938e-04 3.316998481750488281e-04 3.494918346405029297e-04
1.573796595996344472e+00 -3.789663314819335938e-04 -3.833770751953125000e-04 -3.800392150878906250e-04 -3.853440284729003906e-04 -3.858804702758789062e-04 -3.831684589385986328e-04 -3.842413425445556641e-04 -3.814697265625000000e-04 -3.893375396728515625e-04 -3.727972507476806641e-04
1.580249357981732494e+00 1.801848411560058594e-04 1.831650733947753906e-04 1.946687698364257812e-04 1.776814460754394531e-04 1.825988292694091797e-04 1.933574676513671875e-04 1.830756664276123047e-04 1.922249794006347656e-04 1.920163631439208984e-04 1.797080039978027344e-04
1.586702119967120295e+00 1.511573791503906250e-04 1.540482044219970703e-04 1.463592052459716797e-04 1.341402530670166016e-04 1.332163810729980469e-04 1.393556594848632812e-04 1.453757286071777344e-04 1.439750194549560547e-04 1.372694969177246094e-04 1.356303691864013672e-04
1.593154881952508317e+00 -3.357231616973876953e-04 -3.224611282348632812e-04 -3.395676612854003906e-04 -3.422200679779052734e-04 -3.264546394348144531e-04 -3.318786621093750000e-04 -3.314018249511718750e-04 -3.353059291839599609e-04 -3.223419189453125000e-04 -3.296732902526855469e-04
1.599607643937896118e+00 3.437697887420654297e-04 3.454089164733886719e-04 3.548860549926757812e-04 3.489553928375244141e-04 3.535151481628417969e-04 3.564059734344482422e-04 3.426671028137207031e-04 3.589093685150146484e-04 3.452301025390625000e-04 3.522932529449462891e-04
1.606060405923284140e+00 -7.104873657226562500e-05 -6.049871444702148438e-05 -6.389617919921875000e-05 -7.355213165283203125e-05 -6.613135337829589844e-05 -6.973743438720703125e-05 -6.642937660217285156e-05 -6.711483001708984375e-05 -6.920099258422851562e-05 -7.155537605285644531e-05
1.612513167908671941e+00 -1.982450485229492188e-04 -1.972615718841552734e-04 -2.119541168212890625e-04 -1.989305019378662109e-04 -1.978278160095214844e-04 -1.890659332275390625e-04 -2.023875713348388672e-04 -1.915395259857177734e-04 -2.026557922363281250e-04 -1.916587352752685547e-04
1.618965929894059963e+00 3.204345703125000000e-04 3.295242786407470703e-04 3.150999546051025391e-04 3.279447555541992188e-04 3.245770931243896484e-04 3.247261047363281250e-04 3.035366535186767578e-04 3.119409084320068359e-04 3.144443035125732422e-04 3.225207328796386719e-04
1.625418691879447763e+00 -2.190470695495605469e-04 -2.161264419555664062e-04 -2.023875713348388672e-04 -2.211034297943115234e-04 -2.200901508331298828e-04 -2.154111862182617188e-04 -2.121031284332275391e-04 -2.190172672271728516e-04 -2.088844776153564453e-04 -2.161860466003417969e-04
1.631871453864835786e+00 -2.908706665039062500e-05 -3.758072853088378906e-05 -3.108382225036621094e-05 -2.896785736083984375e-05 -2.357363700866699219e-05 -2.855062484741210938e-05 -2.413988113403320312e-05 -3.570318222045898438e-05 -3.039836883544921875e-05 -3.781914710998535156e-05
1.638324215850223586e+00 2.113878726959228516e-04 2.188384532928466797e-04 2.195537090301513672e-04 2.043247222900390625e-04 2.103447914123535156e-04 2.145469188690185547e-04 2.122819423675537109e-04 2.160370349884033203e-04 2.024471759796142578e-04 2.080202102661132812e-04
1.644776977835611609e+00 -2.281963825225830078e-04 -2.256631851196289062e-04 -2.249777317047119141e-04 -2.213418483734130859e-04 -2.281963825225830078e-04 -2.338588237762451172e-04 -2.200305461883544922e-04 -2.119839191436767578e-04 -2.174377441406250000e-04 -2.306103706359863281e-04
1.651229739820999409e+00 8.317828178405761719e-05 9.444355964660644531e-05 8.353590965270996094e-05 1.032054424285888672e-04 9.223818778991699219e-05 9.399652481079101562e-05 9.295344352722167969e-05 9.730458259582519531e-05 9.450316429138183594e-05 9.730458259582519531e-05
1.657682501806387210e+00 1.078546047210693359e-04 1.248717308044433594e-04 1.186728477478027344e-04 1.290738582611083984e-04 1.080036163330078125e-04 1.204907894134521484e-04 1.167356967926025391e-04 1.096129417419433594e-04 1.215636730194091797e-04 1.201331615447998047e-04
1.664135263791775232e+00 -1.856088638305664062e-04 -1.766979694366455078e-04 -1.774132251739501953e-04 -1.698136329650878906e-04 -1.826286315917968750e-04 -1.814365386962890625e-04 -1.792311668395996094e-04 -1.698434352874755859e-04 -1.628994941711425781e-04 -1.726150512695312500e-04
1.670588025777163033e+00 7.936358451843261719e-05 8.034706115722656250e-05 6.303191184997558594e-05 8.127093315124511719e-05 6.788969039916992188e-05 7.632374763488769531e-05 8.526444435119628906e-05 7.960200309753417969e-05 6.961822509765625000e-05 7.778406143188476562e-05
1.677040787762551055e+00 -2.560019493103027344e-05 -3.841519355773925781e-05 -3.463029861450195312e-05 -3.260374069213867188e-05 -2.947449684143066406e-05 -2.372264862060546875e-05 -3.030896186828613281e-05 -2.750754356384277344e-05 -3.951787948608398438e-05 -2.229213714599609375e-05
1.683493549747938856e+00 -1.282989978790283203e-04 -1.262128353118896484e-04 -1.229047775268554688e-04 -1.284182071685791016e-04 -1.426041126251220703e-04 -1.215338706970214844e-04 -1.296699047088623047e-04 -1.325607299804687500e-04 -1.261532306671142578e-04 -1.254975795745849609e-04
1.689946311733326878e+00 2.706050872802734375e-04 2.669692039489746094e-04 2.544224262237548828e-04 2.574622631072998047e-04 2.684593200683593750e-04 2.728402614593505859e-04 2.676546573638916016e-04 2.703666687011718750e-04 2.616643905639648438e-04 2.665519714355468750e-04
1.696399073718714678e+00 -5.659461021423339844e-05 -6.172060966491699219e-05 -5.289912223815917969e-05 -5.003809928894042969e-05 -4.932284355163574219e-05 -5.733966827392578125e-05 -4.845857620239257812e-05 -5.406141281127929688e-05 -5.707144737243652344e-05 -5.865097045898437500e-05
1.702851835704102701e+00 -1.292824745178222656e-04 -1.264512538909912109e-04 -1.172721385955810547e-04 -1.155734062194824219e-04 -1.218020915985107422e-04 -1.278221607208251953e-04 -1.145005226135253906e-04 -1.153349876403808594e-04 -1.234114170074462891e-04 -1.250803470611572266e-04
1.709304597689490501e+00 1.228153705596923828e-04 1.123845577239990234e-04 1.215040683746337891e-04 1.184046268463134766e-04 1.151561737060546875e-04 1.182854175567626953e-04 1.217126846313476562e-04 1.253187656402587891e-04 1.171231269836425781e-04 1.063942909240722656e-04
1.715757359674878524e+00 -8.159875869750976562e-05 -7.346272468566894531e-05 -6.902217864990234375e-05 -7.435679435729980469e-05 -7.119774818420410156e-05 -8.234381675720214844e-05 -7.933378219604492188e-05 -7.924437522888183594e-05 -7.927417755126953125e-05 -8.141994476318359375e-05
1.722210121660266324e+00 -6.616115570068359375e-06 -9.745359420776367188e-06 -7.957220077514648438e-06 -1.767277717590332031e-05 -8.821487426757812500e-06 -3.278255462646484375e-06 -1.490116119384765625e-05 -9.834766387939453125e-07 -5.662441253662109375e-07 -6.556510925292968750e-06
1.728662883645654347e+00 6.562471389770507812e-05 6.964802742004394531e-05 7.072091102600097656e-05 7.247924804687500000e-05 6.440281867980957031e-05 6.124377250671386719e-05 6.994605064392089844e-05 5.820393562316894531e-05 7.134675979614257812e-05 6.502866744995117188e-05
1.735115645631042147e+00 -2.497434616088867188e-05 -2.834200859069824219e-05 -2.974271774291992188e-05 -2.360343933105468750e-05 -2.866983413696289062e-05 -3.021955490112304688e-05 -3.653764724731445312e-05 -3.451108932495117188e-05 -3.799796104431152344e-05 -2.679228782653808594e-05
1.741568407616429948e+00 1.147389411926269531e-05 1.555681228637695312e-05 1.022219657897949219e-05 1.296401023864746094e-05 2.303719520568847656e-05 1.129508018493652344e-05 2.142786979675292969e-05 1.135468482971191406e-05 1.403689384460449219e-05 7.450580596923828125e-06
1.748021169601817970e+00 5.030632019042968750e-05 5.510449409484863281e-05 5.689263343811035156e-05 5.519390106201171875e-05 5.149841308593750000e-05 5.838274955749511719e-05 6.216764450073242188e-05 5.429983139038085938e-05 5.131959915161132812e-05 4.649162292480468750e-05
1.754473931587205771e+00 4.124641418457031250e-05 4.211068153381347656e-05 5.409121513366699219e-05 3.850460052490234375e-05 5.418062210083007812e-05 5.018711090087890625e-05 5.713105201721191406e-05 5.128979682922363281e-05 5.683302879333496094e-05 4.723668098449707031e-05
1.760926693572593793e+00 2.861022949218750000e-06 -4.678964614868164062e-06 -1.996755599975585938e-06 -2.533197402954101562e-06 2.384185791015625000e-06 -1.484155654907226562e-05 -1.430511474609375000e-06 -1.192092895507812500e-07 -1.206994056701660156e-05 -1.612305641174316406e-05
1.767379455557981593e+00 8.592009544372558594e-05 8.311867713928222656e-05 8.332729339599609375e-05 8.156895637512207031e-05 7.697939872741699219e-05 8.240342140197753906e-05 8.082389831542968750e-05 7.364153861999511719e-05 7.903575897216796875e-05 8.916854858398437500e-05
1.773832217543369616e+00 3.349781036376953125e-05 2.795457839965820312e-05 3.173947334289550781e-05 3.412365913391113281e-05 3.686547279357910156e-05 3.907084465026855469e-05 2.956390380859375000e-05 4.136562347412109375e-05 2.887845039367675781e-05 3.302097320556640625e-05
1.780284979528757416e+00 -4.440546035766601562e-05 -4.515051841735839844e-05 -4.729628562927246094e-05 -3.951787948608398438e-05 -4.628300666809082031e-05 -4.786252975463867188e-05 -5.051493644714355469e-05 -4.944205284118652344e-05 -4.616379737854003906e-05 -5.429983139038085938e-05
1.786737741514145439e+00 -3.576278686523437500e-05 -3.919005393981933594e-05 -2.029538154602050781e-05 -4.237890243530273438e-05 -3.299117088317871094e-05 -4.127621650695800781e-05 -4.321336746215820312e-05 -3.129243850708007812e-05 -4.255771636962890625e-05 -3.007054328918457031e-05
1.793190503499533239e+00 2.238154411315917969e-05 8.970499038696289062e-06 1.779198646545410156e-05 2.101063728332519531e-05 2.375245094299316406e-05 1.895427703857421875e-05 3.105401992797851562e-05 1.826882362365722656e-05 2.169609069824218750e-05 2.357363700866699219e-05
1.799643265484921262e+00 5.453824996948242188e-05 5.590915679931640625e-05 5.292892456054687500e-05 6.005167961120605469e-05 5.623698234558105469e-05 6.294250488281250000e-05 5.745887756347656250e-05 6.204843521118164062e-05 6.330013275146484375e-05 5.030632019042968750e-05
1.806096027470309062e+00 7.173418998718261719e-05 7.659196853637695312e-05 7.671117782592773438e-05 7.006525993347167969e-05 7.537007331848144531e-05 6.690621376037597656e-05 6.413459777832031250e-05 7.402896881103515625e-05 7.784366607666015625e-05 6.929039955139160156e-05
1.812548789455697085e+00 -4.798173904418945312e-06 2.175569534301757812e-06 1.138448715209960938e-05 2.503395080566406250e-06 1.761317253112792969e-05 9.864568710327148438e-06 2.512335777282714844e-05 8.851289749145507812e-06 7.510185241699218750e-06 6.496906280517578125e-06
1.819001551441084885e+00 -3.501772880554199219e-05 -3.147125244140625000e-05 -4.169344902038574219e-05 -2.321600914001464844e-05 -4.228949546813964844e-05 -3.191828727722167969e-05 -3.769993782043457031e-05 -2.661347389221191406e-05 -3.898143768310546875e-05 -4.068017005920410156e-05
1.825454313426472908e+00 7.003545761108398438e-06 2.354383468627929688e-05 3.126263618469238281e-05 1.990795135498046875e-05 1.710653305053710938e-05 2.539157867431640625e-05 1.555681228637695312e-05 2.709031105041503906e-05 3.427267074584960938e-05 1.835823059082031250e-05
1.831907075411860708e+00 -4.369020462036132812e-05 -4.574656486511230469e-05 -4.965066909790039062e-05 -4.622340202331542969e-05 -5.322694778442382812e-05 -4.976987838745117188e-05 -4.816055297851562500e-05 -3.674626350402832031e-05 -3.975629806518554688e-05 -3.528594970703125000e-05
1.838359837397248508e+00 -1.686811447143554688e-05 -2.121925354003906250e-05 -2.124905586242675781e-05 -2.390146255493164062e-05 -2.425909042358398438e-05 -3.445148468017578125e-05 -2.673268318176269531e-05 -2.121925354003906250e-05 -1.564621925354003906e-05 -2.476572990417480469e-05
1.844812599382636531e+00 6.124377250671386719e-05 6.297230720520019531e-05 6.961822509765625000e-05 6.732344627380371094e-05 6.547570228576660156e-05 5.650520324707031250e-05 7.101893424987792969e-05 6.309151649475097656e-05 6.055831909179687500e-05 7.259845733642578125e-05
1.851265361368024331e+00 -4.732608795166015625e-05 -5.599856376647949219e-05 -5.352497100830078125e-05 -6.267428398132324219e-05 -6.496906280517578125e-05 -5.939602851867675781e-05 -6.043910980224609375e-05 -6.893277168273925781e-05 -7.590651512145996094e-05 -7.081031799316406250e-05
1.857718123353412354e+00 -5.245208740234375000e-06 -1.212954521179199219e-05 -1.770257949829101562e-05 -1.394748687744140625e-05 -1.069903373718261719e-05 -2.133846282958984375e-05 -4.708766937255859375e-06 -6.973743438720703125e-06 8.046627044677734375e-07 -1.254677772521972656e-05
1.864170885338800154e+00 4.166364669799804688e-05 4.762411117553710938e-05 4.711747169494628906e-05 4.267692565917968750e-05 5.385279655456542969e-05 5.736947059631347656e-05 5.099177360534667969e-05 5.042552947998046875e-05 5.477666854858398438e-05 5.435943603515625000e-05
1.870623647324188177e+00 -6.264448165893554688e-05 -6.118416786193847656e-05 -6.434321403503417969e-05 -6.553530693054199219e-05 -7.033348083496093750e-05 -5.412101745605468750e-05 -6.949901580810546875e-05 -5.498528480529785156e-05 -6.818771362304687500e-05 -7.736682891845703125e-05
1.877076409309575977e+00 1.189112663269042969e-05 1.820921897888183594e-05 1.680850982666015625e-05 1.934170722961425781e-05 1.788139343261718750e-05 -3.427267074584960938e-06 9.775161743164062500e-06 1.820921897888183594e-05 1.317262649536132812e-05 1.809000968933105469e-05
1.883529171294964000e+00 1.537799835205078125e-05 5.543231964111328125e-06 2.351403236389160156e-05 6.288290023803710938e-06 2.905726432800292969e-05 1.284480094909667969e-05 1.844763755798339844e-05 7.450580596923828125e-06 7.688999176025390625e-06 1.099705696105957031e-05
1.889981933280351800e+00 -5.760788917541503906e-05 -5.623698234558105469e-05 -6.848573684692382812e-05 -6.723403930664062500e-05 -7.393956184387207031e-05 -5.999207496643066406e-05 -7.963180541992187500e-05 -7.668137550354003906e-05 -6.955862045288085938e-05 -6.392598152160644531e-05
1.896434695265739823e+00 2.077221870422363281e-05 1.826882362365722656e-05 2.431869506835937500e-05 2.959370613098144531e-05 2.002716064453125000e-05 2.279877662658691406e-05 1.704692840576171875e-05 1.481175422668457031e-05 2.631545066833496094e-05 3.522634506225585938e-05
1.902887457251127623e+00 3.844499588012695312e-05 3.755092620849609375e-05 2.276897430419921875e-05 3.817677497863769531e-05 3.814697265625000000e-05 2.604722976684570312e-05 2.995133399963378906e-05 2.726912498474121094e-05 3.701448440551757812e-05 2.750754356384277344e-05
1.909340219236515646e+00 -2.068281173706054688e-05 -3.743171691894531250e-05 -2.887845039367675781e-05 -2.434849739074707031e-05 -4.342198371887207031e-05 -2.008676528930664062e-05 -3.704428672790527344e-05 -3.761053085327148438e-05 -2.533197402954101562e-05 -3.403425216674804688e-05
1.915792981221903446e+00 3.749132156372070312e-05 2.840161323547363281e-05 3.501772880554199219e-05 2.399086952209472656e-05 3.319978713989257812e-05 3.954768180847167969e-05 3.790855407714843750e-05 3.355741500854492188e-05 4.076957702636718750e-05 3.892183303833007812e-05
1.922245743207291468e+00 -2.554059028625488281e-05 -1.943111419677734375e-05 -3.036856651306152344e-05 -3.191828727722167969e-05 -3.007054328918457031e-05 -4.264712333679199219e-05 -3.033876419067382812e-05 -3.609061241149902344e-05 -3.895163536071777344e-05 -2.059340476989746094e-05
1.928698505192679269e+00 1.847743988037109375e-06 1.573562622070312500e-05 5.662441253662109375e-07 1.755356788635253906e-05 4.559755325317382812e-06 4.976987838745117188e-06 3.546476364135742188e-06 -3.486871719360351562e-06 2.443790435791015625e-06 1.519918441772460938e-05
1.935151267178067069e+00 8.308887481689453125e-05 9.202957153320312500e-05 8.630752563476562500e-05 8.928775787353515625e-05 8.928775787353515625e-05 8.556246757507324219e-05 8.547306060791015625e-05 8.976459503173828125e-05 9.256601333618164062e-05 8.332729339599609375e-05
1.941604029163455092e+00 -3.868341445922851562e-05 -2.217292785644531250e-05 -3.945827484130859375e-05 -2.962350845336914062e-05 -2.795457839965820312e-05 -3.373622894287109375e-05 -4.315376281738281250e-05 -3.990530967712402344e-05 -4.827976226806640625e-05 -3.018975257873535156e-05
1.948056791148842892e+00 2.160668373107910156e-05 3.552436828613281250e-05 2.270936965942382812e-05 3.951787948608398438e-05 2.676248550415039062e-05 2.488493919372558594e-05 2.515316009521484375e-05 2.428889274597167969e-05 3.308057785034179688e-05 3.039836883544921875e-05
1.954509553134230915e+00 -2.440810203552246094e-05 -7.838010787963867188e-06 -1.847743988037109375e-05 -1.460313796997070312e-05 -2.467632293701171875e-05 -1.814961433410644531e-05 -4.440546035766601562e-06 -1.335144042968750000e-05 -7.063150405883789062e-06 -7.897615432739257812e-06
1.960962315119618715e+00 -5.334615707397460938e-06 -1.347064971923828125e-05 -4.023313522338867188e-06 -6.258487701416015625e-06 -2.980232238769531250e-06 1.415610313415527344e-05 -6.586313247680664062e-06 -5.334615707397460938e-06 5.275011062622070312e-06 -1.347064971923828125e-05
1.967415077105006738e+00 4.658102989196777344e-05 4.521012306213378906e-05 4.568696022033691406e-05 2.804398536682128906e-05 4.070997238159179688e-05 4.130601882934570312e-05 4.133582115173339844e-05 5.000829696655273438e-05 3.126263618469238281e-05 4.717707633972167969e-05
1.973867839090394538e+00 -2.923607826232910156e-05 -3.936886787414550781e-05 -2.938508987426757812e-05 -4.503130912780761719e-05 -1.025199890136718750e-05 -3.695487976074218750e-05 -1.317262649536132812e-05 -3.841519355773925781e-05 -1.955032348632812500e-05 -1.716613769531250000e-05
1.980320601075782561e+00 -5.841255187988281250e-06 -9.268522262573242188e-06 -1.448392868041992188e-05 -7.152557373046875000e-07 -8.195638656616210938e-06 -2.324581146240234375e-06 -5.304813385009765625e-06 5.543231964111328125e-06 4.678964614868164062e-06 -2.041459083557128906e-05
1.986773363061170361e+00 -4.798173904418945312e-05 -2.971291542053222656e-05 -2.422928810119628906e-05 -2.500414848327636719e-05 -2.950429916381835938e-05 -2.157688140869140625e-05 -2.223253250122070312e-05 -2.899765968322753906e-05 -3.919005393981933594e-05 -3.123283386230468750e-05
1.993226125046558384e+00 -2.384185791015625000e-07 -1.102685928344726562e-05 -2.980232238769531250e-07 1.734495162963867188e-05 1.174211502075195312e-05 1.129508018493652344e-05 -1.847743988037109375e-06 -5.960464477539062500e-08 1.308321952819824219e-05 5.960464477539062500e-08
1.999678887031946184e+00 1.124143600463867188e-04 1.239180564880371094e-04 1.245141029357910156e-04 1.212954521179199219e-04 1.231133937835693359e-04 1.217722892761230469e-04 1.242458820343017578e-04 1.192986965179443359e-04 1.088678836822509766e-04 1.118183135986328125e-04
2.006131649017333984e+00 -6.139278411865234375e-06 -1.460313796997070312e-05 -1.266598701477050781e-05 4.202127456665039062e-06 -5.960464477539062500e-08 -2.562999725341796875e-06 -8.285045623779296875e-06 -9.238719940185546875e-06 -3.516674041748046875e-06 -7.927417755126953125e-06
