#Range[m] 0 1 2 3 4 5 6 7 8 9
1.800000071525573730e-01 -7.110595703125000000e-03 -7.138282060623168945e-03 -7.133543491363525391e-03 -7.102340459823608398e-03 -7.076233625411987305e-03 -7.100611925125122070e-03 -7.108390331268310547e-03 -7.066786289215087891e-03 -7.120341062545776367e-03 -7.103562355041503906e-03
1.864527691379452845e-01 3.435343503952026367e-03 3.445833921432495117e-03 3.453314304351806641e-03 3.419667482376098633e-03 3.387600183486938477e-03 3.406643867492675781e-03 3.418236970901489258e-03 3.437429666519165039e-03 3.413796424865722656e-03 3.450781106948852539e-03
1.929055311233331682e-01 3.194630146026611328e-03 3.169268369674682617e-03 3.162056207656860352e-03 3.175884485244750977e-03 3.206938505172729492e-03 3.216207027435302734e-03 3.199428319931030273e-03 3.165423870086669922e-03 3.185003995895385742e-03 3.181517124176025391e-03
1.993582931087210797e-01 -5.860269069671630859e-03 -5.855113267898559570e-03 -5.864918231964111328e-03 -5.866646766662597656e-03 -5.881339311599731445e-03 -5.868434906005859375e-03 -5.849182605743408203e-03 -5.842149257659912109e-03 -5.860209465026855469e-03 -5.868494510650634766e-03
2.058110550941089911e-01 3.991901874542236328e-03 4.016101360321044922e-03 4.020422697067260742e-03 4.019051790237426758e-03 3.979653120040893555e-03 3.999382257461547852e-03 3.982335329055786133e-03 3.996312618255615234e-03 3.984421491622924805e-03 3.997713327407836914e-03
2.122638170794968748e-01 5.304515361785888672e-04 5.041360855102539062e-04 5.125403404235839844e-04 5.185604095458984375e-04 5.584955215454101562e-04 5.543231964111328125e-04 5.119144916534423828e-04 5.012750625610351562e-04 5.210638046264648438e-04 5.009472370147705078e-04
2.187165790648847863e-01 -3.269225358963012695e-03 -3.275126218795776367e-03 -3.291279077529907227e-03 -3.326326608657836914e-03 -3.331780433654785156e-03 -3.313452005386352539e-03 -3.297537565231323242e-03 -3.289222717285156250e-03 -3.280967473983764648e-03 -3.302425146102905273e-03
2.251693410502726977e-01 3.607004880905151367e-03 3.607213497161865234e-03 3.616094589233398438e-03 3.646999597549438477e-03 3.635019063949584961e-03 3.633081912994384766e-03 3.614872694015502930e-03 3.622651100158691406e-03 3.618448972702026367e-03 3.625988960266113281e-03
2.316221030356606092e-01 -1.233637332916259766e-03 -1.213371753692626953e-03 -1.216292381286621094e-03 -1.204907894134521484e-03 -1.205056905746459961e-03 -1.191020011901855469e-03 -1.204520463943481445e-03 -1.214623451232910156e-03 -1.212835311889648438e-03 -1.221656799316406250e-03
2.380748650210485207e-01 -1.219928264617919922e-03 -1.215934753417968750e-03 -1.216441392898559570e-03 -1.250237226486206055e-03 -1.253515481948852539e-03 -1.263350248336791992e-03 -1.253545284271240234e-03 -1.237422227859497070e-03 -1.230567693710327148e-03 -1.236855983734130859e-03
2.445276270064364044e-01 1.287132501602172852e-03 1.284211874008178711e-03 1.298874616622924805e-03 1.298129558563232422e-03 1.297026872634887695e-03 1.282066106796264648e-03 1.292586326599121094e-03 1.296341419219970703e-03 1.287013292312622070e-03 1.290351152420043945e-03
2.509803889918242881e-01 -1.148283481597900391e-04 -1.118183135986328125e-04 -1.156926155090332031e-04 -9.700655937194824219e-05 -1.084208488464355469e-04 -9.325146675109863281e-05 -1.134276390075683594e-04 -1.273453235626220703e-04 -1.149773597717285156e-04 -9.500980377197265625e-05
2.574331509772121995e-01 -7.731616497039794922e-04 -7.897913455963134766e-04 -7.762908935546875000e-04 -7.830560207366943359e-04 -7.863342761993408203e-04 -7.741451263427734375e-04 -7.871985435485839844e-04 -7.844567298889160156e-04 -7.821917533874511719e-04 -7.777512073516845703e-04
2.638859129626001110e-01 3.113448619842529297e-04 2.961158752441406250e-04 3.022551536560058594e-04 2.810359001159667969e-04 2.880394458770751953e-04 2.765655517578125000e-04 2.858936786651611328e-04 3.089010715484619141e-04 3.104507923126220703e-04 2.931058406829833984e-04
2.703386749479880224e-01 6.419718265533447266e-04 6.547868251800537109e-04 6.517171859741210938e-04 6.739795207977294922e-04 6.803274154663085938e-04 6.712377071380615234e-04 6.637871265411376953e-04 6.543695926666259766e-04 6.518661975860595703e-04 6.612241268157958984e-04
2.767914369333759339e-01 -1.391828060150146484e-03 -1.389086246490478516e-03 -1.411765813827514648e-03 -1.398742198944091797e-03 -1.405119895935058594e-03 -1.383155584335327148e-03 -1.400142908096313477e-03 -1.399248838424682617e-03 -1.386910676956176758e-03 -1.403957605361938477e-03
2.832441989187638454e-01 6.942152976989746094e-04 6.979703903198242188e-04 7.076263427734375000e-04 6.730556488037109375e-04 6.754100322723388672e-04 6.608068943023681641e-04 6.826221942901611328e-04 6.834268569946289062e-04 6.924867630004882812e-04 6.682872772216796875e-04
2.896969609041517568e-01 8.234679698944091797e-04 8.338391780853271484e-04 8.231103420257568359e-04 8.440613746643066406e-04 8.490979671478271484e-04 8.364319801330566406e-04 8.539855480194091797e-04 8.430182933807373047e-04 8.155107498168945312e-04 8.476674556732177734e-04
2.961497228895396683e-01 -1.456648111343383789e-03 -1.460552215576171875e-03 -1.453131437301635742e-03 -1.440525054931640625e-03 -1.440495252609252930e-03 -1.423776149749755859e-03 -1.445591449737548828e-03 -1.445531845092773438e-03 -1.457601785659790039e-03 -1.450628042221069336e-03
3.026024848749275242e-01 9.617805480957031250e-04 9.517371654510498047e-04 9.506940841674804688e-04 9.248852729797363281e-04 9.177625179290771484e-04 9.283721446990966797e-04 9.418129920959472656e-04 9.436607360839843750e-04 9.597539901733398438e-04 9.493827819824218750e-04
3.090552468603154357e-01 6.048679351806640625e-04 6.037056446075439453e-04 5.994141101837158203e-04 6.151795387268066406e-04 6.384849548339843750e-04 6.123781204223632812e-04 6.243884563446044922e-04 6.134510040283203125e-04 6.017088890075683594e-04 6.198585033416748047e-04
3.155080088457033471e-01 -1.407653093338012695e-03 -1.388341188430786133e-03 -1.403421163558959961e-03 -1.366496086120605469e-03 -1.383185386657714844e-03 -1.386851072311401367e-03 -1.403748989105224609e-03 -1.387774944305419922e-03 -1.391083002090454102e-03 -1.382172107696533203e-03
3.219607708310912586e-01 1.145213842391967773e-03 1.151025295257568359e-03 1.149147748947143555e-03 1.101315021514892578e-03 1.112818717956542969e-03 1.115173101425170898e-03 1.127153635025024414e-03 1.128494739532470703e-03 1.142472028732299805e-03 1.111924648284912109e-03
3.284135328164791701e-01 1.735985279083251953e-04 1.594722270965576172e-04 1.688599586486816406e-04 1.707971096038818359e-04 1.729726791381835938e-04 1.860260963439941406e-04 1.686215400695800781e-04 1.757740974426269531e-04 1.658499240875244141e-04 1.691877841949462891e-04
3.348662948018670260e-01 -1.638144254684448242e-03 -1.635938882827758789e-03 -1.634597778320312500e-03 -1.623600721359252930e-03 -1.621961593627929688e-03 -1.640409231185913086e-03 -1.638859510421752930e-03 -1.618683338165283203e-03 -1.634985208511352539e-03 -1.619666814804077148e-03
3.413190567872549375e-01 1.683115959167480469e-03 1.678854227066040039e-03 1.679331064224243164e-03 1.674681901931762695e-03 1.677066087722778320e-03 1.669317483901977539e-03 1.670479774475097656e-03 1.668870449066162109e-03 1.664519309997558594e-03 1.676052808761596680e-03
3.477718187726428489e-01 -4.832148551940917969e-04 -4.921257495880126953e-04 -5.018115043640136719e-04 -4.870295524597167969e-04 -4.895925521850585938e-04 -4.852414131164550781e-04 -4.912018775939941406e-04 -4.816949367523193359e-04 -4.772841930389404297e-04 -4.880726337432861328e-04
3.542245807580307604e-01 -7.216632366180419922e-04 -7.165670394897460938e-04 -7.177591323852539062e-04 -7.137358188629150391e-04 -7.319450378417968750e-04 -7.221102714538574219e-04 -7.185637950897216797e-04 -7.129013538360595703e-04 -7.248818874359130859e-04 -7.235407829284667969e-04
3.606773427434186718e-01 1.374393701553344727e-03 1.373440027236938477e-03 1.384675502777099609e-03 1.397073268890380859e-03 1.396089792251586914e-03 1.389265060424804688e-03 1.380681991577148438e-03 1.375108957290649414e-03 1.391291618347167969e-03 1.388937234878540039e-03
3.671301047288065833e-01 -1.262098550796508789e-03 -1.265585422515869141e-03 -1.264780759811401367e-03 -1.271694898605346680e-03 -1.250714063644409180e-03 -1.258105039596557617e-03 -1.268357038497924805e-03 -1.252263784408569336e-03 -1.258015632629394531e-03 -1.270651817321777344e-03
3.735828667141944948e-01 2.394914627075195312e-04 2.346038818359375000e-04 2.333223819732666016e-04 2.221465110778808594e-04 2.343058586120605469e-04 2.213120460510253906e-04 2.284944057464599609e-04 2.313554286956787109e-04 2.309679985046386719e-04 2.425611019134521484e-04
3.800356286995824062e-01 9.095072746276855469e-04 8.991360664367675781e-04 9.151101112365722656e-04 9.466111660003662109e-04 9.342432022094726562e-04 9.299814701080322266e-04 9.223222732543945312e-04 8.966326713562011719e-04 9.022653102874755859e-04 9.189248085021972656e-04
3.864883906849703177e-01 -1.248031854629516602e-03 -1.261770725250244141e-03 -1.243561506271362305e-03 -1.264512538909912109e-03 -1.253485679626464844e-03 -1.245349645614624023e-03 -1.249313354492187500e-03 -1.244574785232543945e-03 -1.250147819519042969e-03 -1.257956027984619141e-03
3.929411526703582291e-01 5.865395069122314453e-04 5.790889263153076172e-04 5.874633789062500000e-04 5.612373352050781250e-04 5.726218223571777344e-04 5.663931369781494141e-04 5.737841129302978516e-04 5.741417407989501953e-04 5.842745304107666016e-04 5.830824375152587891e-04
3.993939146557460851e-01 2.022683620452880859e-04 2.047419548034667969e-04 2.023279666900634766e-04 2.111196517944335938e-04 2.212226390838623047e-04 2.195537090301513672e-04 2.194046974182128906e-04 2.030134201049804688e-04 2.126693725585937500e-04 2.088546752929687500e-04
4.058466766411339965e-01 -1.019001007080078125e-03 -1.009762287139892578e-03 -1.012504100799560547e-03 -1.019388437271118164e-03 -1.025497913360595703e-03 -1.012653112411499023e-03 -1.021981239318847656e-03 -1.023590564727783203e-03 -1.017719507217407227e-03 -1.018464565277099609e-03
4.122994386265219080e-01 8.987784385681152344e-04 8.992850780487060547e-04 9.074211120605468750e-04 8.930563926696777344e-04 8.741617202758789062e-04 8.836388587951660156e-04 8.963942527770996094e-04 8.928775787353515625e-04 8.979141712188720703e-04 8.978843688964843750e-04
4.187522006119098195e-01 5.504488945007324219e-05 5.820393562316894531e-05 4.115700721740722656e-05 7.221102714538574219e-05 7.468461990356445312e-05 6.410479545593261719e-05 6.198883056640625000e-05 6.097555160522460938e-05 5.072355270385742188e-05 5.495548248291015625e-05
4.252049625972976754e-01 -9.667873382568359375e-04 -9.691119194030761719e-04 -9.580850601196289062e-04 -9.413957595825195312e-04 -9.596049785614013672e-04 -9.503960609436035156e-04 -9.479224681854248047e-04 -9.531378746032714844e-04 -9.637475013732910156e-04 -9.594559669494628906e-04
4.316577245826856424e-01 7.498860359191894531e-04 7.398724555969238281e-04 7.506310939788818359e-04 7.354319095611572266e-04 7.384121417999267578e-04 7.339715957641601562e-04 7.399320602416992188e-04 7.407367229461669922e-04 7.479786872863769531e-04 7.424652576446533203e-04
4.381104865680734983e-01 -3.113150596618652344e-04 -3.111660480499267578e-04 -3.088116645812988281e-04 -3.064274787902832031e-04 -3.017783164978027344e-04 -2.924203872680664062e-04 -2.961158752441406250e-04 -2.903640270233154297e-04 -3.128349781036376953e-04 -3.100037574768066406e-04
4.445632485534614098e-01 -4.191100597381591797e-04 -4.144310951232910156e-04 -4.089176654815673828e-04 -3.997683525085449219e-04 -4.070103168487548828e-04 -4.148781299591064453e-04 -4.108846187591552734e-04 -4.088580608367919922e-04 -4.143118858337402344e-04 -4.147887229919433594e-04
4.510160105388493212e-01 9.693801403045654297e-04 9.640753269195556641e-04 9.722709655761718750e-04 9.550452232360839844e-04 9.582340717315673828e-04 9.632110595703125000e-04 9.646415710449218750e-04 9.478628635406494141e-04 9.673237800598144531e-04 9.656846523284912109e-04
4.574687725242372327e-01 -1.041978597640991211e-03 -1.035958528518676758e-03 -1.043885946273803711e-03 -1.045376062393188477e-03 -1.035213470458984375e-03 -1.040756702423095703e-03 -1.032322645187377930e-03 -1.039683818817138672e-03 -1.030415296554565430e-03 -1.035660505294799805e-03
4.639215345096251442e-01 -4.062056541442871094e-05 -3.007054328918457031e-05 -3.173947334289550781e-05 -3.337860107421875000e-05 -3.850460052490234375e-05 -4.956126213073730469e-05 -5.099177360534667969e-05 -2.840161323547363281e-05 -3.764033317565917969e-05 -2.610683441162109375e-05
4.703742964950130556e-01 7.203519344329833984e-04 7.247924804687500000e-04 7.179975509643554688e-04 7.337927818298339844e-04 7.398128509521484375e-04 7.318854331970214844e-04 7.451772689819335938e-04 7.295012474060058594e-04 7.321834564208984375e-04 7.279217243194580078e-04
4.768270584804009671e-01 -8.421540260314941406e-04 -8.545517921447753906e-04 -8.572041988372802734e-04 -8.583664894104003906e-04 -8.494555950164794922e-04 -8.586347103118896484e-04 -8.455812931060791016e-04 -8.731782436370849609e-04 -8.513331413269042969e-04 -8.563995361328125000e-04
4.832798204657888230e-01 5.032420158386230469e-04 5.165636539459228516e-04 5.133748054504394531e-04 5.110204219818115234e-04 5.057156085968017578e-04 5.052089691162109375e-04 5.120337009429931641e-04 5.082786083221435547e-04 5.089938640594482422e-04 5.180239677429199219e-04
4.897325824511767345e-01 1.793503761291503906e-04 1.887381076812744141e-04 1.864731311798095703e-04 1.983046531677246094e-04 2.051293849945068359e-04 2.019703388214111328e-04 1.910626888275146484e-04 1.925528049468994141e-04 1.729428768157958984e-04 1.691877841949462891e-04
4.961853444365646459e-01 -9.699761867523193359e-04 -9.655356407165527344e-04 -9.578168392181396484e-04 -9.697675704956054688e-04 -9.676218032836914062e-04 -9.727180004119873047e-04 -9.576380252838134766e-04 -9.612143039703369141e-04 -9.629428386688232422e-04 -9.603202342987060547e-04
5.026381064219525019e-01 7.232129573822021484e-04 7.194280624389648438e-04 7.099211215972900391e-04 7.016956806182861328e-04 7.136762142181396484e-04 7.077753543853759766e-04 7.221102714538574219e-04 7.158815860748291016e-04 7.102191448211669922e-04 7.149875164031982422e-04
5.090908684073405244e-01 5.194544792175292969e-05 3.871321678161621094e-05 3.948807716369628906e-05 4.762411117553710938e-05 5.137920379638671875e-05 5.638599395751953125e-05 4.228949546813964844e-05 4.059076309204101562e-05 4.252791404724121094e-05 5.081295967102050781e-05
5.155436303927283248e-01 -5.171895027160644531e-04 -5.176961421966552734e-04 -5.138516426086425781e-04 -5.275011062622070312e-04 -5.232989788055419922e-04 -5.298852920532226562e-04 -5.305707454681396484e-04 -5.222558975219726562e-04 -5.259811878204345703e-04 -5.272328853607177734e-04
5.219963923781163473e-01 6.439983844757080078e-04 6.340444087982177734e-04 6.326138973236083984e-04 6.385445594787597656e-04 6.302893161773681641e-04 6.251931190490722656e-04 6.341040134429931641e-04 6.133913993835449219e-04 6.364881992340087891e-04 6.293058395385742188e-04
5.284491543635041477e-01 -4.858076572418212891e-04 -4.850029945373535156e-04 -4.886984825134277344e-04 -4.753172397613525391e-04 -4.861950874328613281e-04 -4.747211933135986328e-04 -4.810392856597900391e-04 -4.792213439941406250e-04 -4.848241806030273438e-04 -4.841983318328857422e-04
5.349019163488920592e-01 -7.021427154541015625e-05 -6.079673767089843750e-05 -7.468461990356445312e-05 -8.997321128845214844e-05 -7.757544517517089844e-05 -7.551908493041992188e-05 -8.079409599304199219e-05 -7.501244544982910156e-05 -7.706880569458007812e-05 -8.293986320495605469e-05
5.413546783342799706e-01 6.468296051025390625e-04 6.313025951385498047e-04 6.386339664459228516e-04 6.445646286010742188e-04 6.382167339324951172e-04 6.450116634368896484e-04 6.394088268280029297e-04 6.327629089355468750e-04 6.429255008697509766e-04 6.451010704040527344e-04
5.478074403196678821e-01 -3.722012042999267578e-04 -3.789365291595458984e-04 -3.804862499237060547e-04 -3.750920295715332031e-04 -3.547072410583496094e-04 -3.703832626342773438e-04 -3.802180290222167969e-04 -3.734230995178222656e-04 -3.696680068969726562e-04 -3.796815872192382812e-04
5.542602023050557936e-01 -5.662441253662109375e-05 -5.543231964111328125e-05 -4.848837852478027344e-05 -6.026029586791992188e-05 -6.216764450073242188e-05 -6.321072578430175781e-05 -6.154179573059082031e-05 -6.440281867980957031e-05 -5.334615707397460938e-05 -5.763769149780273438e-05
5.607129642904437050e-01 2.268254756927490234e-04 2.361536026000976562e-04 2.336502075195312500e-04 2.381801605224609375e-04 2.337396144866943359e-04 2.393722534179687500e-04 2.376735210418701172e-04 2.399086952209472656e-04 2.442002296447753906e-04 2.386868000030517578e-04
5.671657262758316165e-01 -3.874301910400390625e-04 -3.857314586639404297e-04 -3.816485404968261719e-04 -3.941357135772705078e-04 -3.890991210937500000e-04 -3.879666328430175781e-04 -3.898739814758300781e-04 -3.751218318939208984e-04 -3.951787948608398438e-04 -3.814697265625000000e-04
5.736184882612194169e-01 3.277063369750976562e-04 3.281831741333007812e-04 3.386735916137695312e-04 3.410279750823974609e-04 3.243088722229003906e-04 3.310441970825195312e-04 3.292560577392578125e-04 3.331005573272705078e-04 3.358721733093261719e-04 3.296732902526855469e-04
5.800712502466074394e-01 1.952648162841796875e-04 1.855790615081787109e-04 1.879930496215820312e-04 1.986324787139892578e-04 2.000331878662109375e-04 2.032220363616943359e-04 1.963376998901367188e-04 1.886785030364990234e-04 1.883506774902343750e-04 1.963376998901367188e-04
5.865240122319952398e-01 -4.708468914031982422e-04 -4.813671112060546875e-04 -4.827678203582763672e-04 -4.775822162628173828e-04 -4.899799823760986328e-04 -4.793703556060791016e-04 -4.807412624359130859e-04 -4.723370075225830078e-04 -4.808902740478515625e-04 -4.856288433074951172e-04
5.929767742173832623e-01 1.722276210784912109e-04 1.804232597351074219e-04 1.796782016754150391e-04 1.802742481231689453e-04 1.758038997650146484e-04 1.804530620574951172e-04 1.764595508575439453e-04 1.705884933471679688e-04 1.807808876037597656e-04 1.825392246246337891e-04
5.994295362027710627e-01 7.432699203491210938e-05 6.896257400512695312e-05 5.903840065002441406e-05 8.061528205871582031e-05 7.653236389160156250e-05 8.216500282287597656e-05 7.361173629760742188e-05 8.049607276916503906e-05 6.961822509765625000e-05 7.811188697814941406e-05
6.058822981881590852e-01 -8.550286293029785156e-05 -7.963180541992187500e-05 -7.510185241699218750e-05 -8.702278137207031250e-05 -7.048249244689941406e-05 -7.399916648864746094e-05 -8.779764175415039062e-05 -9.006261825561523438e-05 -7.012486457824707031e-05 -7.465481758117675781e-05
6.123350601735468857e-01 2.277195453643798828e-04 2.333521842956542969e-04 2.254247665405273438e-04 2.375245094299316406e-04 2.304613590240478516e-04 2.367496490478515625e-04 2.281069755554199219e-04 2.322196960449218750e-04 2.418160438537597656e-04 2.350807189941406250e-04
6.187878221589347971e-01 -1.753568649291992188e-04 -1.728534698486328125e-04 -1.710057258605957031e-04 -1.614987850189208984e-04 -1.596808433532714844e-04 -1.689791679382324219e-04 -1.704990863800048828e-04 -1.669228076934814453e-04 -1.644492149353027344e-04 -1.647174358367919922e-04
6.252405841443227086e-01 -2.108812332153320312e-04 -2.053081989288330078e-04 -2.135336399078369141e-04 -2.294778823852539062e-04 -2.048909664154052734e-04 -2.140700817108154297e-04 -2.077221870422363281e-04 -2.024173736572265625e-04 -1.990199089050292969e-04 -2.090632915496826172e-04
6.316933461297106200e-01 1.767277717590332031e-04 1.787841320037841797e-04 1.804530620574951172e-04 1.826882362365722656e-04 1.790523529052734375e-04 1.658797264099121094e-04 1.772344112396240234e-04 1.769065856933593750e-04 1.707673072814941406e-04 1.750588417053222656e-04
6.381461081150985315e-01 1.190006732940673828e-04 1.235008239746093750e-04 1.089572906494140625e-04 1.124143600463867188e-04 1.171827316284179688e-04 1.214444637298583984e-04 1.198053359985351562e-04 1.223981380462646484e-04 1.235604286193847656e-04 1.205801963806152344e-04
6.445988701004864430e-01 -1.136660575866699219e-04 -1.091659069061279297e-04 -1.161694526672363281e-04 -1.216530799865722656e-04 -1.058280467987060547e-04 -1.107454299926757812e-04 -1.108050346374511719e-04 -1.200735569000244141e-04 -1.181662082672119141e-04 -1.236498355865478516e-04
6.510516320858743544e-01 -4.428625106811523438e-05 -4.640221595764160156e-05 -4.753470420837402344e-05 -4.670023918151855469e-05 -3.749132156372070312e-05 -5.298852920532226562e-05 -4.425644874572753906e-05 -4.240870475769042969e-05 -4.291534423828125000e-05 -4.035234451293945312e-05
6.575043940712622659e-01 -1.257658004760742188e-05 -1.394748687744140625e-05 -1.135468482971191406e-05 -1.579523086547851562e-06 -1.668930053710937500e-06 -1.823902130126953125e-05 -1.332163810729980469e-05 -1.510977745056152344e-05 -2.554059028625488281e-05 -1.767277717590332031e-05
6.639571560566501773e-01 -8.681416511535644531e-05 -7.697939872741699219e-05 -8.982419967651367188e-05 -7.593631744384765625e-05 -8.511543273925781250e-05 -9.107589721679687500e-05 -7.644295692443847656e-05 -7.766485214233398438e-05 -7.286667823791503906e-05 -8.827447891235351562e-05
6.704099180420379778e-01 1.765191555023193359e-04 1.763999462127685547e-04 1.809298992156982422e-04 1.751482486724853516e-04 1.769065856933593750e-04 1.735687255859375000e-04 1.822412014007568359e-04 1.741647720336914062e-04 1.773238182067871094e-04 1.698136329650878906e-04
6.768626800274260003e-01 7.584691047668457031e-05 6.684660911560058594e-05 6.523728370666503906e-05 7.611513137817382812e-05 7.319450378417968750e-05 6.443262100219726562e-05 6.154179573059082031e-05 7.221102714538574219e-05 6.407499313354492188e-05 6.288290023803710938e-05
6.833154420128139117e-01 -2.041757106781005859e-04 -1.987218856811523438e-04 -2.032816410064697266e-04 -1.907646656036376953e-04 -2.091228961944580078e-04 -1.926124095916748047e-04 -1.990497112274169922e-04 -1.989603042602539062e-04 -2.086758613586425781e-04 -1.813173294067382812e-04
6.897682039982017121e-01 -5.570054054260253906e-05 -5.868077278137207031e-05 -5.310773849487304688e-05 -6.160140037536621094e-05 -6.687641143798828125e-05 -5.656480789184570312e-05 -5.340576171875000000e-05 -5.286931991577148438e-05 -5.519390106201171875e-05 -4.574656486511230469e-05
6.962209659835896236e-01 2.464652061462402344e-04 2.482831478118896484e-04 2.506077289581298828e-04 2.460181713104248047e-04 2.486407756805419922e-04 2.518296241760253906e-04 2.692937850952148438e-04 2.586543560028076172e-04 2.557933330535888672e-04 2.515614032745361328e-04
7.026737279689775351e-01 -4.085898399353027344e-05 -2.101063728332519531e-05 -3.516674041748046875e-05 -3.105401992797851562e-05 -2.551078796386718750e-05 -3.200769424438476562e-05 -2.732872962951660156e-05 -3.051757812500000000e-05 -1.990795135498046875e-05 -2.819299697875976562e-05
7.091264899543654465e-01 -2.134740352630615234e-04 -2.244710922241210938e-04 -2.163648605346679688e-04 -2.212822437286376953e-04 -2.215802669525146484e-04 -2.105832099914550781e-04 -2.194046974182128906e-04 -2.196729183197021484e-04 -2.176761627197265625e-04 -2.107918262481689453e-04
7.155792519397533580e-01 5.698502063751220703e-04 5.629360675811767578e-04 5.596578121185302734e-04 5.576014518737792969e-04 5.502998828887939453e-04 5.486607551574707031e-04 5.660653114318847656e-04 5.573034286499023438e-04 5.647540092468261719e-04 5.564987659454345703e-04
7.220320139251412694e-01 -6.164610385894775391e-04 -6.269216537475585938e-04 -6.273090839385986328e-04 -6.059110164642333984e-04 -6.067454814910888672e-04 -5.906224250793457031e-04 -6.113648414611816406e-04 -6.128847599029541016e-04 -6.175339221954345703e-04 -6.198287010192871094e-04
7.284847759105291809e-01 -8.761882781982421875e-06 -1.037120819091796875e-05 -1.105666160583496094e-05 -2.050399780273437500e-05 -1.510977745056152344e-05 -9.387731552124023438e-06 4.470348358154296875e-07 1.907348632812500000e-06 3.486871719360351562e-06 5.960464477539062500e-07
7.349375378959170924e-01 1.648217439651489258e-03 1.643389463424682617e-03 1.640349626541137695e-03 1.624941825866699219e-03 1.652330160140991211e-03 1.651048660278320312e-03 1.637190580368041992e-03 1.634746789932250977e-03 1.643896102905273438e-03 1.642853021621704102e-03
7.413902998813050038e-01 -2.006322145462036133e-03 -2.019375562667846680e-03 -2.029716968536376953e-03 -2.007722854614257812e-03 -2.010405063629150391e-03 -2.007961273193359375e-03 -1.997321844100952148e-03 -1.999288797378540039e-03 -2.010971307754516602e-03 -2.014964818954467773e-03
7.478430618666929153e-01 6.192326545715332031e-04 6.224513053894042969e-04 6.246268749237060547e-04 6.039142608642578125e-04 6.000697612762451172e-04 6.000101566314697266e-04 6.042718887329101562e-04 6.107985973358154297e-04 5.997419357299804688e-04 6.099045276641845703e-04
7.542958238520808267e-01 1.559376716613769531e-03 1.539677381515502930e-03 1.548051834106445312e-03 1.555263996124267578e-03 1.571744680404663086e-03 1.571804285049438477e-03 1.556009054183959961e-03 1.554876565933227539e-03 1.540184020996093750e-03 1.530557870864868164e-03
7.607485858374687382e-01 -3.903716802597045898e-03 -3.915101289749145508e-03 -3.916531801223754883e-03 -3.927916288375854492e-03 -3.926038742065429688e-03 -3.907859325408935547e-03 -3.917902708053588867e-03 -3.911375999450683594e-03 -3.922790288925170898e-03 -3.934800624847412109e-03
7.672013478228566496e-01 4.357963800430297852e-03 4.373610019683837891e-03 4.384607076644897461e-03 4.380881786346435547e-03 4.354625940322875977e-03 4.355788230895996094e-03 4.377573728561401367e-03 4.379719495773315430e-03 4.363447427749633789e-03 4.380345344543457031e-03
7.736541098082445611e-01 -3.274977207183837891e-04 -3.367066383361816406e-04 -3.111064434051513672e-04 -2.889037132263183594e-04 -2.788901329040527344e-04 -2.738535404205322266e-04 -3.083050251007080078e-04 -3.213286399841308594e-04 -3.184080123901367188e-04 -3.182590007781982422e-04
7.801068717936323615e-01 -4.349201917648315430e-03 -4.335641860961914062e-03 -4.319339990615844727e-03 -4.366993904113769531e-03 -4.342019557952880859e-03 -4.374921321868896484e-03 -4.378199577331542969e-03 -4.345089197158813477e-03 -4.336088895797729492e-03 -4.338443279266357422e-03
7.865596337790202730e-01 6.887078285217285156e-03 6.883889436721801758e-03 6.893903017044067383e-03 6.862729787826538086e-03 6.871044635772705078e-03 6.898313760757446289e-03 6.882518529891967773e-03 6.871789693832397461e-03 6.894975900650024414e-03 6.874144077301025391e-03
7.930123957644081845e-01 -4.241347312927246094e-03 -4.265964031219482422e-03 -4.276692867279052734e-03 -4.220187664031982422e-03 -4.225671291351318359e-03 -4.201978445053100586e-03 -4.241257905960083008e-03 -4.248768091201782227e-03 -4.261285066604614258e-03 -4.252016544342041016e-03
7.994651577497960959e-01 -2.500206232070922852e-03 -2.515137195587158203e-03 -2.505004405975341797e-03 -2.560287714004516602e-03 -2.597928047180175781e-03 -2.609968185424804688e-03 -2.546608448028564453e-03 -2.517998218536376953e-03 -2.476483583450317383e-03 -2.458631992340087891e-03
8.059179197351840074e-01 6.678581237792968750e-03 6.662279367446899414e-03 6.658673286437988281e-03 6.708949804306030273e-03 6.725251674652099609e-03 6.723076105117797852e-03 6.682544946670532227e-03 6.690889596939086914e-03 6.679266691207885742e-03 6.683856248855590820e-03
8.123706817205719188e-01 -8.780479431152343750e-03 -8.789330720901489258e-03 -8.795619010925292969e-03 -8.747160434722900391e-03 -8.726239204406738281e-03 -8.731514215469360352e-03 -8.743107318878173828e-03 -8.743613958358764648e-03 -8.777618408203125000e-03 -8.762359619140625000e-03
8.188234437059598303e-01 3.514051437377929688e-03 3.512412309646606445e-03 3.540188074111938477e-03 3.454327583312988281e-03 3.444314002990722656e-03 3.424435853958129883e-03 3.471076488494873047e-03 3.492981195449829102e-03 3.475278615951538086e-03 3.501147031784057617e-03
8.252762056913477418e-01 3.635346889495849609e-03 3.626644611358642578e-03 3.618568181991577148e-03 3.699868917465209961e-03 3.723263740539550781e-03 3.714293241500854492e-03 3.689289093017578125e-03 3.663241863250732422e-03 3.686964511871337891e-03 3.659546375274658203e-03
8.317289676767356532e-01 -9.637206792831420898e-03 -9.636372327804565430e-03 -9.627133607864379883e-03 -9.653478860855102539e-03 -9.650528430938720703e-03 -9.665131568908691406e-03 -9.646743535995483398e-03 -9.654283523559570312e-03 -9.640991687774658203e-03 -9.634643793106079102e-03
8.381817296621235647e-01 8.678376674652099609e-03 8.677750825881958008e-03 8.682847023010253906e-03 8.641988039016723633e-03 8.624017238616943359e-03 8.631497621536254883e-03 8.664488792419433594e-03 8.670419454574584961e-03 8.656531572341918945e-03 8.684545755386352539e-03
8.446344916475114761e-01 -3.030002117156982422e-03 -3.055095672607421875e-03 -3.082990646362304688e-03 -2.980470657348632812e-03 -2.942532300949096680e-03 -2.950817346572875977e-03 -3.014087677001953125e-03 -3.041386604309082031e-03 -3.030180931091308594e-03 -3.032326698303222656e-03
8.510872536328993876e-01 -5.702495574951171875e-03 -5.712598562240600586e-03 -5.702763795852661133e-03 -5.751579999923706055e-03 -5.778878927230834961e-03 -5.777895450592041016e-03 -5.722552537918090820e-03 -5.703389644622802734e-03 -5.710244178771972656e-03 -5.713313817977905273e-03
8.575400156182872990e-01 8.422195911407470703e-03 8.400857448577880859e-03 8.400708436965942383e-03 8.388340473175048828e-03 8.393943309783935547e-03 8.395045995712280273e-03 8.430004119873046875e-03 8.395552635192871094e-03 8.398145437240600586e-03 8.411854505538940430e-03
8.639927776036752105e-01 -5.225211381912231445e-03 -5.237996578216552734e-03 -5.232870578765869141e-03 -5.121707916259765625e-03 -5.148500204086303711e-03 -5.143851041793823242e-03 -5.207359790802001953e-03 -5.202382802963256836e-03 -5.196750164031982422e-03 -5.182653665542602539e-03
8.704455395890630109e-01 -2.133846282958984375e-03 -2.156525850296020508e-03 -2.124518156051635742e-03 -2.210587263107299805e-03 -2.209156751632690430e-03 -2.213776111602783203e-03 -2.183794975280761719e-03 -2.157449722290039062e-03 -2.158373594284057617e-03 -2.155303955078125000e-03
8.768983015744509224e-01 6.881445646286010742e-03 6.911784410476684570e-03 6.898313760757446289e-03 6.912797689437866211e-03 6.928980350494384766e-03 6.925433874130249023e-03 6.919205188751220703e-03 6.882011890411376953e-03 6.889969110488891602e-03 6.869852542877197266e-03
8.833510635598388339e-01 -5.862057209014892578e-03 -5.855679512023925781e-03 -5.869388580322265625e-03 -5.828619003295898438e-03 -5.812942981719970703e-03 -5.831867456436157227e-03 -5.843937397003173828e-03 -5.856573581695556641e-03 -5.852341651916503906e-03 -5.850464105606079102e-03
8.898038255452267453e-01 6.031394004821777344e-04 6.223917007446289062e-04 6.217062473297119141e-04 5.666613578796386719e-04 5.555152893066406250e-04 5.433261394500732422e-04 5.732774734497070312e-04 6.002485752105712891e-04 5.963146686553955078e-04 5.907714366912841797e-04
8.962565875306146568e-01 4.348814487457275391e-03 4.343122243881225586e-03 4.360318183898925781e-03 4.386514425277709961e-03 4.393309354782104492e-03 4.380792379379272461e-03 4.353165626525878906e-03 4.344791173934936523e-03 4.362791776657104492e-03 4.367500543594360352e-03
9.027093495160025682e-01 -5.792468786239624023e-03 -5.804091691970825195e-03 -5.809932947158813477e-03 -5.777835845947265625e-03 -5.801856517791748047e-03 -5.810081958770751953e-03 -5.788177251815795898e-03 -5.791544914245605469e-03 -5.807936191558837891e-03 -5.790501832962036133e-03
9.091621115013904797e-01 2.318054437637329102e-03 2.324610948562622070e-03 2.316266298294067383e-03 2.274364233016967773e-03 2.254277467727661133e-03 2.271026372909545898e-03 2.296775579452514648e-03 2.295434474945068359e-03 2.301514148712158203e-03 2.311795949935913086e-03
9.156148734867783912e-01 2.202808856964111328e-03 2.193927764892578125e-03 2.204269170761108398e-03 2.219051122665405273e-03 2.246260643005371094e-03 2.224415540695190430e-03 2.213835716247558594e-03 2.203017473220825195e-03 2.188146114349365234e-03 2.209573984146118164e-03
9.220676354721663026e-01 -4.430532455444335938e-03 -4.411667585372924805e-03 -4.431486129760742188e-03 -4.454433917999267578e-03 -4.447609186172485352e-03 -4.446417093276977539e-03 -4.422068595886230469e-03 -4.426896572113037109e-03 -4.429519176483154297e-03 -4.431664943695068359e-03
9.285203974575542141e-01 3.514051437377929688e-03 3.517240285873413086e-03 3.520429134368896484e-03 3.502279520034790039e-03 3.482609987258911133e-03 3.481894731521606445e-03 3.499448299407958984e-03 3.503173589706420898e-03 3.513097763061523438e-03 3.520607948303222656e-03
9.349731594429421255e-01 2.995133399963378906e-04 2.829730510711669922e-04 2.650618553161621094e-04 3.287494182586669922e-04 3.225505352020263672e-04 3.377497196197509766e-04 2.972185611724853516e-04 3.086626529693603516e-04 2.996623516082763672e-04 3.108382225036621094e-04
9.414259214283300370e-01 -2.989828586578369141e-03 -2.991616725921630859e-03 -2.986729145050048828e-03 -3.006458282470703125e-03 -3.023594617843627930e-03 -3.025293350219726562e-03 -2.994209527969360352e-03 -2.996444702148437500e-03 -3.011792898178100586e-03 -3.005176782608032227e-03
9.478786834137179484e-01 3.681570291519165039e-03 3.689914941787719727e-03 3.693759441375732422e-03 3.678500652313232422e-03 3.678321838378906250e-03 3.691494464874267578e-03 3.689259290695190430e-03 3.683596849441528320e-03 3.697663545608520508e-03 3.679215908050537109e-03
9.543314453991058599e-01 -1.278012990951538086e-03 -1.286298036575317383e-03 -1.292794942855834961e-03 -1.257300376892089844e-03 -1.247942447662353516e-03 -1.246422529220581055e-03 -1.276791095733642578e-03 -1.268804073333740234e-03 -1.294612884521484375e-03 -1.293540000915527344e-03
9.607842073844936603e-01 -1.184433698654174805e-03 -1.188308000564575195e-03 -1.172065734863281250e-03 -1.203328371047973633e-03 -1.215070486068725586e-03 -1.220017671585083008e-03 -1.199632883071899414e-03 -1.184344291687011719e-03 -1.188576221466064453e-03 -1.186817884445190430e-03
9.672369693698815718e-01 2.685934305191040039e-03 2.680093050003051758e-03 2.671271562576293945e-03 2.675175666809082031e-03 2.691656351089477539e-03 2.678155899047851562e-03 2.682864665985107422e-03 2.687662839889526367e-03 2.686202526092529297e-03 2.681106328964233398e-03
9.736897313552694833e-01 -1.782685518264770508e-03 -1.778930425643920898e-03 -1.796334981918334961e-03 -1.772344112396240234e-03 -1.789808273315429688e-03 -1.765966415405273438e-03 -1.774132251739501953e-03 -1.758754253387451172e-03 -1.779347658157348633e-03 -1.779735088348388672e-03
9.801424933406573947e-01 1.521706581115722656e-04 1.656711101531982422e-04 1.719892024993896484e-04 1.426935195922851562e-04 1.359283924102783203e-04 1.302063465118408203e-04 1.483559608459472656e-04 1.530349254608154297e-04 1.503527164459228516e-04 1.365542411804199219e-04
9.865952553260453062e-01 1.399695873260498047e-03 1.383155584335327148e-03 1.380413770675659180e-03 1.394897699356079102e-03 1.404345035552978516e-03 1.413285732269287109e-03 1.401662826538085938e-03 1.396894454956054688e-03 1.409739255905151367e-03 1.405358314514160156e-03
9.930480173114332176e-01 -1.613795757293701172e-03 -1.613110303878784180e-03 -1.602441072463989258e-03 -1.609474420547485352e-03 -1.629859209060668945e-03 -1.594245433807373047e-03 -1.619964838027954102e-03 -1.607865095138549805e-03 -1.604974269866943359e-03 -1.628458499908447266e-03
9.995007792968211291e-01 6.418228149414062500e-04 6.450414657592773438e-04 6.381571292877197266e-04 6.387233734130859375e-04 6.414353847503662109e-04 6.307065486907958984e-04 6.302595138549804688e-04 6.535649299621582031e-04 6.349682807922363281e-04 6.404519081115722656e-04
1.005953541282209152e+00 5.674064159393310547e-04 5.612969398498535156e-04 5.527138710021972656e-04 5.698204040527343750e-04 5.677640438079833984e-04 5.659162998199462891e-04 5.718171596527099609e-04 5.698204040527343750e-04 5.606114864349365234e-04 5.646049976348876953e-04
1.012406303267596952e+00 -7.373094558715820312e-04 -7.424354553222656250e-04 -7.418096065521240234e-04 -7.518529891967773438e-04 -7.519423961639404297e-04 -7.466077804565429688e-04 -7.484555244445800781e-04 -7.536113262176513672e-04 -7.364153861999511719e-04 -7.489323616027832031e-04
1.018859065252984752e+00 2.911984920501708984e-04 2.899467945098876953e-04 2.880692481994628906e-04 2.823472023010253906e-04 2.865195274353027344e-04 2.817511558532714844e-04 2.902150154113769531e-04 3.057718276977539062e-04 2.948045730590820312e-04 2.860128879547119141e-04
1.025311827238372775e+00 5.058348178863525391e-04 5.050599575042724609e-04 5.100965499877929688e-04 5.167424678802490234e-04 5.050301551818847656e-04 5.135536193847656250e-04 5.027949810028076172e-04 5.120635032653808594e-04 5.027651786804199219e-04 4.992485046386718750e-04
1.031764589223760797e+00 -6.576180458068847656e-04 -6.589293479919433594e-04 -6.488859653472900391e-04 -6.493330001831054688e-04 -6.591677665710449219e-04 -6.515681743621826172e-04 -6.681680679321289062e-04 -6.622672080993652344e-04 -6.586909294128417969e-04 -6.617009639739990234e-04
1.038217351209148598e+00 3.466010093688964844e-04 3.492832183837890625e-04 3.489851951599121094e-04 3.280341625213623047e-04 3.454685211181640625e-04 3.481805324554443359e-04 3.459751605987548828e-04 3.487169742584228516e-04 3.555119037628173828e-04 3.466308116912841797e-04
1.044670113194536398e+00 5.420744419097900391e-04 5.376935005187988281e-04 5.404949188232421875e-04 5.481243133544921875e-04 5.553960800170898438e-04 5.589127540588378906e-04 5.346834659576416016e-04 5.550086498260498047e-04 5.434453487396240234e-04 5.406737327575683594e-04
1.051122875179924421e+00 -9.441077709197998047e-04 -9.388029575347900391e-04 -9.420514106750488281e-04 -9.398460388183593750e-04 -9.536147117614746094e-04 -9.465217590332031250e-04 -9.477734565734863281e-04 -9.421408176422119141e-04 -9.443461894989013672e-04 -9.403228759765625000e-04
1.057575637165312221e+00 5.325675010681152344e-04 5.203485488891601562e-04 5.336999893188476562e-04 5.251467227935791016e-04 5.415081977844238281e-04 5.227029323577880859e-04 5.269348621368408203e-04 5.154907703399658203e-04 5.316436290740966797e-04 5.342662334442138672e-04
1.064028399150700022e+00 3.646016120910644531e-04 3.568232059478759766e-04 3.654658794403076172e-04 3.667473793029785156e-04 3.667771816253662109e-04 3.691911697387695312e-04 3.595650196075439453e-04 3.579556941986083984e-04 3.505647182464599609e-04 3.605782985687255859e-04
1.070481161136088044e+00 -7.301867008209228516e-04 -7.325112819671630859e-04 -7.356405258178710938e-04 -7.250308990478515625e-04 -7.326304912567138672e-04 -7.213056087493896484e-04 -7.271170616149902344e-04 -7.264614105224609375e-04 -7.247030735015869141e-04 -7.271766662597656250e-04
1.076933923121476067e+00 8.742511272430419922e-04 8.875131607055664062e-04 8.819699287414550781e-04 8.878707885742187500e-04 8.654296398162841797e-04 8.773505687713623047e-04 8.831918239593505859e-04 8.827149868011474609e-04 8.763074874877929688e-04 8.813738822937011719e-04
1.083386685106863867e+00 -4.102885723114013672e-04 -4.055500030517578125e-04 -4.155635833740234375e-04 -4.185438156127929688e-04 -4.061162471771240234e-04 -4.133284091949462891e-04 -4.104375839233398438e-04 -4.186034202575683594e-04 -4.066824913024902344e-04 -3.997683525085449219e-04
1.089839447092251667e+00 -3.832876682281494141e-04 -3.826022148132324219e-04 -3.880858421325683594e-04 -3.789365291595458984e-04 -3.936588764190673828e-04 -3.957152366638183594e-04 -3.911256790161132812e-04 -3.894269466400146484e-04 -3.648698329925537109e-04 -3.778636455535888672e-04
1.096292209077639690e+00 7.039606571197509766e-04 7.093250751495361328e-04 6.984472274780273438e-04 7.042288780212402344e-04 7.134079933166503906e-04 7.185637950897216797e-04 7.072389125823974609e-04 7.061064243316650391e-04 7.109642028808593750e-04 7.023215293884277344e-04
1.102744971063027712e+00 -5.992650985717773438e-04 -5.976557731628417969e-04 -5.946457386016845703e-04 -5.970299243927001953e-04 -6.044507026672363281e-04 -5.934834480285644531e-04 -5.924999713897705078e-04 -5.983412265777587891e-04 -6.085932254791259766e-04 -5.922615528106689453e-04
1.109197733048415513e+00 -3.793835639953613281e-05 -4.735589027404785156e-05 -3.364682197570800781e-05 -4.169344902038574219e-05 -4.711747169494628906e-05 -3.892183303833007812e-05 -3.689527511596679688e-05 -3.835558891296386719e-05 -3.573298454284667969e-05 -4.708766937255859375e-05
1.115650495033803313e+00 3.793835639953613281e-04 3.876686096191406250e-04 3.809034824371337891e-04 3.795325756072998047e-04 3.803372383117675781e-04 3.676116466522216797e-04 3.875792026519775391e-04 3.765225410461425781e-04 3.840029239654541016e-04 3.885328769683837891e-04
1.122103257019191336e+00 -5.560219287872314453e-04 -5.609989166259765625e-04 -5.519688129425048828e-04 -5.499720573425292969e-04 -5.460977554321289062e-04 -5.593895912170410156e-04 -5.674362182617187500e-04 -5.575120449066162109e-04 -5.681812763214111328e-04 -5.552470684051513672e-04
1.128556019004579358e+00 2.209246158599853516e-04 2.218484878540039062e-04 2.271234989166259766e-04 2.209544181823730469e-04 2.315938472747802734e-04 2.197027206420898438e-04 2.265274524688720703e-04 2.295374870300292969e-04 2.339184284210205078e-04 2.230107784271240234e-04
1.135008780989967159e+00 2.277791500091552734e-04 2.252757549285888672e-04 2.318322658538818359e-04 2.452135086059570312e-04 2.360939979553222656e-04 2.382397651672363281e-04 2.373456954956054688e-04 2.432167530059814453e-04 2.292990684509277344e-04 2.310574054718017578e-04
1.141461542975354959e+00 -4.440248012542724609e-04 -4.463493824005126953e-04 -4.290938377380371094e-04 -4.422366619110107422e-04 -4.614591598510742188e-04 -4.446208477020263672e-04 -4.351735115051269531e-04 -4.379451274871826172e-04 -4.437863826751708984e-04 -4.354417324066162109e-04
1.147914304960742982e+00 4.078745841979980469e-04 4.086494445800781250e-04 4.200637340545654297e-04 4.003643989562988281e-04 4.166662693023681641e-04 4.014372825622558594e-04 4.006028175354003906e-04 4.082322120666503906e-04 4.155933856964111328e-04 4.173815250396728516e-04
1.154367066946130782e+00 -9.277462959289550781e-05 -1.000165939331054688e-04 -9.453296661376953125e-05 -8.794665336608886719e-05 -9.173154830932617188e-05 -8.937716484069824219e-05 -9.828805923461914062e-05 -1.026093959808349609e-04 -1.005232334136962891e-04 -9.310245513916015625e-05
1.160819828931518582e+00 -3.054440021514892578e-04 -2.984106540679931641e-04 -3.091990947723388672e-04 -3.109872341156005859e-04 -3.126859664916992188e-04 -3.137886524200439453e-04 -3.109872341156005859e-04 -3.103613853454589844e-04 -3.046393394470214844e-04 -3.032982349395751953e-04
1.167272590916906605e+00 4.271566867828369141e-04 4.237592220306396484e-04 4.280805587768554688e-04 4.384219646453857422e-04 4.374980926513671875e-04 4.323720932006835938e-04 4.424452781677246094e-04 4.352033138275146484e-04 4.361271858215332031e-04 4.356801509857177734e-04
1.173725352902294627e+00 -2.702772617340087891e-04 -2.708435058593750000e-04 -2.823472023010253906e-04 -2.672076225280761719e-04 -2.682805061340332031e-04 -2.671480178833007812e-04 -2.686381340026855469e-04 -2.780258655548095703e-04 -2.723634243011474609e-04 -2.845823764801025391e-04
1.180178114887682428e+00 -1.606345176696777344e-04 -1.576244831085205078e-04 -1.477599143981933594e-04 -1.580119132995605469e-04 -1.540482044219970703e-04 -1.540780067443847656e-04 -1.474320888519287109e-04 -1.575350761413574219e-04 -1.578927040100097656e-04 -1.508593559265136719e-04
1.186630876873070450e+00 5.436837673187255859e-04 5.348324775695800781e-04 5.258917808532714844e-04 5.359351634979248047e-04 5.411207675933837891e-04 5.226731300354003906e-04 5.305409431457519531e-04 5.323588848114013672e-04 5.429685115814208984e-04 5.379617214202880859e-04
1.193083638858458251e+00 -4.393160343170166016e-04 -4.474222660064697266e-04 -4.486441612243652344e-04 -4.532337188720703125e-04 -4.532337188720703125e-04 -4.319250583648681641e-04 -4.487931728363037109e-04 -4.499554634094238281e-04 -4.522204399108886719e-04 -4.469156265258789062e-04
1.199536400843846051e+00 1.574754714965820312e-04 1.488626003265380859e-04 1.513659954071044922e-04 1.417696475982666016e-04 1.516938209533691406e-04 1.461803913116455078e-04 1.522004604339599609e-04 1.461505889892578125e-04 1.544356346130371094e-04 1.540482044219970703e-04
1.205989162829234074e+00 2.416968345642089844e-04 2.347230911254882812e-04 2.553761005401611328e-04 2.385675907135009766e-04 2.545118331909179688e-04 2.480149269104003906e-04 2.573728561401367188e-04 2.395212650299072266e-04 2.487599849700927734e-04 2.563595771789550781e-04
1.212441924814621874e+00 -5.005002021789550781e-04 -5.001723766326904297e-04 -4.948973655700683594e-04 -4.958212375640869141e-04 -5.014836788177490234e-04 -4.985332489013671875e-04 -4.854202270507812500e-04 -5.038082599639892578e-04 -4.942715167999267578e-04 -5.006492137908935547e-04
1.218894686800009897e+00 3.676414489746093750e-04 3.680884838104248047e-04 3.637373447418212891e-04 3.819763660430908203e-04 3.683567047119140625e-04 3.685653209686279297e-04 3.782212734222412109e-04 3.663003444671630859e-04 3.849267959594726562e-04 3.787875175476074219e-04
1.225347448785397697e+00 -4.950165748596191406e-05 -5.242228507995605469e-05 -3.448128700256347656e-05 -3.826618194580078125e-05 -3.930926322937011719e-05 -3.582239151000976562e-05 -5.689263343811035156e-05 -5.659461021423339844e-05 -5.137920379638671875e-05 -4.965066909790039062e-05
1.231800210770785720e+00 -2.075731754302978516e-04 -1.931786537170410156e-04 -2.113580703735351562e-04 -2.205967903137207031e-04 -2.157688140869140625e-04 -2.045631408691406250e-04 -2.076327800750732422e-04 -2.058446407318115234e-04 -2.061128616333007812e-04 -1.974105834960937500e-04
1.238252972756173520e+00 3.516077995300292969e-04 3.481209278106689453e-04 3.447532653808593750e-04 3.461241722106933594e-04 3.484785556793212891e-04 3.375113010406494141e-04 3.358721733093261719e-04 3.581941127777099609e-04 3.430545330047607422e-04 3.480613231658935547e-04
1.244705734741561542e+00 -2.622008323669433594e-04 -2.705454826354980469e-04 -2.671778202056884766e-04 -2.868175506591796875e-04 -2.687871456146240234e-04 -2.700090408325195312e-04 -2.706646919250488281e-04 -2.674162387847900391e-04 -2.703964710235595703e-04 -2.693235874176025391e-04
1.251158496726949343e+00 5.280971527099609375e-05 5.415081977844238281e-05 5.015730857849121094e-05 4.738569259643554688e-05 4.538893699645996094e-05 4.523992538452148438e-05 6.130337715148925781e-05 5.167722702026367188e-05 5.313754081726074219e-05 5.468726158142089844e-05
1.257611258712337365e+00 2.010464668273925781e-04 2.120733261108398438e-04 2.008080482482910156e-04 2.020895481109619141e-04 2.220869064331054688e-04 2.067983150482177734e-04 1.924633979797363281e-04 2.135336399078369141e-04 2.074837684631347656e-04 2.095997333526611328e-04
1.264064020697725166e+00 -2.705156803131103516e-04 -2.795457839965820312e-04 -2.835690975189208984e-04 -2.773106098175048828e-04 -2.786219120025634766e-04 -2.797544002532958984e-04 -2.765059471130371094e-04 -2.766847610473632812e-04 -2.788305282592773438e-04 -2.740323543548583984e-04
1.270516782683113188e+00 1.557469367980957031e-04 1.533031463623046875e-04 1.569390296936035156e-04 1.626312732696533203e-04 1.597106456756591797e-04 1.559555530548095703e-04 1.580119132995605469e-04 1.479983329772949219e-04 1.586377620697021484e-04 1.599192619323730469e-04
1.276969544668500989e+00 2.980232238769531250e-06 4.768371582031250000e-07 -6.645917892456054688e-06 -6.675720214843750000e-06 1.147389411926269531e-05 1.266598701477050781e-05 5.751848220825195312e-06 4.738569259643554688e-06 -1.937150955200195312e-06 5.364418029785156250e-07
1.283422306653888789e+00 -1.509487628936767578e-04 -1.529157161712646484e-04 -1.536607742309570312e-04 -1.576542854309082031e-04 -1.583099365234375000e-04 -1.521706581115722656e-04 -1.513361930847167969e-04 -1.488327980041503906e-04 -1.487731933593750000e-04 -1.485347747802734375e-04
1.289875068639276812e+00 2.830922603607177734e-04 2.942979335784912109e-04 2.894103527069091797e-04 2.878010272979736328e-04 2.890527248382568359e-04 2.882182598114013672e-04 2.695918083190917969e-04 2.865493297576904297e-04 2.847611904144287109e-04 2.874732017517089844e-04
1.296327830624664612e+00 -1.332163810729980469e-04 -1.514852046966552734e-04 -1.488327980041503906e-04 -1.441240310668945312e-04 -1.391768455505371094e-04 -1.447498798370361328e-04 -1.380145549774169922e-04 -1.339614391326904297e-04 -1.262426376342773438e-04 -1.367628574371337891e-04
1.302780592610052635e+00 -7.784366607666015625e-05 -9.533762931823730469e-05 -7.608532905578613281e-05 -8.258223533630371094e-05 -7.888674736022949219e-05 -8.484721183776855469e-05 -8.052587509155273438e-05 -8.690357208251953125e-05 -8.654594421386718750e-05 -9.372830390930175781e-05
1.309233354595440435e+00 2.108812332153320312e-04 2.195537090301513672e-04 2.137422561645507812e-04 2.121031284332275391e-04 2.215504646301269531e-04 2.229809761047363281e-04 2.329945564270019531e-04 2.186894416809082031e-04 2.071857452392578125e-04 2.159178256988525391e-04
1.315686116580828458e+00 -2.288520336151123047e-04 -2.311170101165771484e-04 -2.389550209045410156e-04 -2.253055572509765625e-04 -2.306103706359863281e-04 -2.254247665405273438e-04 -2.291500568389892578e-04 -2.172589302062988281e-04 -2.372562885284423828e-04 -2.291798591613769531e-04
1.322138878566216258e+00 1.093149185180664062e-04 1.173019409179687500e-04 1.095533370971679688e-04 1.057982444763183594e-04 1.113116741180419922e-04 1.170933246612548828e-04 1.030862331390380859e-04 1.145899295806884766e-04 1.122057437896728516e-04 1.046657562255859375e-04
1.328591640551604280e+00 1.316964626312255859e-04 1.268982887268066406e-04 1.300871372222900391e-04 1.293420791625976562e-04 1.344382762908935547e-04 1.262724399566650391e-04 1.169443130493164062e-04 1.145601272583007812e-04 1.243054866790771484e-04 1.190602779388427734e-04
1.335044402536992081e+00 -3.685057163238525391e-04 -3.691315650939941406e-04 -3.564655780792236328e-04 -3.632903099060058594e-04 -3.725290298461914062e-04 -3.691017627716064453e-04 -3.700256347656250000e-04 -3.671944141387939453e-04 -3.563761711120605469e-04 -3.632307052612304688e-04
1.341497164522380103e+00 2.720057964324951172e-04 2.624690532684326172e-04 2.646744251251220703e-04 2.709031105041503906e-04 2.651214599609375000e-04 2.659857273101806641e-04 2.599060535430908203e-04 2.655684947967529297e-04 2.558827400207519531e-04 2.631545066833496094e-04
1.347949926507767904e+00 -3.561377525329589844e-05 -3.203749656677246094e-05 -2.318620681762695312e-05 -1.597404479980468750e-05 -1.326203346252441406e-05 -1.254677772521972656e-05 -5.304813385009765625e-06 -2.068281173706054688e-05 -8.881092071533203125e-06 -2.086162567138671875e-05
1.354402688493155926e+00 -2.313256263732910156e-04 -2.419948577880859375e-04 -2.469718456268310547e-04 -2.354979515075683594e-04 -2.478957176208496094e-04 -2.359151840209960938e-04 -2.415776252746582031e-04 -2.323687076568603516e-04 -2.397000789642333984e-04 -2.453923225402832031e-04
1.360855450478543727e+00 3.353059291839599609e-04 3.344714641571044922e-04 3.369152545928955078e-04 3.365874290466308594e-04 3.229677677154541016e-04 3.446638584136962891e-04 3.276467323303222656e-04 3.338158130645751953e-04 3.286302089691162109e-04 3.246963024139404297e-04
1.367308212463931749e+00 -1.447796821594238281e-04 -1.401901245117187500e-04 -1.412928104400634766e-04 -1.373589038848876953e-04 -1.404881477355957031e-04 -1.305043697357177734e-04 -1.223385334014892578e-04 -1.323819160461425781e-04 -1.253783702850341797e-04 -1.218914985656738281e-04
1.373760974449319550e+00 -6.726384162902832031e-05 -8.195638656616210938e-05 -7.805228233337402344e-05 -7.686018943786621094e-05 -8.934736251831054688e-05 -9.739398956298828125e-05 -8.442997932434082031e-05 -9.009242057800292969e-05 -8.037686347961425781e-05 -8.803606033325195312e-05
1.380213736434707350e+00 4.340410232543945312e-04 4.441738128662109375e-04 4.464387893676757812e-04 4.411339759826660156e-04 4.413425922393798828e-04 4.382133483886718750e-04 4.394352436065673828e-04 4.513561725616455078e-04 4.437565803527832031e-04 4.439055919647216797e-04
1.386666498420095373e+00 -3.141164779663085938e-04 -3.229081630706787109e-04 -3.396570682525634766e-04 -3.226399421691894531e-04 -3.277063369750976562e-04 -3.194510936737060547e-04 -3.218054771423339844e-04 -3.211200237274169922e-04 -3.165900707244873047e-04 -3.240704536437988281e-04
1.393119260405483173e+00 5.790591239929199219e-05 4.684925079345703125e-05 4.577636718750000000e-05 4.422664642333984375e-05 3.162026405334472656e-05 3.322958946228027344e-05 3.898143768310546875e-05 3.734230995178222656e-05 2.884864807128906250e-05 4.452466964721679688e-05
1.399572022390871195e+00 2.922415733337402344e-04 2.804398536682128906e-04 2.881884574890136719e-04 2.874135971069335938e-04 3.057420253753662109e-04 2.980232238769531250e-04 3.037452697753906250e-04 2.973973751068115234e-04 2.855956554412841797e-04 3.013610839843750000e-04
1.406024784376258996e+00 -3.216564655303955078e-04 -3.273785114288330078e-04 -3.271698951721191406e-04 -3.336369991302490234e-04 -3.349184989929199219e-04 -3.169476985931396484e-04 -3.231167793273925781e-04 -3.227889537811279297e-04 -3.226697444915771484e-04 -3.335773944854736328e-04
1.412477546361647018e+00 1.871585845947265625e-04 1.913905143737792969e-04 1.943409442901611328e-04 1.755356788635253906e-04 1.749396324157714844e-04 1.839399337768554688e-04 1.763701438903808594e-04 1.691281795501708984e-04 1.760125160217285156e-04 1.780390739440917969e-04
1.418930308347034819e+00 2.223253250122070312e-05 1.797080039978027344e-05 2.196431159973144531e-05 2.014636993408203125e-05 2.500414848327636719e-05 3.260374069213867188e-05 3.558397293090820312e-05 2.023577690124511719e-05 3.436207771301269531e-05 2.092123031616210938e-05
1.425383070332422841e+00 -1.915991306304931641e-04 -1.888871192932128906e-04 -2.063214778900146484e-04 -2.028346061706542969e-04 -1.885890960693359375e-04 -1.934170722961425781e-04 -2.013444900512695312e-04 -1.942813396453857422e-04 -2.016425132751464844e-04 -2.088546752929687500e-04
1.431835832317810642e+00 2.371966838836669922e-04 2.338886260986328125e-04 2.279281616210937500e-04 2.213418483734130859e-04 2.326667308807373047e-04 2.185106277465820312e-04 2.254843711853027344e-04 2.252459526062011719e-04 2.190768718719482422e-04 2.376139163970947266e-04
1.438288594303198664e+00 -4.458427429199218750e-05 -4.908442497253417969e-05 -5.179643630981445312e-05 -5.656480789184570312e-05 -5.504488945007324219e-05 -5.188584327697753906e-05 -6.192922592163085938e-05 -5.817413330078125000e-05 -4.577636718750000000e-05 -5.602836608886718750e-05
1.444741356288586465e+00 -8.025765419006347656e-05 -7.542967796325683594e-05 -8.746981620788574219e-05 -9.360909461975097656e-05 -9.122490882873535156e-05 -7.903575897216796875e-05 -7.838010787963867188e-05 -9.018182754516601562e-05 -8.913874626159667969e-05 -9.101629257202148438e-05
1.451194118273974487e+00 1.658797264099121094e-04 1.728832721710205078e-04 1.757442951202392578e-04 1.799166202545166016e-04 1.702904701232910156e-04 1.752972602844238281e-04 1.709461212158203125e-04 1.691281795501708984e-04 1.685619354248046875e-04 1.664757728576660156e-04
1.457646880259362288e+00 -1.606345176696777344e-04 -1.640021800994873047e-04 -1.587271690368652344e-04 -1.740753650665283203e-04 -1.680254936218261719e-04 -1.652836799621582031e-04 -1.636743545532226562e-04 -1.666247844696044922e-04 -1.739263534545898438e-04 -1.523196697235107422e-04
1.464099642244750310e+00 5.206465721130371094e-05 4.845857620239257812e-05 4.607439041137695312e-05 3.573298454284667969e-05 4.523992538452148438e-05 4.634261131286621094e-05 5.581974983215332031e-05 4.130601882934570312e-05 3.933906555175781250e-05 4.193186759948730469e-05
1.470552404230138110e+00 8.210539817810058594e-05 8.860230445861816406e-05 7.805228233337402344e-05 9.247660636901855469e-05 8.729100227355957031e-05 8.502602577209472656e-05 9.825825691223144531e-05 9.196996688842773438e-05 8.973479270935058594e-05 9.316205978393554688e-05
1.477005166215525911e+00 -1.707673072814941406e-04 -1.691281795501708984e-04 -1.745820045471191406e-04 -1.775026321411132812e-04 -1.746714115142822266e-04 -1.696348190307617188e-04 -1.749396324157714844e-04 -1.630783081054687500e-04 -1.735389232635498047e-04 -1.648962497711181641e-04
1.483457928200913933e+00 8.577108383178710938e-05 8.976459503173828125e-05 1.004934310913085938e-04 8.332729339599609375e-05 8.553266525268554688e-05 8.088350296020507812e-05 9.590387344360351562e-05 8.109211921691894531e-05 9.480118751525878906e-05 8.562207221984863281e-05
1.489910690186301734e+00 1.788139343261718750e-07 -1.817941665649414062e-06 1.010298728942871094e-05 5.185604095458984375e-06 6.854534149169921875e-06 1.728534698486328125e-06 7.927417755126953125e-06 6.258487701416015625e-06 5.334615707397460938e-06 -3.993511199951171875e-06
1.496363452171689756e+00 -1.144707202911376953e-04 -1.118779182434082031e-04 -1.170337200164794922e-04 -1.156628131866455078e-04 -1.254975795745849609e-04 -1.201033592224121094e-04 -1.123249530792236328e-04 -1.065731048583984375e-04 -1.076757907867431641e-04 -1.099407672882080078e-04
1.502816214157077557e+00 9.539723396301269531e-05 9.092688560485839844e-05 9.351968765258789062e-05 1.033842563629150391e-04 8.690357208251953125e-05 8.580088615417480469e-05 9.530782699584960938e-05 9.548664093017578125e-05 9.155273437500000000e-05 9.441375732421875000e-05
1.509268976142465579e+00 -5.403161048889160156e-05 -5.254149436950683594e-05 -4.056096076965332031e-05 -4.526972770690917969e-05 -4.389882087707519531e-05 -4.974007606506347656e-05 -3.361701965332031250e-05 -4.819035530090332031e-05 -5.698204040527343750e-05 -5.513429641723632812e-05
1.515721738127853380e+00 -1.659989356994628906e-05 -3.054738044738769531e-05 -1.919269561767578125e-05 -1.868605613708496094e-05 -2.217292785644531250e-05 -2.536177635192871094e-05 -1.814961433410644531e-05 -2.700090408325195312e-05 -2.330541610717773438e-05 -1.606345176696777344e-05
1.522174500113241402e+00 5.584955215454101562e-05 5.647540092468261719e-05 5.277991294860839844e-05 5.418062210083007812e-05 4.294514656066894531e-05 5.301833152770996094e-05 5.891919136047363281e-05 4.330277442932128906e-05 4.777312278747558594e-05 5.513429641723632812e-05
1.528627262098629203e+00 -3.340840339660644531e-05 -3.364682197570800781e-05 -2.923607826232910156e-05 -3.221631050109863281e-05 -3.671646118164062500e-05 -3.516674041748046875e-05 -3.156065940856933594e-05 -2.685189247131347656e-05 -3.075599670410156250e-05 -1.803040504455566406e-05
1.535080024084017225e+00 2.682209014892578125e-07 -4.976987838745117188e-06 -2.980232238769531250e-08 -8.195638656616210938e-06 -4.202127456665039062e-06 2.592802047729492188e-06 -9.477138519287109375e-06 -1.341104507446289062e-06 -6.973743438720703125e-06 -6.735324859619140625e-06
1.541532786069405025e+00 1.016259193420410156e-05 1.242756843566894531e-05 1.996755599975585938e-05 1.010298728942871094e-05 1.859664916992187500e-05 1.576542854309082031e-05 1.978874206542968750e-05 1.731514930725097656e-05 7.271766662597656250e-06 2.267956733703613281e-05
1.547985548054793048e+00 1.209974288940429688e-05 1.698732376098632812e-06 1.063942909240722656e-05 1.558661460876464844e-05 -3.516674041748046875e-06 3.486871719360351562e-06 1.493096351623535156e-05 1.648068428039550781e-05 3.308057785034179688e-06 5.900859832763671875e-06
1.554438310040180848e+00 2.500414848327636719e-05 1.221895217895507812e-05 8.046627044677734375e-07 8.881092071533203125e-06 1.102685928344726562e-05 2.980232238769531250e-06 6.049871444702148438e-06 5.155801773071289062e-06 6.824731826782226562e-06 5.036592483520507812e-06
1.560891072025568649e+00 -4.023313522338867188e-06 4.261732101440429688e-06 -2.413988113403320312e-06 -8.106231689453125000e-06 1.007318496704101562e-05 -7.152557373046875000e-07 -3.099441528320312500e-06 1.102685928344726562e-06 2.473592758178710938e-06 9.685754776000976562e-06
1.567343834010956671e+00 9.536743164062500000e-07 -2.235174179077148438e-06 7.867813110351562500e-06 4.738569259643554688e-06 -1.490116119384765625e-06 1.299381256103515625e-05 9.953975677490234375e-06 1.284480094909667969e-05 4.559755325317382812e-06 8.434057235717773438e-06
1.573796595996344472e+00 5.990266799926757812e-06 1.886487007141113281e-05 1.662969589233398438e-05 1.364946365356445312e-05 1.677870750427246094e-05 1.189112663269042969e-05 1.424551010131835938e-05 8.225440979003906250e-06 1.260638236999511719e-05 1.156330108642578125e-05
1.580249357981732494e+00 -1.013278961181640625e-06 -5.245208740234375000e-06 -1.132488250732421875e-06 -2.503395080566406250e-06 -2.443790435791015625e-06 4.321336746215820312e-06 -1.460313796997070312e-06 1.281499862670898438e-06 4.768371582031250000e-06 1.132488250732421875e-06
1.586702119967120295e+00 1.180171966552734375e-05 -1.072883605957031250e-06 1.823902130126953125e-05 1.654028892517089844e-05 7.122755050659179688e-06 5.364418029785156250e-06 7.569789886474609375e-06 2.950429916381835938e-06 -4.351139068603515625e-06 1.192092895507812500e-06
1.593154881952508317e+00 -6.794929504394531250e-06 -3.486871719360351562e-06 -1.171231269836425781e-05 -1.668930053710937500e-05 -1.609325408935546875e-06 -7.480382919311523438e-06 1.519918441772460938e-06 -6.824731826782226562e-06 -1.019239425659179688e-05 -1.272559165954589844e-05
1.599607643937896118e+00 2.086162567138671875e-05 1.895427703857421875e-05 4.005432128906250000e-05 2.479553222656250000e-05 2.342462539672851562e-05 2.318620681762695312e-05 3.519654273986816406e-05 1.713633537292480469e-05 3.048777580261230469e-05 2.264976501464843750e-05
1.606060405923284140e+00 7.420778274536132812e-06 7.480382919311523438e-06 1.135468482971191406e-05 2.348423004150390625e-05 1.856684684753417969e-05 4.768371582031250000e-06 8.940696716308593750e-07 5.960464477539062500e-06 2.682209014892578125e-06 3.367662429809570312e-06
1.612513167908671941e+00 -5.245208740234375000e-06 6.854534149169921875e-07 -5.662441253662109375e-06 1.490116119384765625e-06 9.447336196899414062e-06 9.328126907348632812e-06 3.397464752197265625e-06 5.602836608886718750e-06 4.440546035766601562e-06 1.108646392822265625e-05
1.618965929894059963e+00 2.831220626831054688e-06 9.417533874511718750e-06 -1.192092895507812500e-07 1.201033592224121094e-05 1.695752143859863281e-05 1.451373100280761719e-05 -9.179115295410156250e-06 8.612871170043945312e-06 -1.996755599975585938e-06 2.294778823852539062e-06
1.625418691879447763e+00 4.202127456665039062e-06 -5.841255187988281250e-06 9.506940841674804688e-06 -6.586313247680664062e-06 3.427267074584960938e-06 5.364418029785156250e-07 -1.013278961181640625e-06 3.337860107421875000e-06 2.384185791015625000e-06 4.768371582031250000e-07
1.631871453864835786e+00 2.026557922363281250e-06 1.490116119384765625e-06 5.066394805908203125e-07 8.434057235717773438e-06 1.135468482971191406e-05 1.016259193420410156e-05 1.379847526550292969e-05 1.817941665649414062e-06 2.950429916381835938e-06 3.099441528320312500e-06
1.638324215850223586e+00 -3.457069396972656250e-06 3.725290298461914062e-06 -5.811452865600585938e-06 1.490116119384765625e-07 -6.347894668579101562e-06 2.115964889526367188e-06 2.115964889526367188e-06 -1.224875450134277344e-05 -1.227855682373046875e-05 -1.171231269836425781e-05
1.644776977835611609e+00 3.096461296081542969e-05 3.480911254882812500e-05 3.084540367126464844e-05 2.577900886535644531e-05 4.166364669799804688e-05 3.159046173095703125e-05 3.838539123535156250e-05 2.986192703247070312e-05 4.097819328308105469e-05 3.889203071594238281e-05
1.651229739820999409e+00 -2.235174179077148438e-06 1.078844070434570312e-05 1.505017280578613281e-05 6.675720214843750000e-06 2.294778823852539062e-05 1.180171966552734375e-05 1.826882362365722656e-05 8.463859558105468750e-06 4.589557647705078125e-06 1.570582389831542969e-05
1.657682501806387210e+00 1.254677772521972656e-05 1.424551010131835938e-05 1.403689384460449219e-05 7.212162017822265625e-06 3.963708877563476562e-06 1.433491706848144531e-05 1.171231269836425781e-05 1.621246337890625000e-05 1.406669616699218750e-05 1.353025436401367188e-05
1.664135263791775232e+00 7.569789886474609375e-05 5.990266799926757812e-05 6.541609764099121094e-05 6.964802742004394531e-05 7.817149162292480469e-05 7.677078247070312500e-05 7.191300392150878906e-05 8.335709571838378906e-05 6.622076034545898438e-05 7.891654968261718750e-05
1.670588025777163033e+00 -1.362860202789306641e-04 -1.254677772521972656e-04 -1.221895217895507812e-04 -1.203417778015136719e-04 -1.369118690490722656e-04 -1.311004161834716797e-04 -1.273751258850097656e-04 -1.291036605834960938e-04 -1.164972782135009766e-04 -1.287162303924560547e-04
1.677040787762551055e+00 -1.360774040222167969e-04 -1.252889633178710938e-04 -1.330077648162841797e-04 -1.393854618072509766e-04 -1.197159290313720703e-04 -1.266896724700927734e-04 -1.246035099029541016e-04 -1.280009746551513672e-04 -1.274049282073974609e-04 -1.129806041717529297e-04
1.683493549747938856e+00 1.204907894134521484e-04 1.083314418792724609e-04 1.224875450134277344e-04 1.158714294433593750e-04 1.245439052581787109e-04 1.156926155090332031e-04 1.190900802612304688e-04 1.105666160583496094e-04 1.020729541778564453e-04 1.114308834075927734e-04
1.689946311733326878e+00 -4.437565803527832031e-05 -5.683302879333496094e-05 -4.804134368896484375e-05 -4.169344902038574219e-05 -5.102157592773437500e-05 -5.277991294860839844e-05 -4.783272743225097656e-05 -4.556775093078613281e-05 -4.661083221435546875e-05 -4.866719245910644531e-05
1.696399073718714678e+00 1.383721828460693359e-04 1.414120197296142578e-04 1.406371593475341797e-04 1.419484615325927734e-04 1.486539840698242188e-04 1.344084739685058594e-04 1.259446144104003906e-04 1.409351825714111328e-04 1.459121704101562500e-04 1.399815082550048828e-04
1.702851835704102701e+00 3.108382225036621094e-05 4.145503044128417969e-05 2.503395080566406250e-05 3.117322921752929688e-05 3.185868263244628906e-05 3.948807716369628906e-05 2.530217170715332031e-05 3.859400749206542969e-05 2.905726432800292969e-05 2.017617225646972656e-05
1.709304597689490501e+00 -4.538893699645996094e-05 -4.118680953979492188e-05 -5.689263343811035156e-05 -3.990530967712402344e-05 -4.488229751586914062e-05 -4.732608795166015625e-05 -4.616379737854003906e-05 -4.574656486511230469e-05 -3.761053085327148438e-05 -5.263090133666992188e-05
1.715757359674878524e+00 2.211928367614746094e-04 2.246201038360595703e-04 2.298355102539062500e-04 2.214312553405761719e-04 2.106130123138427734e-04 2.206265926361083984e-04 2.167522907257080078e-04 2.182722091674804688e-04 2.176761627197265625e-04 2.252459526062011719e-04
1.722210121660266324e+00 -1.723468303680419922e-04 -1.647770404815673828e-04 -1.679062843322753906e-04 -1.733005046844482422e-04 -1.648366451263427734e-04 -1.658797264099121094e-04 -1.655817031860351562e-04 -1.637935638427734375e-04 -1.703202724456787109e-04 -1.619458198547363281e-04
1.728662883645654347e+00 1.000165939331054688e-04 1.057088375091552734e-04 1.151263713836669922e-04 1.026391983032226562e-04 1.195073127746582031e-04 1.071989536285400391e-04 1.047253608703613281e-04 1.150071620941162109e-04 9.641051292419433594e-05 1.107752323150634766e-04
1.735115645631042147e+00 1.155138015747070312e-04 1.231133937835693359e-04 1.272261142730712891e-04 1.335740089416503906e-04 1.199543476104736328e-04 1.314580440521240234e-04 1.377761363983154297e-04 1.204013824462890625e-04 1.304745674133300781e-04 1.244843006134033203e-04
1.741568407616429948e+00 -1.470744609832763672e-04 -1.369714736938476562e-04 -1.419186592102050781e-04 -1.430213451385498047e-04 -1.447200775146484375e-04 -1.274943351745605469e-04 -1.464784145355224609e-04 -1.375973224639892578e-04 -1.224875450134277344e-04 -1.444518566131591797e-04
1.748021169601817970e+00 1.067221164703369141e-04 1.137554645538330078e-04 1.252591609954833984e-04 1.184344291687011719e-04 1.180171966552734375e-04 1.184940338134765625e-04 1.080334186553955078e-04 1.123249530792236328e-04 1.074373722076416016e-04 1.116394996643066406e-04
1.754473931587205771e+00 8.374452590942382812e-06 -3.367662429809570312e-06 7.867813110351562500e-06 1.242756843566894531e-05 1.186132431030273438e-05 1.099705696105957031e-05 1.809000968933105469e-05 1.919269561767578125e-05 8.106231689453125000e-06 -5.513429641723632812e-06
1.760926693572593793e+00 -9.804964065551757812e-05 -1.007020473480224609e-04 -1.051723957061767578e-04 -9.366869926452636719e-05 -1.012682914733886719e-04 -1.015365123748779297e-04 -9.703636169433593750e-05 -1.000165939331054688e-04 -8.779764175415039062e-05 -9.664893150329589844e-05
1.767379455557981593e+00 2.997219562530517578e-04 3.027021884918212891e-04 3.109276294708251953e-04 2.959370613098144531e-04 2.986490726470947266e-04 3.004074096679687500e-04 3.051757812500000000e-04 3.043711185455322266e-04 2.932846546173095703e-04 3.049671649932861328e-04
1.773832217543369616e+00 -8.678436279296875000e-05 -8.377432823181152344e-05 -7.531046867370605469e-05 -8.350610733032226562e-05 -6.437301635742187500e-05 -8.031725883483886719e-05 -8.028745651245117188e-05 -8.341670036315917969e-05 -8.094310760498046875e-05 -7.161498069763183594e-05
1.780284979528757416e+00 -1.107752323150634766e-04 -1.035034656524658203e-04 -9.879469871520996094e-05 -1.101195812225341797e-04 -1.060366630554199219e-04 -1.115798950195312500e-04 -9.500980377197265625e-05 -1.023411750793457031e-04 -1.161992549896240234e-04 -1.109540462493896484e-04
1.786737741514145439e+00 1.150369644165039062e-04 1.203417778015136719e-04 9.652972221374511719e-05 1.107156276702880859e-04 9.936094284057617188e-05 1.237392425537109375e-04 1.129806041717529297e-04 1.097321510314941406e-04 1.059770584106445312e-04 1.241266727447509766e-04
1.793190503499533239e+00 -1.590549945831298828e-04 -1.384913921356201172e-04 -1.458227634429931641e-04 -1.414418220520019531e-04 -1.414716243743896484e-04 -1.460313796997070312e-04 -1.435577869415283203e-04 -1.462996006011962891e-04 -1.266002655029296875e-04 -1.525580883026123047e-04
1.799643265484921262e+00 1.475811004638671875e-04 1.465678215026855469e-04 1.463592052459716797e-04 1.325011253356933594e-04 1.510083675384521484e-04 1.470148563385009766e-04 1.380145549774169922e-04 1.474618911743164062e-04 1.454353332519531250e-04 1.462996006011962891e-04
1.806096027470309062e+00 1.592040061950683594e-04 1.574754714965820312e-04 1.495182514190673828e-04 1.603364944458007812e-04 1.580119132995605469e-04 1.596510410308837891e-04 1.600682735443115234e-04 1.669824123382568359e-04 1.542270183563232422e-04 1.445114612579345703e-04
1.812548789455697085e+00 -1.252889633178710938e-04 -1.085400581359863281e-04 -1.277625560760498047e-04 -1.270174980163574219e-04 -1.215040683746337891e-04 -1.285374164581298828e-04 -1.201629638671875000e-04 -1.209080219268798828e-04 -1.167654991149902344e-04 -1.220703125000000000e-04
1.819001551441084885e+00 3.850460052490234375e-05 3.963708877563476562e-05 6.642937660217285156e-05 4.932284355163574219e-05 4.351139068603515625e-05 4.982948303222656250e-05 4.962086677551269531e-05 5.164742469787597656e-05 5.307793617248535156e-05 4.702806472778320312e-05
1.825454313426472908e+00 7.361173629760742188e-06 3.218650817871093750e-06 2.503395080566406250e-05 2.890825271606445312e-06 7.957220077514648438e-06 4.351139068603515625e-06 6.139278411865234375e-06 5.781650543212890625e-06 7.450580596923828125e-06 5.990266799926757812e-06
1.831907075411860708e+00 -9.381771087646484375e-05 -8.332729339599609375e-05 -8.380413055419921875e-05 -9.116530418395996094e-05 -9.196996688842773438e-05 -9.548664093017578125e-05 -8.341670036315917969e-05 -7.662177085876464844e-05 -9.298324584960937500e-05 -8.842349052429199219e-05
1.838359837397248508e+00 8.887052536010742188e-05 6.696581840515136719e-05 7.694959640502929688e-05 9.086728096008300781e-05 9.047985076904296875e-05 8.425116539001464844e-05 7.671117782592773438e-05 8.335709571838378906e-05 8.589029312133789062e-05 8.416175842285156250e-05
1.844812599382636531e+00 -1.624226570129394531e-05 -3.424286842346191406e-05 -2.166628837585449219e-05 -6.914138793945312500e-06 -2.044439315795898438e-05 -1.066923141479492188e-05 -2.294778823852539062e-05 -2.014636993408203125e-05 -2.741813659667968750e-05 -2.720952033996582031e-05
1.851265361368024331e+00 -5.328655242919921875e-05 -3.811717033386230469e-05 -4.222989082336425781e-05 -5.313754081726074219e-05 -4.807114601135253906e-05 -5.939602851867675781e-05 -3.868341445922851562e-05 -4.187226295471191406e-05 -4.819035530090332031e-05 -5.877017974853515625e-05
1.857718123353412354e+00 4.154443740844726562e-05 4.205107688903808594e-05 4.482269287109375000e-05 2.956390380859375000e-05 3.233551979064941406e-05 3.594160079956054688e-05 3.704428672790527344e-05 3.439188003540039062e-05 4.097819328308105469e-05 4.684925079345703125e-05
1.864170885338800154e+00 -3.090500831604003906e-05 -1.043081283569335938e-05 -2.413988113403320312e-05 -2.536177635192871094e-05 -2.235174179077148438e-05 -2.607703208923339844e-05 -1.859664916992187500e-05 -2.953410148620605469e-05 -2.256035804748535156e-05 -2.130866050720214844e-05
1.870623647324188177e+00 1.409649848937988281e-05 1.353025436401367188e-05 1.904368400573730469e-05 1.296401023864746094e-05 2.086162567138671875e-07 1.630187034606933594e-05 4.768371582031250000e-06 1.034140586853027344e-05 1.049041748046875000e-05 1.391768455505371094e-05
1.877076409309575977e+00 -1.037120819091796875e-05 4.559755325317382812e-06 -5.990266799926757812e-06 -3.457069396972656250e-06 -5.185604095458984375e-06 -5.275011062622070312e-06 -8.851289749145507812e-06 5.930662155151367188e-06 -8.881092071533203125e-06 -1.052021980285644531e-05
1.883529171294964000e+00 -6.455183029174804688e-05 -3.916025161743164062e-05 -5.072355270385742188e-05 -5.492568016052246094e-05 -4.976987838745117188e-05 -5.450844764709472656e-05 -4.824995994567871094e-05 -5.277991294860839844e-05 -5.251169204711914062e-05 -5.957484245300292969e-05
1.889981933280351800e+00 1.069903373718261719e-05 8.851289749145507812e-06 1.206994056701660156e-05 2.437829971313476562e-05 1.758337020874023438e-05 1.195073127746582031e-05 5.811452865600585938e-06 7.569789886474609375e-06 9.864568710327148438e-06 1.296401023864746094e-05
1.896434695265739823e+00 -6.613135337829589844e-05 -6.318092346191406250e-05 -6.395578384399414062e-05 -6.389617919921875000e-05 -4.991888999938964844e-05 -6.520748138427734375e-05 -5.152821540832519531e-05 -6.017088890075683594e-05 -5.471706390380859375e-05 -5.823373794555664062e-05
1.902887457251127623e+00 5.766749382019042969e-05 4.476308822631835938e-05 5.188584327697753906e-05 4.863739013671875000e-05 5.787611007690429688e-05 5.206465721130371094e-05 4.965066909790039062e-05 5.185604095458984375e-05 4.887580871582031250e-05 5.108118057250976562e-05
1.909340219236515646e+00 3.665685653686523438e-06 1.806020736694335938e-05 -3.606081008911132812e-06 8.285045623779296875e-06 1.648068428039550781e-05 2.005696296691894531e-05 1.534819602966308594e-05 1.692771911621093750e-05 1.373887062072753906e-05 1.996755599975585938e-06
1.915792981221903446e+00 -5.552172660827636719e-05 -4.971027374267578125e-05 -6.723403930664062500e-05 -5.879998207092285156e-05 -6.830692291259765625e-05 -6.192922592163085938e-05 -6.133317947387695312e-05 -6.818771362304687500e-05 -7.256865501403808594e-05 -4.735589027404785156e-05
1.922245743207291468e+00 4.923343658447265625e-05 4.187226295471191406e-05 5.790591239929199219e-05 4.786252975463867188e-05 6.034970283508300781e-05 4.905462265014648438e-05 4.792213439941406250e-05 4.857778549194335938e-05 4.068017005920410156e-05 4.738569259643554688e-05
1.928698505192679269e+00 -3.808736801147460938e-05 -3.114342689514160156e-05 -4.115700721740722656e-05 -2.539157867431640625e-05 -3.015995025634765625e-05 -2.485513687133789062e-05 -4.509091377258300781e-05 -2.753734588623046875e-05 -3.945827484130859375e-05 -3.117322921752929688e-05
1.935151267178067069e+00 3.403425216674804688e-05 3.045797348022460938e-05 2.494454383850097656e-05 2.935528755187988281e-05 2.992153167724609375e-05 2.884864807128906250e-05 3.147125244140625000e-05 2.601742744445800781e-05 2.789497375488281250e-05 3.075599670410156250e-05
1.941604029163455092e+00 5.549192428588867188e-05 6.112456321716308594e-05 6.240606307983398438e-05 4.908442497253417969e-05 6.067752838134765625e-05 5.760788917541503906e-05 5.486607551574707031e-05 5.501508712768554688e-05 4.801154136657714844e-05 4.822015762329101562e-05
1.948056791148842892e+00 -3.486871719360351562e-05 -3.060698509216308594e-05 -3.898143768310546875e-05 -3.471970558166503906e-05 -3.856420516967773438e-05 -1.883506774902343750e-05 -3.615021705627441406e-05 -2.390146255493164062e-05 -3.203749656677246094e-05 -3.671646118164062500e-05
1.954509553134230915e+00 -3.910064697265625000e-05 -4.315376281738281250e-05 -3.245472908020019531e-05 -3.486871719360351562e-05 -4.029273986816406250e-05 -3.692507743835449219e-05 -4.926323890686035156e-05 -3.889203071594238281e-05 -3.412365913391113281e-05 -4.926323890686035156e-05
1.960962315119618715e+00 1.064836978912353516e-04 1.106262207031250000e-04 1.067817211151123047e-04 1.032352447509765625e-04 9.849667549133300781e-05 1.018643379211425781e-04 9.387731552124023438e-05 1.027882099151611328e-04 1.088082790374755859e-04 1.016557216644287109e-04
1.967415077105006738e+00 -3.764033317565917969e-05 -3.477931022644042969e-05 -3.588199615478515625e-05 -4.163384437561035156e-05 -5.546212196350097656e-05 -2.560019493103027344e-05 -4.500150680541992188e-05 -3.585219383239746094e-05 -5.015730857849121094e-05 -3.960728645324707031e-05
1.973867839090394538e+00 -2.235174179077148438e-05 -1.710653305053710938e-05 -3.948807716369628906e-05 -2.405047416687011719e-05 -2.881884574890136719e-05 -9.626150131225585938e-06 -1.841783523559570312e-05 -2.831220626831054688e-05 -3.212690353393554688e-05 -3.343820571899414062e-05
1.980320601075782561e+00 7.495284080505371094e-05 7.483363151550292969e-05 6.949901580810546875e-05 8.046627044677734375e-05 6.365776062011718750e-05 6.908178329467773438e-05 5.894899368286132812e-05 8.577108383178710938e-05 6.222724914550781250e-05 7.292628288269042969e-05
1.986773363061170361e+00 -1.318752765655517578e-04 -1.364946365356445312e-04 -1.227557659149169922e-04 -1.359581947326660156e-04 -1.287758350372314453e-04 -1.218020915985107422e-04 -1.331865787506103516e-04 -1.358687877655029297e-04 -1.387596130371093750e-04 -1.263320446014404297e-04
1.993226125046558384e+00 4.357099533081054688e-05 4.062056541442871094e-05 4.598498344421386719e-05 5.257129669189453125e-05 4.127621650695800781e-05 4.023313522338867188e-05 5.814433097839355469e-05 4.222989082336425781e-05 5.254149436950683594e-05 4.085898399353027344e-05
1.999678887031946184e+00 1.537799835205078125e-04 1.606643199920654297e-04 1.524388790130615234e-04 1.670420169830322266e-04 1.532137393951416016e-04 1.695752143859863281e-04 1.582503318786621094e-04 1.556575298309326172e-04 1.614093780517578125e-04 1.539587974548339844e-04
2.006131649017333984e+00 -9.292364120483398438e-05 -9.542703628540039062e-05 -9.956955909729003906e-05 -9.387731552124023438e-05 -8.347630500793457031e-05 -9.226799011230468750e-05 -8.887052536010742188e-05 -7.846951484680175781e-05 -9.959936141967773438e-05 -8.207559585571289062e-05
