# Range[m] 0 1 2 3 4 5 6 7 8 9
1.800000071525573730e-01 -4.676547646522521973e-02 -4.675543308258056641e-02 -4.643663763999938965e-02 -4.651266336441040039e-02 -4.680547118186950684e-02 -4.654842615127563477e-02 -4.653534293174743652e-02 -4.647150635719299316e-02 -4.689404368400573730e-02 -4.678958654403686523e-02
1.864527691379452845e-01 3.540253639221191406e-02 3.538426756858825684e-02 3.540706634521484375e-02 3.540948033332824707e-02 3.532871603965759277e-02 3.552487492561340332e-02 3.556343913078308105e-02 3.567904233932495117e-02 3.537088632583618164e-02 3.551986813545227051e-02
1.929055311233331682e-01 1.065263152122497559e-02 1.057606935501098633e-02 1.030746102333068848e-02 1.041725277900695801e-02 1.053655147552490234e-02 1.029324531555175781e-02 1.022273302078247070e-02 1.002988219261169434e-02 1.055243611335754395e-02 1.029998064041137695e-02
1.993582931087210797e-01 -2.342101931571960449e-02 -2.336686849594116211e-02 -2.315294742584228516e-02 -2.326667308807373047e-02 -2.332741022109985352e-02 -2.325615286827087402e-02 -2.325209975242614746e-02 -2.317637205123901367e-02 -2.324926853179931641e-02 -2.324384450912475586e-02
2.058110550941089911e-01 3.086626529693603516e-03 3.053665161132812500e-03 3.013610839843750000e-03 3.024101257324218750e-03 3.044903278350830078e-03 3.116577863693237305e-03 3.141373395919799805e-03 3.117769956588745117e-03 3.038078546524047852e-03 3.121286630630493164e-03
2.122638170794968748e-01 7.441937923431396484e-03 7.398813962936401367e-03 7.301151752471923828e-03 7.304370403289794922e-03 7.412582635879516602e-03 7.338941097259521484e-03 7.323324680328369141e-03 7.340461015701293945e-03 7.312208414077758789e-03 7.188260555267333984e-03
2.187165790648847863e-01 7.001370191574096680e-03 7.093667984008789062e-03 7.171362638473510742e-03 7.165700197219848633e-03 7.103770971298217773e-03 7.108241319656372070e-03 7.110476493835449219e-03 7.119089365005493164e-03 7.187426090240478516e-03 7.257431745529174805e-03
2.251693410502726977e-01 -1.529201865196228027e-02 -1.533973217010498047e-02 -1.545959711074829102e-02 -1.538717746734619141e-02 -1.534506678581237793e-02 -1.541954278945922852e-02 -1.546728610992431641e-02 -1.549693942070007324e-02 -1.535627245903015137e-02 -1.538199186325073242e-02
2.316221030356606092e-01 -5.771279335021972656e-03 -5.840033292770385742e-03 -5.773276090621948242e-03 -5.841851234436035156e-03 -5.821138620376586914e-03 -5.740612745285034180e-03 -5.711346864700317383e-03 -5.656331777572631836e-03 -5.943268537521362305e-03 -5.901098251342773438e-03
2.380748650210485207e-01 2.521005272865295410e-02 2.529749274253845215e-02 2.536454796791076660e-02 2.531009912490844727e-02 2.525934576988220215e-02 2.532511949539184570e-02 2.532863616943359375e-02 2.535578608512878418e-02 2.529716491699218750e-02 2.534615993499755859e-02
2.445276270064364044e-01 -9.798973798751831055e-03 -9.756833314895629883e-03 -9.890258312225341797e-03 -9.835153818130493164e-03 -9.706348180770874023e-03 -9.932488203048706055e-03 -9.935557842254638672e-03 -1.017522811889648438e-02 -9.645998477935791016e-03 -9.788423776626586914e-03
2.509803889918242881e-01 -2.519172430038452148e-02 -2.529683709144592285e-02 -2.525058388710021973e-02 -2.527517080307006836e-02 -2.527767419815063477e-02 -2.516576647758483887e-02 -2.517807483673095703e-02 -2.512294054031372070e-02 -2.534759044647216797e-02 -2.533972263336181641e-02
2.574331509772121995e-01 2.781486511230468750e-02 2.781352400779724121e-02 2.796667814254760742e-02 2.790221571922302246e-02 2.771350741386413574e-02 2.795389294624328613e-02 2.804410457611083984e-02 2.806925773620605469e-02 2.768975496292114258e-02 2.783575654029846191e-02
2.638859129626001110e-01 5.670875310897827148e-03 5.748331546783447266e-03 5.594670772552490234e-03 5.770444869995117188e-03 5.767196416854858398e-03 5.527943372726440430e-03 5.477100610733032227e-03 5.310893058776855469e-03 5.865991115570068359e-03 5.707919597625732422e-03
2.703386749479880224e-01 -3.669756650924682617e-02 -3.678256273269653320e-02 -3.684514760971069336e-02 -3.681001067161560059e-02 -3.671699762344360352e-02 -3.676959872245788574e-02 -3.676834702491760254e-02 -3.672397136688232422e-02 -3.680345416069030762e-02 -3.682816028594970703e-02
2.767914369333759339e-01 1.840999722480773926e-02 1.839116215705871582e-02 1.853004097938537598e-02 1.848459243774414062e-02 1.833245158195495605e-02 1.862832903861999512e-02 1.867097616195678711e-02 1.884067058563232422e-02 1.830324530601501465e-02 1.848265528678894043e-02
2.832441989187638454e-01 2.052763104438781738e-02 2.064949274063110352e-02 2.059367299079895020e-02 2.062281966209411621e-02 2.059757709503173828e-02 2.042433619499206543e-02 2.039933204650878906e-02 2.024444937705993652e-02 2.072051167488098145e-02 2.061975002288818359e-02
2.896969609041517568e-01 -3.230491280555725098e-02 -3.233218193054199219e-02 -3.241911530494689941e-02 -3.238749504089355469e-02 -3.229832649230957031e-02 -3.242060542106628418e-02 -3.249201178550720215e-02 -3.250899910926818848e-02 -3.234827518463134766e-02 -3.243964910507202148e-02
2.961497228895396683e-01 1.923531293869018555e-03 1.851379871368408203e-03 1.991629600524902344e-03 1.914530992507934570e-03 1.809686422348022461e-03 2.042740583419799805e-03 2.094835042953491211e-03 2.217769622802734375e-03 1.763492822647094727e-03 1.844823360443115234e-03
3.026024848749275242e-01 2.576175332069396973e-02 2.590283751487731934e-02 2.581223845481872559e-02 2.584561705589294434e-02 2.585703134536743164e-02 2.570044994354248047e-02 2.577832341194152832e-02 2.568468451499938965e-02 2.590250968933105469e-02 2.588999271392822266e-02
3.090552468603154357e-01 -2.091455459594726562e-02 -2.089217305183410645e-02 -2.100333571434020996e-02 -2.093347907066345215e-02 -2.082544565200805664e-02 -2.102148532867431641e-02 -2.104610204696655273e-02 -2.112701535224914551e-02 -2.084717154502868652e-02 -2.093639969825744629e-02
3.155080088457033471e-01 -1.290768384933471680e-02 -1.295298337936401367e-02 -1.285776495933532715e-02 -1.295730471611022949e-02 -1.295691728591918945e-02 -1.275223493576049805e-02 -1.272919774055480957e-02 -1.266935467720031738e-02 -1.299130916595458984e-02 -1.291570067405700684e-02
3.219607708310912586e-01 2.464729547500610352e-02 2.463853359222412109e-02 2.469691634178161621e-02 2.467954158782958984e-02 2.461802959442138672e-02 2.463322877883911133e-02 2.465179562568664551e-02 2.470064163208007812e-02 2.464121580123901367e-02 2.466383576393127441e-02
3.284135328164791701e-01 -3.872424364089965820e-03 -3.829121589660644531e-03 -3.882288932800292969e-03 -3.865599632263183594e-03 -3.787994384765625000e-03 -3.960102796554565430e-03 -3.959566354751586914e-03 -4.048705101013183594e-03 -3.746449947357177734e-03 -3.822863101959228516e-03
3.348662948018670260e-01 -1.902401447296142578e-02 -1.905319094657897949e-02 -1.906558871269226074e-02 -1.906111836433410645e-02 -1.905164122581481934e-02 -1.903346180915832520e-02 -1.902595162391662598e-02 -1.905065774917602539e-02 -1.912638545036315918e-02 -1.911643147468566895e-02
3.413190567872549375e-01 1.253598928451538086e-02 1.251035928726196289e-02 1.255244016647338867e-02 1.251837611198425293e-02 1.246437430381774902e-02 1.258638501167297363e-02 1.259437203407287598e-02 1.267385482788085938e-02 1.247912645339965820e-02 1.252967119216918945e-02
3.477718187726428489e-01 1.037710905075073242e-02 1.042902469635009766e-02 1.040232181549072266e-02 1.040962338447570801e-02 1.038891077041625977e-02 1.031678915023803711e-02 1.032888889312744141e-02 1.027217507362365723e-02 1.047354936599731445e-02 1.042896509170532227e-02
3.542245807580307604e-01 -1.477739214897155762e-02 -1.471957564353942871e-02 -1.475226879119873047e-02 -1.474615931510925293e-02 -1.473969221115112305e-02 -1.479399204254150391e-02 -1.479667425155639648e-02 -1.484060287475585938e-02 -1.474586129188537598e-02 -1.474747061729431152e-02
3.606773427434186718e-01 -1.913070678710937500e-03 -1.945167779922485352e-03 -1.935601234436035156e-03 -1.972317695617675781e-03 -1.961499452590942383e-03 -1.873046159744262695e-03 -1.849353313446044922e-03 -1.779228448867797852e-03 -1.999825239181518555e-03 -1.937270164489746094e-03
3.671301047288065833e-01 1.494771242141723633e-02 1.498249173164367676e-02 1.498243212699890137e-02 1.494696736335754395e-02 1.495936512947082520e-02 1.495194435119628906e-02 1.496097445487976074e-02 1.494920253753662109e-02 1.497051119804382324e-02 1.495850086212158203e-02
3.735828667141944948e-01 -5.040615797042846680e-03 -4.990279674530029297e-03 -5.030870437622070312e-03 -5.013287067413330078e-03 -4.987061023712158203e-03 -5.069136619567871094e-03 -5.079805850982666016e-03 -5.146116018295288086e-03 -4.953265190124511719e-03 -4.969269037246704102e-03
3.800356286995824062e-01 -1.118975877761840820e-02 -1.129871606826782227e-02 -1.125535368919372559e-02 -1.127740740776062012e-02 -1.128131151199340820e-02 -1.118898391723632812e-02 -1.121103763580322266e-02 -1.115778088569641113e-02 -1.129761338233947754e-02 -1.131349802017211914e-02
3.864883906849703177e-01 1.225030422210693359e-02 1.222756505012512207e-02 1.227432489395141602e-02 1.223504543304443359e-02 1.220139861106872559e-02 1.227217912673950195e-02 1.230606436729431152e-02 1.235562562942504883e-02 1.221486926078796387e-02 1.225501298904418945e-02
3.929411526703582291e-01 6.348967552185058594e-03 6.388694047927856445e-03 6.377339363098144531e-03 6.418496370315551758e-03 6.395101547241210938e-03 6.327569484710693359e-03 6.296008825302124023e-03 6.260484457015991211e-03 6.430804729461669922e-03 6.424844264984130859e-03
3.993939146557460851e-01 -1.588121056556701660e-02 -1.590350270271301270e-02 -1.590695977210998535e-02 -1.589584350585937500e-02 -1.588547229766845703e-02 -1.591807603836059570e-02 -1.591464877128601074e-02 -1.594048738479614258e-02 -1.589491963386535645e-02 -1.591166853904724121e-02
4.058466766411339965e-01 3.583252429962158203e-03 3.533869981765747070e-03 3.573447465896606445e-03 3.542244434356689453e-03 3.509879112243652344e-03 3.651827573776245117e-03 3.656864166259765625e-03 3.725618124008178711e-03 3.481179475784301758e-03 3.551542758941650391e-03
4.122994386265219080e-01 1.385232806205749512e-02 1.390579342842102051e-02 1.390239596366882324e-02 1.389226317405700684e-02 1.388388872146606445e-02 1.386699080467224121e-02 1.387253403663635254e-02 1.385965943336486816e-02 1.394262909889221191e-02 1.394340395927429199e-02
4.187522006119098195e-01 -1.153707504272460938e-02 -1.152944564819335938e-02 -1.154825091361999512e-02 -1.153197884559631348e-02 -1.148799061775207520e-02 -1.158773899078369141e-02 -1.160445809364318848e-02 -1.164728403091430664e-02 -1.148849725723266602e-02 -1.153531670570373535e-02
4.252049625972976754e-01 -6.588488817214965820e-03 -6.656348705291748047e-03 -6.632655858993530273e-03 -6.633639335632324219e-03 -6.629675626754760742e-03 -6.558656692504882812e-03 -6.531804800033569336e-03 -6.480693817138671875e-03 -6.673246622085571289e-03 -6.659179925918579102e-03
4.316577245826856424e-01 1.449665427207946777e-02 1.447528600692749023e-02 1.447495818138122559e-02 1.446589827537536621e-02 1.447433233261108398e-02 1.449888944625854492e-02 1.447618007659912109e-02 1.451233029365539551e-02 1.449218392372131348e-02 1.448196172714233398e-02
4.381104865680734983e-01 -3.316968679428100586e-03 -3.274142742156982422e-03 -3.314435482025146484e-03 -3.241032361984252930e-03 -3.292798995971679688e-03 -3.357529640197753906e-03 -3.396481275558471680e-03 -3.436893224716186523e-03 -3.243625164031982422e-03 -3.303855657577514648e-03
4.445632485534614098e-01 -1.181665062904357910e-02 -1.189541816711425781e-02 -1.183584332466125488e-02 -1.184681057929992676e-02 -1.185289025306701660e-02 -1.180231571197509766e-02 -1.179704070091247559e-02 -1.177260279655456543e-02 -1.187536120414733887e-02 -1.184761524200439453e-02
4.510160105388493212e-01 9.905040264129638672e-03 9.878784418106079102e-03 9.903997182846069336e-03 9.881556034088134766e-03 9.857386350631713867e-03 9.930044412612915039e-03 9.928196668624877930e-03 9.975582361221313477e-03 9.867578744888305664e-03 9.888470172882080078e-03
4.574687725242372327e-01 3.473520278930664062e-03 3.539800643920898438e-03 3.489077091217041016e-03 3.525495529174804688e-03 3.522962331771850586e-03 3.421276807785034180e-03 3.424555063247680664e-03 3.393471240997314453e-03 3.524154424667358398e-03 3.529638051986694336e-03
4.639215345096251442e-01 -1.183560490608215332e-02 -1.183801889419555664e-02 -1.185458898544311523e-02 -1.182380318641662598e-02 -1.182726025581359863e-02 -1.184025406837463379e-02 -1.186412572860717773e-02 -1.186203956604003906e-02 -1.184341311454772949e-02 -1.185843348503112793e-02
4.703742964950130556e-01 1.589089632034301758e-03 1.542150974273681641e-03 1.557499170303344727e-03 1.524835824966430664e-03 1.542896032333374023e-03 1.627355813980102539e-03 1.629829406738281250e-03 1.680433750152587891e-03 1.518607139587402344e-03 1.522123813629150391e-03
4.768270584804009671e-01 1.000925898551940918e-02 1.003375649452209473e-02 1.000365614891052246e-02 1.002046465873718262e-02 1.003080606460571289e-02 9.988188743591308594e-03 9.986698627471923828e-03 9.956270456314086914e-03 1.006424427032470703e-02 1.003432273864746094e-02
4.832798204657888230e-01 -7.493644952774047852e-03 -7.452815771102905273e-03 -7.488608360290527344e-03 -7.480949163436889648e-03 -7.448077201843261719e-03 -7.518529891967773438e-03 -7.514119148254394531e-03 -7.563143968582153320e-03 -7.445484399795532227e-03 -7.457882165908813477e-03
4.897325824511767345e-01 -6.123512983322143555e-03 -6.161898374557495117e-03 -6.150066852569580078e-03 -6.168752908706665039e-03 -6.157308816909790039e-03 -6.149917840957641602e-03 -6.118506193161010742e-03 -6.096124649047851562e-03 -6.223201751708984375e-03 -6.190210580825805664e-03
4.961853444365646459e-01 9.910881519317626953e-03 9.909123182296752930e-03 9.903222322463989258e-03 9.887754917144775391e-03 9.889721870422363281e-03 9.916871786117553711e-03 9.921044111251831055e-03 9.921342134475708008e-03 9.875565767288208008e-03 9.897381067276000977e-03
5.026381064219525019e-01 7.337331771850585938e-05 1.005530357360839844e-04 1.016557216644287109e-04 1.273751258850097656e-04 9.688735008239746094e-05 4.178285598754882812e-05 3.796815872192382812e-05 -2.223253250122070312e-05 1.341700553894042969e-04 1.150369644165039062e-04
5.090908684073405244e-01 -9.248375892639160156e-03 -9.227186441421508789e-03 -9.215295314788818359e-03 -9.233981370925903320e-03 -9.205937385559082031e-03 -9.224116802215576172e-03 -9.230434894561767578e-03 -9.189695119857788086e-03 -9.236693382263183594e-03 -9.213894605636596680e-03
5.155436303927283248e-01 5.939334630966186523e-03 5.902200937271118164e-03 5.908191204071044922e-03 5.897074937820434570e-03 5.920648574829101562e-03 5.944222211837768555e-03 5.970120429992675781e-03 5.986988544464111328e-03 5.890071392059326172e-03 5.913943052291870117e-03
5.219963923781163473e-01 5.513846874237060547e-03 5.576878786087036133e-03 5.554139614105224609e-03 5.576640367507934570e-03 5.550265312194824219e-03 5.494445562362670898e-03 5.467385053634643555e-03 5.463182926177978516e-03 5.580544471740722656e-03 5.541115999221801758e-03
5.284491543635041477e-01 -9.031802415847778320e-03 -9.019821882247924805e-03 -9.031623601913452148e-03 -9.033322334289550781e-03 -9.010732173919677734e-03 -9.015977382659912109e-03 -9.037196636199951172e-03 -9.066343307495117188e-03 -9.018659591674804688e-03 -9.029984474182128906e-03
5.349019163488920592e-01 1.699000597000122070e-03 1.635968685150146484e-03 1.676350831985473633e-03 1.665383577346801758e-03 1.663833856582641602e-03 1.737207174301147461e-03 1.719236373901367188e-03 1.752406358718872070e-03 1.647144556045532227e-03 1.657515764236450195e-03
5.413546783342799706e-01 7.737100124359130859e-03 7.729411125183105469e-03 7.715731859207153320e-03 7.724851369857788086e-03 7.726758718490600586e-03 7.714390754699707031e-03 7.720351219177246094e-03 7.709890604019165039e-03 7.773727178573608398e-03 7.764846086502075195e-03
5.478074403196678821e-01 -4.843741655349731445e-03 -4.826366901397705078e-03 -4.847288131713867188e-03 -4.821300506591796875e-03 -4.821181297302246094e-03 -4.886448383331298828e-03 -4.899621009826660156e-03 -4.925757646560668945e-03 -4.821985960006713867e-03 -4.831969738006591797e-03
5.542602023050557936e-01 -4.171848297119140625e-03 -4.221856594085693359e-03 -4.210561513900756836e-03 -4.216998815536499023e-03 -4.212498664855957031e-03 -4.176557064056396484e-03 -4.170775413513183594e-03 -4.127860069274902344e-03 -4.248678684234619141e-03 -4.230529069900512695e-03
5.607129642904437050e-01 7.348418235778808594e-03 7.341742515563964844e-03 7.354021072387695312e-03 7.339984178543090820e-03 7.321327924728393555e-03 7.337689399719238281e-03 7.353931665420532227e-03 7.369786500930786133e-03 7.321715354919433594e-03 7.343620061874389648e-03
5.671657262758316165e-01 5.277395248413085938e-04 5.375742912292480469e-04 5.456805229187011719e-04 5.604624748229980469e-04 5.516409873962402344e-04 5.153119564056396484e-04 4.963278770446777344e-04 4.951953887939453125e-04 5.811154842376708984e-04 5.623400211334228516e-04
5.736184882612194169e-01 -6.469249725341796875e-03 -6.485909223556518555e-03 -6.472796201705932617e-03 -6.476789712905883789e-03 -6.473898887634277344e-03 -6.463974714279174805e-03 -6.464391946792602539e-03 -6.442338228225708008e-03 -6.484061479568481445e-03 -6.461828947067260742e-03
5.800712502466074394e-01 3.611892461776733398e-03 3.629595041275024414e-03 3.620326519012451172e-03 3.599405288696289062e-03 3.632187843322753906e-03 3.654658794403076172e-03 3.657162189483642578e-03 3.693640232086181641e-03 3.601461648941040039e-03 3.615677356719970703e-03
5.865240122319952398e-01 4.089832305908203125e-03 4.092812538146972656e-03 4.095286130905151367e-03 4.096388816833496094e-03 4.078745841979980469e-03 4.063516855239868164e-03 4.076838493347167969e-03 4.036366939544677734e-03 4.115521907806396484e-03 4.067927598953247070e-03
5.929767742173832623e-01 -6.256043910980224609e-03 -6.244271993637084961e-03 -6.240993738174438477e-03 -6.219714879989624023e-03 -6.245046854019165039e-03 -6.255924701690673828e-03 -6.272017955780029297e-03 -6.273657083511352539e-03 -6.239444017410278320e-03 -6.249845027923583984e-03
5.994295362027710627e-01 -3.048479557037353516e-04 -3.136694431304931641e-04 -3.208220005035400391e-04 -3.189444541931152344e-04 -3.020465373992919922e-04 -2.630054950714111328e-04 -2.457201480865478516e-04 -2.396404743194580078e-04 -3.213584423065185547e-04 -3.088712692260742188e-04
6.058822981881590852e-01 6.098419427871704102e-03 6.110906600952148438e-03 6.095916032791137695e-03 6.105840206146240234e-03 6.116867065429687500e-03 6.086617708206176758e-03 6.089955568313598633e-03 6.087124347686767578e-03 6.112754344940185547e-03 6.108969449996948242e-03
6.123350601735468857e-01 -4.112631082534790039e-03 -4.070401191711425781e-03 -4.080712795257568359e-03 -4.093110561370849609e-03 -4.081994295120239258e-03 -4.132777452468872070e-03 -4.118621349334716797e-03 -4.129856824874877930e-03 -4.070907831192016602e-03 -4.089802503585815430e-03
6.187878221589347971e-01 -3.232628107070922852e-03 -3.253877162933349609e-03 -3.232359886169433594e-03 -3.254324197769165039e-03 -3.241091966629028320e-03 -3.229111433029174805e-03 -3.232598304748535156e-03 -3.208309412002563477e-03 -3.284633159637451172e-03 -3.257185220718383789e-03
6.252405841443227086e-01 5.027741193771362305e-03 5.017936229705810547e-03 5.026191473007202148e-03 5.019843578338623047e-03 5.026221275329589844e-03 5.061805248260498047e-03 5.056798458099365234e-03 5.058526992797851562e-03 5.004405975341796875e-03 5.038410425186157227e-03
6.316933461297106200e-01 1.128911972045898438e-04 1.534819602966308594e-04 1.478195190429687500e-04 1.614689826965332031e-04 1.718103885650634766e-04 1.227259635925292969e-04 1.398921012878417969e-04 8.714199066162109375e-05 1.701414585113525391e-04 1.734495162963867188e-04
6.381461081150985315e-01 -5.070298910140991211e-03 -5.066633224487304688e-03 -5.073755979537963867e-03 -5.059540271759033203e-03 -5.065739154815673828e-03 -5.057722330093383789e-03 -5.080997943878173828e-03 -5.058914422988891602e-03 -5.068451166152954102e-03 -5.072802305221557617e-03
6.445988701004864430e-01 2.287209033966064453e-03 2.286404371261596680e-03 2.274602651596069336e-03 2.268999814987182617e-03 2.271234989166259766e-03 2.303987741470336914e-03 2.302646636962890625e-03 2.295613288879394531e-03 2.227723598480224609e-03 2.261519432067871094e-03
6.510516320858743544e-01 2.735495567321777344e-03 2.754300832748413086e-03 2.728939056396484375e-03 2.758085727691650391e-03 2.737075090408325195e-03 2.716958522796630859e-03 2.714097499847412109e-03 2.704411745071411133e-03 2.756148576736450195e-03 2.744704484939575195e-03
6.575043940712622659e-01 -4.151552915573120117e-03 -4.179120063781738281e-03 -4.158854484558105469e-03 -4.154294729232788086e-03 -4.174888134002685547e-03 -4.176259040832519531e-03 -4.164069890975952148e-03 -4.174888134002685547e-03 -4.151672124862670898e-03 -4.161715507507324219e-03
6.639571560566501773e-01 -2.898871898651123047e-04 -2.947747707366943359e-04 -2.889633178710937500e-04 -3.060102462768554688e-04 -2.952516078948974609e-04 -2.713799476623535156e-04 -2.641677856445312500e-04 -2.501606941223144531e-04 -3.050863742828369141e-04 -2.963542938232421875e-04
6.704099180420379778e-01 4.021584987640380859e-03 4.026621580123901367e-03 4.018604755401611328e-03 4.022061824798583984e-03 4.022687673568725586e-03 4.027903079986572266e-03 4.022449254989624023e-03 3.994494676589965820e-03 4.030644893646240234e-03 4.018604755401611328e-03
6.768626800274260003e-01 -2.022176980972290039e-03 -1.994252204895019531e-03 -1.993417739868164062e-03 -1.970887184143066406e-03 -2.006590366363525391e-03 -2.031892538070678711e-03 -2.035290002822875977e-03 -2.045035362243652344e-03 -2.003490924835205078e-03 -2.008080482482910156e-03
6.833154420128139117e-01 -2.387613058090209961e-03 -2.383351325988769531e-03 -2.390652894973754883e-03 -2.404272556304931641e-03 -2.407014369964599609e-03 -2.383351325988769531e-03 -2.376556396484375000e-03 -2.381861209869384766e-03 -2.419799566268920898e-03 -2.406507730484008789e-03
6.897682039982017121e-01 3.317952156066894531e-03 3.311008214950561523e-03 3.310829401016235352e-03 3.322333097457885742e-03 3.316342830657958984e-03 3.306329250335693359e-03 3.336906433105468750e-03 3.319948911666870117e-03 3.314524888992309570e-03 3.330230712890625000e-03
6.962209659835896236e-01 1.491606235504150391e-04 1.584887504577636719e-04 1.547336578369140625e-04 1.689791679382324219e-04 1.718401908874511719e-04 1.506507396697998047e-04 1.374483108520507812e-04 1.449882984161376953e-04 1.820325851440429688e-04 1.636743545532226562e-04
7.026737279689775351e-01 -2.887785434722900391e-03 -2.889245748519897461e-03 -2.885669469833374023e-03 -2.890318632125854492e-03 -2.875119447708129883e-03 -2.881944179534912109e-03 -2.885162830352783203e-03 -2.903193235397338867e-03 -2.870768308639526367e-03 -2.893030643463134766e-03
7.091264899543654465e-01 1.274585723876953125e-03 1.258313655853271484e-03 1.255631446838378906e-03 1.260608434677124023e-03 1.244783401489257812e-03 1.271069049835205078e-03 1.267910003662109375e-03 1.280784606933593750e-03 1.251548528671264648e-03 1.261264085769653320e-03
7.155792519397533580e-01 2.119719982147216797e-03 2.108663320541381836e-03 2.119392156600952148e-03 2.100974321365356445e-03 2.106219530105590820e-03 2.107560634613037109e-03 2.106100320816040039e-03 2.096712589263916016e-03 2.095669507980346680e-03 2.098977565765380859e-03
7.220320139251412694e-01 -2.154797315597534180e-03 -2.145826816558837891e-03 -2.146542072296142578e-03 -2.150326967239379883e-03 -2.151161432266235352e-03 -2.166092395782470703e-03 -2.167135477066040039e-03 -2.149373292922973633e-03 -2.128094434738159180e-03 -2.148568630218505859e-03
7.284847759105291809e-01 -5.895197391510009766e-04 -6.202757358551025391e-04 -6.031990051269531250e-04 -6.017088890075683594e-04 -6.085634231567382812e-04 -5.781054496765136719e-04 -5.909502506256103516e-04 -5.741715431213378906e-04 -5.991756916046142578e-04 -5.900859832763671875e-04
7.349375378959170924e-01 2.543509006500244141e-03 2.585947513580322266e-03 2.569317817687988281e-03 2.556025981903076172e-03 2.572238445281982422e-03 2.564281225204467773e-03 2.568691968917846680e-03 2.564460039138793945e-03 2.571880817413330078e-03 2.569913864135742188e-03
7.413902998813050038e-01 -7.107555866241455078e-04 -7.010102272033691406e-04 -6.994307041168212891e-04 -6.978213787078857422e-04 -7.099509239196777344e-04 -7.115304470062255859e-04 -7.230937480926513672e-04 -7.343888282775878906e-04 -7.056891918182373047e-04 -6.990134716033935547e-04
7.478430618666929153e-01 -2.199083566665649414e-03 -2.208948135375976562e-03 -2.208560705184936523e-03 -2.193748950958251953e-03 -2.191871404647827148e-03 -2.216041088104248047e-03 -2.211064100265502930e-03 -2.195596694946289062e-03 -2.201348543167114258e-03 -2.216041088104248047e-03
7.542958238520808267e-01 1.766532659530639648e-03 1.763671636581420898e-03 1.772165298461914062e-03 1.751452684402465820e-03 1.771181821823120117e-03 1.768946647644042969e-03 1.771628856658935547e-03 1.774549484252929688e-03 1.762568950653076172e-03 1.769781112670898438e-03
7.607485858374687382e-01 9.477734565734863281e-04 9.338855743408203125e-04 9.473860263824462891e-04 9.469985961914062500e-04 9.449124336242675781e-04 9.322762489318847656e-04 9.283721446990966797e-04 9.288787841796875000e-04 9.592473506927490234e-04 9.533166885375976562e-04
7.672013478228566496e-01 -2.309054136276245117e-03 -2.308636903762817383e-03 -2.304732799530029297e-03 -2.323895692825317383e-03 -2.297073602676391602e-03 -2.301663160324096680e-03 -2.295643091201782227e-03 -2.302497625350952148e-03 -2.308696508407592773e-03 -2.301633358001708984e-03
7.736541098082445611e-01 8.511245250701904297e-04 8.550882339477539062e-04 8.581876754760742188e-04 8.444786071777343750e-04 8.516907691955566406e-04 8.622705936431884766e-04 8.739829063415527344e-04 8.661448955535888672e-04 8.409917354583740234e-04 8.608698844909667969e-04
7.801068717936323615e-01 1.993089914321899414e-03 2.018183469772338867e-03 2.001971006393432617e-03 2.013921737670898438e-03 1.997023820877075195e-03 1.992583274841308594e-03 1.989781856536865234e-03 2.001225948333740234e-03 1.998186111450195312e-03 2.001017332077026367e-03
7.865596337790202730e-01 -1.317054033279418945e-03 -1.321345567703247070e-03 -1.321882009506225586e-03 -1.323878765106201172e-03 -1.325398683547973633e-03 -1.335918903350830078e-03 -1.325458288192749023e-03 -1.340210437774658203e-03 -1.319885253906250000e-03 -1.325726509094238281e-03
7.930123957644081845e-01 -5.660653114318847656e-04 -5.703568458557128906e-04 -5.612373352050781250e-04 -5.623400211334228516e-04 -5.725622177124023438e-04 -5.501806735992431641e-04 -5.630552768707275391e-04 -5.594789981842041016e-04 -5.757510662078857422e-04 -5.650520324707031250e-04
7.994651577497960959e-01 1.723200082778930664e-03 1.717299222946166992e-03 1.715570688247680664e-03 1.708149909973144531e-03 1.719474792480468750e-03 1.725137233734130859e-03 1.719534397125244141e-03 1.731067895889282227e-03 1.720756292343139648e-03 1.728326082229614258e-03
8.059179197351840074e-01 -5.612075328826904297e-04 -5.484819412231445312e-04 -5.403459072113037109e-04 -5.347728729248046875e-04 -5.424022674560546875e-04 -5.591809749603271484e-04 -5.575418472290039062e-04 -5.713105201721191406e-04 -5.485713481903076172e-04 -5.439817905426025391e-04
8.123706817205719188e-01 -1.824736595153808594e-03 -1.844704151153564453e-03 -1.819491386413574219e-03 -1.823186874389648438e-03 -1.852154731750488281e-03 -1.824647188186645508e-03 -1.824766397476196289e-03 -1.824229955673217773e-03 -1.839876174926757812e-03 -1.826226711273193359e-03
8.188234437059598303e-01 1.481950283050537109e-03 1.471042633056640625e-03 1.469403505325317383e-03 1.465737819671630859e-03 1.460522413253784180e-03 1.456856727600097656e-03 1.472920179367065430e-03 1.490384340286254883e-03 1.457333564758300781e-03 1.475542783737182617e-03
8.252762056913477418e-01 6.245970726013183594e-04 6.594657897949218750e-04 6.440281867980957031e-04 6.523728370666503906e-04 6.362199783325195312e-04 6.404817104339599609e-04 6.345510482788085938e-04 6.301999092102050781e-04 6.476342678070068359e-04 6.402432918548583984e-04
8.317289676767356532e-01 -2.027541399002075195e-03 -2.027153968811035156e-03 -2.019912004470825195e-03 -2.014607191085815430e-03 -2.039998769760131836e-03 -2.052038908004760742e-03 -2.020597457885742188e-03 -2.045363187789916992e-03 -2.029985189437866211e-03 -2.028554677963256836e-03
8.381817296621235647e-01 7.142126560211181641e-04 7.107853889465332031e-04 6.927251815795898438e-04 7.013082504272460938e-04 6.929039955139160156e-04 7.065534591674804688e-04 7.028281688690185547e-04 7.130801677703857422e-04 7.033050060272216797e-04 6.965398788452148438e-04
8.446344916475114761e-01 1.389056444168090820e-03 1.377761363983154297e-03 1.373589038848876953e-03 1.386880874633789062e-03 1.381158828735351562e-03 1.362919807434082031e-03 1.372307538986206055e-03 1.362621784210205078e-03 1.381456851959228516e-03 1.374512910842895508e-03
8.510872536328993876e-01 -1.260697841644287109e-03 -1.245975494384765625e-03 -1.243412494659423828e-03 -1.240789890289306641e-03 -1.240104436874389648e-03 -1.244306564331054688e-03 -1.253336668014526367e-03 -1.253843307495117188e-03 -1.241445541381835938e-03 -1.251816749572753906e-03
8.575400156182872990e-01 -5.335211753845214844e-04 -5.253553390502929688e-04 -5.370080471038818359e-04 -5.321204662322998047e-04 -5.460679531097412109e-04 -5.025863647460937500e-04 -5.253553390502929688e-04 -5.102157592773437500e-04 -5.379915237426757812e-04 -5.269348621368408203e-04
8.639927776036752105e-01 1.094698905944824219e-03 1.108735799789428711e-03 1.096308231353759766e-03 1.117676496505737305e-03 1.107335090637207031e-03 1.095086336135864258e-03 1.100122928619384766e-03 1.099616289138793945e-03 1.105517148971557617e-03 1.106500625610351562e-03
8.704455395890630109e-01 -6.930530071258544922e-04 -6.827712059020996094e-04 -6.685256958007812500e-04 -6.836354732513427734e-04 -6.776452064514160156e-04 -6.791651248931884766e-04 -6.853342056274414062e-04 -6.932020187377929688e-04 -6.732940673828125000e-04 -6.794333457946777344e-04
8.768983015744509224e-01 -6.990730762481689453e-04 -7.057189941406250000e-04 -6.928741931915283203e-04 -6.909668445587158203e-04 -6.969571113586425781e-04 -7.023811340332031250e-04 -6.850957870483398438e-04 -6.884932518005371094e-04 -7.111430168151855469e-04 -7.006525993347167969e-04
8.833510635598388339e-01 1.134872436523437500e-03 1.127332448959350586e-03 1.118302345275878906e-03 1.116126775741577148e-03 1.119762659072875977e-03 1.121252775192260742e-03 1.120537519454956055e-03 1.117348670959472656e-03 1.125186681747436523e-03 1.127630472183227539e-03
8.898038255452267453e-01 -2.400875091552734375e-04 -2.482533454895019531e-04 -2.440214157104492188e-04 -2.357661724090576172e-04 -2.444982528686523438e-04 -2.454817295074462891e-04 -2.535879611968994141e-04 -2.489686012268066406e-04 -2.343654632568359375e-04 -2.396702766418457031e-04
8.962565875306146568e-01 -8.684694766998291016e-04 -8.629262447357177734e-04 -8.585453033447265625e-04 -8.536875247955322266e-04 -8.751153945922851562e-04 -8.446574211120605469e-04 -8.477270603179931641e-04 -8.536577224731445312e-04 -8.569657802581787109e-04 -8.510351181030273438e-04
9.027093495160025682e-01 1.121819019317626953e-03 1.102983951568603516e-03 1.096308231353759766e-03 1.098334789276123047e-03 1.113384962081909180e-03 1.099973917007446289e-03 1.109749078750610352e-03 1.114189624786376953e-03 1.094639301300048828e-03 1.101344823837280273e-03
9.091621115013904797e-01 -4.625022411346435547e-04 -4.679262638092041016e-04 -4.699230194091796875e-04 -4.505515098571777344e-04 -4.600584506988525391e-04 -4.695355892181396484e-04 -4.623234272003173828e-04 -4.837512969970703125e-04 -4.464983940124511719e-04 -4.510283470153808594e-04
9.156148734867783912e-01 -6.063878536224365234e-04 -6.059408187866210938e-04 -5.962550640106201172e-04 -6.032288074493408203e-04 -6.111264228820800781e-04 -6.082653999328613281e-04 -6.002485752105712891e-04 -6.028711795806884766e-04 -6.162226200103759766e-04 -6.124377250671386719e-04
9.220676354721663026e-01 1.745998859405517578e-03 1.747518777847290039e-03 1.743108034133911133e-03 1.754730939865112305e-03 1.738995313644409180e-03 1.730859279632568359e-03 1.747965812683105469e-03 1.748085021972656250e-03 1.742184162139892578e-03 1.723676919937133789e-03
9.285203974575542141e-01 -1.710653305053710938e-03 -1.720368862152099609e-03 -1.710027456283569336e-03 -1.705497503280639648e-03 -1.694858074188232422e-03 -1.721799373626708984e-03 -1.724481582641601562e-03 -1.729875802993774414e-03 -1.710832118988037109e-03 -1.697719097137451172e-03
9.349731594429421255e-01 -6.642639636993408203e-04 -6.671547889709472656e-04 -6.514191627502441406e-04 -6.825923919677734375e-04 -6.807744503021240234e-04 -6.530880928039550781e-04 -6.591379642486572266e-04 -6.373226642608642578e-04 -6.878674030303955078e-04 -6.806552410125732422e-04
9.414259214283300370e-01 2.957791090011596680e-03 2.957999706268310547e-03 2.977013587951660156e-03 2.968609333038330078e-03 2.961963415145874023e-03 2.953201532363891602e-03 2.954334020614624023e-03 2.950191497802734375e-03 2.963572740554809570e-03 2.968490123748779297e-03
9.478786834137179484e-01 -2.418607473373413086e-03 -2.410739660263061523e-03 -2.430409193038940430e-03 -2.397984266281127930e-03 -2.394109964370727539e-03 -2.414196729660034180e-03 -2.430200576782226562e-03 -2.444595098495483398e-03 -2.378910779953002930e-03 -2.385467290878295898e-03
9.543314453991058599e-01 -1.531332731246948242e-03 -1.528352499008178711e-03 -1.514405012130737305e-03 -1.525729894638061523e-03 -1.560091972351074219e-03 -1.545727252960205078e-03 -1.517117023468017578e-03 -1.512229442596435547e-03 -1.557171344757080078e-03 -1.566350460052490234e-03
9.607842073844936603e-01 4.255563020706176758e-03 4.262834787368774414e-03 4.263252019882202148e-03 4.246830940246582031e-03 4.255533218383789062e-03 4.252463579177856445e-03 4.266977310180664062e-03 4.259347915649414062e-03 4.272460937500000000e-03 4.271894693374633789e-03
9.672369693698815718e-01 -2.763330936431884766e-03 -2.797365188598632812e-03 -2.806127071380615234e-03 -2.773821353912353516e-03 -2.785384654998779297e-03 -2.808481454849243164e-03 -2.823919057846069336e-03 -2.843290567398071289e-03 -2.767682075500488281e-03 -2.782255411148071289e-03
9.736897313552694833e-01 -2.293556928634643555e-03 -2.269744873046875000e-03 -2.249896526336669922e-03 -2.281934022903442383e-03 -2.288371324539184570e-03 -2.231985330581665039e-03 -2.243727445602416992e-03 -2.237081527709960938e-03 -2.312332391738891602e-03 -2.289354801177978516e-03
9.801424933406573947e-01 5.638152360916137695e-03 5.641967058181762695e-03 5.657583475112915039e-03 5.640655755996704102e-03 5.650728940963745117e-03 5.674690008163452148e-03 5.655914545059204102e-03 5.654513835906982422e-03 5.661100149154663086e-03 5.662411451339721680e-03
9.865952553260453062e-01 -2.664655447006225586e-03 -2.678364515304565430e-03 -2.715766429901123047e-03 -2.673864364624023438e-03 -2.677708864212036133e-03 -2.726554870605468750e-03 -2.728968858718872070e-03 -2.753645181655883789e-03 -2.663701772689819336e-03 -2.696156501770019531e-03
9.930480173114332176e-01 -3.254264593124389648e-03 -3.253489732742309570e-03 -3.216087818145751953e-03 -3.249555826187133789e-03 -3.290921449661254883e-03 -3.213375806808471680e-03 -3.209322690963745117e-03 -3.206282854080200195e-03 -3.273993730545043945e-03 -3.271043300628662109e-03
9.995007792968211291e-01 5.915135145187377930e-03 5.930930376052856445e-03 5.927950143814086914e-03 5.944967269897460938e-03 5.932688713073730469e-03 5.930364131927490234e-03 5.929291248321533203e-03 5.924463272094726562e-03 5.930513143539428711e-03 5.944818258285522461e-03
1.005953541282209152e+00 -2.486914396286010742e-03 -2.492964267730712891e-03 -2.535343170166015625e-03 -2.492219209671020508e-03 -2.482742071151733398e-03 -2.528518438339233398e-03 -2.540022134780883789e-03 -2.546876668930053711e-03 -2.493381500244140625e-03 -2.515673637390136719e-03
1.012406303267596952e+00 -3.694385290145874023e-03 -3.696471452713012695e-03 -3.669083118438720703e-03 -3.704041242599487305e-03 -3.704071044921875000e-03 -3.668010234832763672e-03 -3.684997558593750000e-03 -3.661453723907470703e-03 -3.704309463500976562e-03 -3.729254007339477539e-03
1.018859065252984752e+00 5.484223365783691406e-03 5.501896142959594727e-03 5.517929792404174805e-03 5.510419607162475586e-03 5.485117435455322266e-03 5.495280027389526367e-03 5.488604307174682617e-03 5.525171756744384766e-03 5.502730607986450195e-03 5.531370639801025391e-03
1.025311827238372775e+00 -1.377850770950317383e-03 -1.384884119033813477e-03 -1.411527395248413086e-03 -1.407563686370849609e-03 -1.365363597869873047e-03 -1.417368650436401367e-03 -1.428544521331787109e-03 -1.451909542083740234e-03 -1.365333795547485352e-03 -1.399219036102294922e-03
1.031764589223760797e+00 -4.116684198379516602e-03 -4.135429859161376953e-03 -4.114776849746704102e-03 -4.126459360122680664e-03 -4.122108221054077148e-03 -4.121154546737670898e-03 -4.100292921066284180e-03 -4.082292318344116211e-03 -4.142224788665771484e-03 -4.144102334976196289e-03
1.038217351209148598e+00 4.335463047027587891e-03 4.335045814514160156e-03 4.344373941421508789e-03 4.326194524765014648e-03 4.319220781326293945e-03 4.341185092926025391e-03 4.352569580078125000e-03 4.364937543869018555e-03 4.333078861236572266e-03 4.343569278717041016e-03
1.044670113194536398e+00 4.912018775939941406e-04 4.867017269134521484e-04 4.688799381256103516e-04 4.947185516357421875e-04 4.835128784179687500e-04 4.571974277496337891e-04 4.364848136901855469e-04 4.160106182098388672e-04 4.870295524597167969e-04 4.698038101196289062e-04
1.051122875179924421e+00 -3.850728273391723633e-03 -3.834813833236694336e-03 -3.801286220550537109e-03 -3.841638565063476562e-03 -3.834158182144165039e-03 -3.802001476287841797e-03 -3.815889358520507812e-03 -3.809422254562377930e-03 -3.825247287750244141e-03 -3.819108009338378906e-03
1.057575637165312221e+00 2.486437559127807617e-03 2.480179071426391602e-03 2.490699291229248047e-03 2.470552921295166016e-03 2.467453479766845703e-03 2.501159906387329102e-03 2.506136894226074219e-03 2.515584230422973633e-03 2.471327781677246094e-03 2.492278814315795898e-03
1.064028399150700022e+00 1.289069652557373047e-03 1.273155212402343750e-03 1.253485679626464844e-03 1.260459423065185547e-03 1.282244920730590820e-03 1.254260540008544922e-03 1.243263483047485352e-03 1.245647668838500977e-03 1.269400119781494141e-03 1.270651817321777344e-03
1.070481161136088044e+00 -3.181457519531250000e-03 -3.171205520629882812e-03 -3.159135580062866211e-03 -3.186553716659545898e-03 -3.179401159286499023e-03 -3.173917531967163086e-03 -3.159672021865844727e-03 -3.178924322128295898e-03 -3.171831369400024414e-03 -3.180563449859619141e-03
1.076933923121476067e+00 1.817077398300170898e-03 1.802444458007812500e-03 1.815229654312133789e-03 1.810699701309204102e-03 1.793444156646728516e-03 1.835644245147705078e-03 1.824796199798583984e-03 1.836001873016357422e-03 1.817911863327026367e-03 1.818627119064331055e-03
1.083386685106863867e+00 1.547694206237792969e-03 1.551926136016845703e-03 1.533061265945434570e-03 1.536965370178222656e-03 1.554429531097412109e-03 1.538544893264770508e-03 1.543372869491577148e-03 1.548409461975097656e-03 1.572459936141967773e-03 1.541942358016967773e-03
1.089839447092251667e+00 -2.394914627075195312e-03 -2.407193183898925781e-03 -2.389818429946899414e-03 -2.400547266006469727e-03 -2.394765615463256836e-03 -2.398550510406494141e-03 -2.407789230346679688e-03 -2.408415079116821289e-03 -2.386450767517089844e-03 -2.396702766418457031e-03
1.096292209077639690e+00 2.746880054473876953e-04 2.847611904144287109e-04 2.957284450531005859e-04 2.792179584503173828e-04 2.574920654296875000e-04 2.721250057220458984e-04 2.851188182830810547e-04 3.168582916259765625e-04 2.745389938354492188e-04 2.838969230651855469e-04
1.102744971063027712e+00 1.390039920806884766e-03 1.368850469589233398e-03 1.367479562759399414e-03 1.374840736389160156e-03 1.374810934066772461e-03 1.355230808258056641e-03 1.370459794998168945e-03 1.360625028610229492e-03 1.385092735290527344e-03 1.371860504150390625e-03
1.109197733048415513e+00 -1.066535711288452148e-03 -1.093357801437377930e-03 -1.073896884918212891e-03 -1.081287860870361328e-03 -1.070529222488403320e-03 -1.081556081771850586e-03 -1.097679138183593750e-03 -1.090317964553833008e-03 -1.078754663467407227e-03 -1.080751419067382812e-03
1.115650495033803313e+00 -8.997619152069091797e-04 -8.939802646636962891e-04 -8.872449398040771484e-04 -9.109675884246826172e-04 -9.107589721679687500e-04 -8.996427059173583984e-04 -8.857846260070800781e-04 -8.780062198638916016e-04 -9.094476699829101562e-04 -8.981227874755859375e-04
1.122103257019191336e+00 1.257121562957763672e-03 1.227527856826782227e-03 1.223295927047729492e-03 1.199692487716674805e-03 1.210838556289672852e-03 1.217156648635864258e-03 1.208275556564331055e-03 1.206010580062866211e-03 1.210510730743408203e-03 1.213192939758300781e-03
1.128556019004579358e+00 -2.177655696868896484e-04 -2.133548259735107422e-04 -2.153515815734863281e-04 -2.258419990539550781e-04 -2.368688583374023438e-04 -2.365708351135253906e-04 -2.400875091552734375e-04 -2.363324165344238281e-04 -2.225935459136962891e-04 -2.157390117645263672e-04
1.135008780989967159e+00 -1.102924346923828125e-03 -1.105815172195434570e-03 -1.097917556762695312e-03 -1.098632812500000000e-03 -1.103252172470092773e-03 -1.111537218093872070e-03 -1.104444265365600586e-03 -1.097440719604492188e-03 -1.104980707168579102e-03 -1.105844974517822266e-03
1.141461542975354959e+00 4.746913909912109375e-04 4.747509956359863281e-04 4.799067974090576172e-04 4.847049713134765625e-04 4.701316356658935547e-04 4.858970642089843750e-04 4.748702049255371094e-04 4.761815071105957031e-04 4.748106002807617188e-04 4.752278327941894531e-04
1.147914304960742982e+00 5.079507827758789062e-04 5.189776420593261719e-04 5.143284797668457031e-04 5.158185958862304688e-04 5.248486995697021484e-04 5.127489566802978516e-04 5.100071430206298828e-04 5.185604095458984375e-04 5.226433277130126953e-04 5.171895027160644531e-04
1.154367066946130782e+00 -4.518330097198486328e-04 -4.452168941497802734e-04 -4.449188709259033203e-04 -4.523694515228271484e-04 -4.551112651824951172e-04 -4.462301731109619141e-04 -4.460811614990234375e-04 -4.466176033020019531e-04 -4.565119743347167969e-04 -4.512369632720947266e-04
1.160819828931518582e+00 -1.254677772521972656e-04 -1.372992992401123047e-04 -1.386404037475585938e-04 -1.362264156341552734e-04 -1.337826251983642578e-04 -1.355707645416259766e-04 -1.401007175445556641e-04 -1.385509967803955078e-04 -1.372694969177246094e-04 -1.310706138610839844e-04
1.167272590916906605e+00 5.294382572174072266e-04 5.399584770202636719e-04 5.203485488891601562e-04 5.365312099456787109e-04 5.198419094085693359e-04 5.343258380889892578e-04 5.285143852233886719e-04 5.404949188232421875e-04 5.307197570800781250e-04 5.310177803039550781e-04
1.173725352902294627e+00 -7.385015487670898438e-05 -7.060170173645019531e-05 -7.730722427368164062e-05 -8.100271224975585938e-05 -7.316470146179199219e-05 -7.218122482299804688e-05 -7.808208465576171875e-05 -8.162856101989746094e-05 -6.866455078125000000e-05 -6.568431854248046875e-05
1.180178114887682428e+00 -6.076395511627197266e-04 -5.947351455688476562e-04 -5.907118320465087891e-04 -5.965232849121093750e-04 -5.962252616882324219e-04 -5.912184715270996094e-04 -5.989074707031250000e-04 -5.962848663330078125e-04 -6.100535392761230469e-04 -6.027817726135253906e-04
1.186630876873070450e+00 4.278719425201416016e-04 4.354715347290039062e-04 4.233419895172119141e-04 4.321336746215820312e-04 4.210472106933593750e-04 4.425644874572753906e-04 4.352331161499023438e-04 4.452466964721679688e-04 4.219114780426025391e-04 4.325211048126220703e-04
1.193083638858458251e+00 4.885196685791015625e-04 4.922151565551757812e-04 4.867911338806152344e-04 4.878640174865722656e-04 4.890561103820800781e-04 4.847645759582519531e-04 4.839003086090087891e-04 4.860758781433105469e-04 4.752278327941894531e-04 4.841685295104980469e-04
1.199536400843846051e+00 -5.581080913543701172e-04 -5.536079406738281250e-04 -5.515217781066894531e-04 -5.633831024169921875e-04 -5.559027194976806641e-04 -5.548596382141113281e-04 -5.570352077484130859e-04 -5.578994750976562500e-04 -5.647540092468261719e-04 -5.545020103454589844e-04
1.205989162829234074e+00 -8.255243301391601562e-05 -9.751319885253906250e-05 -9.024143218994140625e-05 -9.065866470336914062e-05 -9.626150131225585938e-05 -1.073181629180908203e-04 -7.984042167663574219e-05 -8.314847946166992188e-05 -1.007914543151855469e-04 -8.893013000488281250e-05
1.212441924814621874e+00 6.416141986846923828e-04 6.382763385772705078e-04 6.374418735504150391e-04 6.352961063385009766e-04 6.442964076995849609e-04 6.474256515502929688e-04 6.373822689056396484e-04 6.467700004577636719e-04 6.475448608398437500e-04 6.418824195861816406e-04
1.218894686800009897e+00 -1.924932003021240234e-04 -1.917183399200439453e-04 -1.848936080932617188e-04 -1.905858516693115234e-04 -2.006590366363525391e-04 -2.088844776153564453e-04 -2.126693725585937500e-04 -2.025663852691650391e-04 -1.909434795379638672e-04 -2.012550830841064453e-04
1.225347448785397697e+00 -4.065334796905517578e-04 -4.099905490875244141e-04 -3.896653652191162109e-04 -4.049837589263916016e-04 -3.998577594757080078e-04 -3.978312015533447266e-04 -3.886520862579345703e-04 -3.986060619354248047e-04 -4.053711891174316406e-04 -3.956556320190429688e-04
1.231800210770785720e+00 6.163716316223144531e-04 6.228983402252197266e-04 6.248056888580322266e-04 6.394982337951660156e-04 6.327331066131591797e-04 6.333589553833007812e-04 6.396472454071044922e-04 6.352365016937255859e-04 6.310939788818359375e-04 6.293356418609619141e-04
1.238252972756173520e+00 8.583068847656250000e-06 1.716613769531250000e-05 8.255243301391601562e-06 5.811452865600585938e-06 -1.549720764160156250e-06 -2.920627593994140625e-06 -8.702278137207031250e-06 -1.823902130126953125e-05 8.702278137207031250e-06 -2.044439315795898438e-05
1.244705734741561542e+00 -6.214976310729980469e-04 -6.132721900939941406e-04 -6.237626075744628906e-04 -6.214380264282226562e-04 -6.189942359924316406e-04 -6.098747253417968750e-04 -6.147325038909912109e-04 -6.254017353057861328e-04 -6.154179573059082031e-04 -6.171166896820068359e-04
1.251158496726949343e+00 3.668069839477539062e-04 3.499388694763183594e-04 3.449022769927978516e-04 3.491640090942382812e-04 3.494620323181152344e-04 3.625750541687011719e-04 3.669559955596923828e-04 3.587007522583007812e-04 3.586709499359130859e-04 3.506839275360107422e-04
1.257611258712337365e+00 3.623962402343750000e-04 3.569722175598144531e-04 3.657639026641845703e-04 3.653764724731445312e-04 3.737211227416992188e-04 3.498494625091552734e-04 3.658533096313476562e-04 3.545582294464111328e-04 3.622472286224365234e-04 3.534257411956787109e-04
1.264064020697725166e+00 -6.345212459564208984e-04 -6.442368030548095703e-04 -6.268024444580078125e-04 -6.309747695922851562e-04 -6.325244903564453125e-04 -6.356537342071533203e-04 -6.165206432342529297e-04 -6.294250488281250000e-04 -6.326138973236083984e-04 -6.190538406372070312e-04
1.270516782683113188e+00 -1.311302185058593750e-05 -9.089708328247070312e-06 -1.862645149230957031e-05 -1.454353332519531250e-05 -1.648068428039550781e-05 -1.001358032226562500e-05 -9.298324584960937500e-06 2.026557922363281250e-06 -2.846121788024902344e-05 -2.801418304443359375e-05
1.276969544668500989e+00 5.595684051513671875e-04 5.696415901184082031e-04 5.576312541961669922e-04 5.668103694915771484e-04 5.637705326080322266e-04 5.638301372528076172e-04 5.645751953125000000e-04 5.619823932647705078e-04 5.714893341064453125e-04 5.531013011932373047e-04
1.283422306653888789e+00 -4.076659679412841797e-04 -4.139244556427001953e-04 -4.061162471771240234e-04 -4.138946533203125000e-04 -4.016458988189697266e-04 -4.114806652069091797e-04 -4.035830497741699219e-04 -4.153847694396972656e-04 -4.066526889801025391e-04 -4.023313522338867188e-04
1.289875068639276812e+00 -2.419352531433105469e-04 -2.503097057342529297e-04 -2.464652061462402344e-04 -2.448856830596923828e-04 -2.409517765045166016e-04 -2.312958240509033203e-04 -2.284944057464599609e-04 -2.321898937225341797e-04 -2.329945564270019531e-04 -2.503097057342529297e-04
1.296327830624664612e+00 6.231963634490966797e-04 6.200075149536132812e-04 6.297826766967773438e-04 6.100237369537353516e-04 6.289780139923095703e-04 6.207823753356933594e-04 6.161630153656005859e-04 6.296932697296142578e-04 6.192326545715332031e-04 6.262660026550292969e-04
1.302780592610052635e+00 -2.526640892028808594e-04 -2.447068691253662109e-04 -2.460181713104248047e-04 -2.540946006774902344e-04 -2.552568912506103516e-04 -2.594292163848876953e-04 -2.682507038116455078e-04 -2.623796463012695312e-04 -2.481043338775634766e-04 -2.664923667907714844e-04
1.309233354595440435e+00 -3.831386566162109375e-04 -3.748536109924316406e-04 -3.740489482879638672e-04 -3.754198551177978516e-04 -3.724098205566406250e-04 -3.743171691894531250e-04 -3.611743450164794922e-04 -3.741681575775146484e-04 -3.718733787536621094e-04 -3.823935985565185547e-04
1.315686116580828458e+00 5.999505519866943359e-04 5.962848663330078125e-04 6.003081798553466797e-04 5.936622619628906250e-04 6.061196327209472656e-04 6.005167961120605469e-04 5.998611450195312500e-04 6.008148193359375000e-04 5.920529365539550781e-04 6.062388420104980469e-04
1.322138878566216258e+00 -3.662705421447753906e-05 -3.468990325927734375e-05 -4.771351814270019531e-05 -3.424286842346191406e-05 -3.921985626220703125e-05 -2.935528755187988281e-05 -4.044175148010253906e-05 -4.553794860839843750e-05 -3.409385681152343750e-05 -2.309679985046386719e-05
1.328591640551604280e+00 -4.575550556182861328e-04 -4.469752311706542969e-04 -4.330277442932128906e-04 -4.427134990692138672e-04 -4.453063011169433594e-04 -4.440546035766601562e-04 -4.362165927886962891e-04 -4.340708255767822266e-04 -4.338920116424560547e-04 -4.565417766571044922e-04
1.335044402536992081e+00 3.093481063842773438e-04 3.082454204559326172e-04 3.027021884918212891e-04 3.094077110290527344e-04 2.950429916381835938e-04 3.167092800140380859e-04 3.035068511962890625e-04 3.144443035125732422e-04 3.053545951843261719e-04 3.021061420440673828e-04
1.341497164522380103e+00 1.664161682128906250e-04 1.615285873413085938e-04 1.538097858428955078e-04 1.719594001770019531e-04 1.593530178070068359e-04 1.693964004516601562e-04 1.599490642547607422e-04 1.587867736816406250e-04 1.564919948577880859e-04 1.696646213531494141e-04
1.347949926507767904e+00 -2.858638763427734375e-04 -2.720952033996582031e-04 -2.839863300323486328e-04 -2.652704715728759766e-04 -2.851784229278564453e-04 -2.817511558532714844e-04 -2.761483192443847656e-04 -2.810359001159667969e-04 -2.650320529937744141e-04 -2.834796905517578125e-04
1.354402688493155926e+00 1.080334186553955078e-04 1.226067543029785156e-04 1.161098480224609375e-04 1.024007797241210938e-04 1.135766506195068359e-04 1.214742660522460938e-04 1.164078712463378906e-04 1.176297664642333984e-04 1.156032085418701172e-04 1.143217086791992188e-04
1.360855450478543727e+00 1.342296600341796875e-04 1.334249973297119141e-04 1.304745674133300781e-04 1.247227191925048828e-04 1.443624496459960938e-04 1.374185085296630859e-04 1.292526721954345703e-04 1.315474510192871094e-04 1.231133937835693359e-04 1.403689384460449219e-04
1.367308212463931749e+00 -2.484619617462158203e-04 -2.577006816864013672e-04 -2.441108226776123047e-04 -2.451837062835693359e-04 -2.459287643432617188e-04 -2.436041831970214844e-04 -2.521574497222900391e-04 -2.474784851074218750e-04 -2.360939979553222656e-04 -2.493858337402343750e-04
1.373760974449319550e+00 -1.785159111022949219e-05 -7.182359695434570312e-06 -1.212954521179199219e-05 -1.615285873413085938e-05 -2.029538154602050781e-05 -1.788139343261718750e-05 -4.678964614868164062e-06 -1.034140586853027344e-05 -7.331371307373046875e-06 -1.502037048339843750e-05
1.380213736434707350e+00 1.920461654663085938e-04 1.865923404693603516e-04 1.820623874664306641e-04 1.894235610961914062e-04 1.887083053588867188e-04 1.845657825469970703e-04 1.852214336395263672e-04 1.879632472991943359e-04 1.838803291320800781e-04 1.731514930725097656e-04
1.386666498420095373e+00 3.391504287719726562e-05 4.133582115173339844e-05 3.921985626220703125e-05 3.710389137268066406e-05 2.896785736083984375e-05 3.719329833984375000e-05 3.567337989807128906e-05 3.546476364135742188e-05 3.907084465026855469e-05 3.978610038757324219e-05
1.393119260405483173e+00 -8.660554885864257812e-05 -8.571147918701171875e-05 -8.216500282287597656e-05 -9.223818778991699219e-05 -8.189678192138671875e-05 -8.875131607055664062e-05 -8.803606033325195312e-05 -8.642673492431640625e-05 -8.559226989746093750e-05 -8.517503738403320312e-05
1.399572022390871195e+00 -3.182888031005859375e-05 -3.421306610107421875e-05 -3.674626350402832031e-05 -3.445148468017578125e-05 -3.695487976074218750e-05 -3.123283386230468750e-05 -2.983212471008300781e-05 -3.385543823242187500e-05 -3.844499588012695312e-05 -2.831220626831054688e-05
1.406024784376258996e+00 2.758800983428955078e-04 2.675652503967285156e-04 2.701878547668457031e-04 2.704858779907226562e-04 2.754926681518554688e-04 2.743303775787353516e-04 2.656280994415283203e-04 2.723634243011474609e-04 2.644956111907958984e-04 2.780556678771972656e-04
1.412477546361647018e+00 -1.950263977050781250e-04 -1.957416534423828125e-04 -1.742839813232421875e-04 -1.939535140991210938e-04 -1.865327358245849609e-04 -1.926422119140625000e-04 -1.948773860931396484e-04 -2.065896987915039062e-04 -1.964569091796875000e-04 -2.009570598602294922e-04
1.418930308347034819e+00 -1.543164253234863281e-04 -1.636743545532226562e-04 -1.548528671264648438e-04 -1.631379127502441406e-04 -1.633465290069580078e-04 -1.635551452636718750e-04 -1.560151576995849609e-04 -1.714527606964111328e-04 -1.550912857055664062e-04 -1.662373542785644531e-04
1.425383070332422841e+00 4.141032695770263672e-04 4.114210605621337891e-04 4.029273986816406250e-04 4.178881645202636719e-04 4.166960716247558594e-04 4.217326641082763672e-04 4.092752933502197266e-04 4.227161407470703125e-04 4.082918167114257812e-04 4.097521305084228516e-04
1.431835832317810642e+00 -1.042485237121582031e-04 -9.828805923461914062e-05 -9.846687316894531250e-05 -1.040995121002197266e-04 -1.032650470733642578e-04 -9.843707084655761719e-05 -9.217858314514160156e-05 -1.108646392822265625e-04 -9.876489639282226562e-05 -1.093447208404541016e-04
1.438288594303198664e+00 -3.627538681030273438e-04 -3.852546215057373047e-04 -3.675818443298339844e-04 -3.577172756195068359e-04 -3.733336925506591797e-04 -3.716647624969482422e-04 -3.607273101806640625e-04 -3.652274608612060547e-04 -3.846883773803710938e-04 -3.686547279357910156e-04
1.444741356288586465e+00 3.178715705871582031e-04 3.263056278228759766e-04 3.221929073333740234e-04 3.170669078826904297e-04 3.342926502227783203e-04 3.280341625213623047e-04 3.254413604736328125e-04 3.261864185333251953e-04 3.200173377990722656e-04 3.362596035003662109e-04
1.451194118273974487e+00 8.919835090637207031e-05 8.344650268554687500e-05 8.964538574218750000e-05 9.104609489440917969e-05 9.122490882873535156e-05 8.919835090637207031e-05 7.921457290649414062e-05 7.563829421997070312e-05 8.857250213623046875e-05 9.134411811828613281e-05
1.457646880259362288e+00 -2.931058406829833984e-04 -3.052949905395507812e-04 -2.792179584503173828e-04 -2.927482128143310547e-04 -2.913773059844970703e-04 -2.956092357635498047e-04 -2.932250499725341797e-04 -2.804696559906005859e-04 -2.955794334411621094e-04 -2.989768981933593750e-04
1.464099642244750310e+00 2.796947956085205078e-04 2.767741680145263672e-04 2.724826335906982422e-04 2.719163894653320312e-04 2.645552158355712891e-04 2.757608890533447266e-04 2.897083759307861328e-04 2.846121788024902344e-04 2.765357494354248047e-04 2.689659595489501953e-04
1.470552404230138110e+00 1.096427440643310547e-04 1.259148120880126953e-04 1.099705696105957031e-04 1.211464405059814453e-04 1.254379749298095703e-04 1.151263713836669922e-04 1.212358474731445312e-04 1.212358474731445312e-04 1.160800457000732422e-04 1.109838485717773438e-04
1.477005166215525911e+00 -2.739429473876953125e-04 -2.758800983428955078e-04 -2.689361572265625000e-04 -2.680420875549316406e-04 -2.685189247131347656e-04 -2.737343311309814453e-04 -2.660751342773437500e-04 -2.523660659790039062e-04 -2.536475658416748047e-04 -2.539753913879394531e-04
1.483457928200913933e+00 1.317262649536132812e-05 -6.109476089477539062e-06 1.817941665649414062e-06 9.030103683471679688e-06 -3.308057785034179688e-06 -4.380941390991210938e-06 2.980232238769531250e-06 -1.353025436401367188e-05 -7.987022399902343750e-06 -1.582503318786621094e-05
1.489910690186301734e+00 2.313256263732910156e-04 2.349913120269775391e-04 2.370178699493408203e-04 2.412497997283935547e-04 2.333521842956542969e-04 2.292990684509277344e-04 2.323389053344726562e-04 2.416074275970458984e-04 2.320408821105957031e-04 2.372264862060546875e-04
1.496363452171689756e+00 -1.378059387207031250e-04 -1.461803913116455078e-04 -1.550912857055664062e-04 -1.404583454132080078e-04 -1.346170902252197266e-04 -1.462101936340332031e-04 -1.428127288818359375e-04 -1.468360424041748047e-04 -1.426041126251220703e-04 -1.354217529296875000e-04
1.502816214157077557e+00 -1.065135002136230469e-04 -1.048147678375244141e-04 -1.073181629180908203e-04 -1.162886619567871094e-04 -1.162290573120117188e-04 -1.177489757537841797e-04 -1.150667667388916016e-04 -1.168251037597656250e-04 -1.190304756164550781e-04 -1.159906387329101562e-04
1.509268976142465579e+00 2.194643020629882812e-04 2.135038375854492188e-04 2.126991748809814453e-04 2.097785472869873047e-04 2.109408378601074219e-04 2.121925354003906250e-04 2.140998840332031250e-04 2.190172672271728516e-04 2.283453941345214844e-04 2.270638942718505859e-04
1.515721738127853380e+00 -5.170702934265136719e-05 -6.353855133056640625e-05 -5.695223808288574219e-05 -5.590915679931640625e-05 -5.578994750976562500e-05 -5.429983139038085938e-05 -5.704164505004882812e-05 -5.409121513366699219e-05 -4.127621650695800781e-05 -5.492568016052246094e-05
1.522174500113241402e+00 -1.257658004760742188e-04 -1.291036605834960938e-04 -1.443624496459960938e-04 -1.389086246490478516e-04 -1.326501369476318359e-04 -1.281201839447021484e-04 -1.343786716461181641e-04 -1.321136951446533203e-04 -1.416206359863281250e-04 -1.434683799743652344e-04
1.528627262098629203e+00 1.628100872039794922e-04 1.723170280456542969e-04 1.607239246368408203e-04 1.583397388458251953e-04 1.547336578369140625e-04 1.672506332397460938e-04 1.529157161712646484e-04 1.819133758544921875e-04 1.590847969055175781e-04 1.564621925354003906e-04
1.535080024084017225e+00 -1.102685928344726562e-06 1.639127731323242188e-06 -3.278255462646484375e-07 3.606081008911132812e-06 1.722574234008789062e-05 4.529953002929687500e-06 4.410743713378906250e-06 -9.775161743164062500e-06 1.201033592224121094e-05 1.043081283569335938e-06
1.541532786069405025e+00 -1.277625560760498047e-04 -1.382827758789062500e-04 -1.274645328521728516e-04 -1.441240310668945312e-04 -1.305937767028808594e-04 -1.251399517059326172e-04 -1.382827758789062500e-04 -1.319348812103271484e-04 -1.323223114013671875e-04 -1.407265663146972656e-04
1.547985548054793048e+00 1.024603843688964844e-04 1.031458377838134766e-04 9.316205978393554688e-05 9.292364120483398438e-05 1.019537448883056641e-04 1.034736633300781250e-04 1.133084297180175781e-04 1.080930233001708984e-04 1.029968261718750000e-04 9.649991989135742188e-05
1.554438310040180848e+00 2.592802047729492188e-05 2.995133399963378906e-05 3.400444984436035156e-05 2.524256706237792969e-05 1.886487007141113281e-05 2.580881118774414062e-05 2.446770668029785156e-05 1.552700996398925781e-05 3.045797348022460938e-05 3.564357757568359375e-05
1.560891072025568649e+00 -3.513693809509277344e-05 -4.705786705017089844e-05 -6.607174873352050781e-05 -4.032254219055175781e-05 -5.063414573669433594e-05 -5.021691322326660156e-05 -5.400180816650390625e-05 -4.693865776062011719e-05 -6.657838821411132812e-05 -6.300210952758789062e-05
1.567343834010956671e+00 2.515316009521484375e-05 1.096725463867187500e-05 2.339482307434082031e-05 1.025199890136718750e-05 2.461671829223632812e-05 2.348423004150390625e-05 1.761317253112792969e-05 2.729892730712890625e-05 2.041459083557128906e-05 2.059340476989746094e-05
1.573796595996344472e+00 -3.087520599365234375e-05 -1.350045204162597656e-05 -8.672475814819335938e-06 -1.665949821472167969e-05 -2.065300941467285156e-05 -2.425909042358398438e-05 -5.841255187988281250e-06 -1.031160354614257812e-05 -3.159046173095703125e-06 -1.373887062072753906e-05
1.580249357981732494e+00 1.859664916992187500e-05 -3.010034561157226562e-06 2.413988113403320312e-06 -4.231929779052734375e-06 1.072883605957031250e-06 1.242756843566894531e-05 1.505017280578613281e-05 1.519918441772460938e-06 5.990266799926757812e-06 1.391768455505371094e-05
1.586702119967120295e+00 7.003545761108398438e-06 4.708766937255859375e-06 1.016259193420410156e-05 1.358985900878906250e-05 6.437301635742187500e-06 1.439452171325683594e-05 1.284480094909667969e-05 7.987022399902343750e-06 6.854534149169921875e-06 1.069903373718261719e-05
1.593154881952508317e+00 -5.689263343811035156e-05 -4.461407661437988281e-05 -4.497170448303222656e-05 -3.716349601745605469e-05 -4.538893699645996094e-05 -3.841519355773925781e-05 -4.589557647705078125e-05 -5.123019218444824219e-05 -3.710389137268066406e-05 -3.653764724731445312e-05
1.599607643937896118e+00 5.728006362915039062e-05 3.758072853088378906e-05 6.234645843505859375e-05 4.971027374267578125e-05 5.850195884704589844e-05 4.225969314575195312e-05 4.774332046508789062e-05 5.045533180236816406e-05 3.996491432189941406e-05 4.151463508605957031e-05
1.606060405923284140e+00 7.438659667968750000e-05 5.140900611877441406e-05 6.473064422607421875e-05 6.696581840515136719e-05 6.672739982604980469e-05 6.434321403503417969e-05 5.969405174255371094e-05 6.270408630371093750e-05 5.558133125305175781e-05 6.484985351562500000e-05
1.612513167908671941e+00 -1.654922962188720703e-04 -1.395940780639648438e-04 -1.483857631683349609e-04 -1.469850540161132812e-04 -1.456439495086669922e-04 -1.481473445892333984e-04 -1.518130302429199219e-04 -1.403987407684326172e-04 -1.603066921234130859e-04 -1.406371593475341797e-04
1.618965929894059963e+00 7.563829421997070312e-05 5.188584327697753906e-05 6.258487701416015625e-05 6.660819053649902344e-05 6.935000419616699219e-05 6.511807441711425781e-05 7.876753807067871094e-05 6.023049354553222656e-05 6.577372550964355469e-05 5.972385406494140625e-05
1.625418691879447763e+00 1.808702945709228516e-04 1.631379127502441406e-04 1.631379127502441406e-04 1.776516437530517578e-04 1.655220985412597656e-04 1.700222492218017578e-04 1.666843891143798828e-04 1.631975173950195312e-04 1.713931560516357422e-04 1.650750637054443359e-04
1.631871453864835786e+00 -2.181231975555419922e-04 -1.943409442901611328e-04 -2.174377441406250000e-04 -2.080500125885009766e-04 -2.108216285705566406e-04 -2.167522907257080078e-04 -2.019405364990234375e-04 -2.082586288452148438e-04 -2.042353153228759766e-04 -1.971423625946044922e-04
1.638324215850223586e+00 1.168251037597656250e-05 8.046627044677734375e-06 7.450580596923828125e-06 2.205371856689453125e-06 6.258487701416015625e-07 2.145767211914062500e-06 6.198883056640625000e-06 1.820921897888183594e-05 9.626150131225585938e-06 -5.066394805908203125e-06
1.644776977835611609e+00 2.636909484863281250e-04 2.510845661163330078e-04 2.482533454895019531e-04 2.506375312805175781e-04 2.528429031372070312e-04 2.632141113281250000e-04 2.434551715850830078e-04 2.404451370239257812e-04 2.470314502716064453e-04 2.483725547790527344e-04
1.651229739820999409e+00 -1.926720142364501953e-04 -1.913607120513916016e-04 -1.839995384216308594e-04 -1.851320266723632812e-04 -1.887679100036621094e-04 -1.812875270843505859e-04 -1.755952835083007812e-04 -1.781284809112548828e-04 -1.755356788635253906e-04 -1.880824565887451172e-04
1.657682501806387210e+00 -3.033876419067382812e-05 -1.886487007141113281e-05 -2.172589302062988281e-05 -4.673004150390625000e-05 -3.334879875183105469e-05 -1.615285873413085938e-05 -2.071261405944824219e-05 -2.086162567138671875e-05 -3.305077552795410156e-05 -2.792477607727050781e-05
1.664135263791775232e+00 3.274381160736083984e-04 2.989470958709716797e-04 3.155767917633056641e-04 3.108382225036621094e-04 3.171563148498535156e-04 3.200173377990722656e-04 3.077387809753417969e-04 3.045201301574707031e-04 3.037750720977783203e-04 2.997815608978271484e-04
1.670588025777163033e+00 -2.323091030120849609e-04 -2.098679542541503906e-04 -2.171993255615234375e-04 -2.211332321166992188e-04 -2.226829528808593750e-04 -2.241134643554687500e-04 -2.045333385467529297e-04 -2.225935459136962891e-04 -2.205371856689453125e-04 -2.028942108154296875e-04
1.677040787762551055e+00 -2.293288707733154297e-04 -2.105832099914550781e-04 -2.154111862182617188e-04 -2.248287200927734375e-04 -2.295076847076416016e-04 -2.287924289703369141e-04 -2.115368843078613281e-04 -2.147555351257324219e-04 -2.155900001525878906e-04 -2.143681049346923828e-04
1.683493549747938856e+00 3.642141819000244141e-04 3.215968608856201172e-04 3.204345703125000000e-04 3.453195095062255859e-04 3.341138362884521484e-04 3.425478935241699219e-04 3.203451633453369141e-04 3.359019756317138672e-04 3.191828727722167969e-04 3.313720226287841797e-04
1.689946311733326878e+00 -3.141164779663085938e-05 -2.419948577880859375e-05 -8.344650268554687500e-07 -8.285045623779296875e-06 -7.838010787963867188e-06 3.606081008911132812e-06 -1.370906829833984375e-06 -6.347894668579101562e-06 -4.798173904418945312e-06 6.675720214843750000e-06
1.696399073718714678e+00 -1.547932624816894531e-04 -1.075267791748046875e-04 -1.245737075805664062e-04 -1.314282417297363281e-04 -1.362264156341552734e-04 -1.361966133117675781e-04 -1.311004161834716797e-04 -1.131892204284667969e-04 -1.189112663269042969e-04 -1.249313354492187500e-04
1.702851835704102701e+00 2.465844154357910156e-04 2.156198024749755859e-04 2.214908599853515625e-04 2.325475215911865234e-04 2.247989177703857422e-04 2.302527427673339844e-04 2.228021621704101562e-04 2.127885818481445312e-04 2.196431159973144531e-04 2.148151397705078125e-04
1.709304597689490501e+00 1.022219657897949219e-05 6.169080734252929688e-06 2.664327621459960938e-05 1.117587089538574219e-05 1.406669616699218750e-05 1.665949821472167969e-05 2.384185791015625000e-05 1.037120819091796875e-05 8.195638656616210938e-06 1.394748687744140625e-05
1.715757359674878524e+00 -2.050697803497314453e-04 -1.722276210784912109e-04 -1.697838306427001953e-04 -1.783668994903564453e-04 -1.769065856933593750e-04 -1.876354217529296875e-04 -1.791715621948242188e-04 -1.674294471740722656e-04 -1.744627952575683594e-04 -1.746416091918945312e-04
1.722210121660266324e+00 9.846687316894531250e-05 7.182359695434570312e-05 7.057189941406250000e-05 7.146596908569335938e-05 8.144974708557128906e-05 9.551644325256347656e-05 7.277727127075195312e-05 7.924437522888183594e-05 7.042288780212402344e-05 6.705522537231445312e-05
1.728662883645654347e+00 1.047551631927490234e-04 7.894635200500488281e-05 9.772181510925292969e-05 1.008808612823486328e-04 1.011490821838378906e-04 1.023709774017333984e-04 8.702278137207031250e-05 8.481740951538085938e-05 8.344650268554687500e-05 8.463859558105468750e-05
1.735115645631042147e+00 -1.854598522186279297e-04 -1.571178436279296875e-04 -1.587569713592529297e-04 -1.676380634307861328e-04 -1.683235168457031250e-04 -1.822710037231445312e-04 -1.606345176696777344e-04 -1.649260520935058594e-04 -1.488327980041503906e-04 -1.603066921234130859e-04
1.741568407616429948e+00 4.646182060241699219e-05 3.713369369506835938e-05 1.752376556396484375e-05 4.011392593383789062e-05 3.576278686523437500e-05 3.880262374877929688e-05 3.603100776672363281e-05 3.668665885925292969e-05 4.091858863830566406e-05 3.549456596374511719e-05
1.748021169601817970e+00 8.997321128845214844e-05 6.520748138427734375e-05 6.729364395141601562e-05 7.906556129455566406e-05 7.942318916320800781e-05 8.785724639892578125e-05 5.838274955749511719e-05 6.353855133056640625e-05 6.005167961120605469e-05 7.253885269165039062e-05
1.754473931587205771e+00 -3.999471664428710938e-05 -1.111626625061035156e-05 4.678964614868164062e-06 -5.900859832763671875e-06 -2.825260162353515625e-05 -2.482533454895019531e-05 1.341104507446289062e-06 -4.589557647705078125e-06 -6.556510925292968750e-06 -8.940696716308593750e-07
1.760926693572593793e+00 1.654028892517089844e-05 1.871585845947265625e-05 1.847743988037109375e-06 9.238719940185546875e-06 1.704692840576171875e-05 1.037120819091796875e-05 9.566545486450195312e-06 5.513429641723632812e-06 1.937150955200195312e-06 -3.337860107421875000e-06
1.767379455557981593e+00 1.273751258850097656e-04 8.770823478698730469e-05 1.026690006256103516e-04 1.121163368225097656e-04 1.177489757537841797e-04 1.243352890014648438e-04 1.024305820465087891e-04 9.688735008239746094e-05 1.043081283569335938e-04 8.770823478698730469e-05
1.773832217543369616e+00 4.053115844726562500e-06 1.934170722961425781e-05 2.211332321166992188e-05 2.020597457885742188e-05 1.013278961181640625e-05 1.224875450134277344e-05 2.282857894897460938e-05 3.135204315185546875e-05 2.571940422058105469e-05 2.580881118774414062e-05
1.780284979528757416e+00 -6.732344627380371094e-05 -4.866719245910644531e-05 -5.537271499633789062e-05 -5.626678466796875000e-05 -5.280971527099609375e-05 -6.073713302612304688e-05 -5.239248275756835938e-05 -5.736947059631347656e-05 -5.206465721130371094e-05 -4.926323890686035156e-05
1.786737741514145439e+00 -3.367662429809570312e-05 -5.415081977844238281e-05 -5.000829696655273438e-05 -5.269050598144531250e-05 -5.298852920532226562e-05 -4.452466964721679688e-05 -5.146861076354980469e-05 -4.225969314575195312e-05 -5.489587783813476562e-05 -5.650520324707031250e-05
1.793190503499533239e+00 1.826882362365722656e-05 2.059340476989746094e-05 2.953410148620605469e-05 2.387166023254394531e-05 2.026557922363281250e-05 2.363324165344238281e-05 2.390146255493164062e-05 3.185868263244628906e-05 1.636147499084472656e-05 2.661347389221191406e-05
1.799643265484921262e+00 8.428096771240234375e-05 1.012980937957763672e-04 1.041889190673828125e-04 9.447336196899414062e-05 9.122490882873535156e-05 8.404254913330078125e-05 9.152293205261230469e-05 9.608268737792968750e-05 1.108944416046142578e-04 1.171231269836425781e-04
1.806096027470309062e+00 2.238154411315917969e-05 -1.668930053710937500e-06 -2.384185791015625000e-06 -1.490116119384765625e-06 -7.122755050659179688e-06 -3.606081008911132812e-06 -1.543760299682617188e-05 -6.198883056640625000e-06 -7.152557373046875000e-07 -3.576278686523437500e-07
1.812548789455697085e+00 3.990530967712402344e-05 3.424286842346191406e-05 5.084276199340820312e-05 2.744793891906738281e-05 4.222989082336425781e-05 4.568696022033691406e-05 4.807114601135253906e-05 3.916025161743164062e-05 4.699826240539550781e-05 4.947185516357421875e-05
1.819001551441084885e+00 2.980232238769531250e-07 4.151463508605957031e-05 3.117322921752929688e-05 1.981854438781738281e-05 9.506940841674804688e-06 1.186132431030273438e-05 2.339482307434082031e-05 2.169609069824218750e-05 2.083182334899902344e-05 3.373622894287109375e-05
1.825454313426472908e+00 -4.234910011291503906e-05 -7.510185241699218750e-05 -5.984306335449218750e-05 -4.827976226806640625e-05 -5.260109901428222656e-05 -6.169080734252929688e-05 -5.534291267395019531e-05 -7.012486457824707031e-05 -7.614493370056152344e-05 -6.252527236938476562e-05
1.831907075411860708e+00 -3.418326377868652344e-05 -3.311038017272949219e-05 -3.397464752197265625e-05 -3.096461296081542969e-05 -2.685189247131347656e-05 -2.866983413696289062e-05 -3.209710121154785156e-05 -3.781914710998535156e-05 -2.276897430419921875e-05 -3.963708877563476562e-05
1.838359837397248508e+00 7.018446922302246094e-05 8.055567741394042969e-05 9.012222290039062500e-05 7.188320159912109375e-05 8.118152618408203125e-05 7.903575897216796875e-05 8.574128150939941406e-05 8.824467658996582031e-05 7.912516593933105469e-05 1.012384891510009766e-04
1.844812599382636531e+00 -2.333521842956542969e-05 -3.480911254882812500e-05 -3.498792648315429688e-05 -2.911686897277832031e-05 -2.759695053100585938e-05 -2.890825271606445312e-05 -3.311038017272949219e-05 -2.208352088928222656e-05 -4.473328590393066406e-05 -3.942847251892089844e-05
1.851265361368024331e+00 -5.763769149780273438e-05 -7.513165473937988281e-05 -6.917119026184082031e-05 -5.859136581420898438e-05 -5.924701690673828125e-05 -4.854798316955566406e-05 -7.268786430358886719e-05 -6.285309791564941406e-05 -6.216764450073242188e-05 -6.619095802307128906e-05
1.857718123353412354e+00 6.791949272155761719e-05 8.532404899597167969e-05 8.085370063781738281e-05 8.928775787353515625e-05 7.882714271545410156e-05 7.450580596923828125e-05 9.354948997497558594e-05 9.045004844665527344e-05 1.041889190673828125e-04 8.851289749145507812e-05
1.864170885338800154e+00 7.063150405883789062e-06 2.741813659667968750e-06 -1.487135887145996094e-05 -4.202127456665039062e-06 -4.082918167114257812e-06 -3.010034561157226562e-06 -1.019239425659179688e-05 -1.266598701477050781e-05 -6.884336471557617188e-06 -3.159046173095703125e-06
1.870623647324188177e+00 -7.182359695434570312e-05 -9.024143218994140625e-05 -7.903575897216796875e-05 -8.612871170043945312e-05 -8.130073547363281250e-05 -7.489323616027832031e-05 -8.612871170043945312e-05 -9.542703628540039062e-05 -8.100271224975585938e-05 -9.018182754516601562e-05
1.877076409309575977e+00 3.051757812500000000e-05 5.352497100830078125e-05 4.222989082336425781e-05 4.190206527709960938e-05 3.275275230407714844e-05 3.859400749206542969e-05 3.930926322937011719e-05 4.822015762329101562e-05 5.528330802917480469e-05 4.702806472778320312e-05
1.883529171294964000e+00 2.470612525939941406e-05 2.273917198181152344e-05 2.068281173706054688e-05 2.527236938476562500e-05 2.121925354003906250e-05 2.124905586242675781e-05 2.118945121765136719e-05 1.072883605957031250e-05 3.328919410705566406e-05 3.364682197570800781e-05
1.889981933280351800e+00 -8.925795555114746094e-05 -9.962916374206542969e-05 -1.015365123748779297e-04 -9.959936141967773438e-05 -9.429454803466796875e-05 -9.250640869140625000e-05 -1.056492328643798828e-04 -1.049339771270751953e-04 -1.121759414672851562e-04 -1.041889190673828125e-04
1.896434695265739823e+00 3.904104232788085938e-06 3.421306610107421875e-05 2.825260162353515625e-05 2.008676528930664062e-05 2.145767211914062500e-05 1.972913742065429688e-05 3.004074096679687500e-05 3.591179847717285156e-05 3.054738044738769531e-05 3.167986869812011719e-05
1.902887457251127623e+00 7.662177085876464844e-05 8.091330528259277344e-05 7.355213165283203125e-05 7.876753807067871094e-05 7.757544517517089844e-05 6.464123725891113281e-05 6.872415542602539062e-05 7.456541061401367188e-05 7.537007331848144531e-05 7.215142250061035156e-05
1.909340219236515646e+00 -5.730986595153808594e-05 -9.277462959289550781e-05 -7.987022399902343750e-05 -6.353855133056640625e-05 -6.696581840515136719e-05 -6.580352783203125000e-05 -6.002187728881835938e-05 -7.122755050659179688e-05 -7.838010787963867188e-05 -7.909536361694335938e-05
1.915792981221903446e+00 3.695487976074218750e-06 1.344084739685058594e-05 9.506940841674804688e-06 1.737475395202636719e-05 6.794929504394531250e-06 9.357929229736328125e-06 5.662441253662109375e-06 8.791685104370117188e-06 5.960464477539062500e-06 6.794929504394531250e-06
1.922245743207291468e+00 3.680586814880371094e-05 5.620718002319335938e-05 4.979968070983886719e-05 5.355477333068847656e-05 4.452466964721679688e-05 3.218650817871093750e-05 5.039572715759277344e-05 5.856156349182128906e-05 6.309151649475097656e-05 5.191564559936523438e-05
1.928698505192679269e+00 -1.150369644165039062e-05 -3.537535667419433594e-05 -3.731250762939453125e-05 -4.094839096069335938e-05 -2.047419548034667969e-05 -4.029273986816406250e-05 -2.840161323547363281e-05 -5.379319190979003906e-05 -3.245472908020019531e-05 -4.467368125915527344e-05
1.935151267178067069e+00 3.761053085327148438e-05 3.215670585632324219e-05 2.899765968322753906e-05 3.248453140258789062e-05 3.314018249511718750e-05 4.222989082336425781e-05 3.761053085327148438e-05 3.144145011901855469e-05 3.153085708618164062e-05 3.734230995178222656e-05
1.941604029163455092e+00 9.834766387939453125e-06 4.389882087707519531e-05 2.112984657287597656e-05 2.154707908630371094e-05 2.527236938476562500e-05 2.947449684143066406e-05 3.117322921752929688e-05 3.749132156372070312e-05 3.993511199951171875e-05 3.111362457275390625e-05
1.948056791148842892e+00 1.889467239379882812e-05 -1.341104507446289062e-06 1.108646392822265625e-05 6.318092346191406250e-06 -3.039836883544921875e-06 -4.082918167114257812e-06 6.109476089477539062e-06 -9.566545486450195312e-06 -4.887580871582031250e-06 -6.109476089477539062e-06
1.954509553134230915e+00 -5.635619163513183594e-05 -7.233023643493652344e-05 -5.555152893066406250e-05 -5.304813385009765625e-05 -4.777312278747558594e-05 -5.984306335449218750e-05 -6.848573684692382812e-05 -6.109476089477539062e-05 -6.151199340820312500e-05 -6.860494613647460938e-05
1.960962315119618715e+00 2.306699752807617188e-05 4.246830940246582031e-05 4.962086677551269531e-05 4.175305366516113281e-05 5.069375038146972656e-05 4.872679710388183594e-05 5.114078521728515625e-05 5.245208740234375000e-05 4.395842552185058594e-05 5.283951759338378906e-05
1.967415077105006738e+00 2.476572990417480469e-05 2.959370613098144531e-05 3.343820571899414062e-05 2.706050872802734375e-05 1.490116119384765625e-05 1.630187034606933594e-05 2.402067184448242188e-05 2.700090408325195312e-05 1.525878906250000000e-05 2.679228782653808594e-05
1.973867839090394538e+00 -1.874566078186035156e-05 -3.758072853088378906e-05 -3.480911254882812500e-05 -3.242492675781250000e-05 -2.440810203552246094e-05 -2.893805503845214844e-05 -3.078579902648925781e-05 -3.588199615478515625e-05 -3.945827484130859375e-05 -3.692507743835449219e-05
1.980320601075782561e+00 1.132488250732421875e-06 2.416968345642089844e-05 2.348423004150390625e-05 1.016259193420410156e-05 1.749396324157714844e-05 9.536743164062500000e-06 1.794099807739257812e-05 2.834200859069824219e-05 2.560019493103027344e-05 1.326203346252441406e-05
1.986773363061170361e+00 -6.148219108581542969e-05 -5.584955215454101562e-05 -4.956126213073730469e-05 -4.377961158752441406e-05 -5.513429641723632812e-05 -5.826354026794433594e-05 -5.641579627990722656e-05 -5.066394805908203125e-05 -6.327033042907714844e-05 -6.487965583801269531e-05
1.993226125046558384e+00 5.373358726501464844e-05 3.126263618469238281e-05 3.531575202941894531e-05 3.808736801147460938e-05 2.855062484741210938e-05 4.458427429199218750e-05 3.546476364135742188e-05 3.203749656677246094e-05 3.212690353393554688e-05 3.272294998168945312e-05
1.999678887031946184e+00 8.279085159301757812e-05 9.521842002868652344e-05 1.047253608703613281e-04 9.638071060180664062e-05 9.265542030334472656e-05 1.038908958435058594e-04 8.916854858398437500e-05 9.655952453613281250e-05 8.741021156311035156e-05 8.651614189147949219e-05
2.006131649017333984e+00 -2.872943878173828125e-05 -2.253055572509765625e-05 -3.197789192199707031e-05 -2.896785736083984375e-05 -3.021955490112304688e-05 -2.270936965942382812e-05 -2.005696296691894531e-05 -2.282857894897460938e-05 -1.689791679382324219e-05 -2.104043960571289062e-05
