#Range[m] 0 1 2 3 4 5 6 7 8 9
1.800000071525573730e-01 -4.697054624557495117e-02 -4.711830615997314453e-02 -4.717171192169189453e-02 -4.698705673217773438e-02 -4.692709445953369141e-02 -4.692849516868591309e-02 -4.690930247306823730e-02 -4.704296588897705078e-02 -4.709610342979431152e-02 -4.700675606727600098e-02
1.864527691379452845e-01 3.472229838371276855e-02 3.464606404304504395e-02 3.455311059951782227e-02 3.471878170967102051e-02 3.479561209678649902e-02 3.486719727516174316e-02 3.476274013519287109e-02 3.481516242027282715e-02 3.475123643875122070e-02 3.477701544761657715e-02
1.929055311233331682e-01 1.086333394050598145e-02 1.091581583023071289e-02 1.115447282791137695e-02 1.094886660575866699e-02 1.091894507408142090e-02 1.079779863357543945e-02 1.072263717651367188e-02 1.077300310134887695e-02 1.085272431373596191e-02 1.078355312347412109e-02
1.993582931087210797e-01 -2.293509244918823242e-02 -2.289175987243652344e-02 -2.294808626174926758e-02 -2.295911312103271484e-02 -2.296721935272216797e-02 -2.299636602401733398e-02 -2.290317416191101074e-02 -2.292263507843017578e-02 -2.291527390480041504e-02 -2.296435832977294922e-02
2.058110550941089911e-01 2.704232931137084961e-03 2.699762582778930664e-03 2.583712339401245117e-03 2.705752849578857422e-03 2.736836671829223633e-03 2.778649330139160156e-03 2.707660198211669922e-03 2.814799547195434570e-03 2.723515033721923828e-03 2.801001071929931641e-03
2.122638170794968748e-01 7.027119398117065430e-03 6.929427385330200195e-03 7.017165422439575195e-03 7.034122943878173828e-03 7.058233022689819336e-03 6.997644901275634766e-03 7.044345140457153320e-03 6.900221109390258789e-03 6.950855255126953125e-03 6.990253925323486328e-03
2.187165790648847863e-01 7.578253746032714844e-03 7.689893245697021484e-03 7.659852504730224609e-03 7.600039243698120117e-03 7.549792528152465820e-03 7.533937692642211914e-03 7.549732923507690430e-03 7.630258798599243164e-03 7.587701082229614258e-03 7.563084363937377930e-03
2.251693410502726977e-01 -1.527997851371765137e-02 -1.524341106414794922e-02 -1.519221067428588867e-02 -1.527920365333557129e-02 -1.523020863533020020e-02 -1.521819829940795898e-02 -1.523107290267944336e-02 -1.514944434165954590e-02 -1.517403125762939453e-02 -1.517057418823242188e-02
2.316221030356606092e-01 -6.793946027755737305e-03 -6.922274827957153320e-03 -6.938606500625610352e-03 -6.834447383880615234e-03 -6.828486919403076172e-03 -6.797254085540771484e-03 -6.755173206329345703e-03 -6.885409355163574219e-03 -6.908535957336425781e-03 -6.850510835647583008e-03
2.380748650210485207e-01 2.579250931739807129e-02 2.579015493392944336e-02 2.572876214981079102e-02 2.577349543571472168e-02 2.580723166465759277e-02 2.579680085182189941e-02 2.582079172134399414e-02 2.582046389579772949e-02 2.579230070114135742e-02 2.578648924827575684e-02
2.445276270064364044e-01 -9.336471557617187500e-03 -9.166270494461059570e-03 -9.103208780288696289e-03 -9.348303079605102539e-03 -9.442359209060668945e-03 -9.380310773849487305e-03 -9.443342685699462891e-03 -9.253859519958496094e-03 -9.210973978042602539e-03 -9.290218353271484375e-03
2.509803889918242881e-01 -2.616453170776367188e-02 -2.620086073875427246e-02 -2.626696228981018066e-02 -2.615401148796081543e-02 -2.609008550643920898e-02 -2.609524130821228027e-02 -2.605611085891723633e-02 -2.612569928169250488e-02 -2.618989348411560059e-02 -2.611875534057617188e-02
2.574331509772121995e-01 2.766764163970947266e-02 2.740672230720520020e-02 2.739122509956359863e-02 2.757415175437927246e-02 2.765637636184692383e-02 2.771973609924316406e-02 2.763915061950683594e-02 2.756854891777038574e-02 2.754560112953186035e-02 2.759709954261779785e-02
2.638859129626001110e-01 6.702095270156860352e-03 6.907194852828979492e-03 6.994575262069702148e-03 6.731957197189331055e-03 6.620496511459350586e-03 6.581544876098632812e-03 6.609290838241577148e-03 6.695449352264404297e-03 6.805509328842163086e-03 6.608784198760986328e-03
2.703386749479880224e-01 -3.765103220939636230e-02 -3.769442439079284668e-02 -3.768828511238098145e-02 -3.769508004188537598e-02 -3.765529394149780273e-02 -3.767246007919311523e-02 -3.763478994369506836e-02 -3.769156336784362793e-02 -3.768441081047058105e-02 -3.766706585884094238e-02
2.767914369333759339e-01 1.814699172973632812e-02 1.803049445152282715e-02 1.780772209167480469e-02 1.806285977363586426e-02 1.812857389450073242e-02 1.822000741958618164e-02 1.814639568328857422e-02 1.803293824195861816e-02 1.801750063896179199e-02 1.809927821159362793e-02
2.832441989187638454e-01 2.166244387626647949e-02 2.183425426483154297e-02 2.198207378387451172e-02 2.173680067062377930e-02 2.167463302612304688e-02 2.157929539680480957e-02 2.162757515907287598e-02 2.172586321830749512e-02 2.176547050476074219e-02 2.166980504989624023e-02
2.896969609041517568e-01 -3.288266062736511230e-02 -3.283792734146118164e-02 -3.279349207878112793e-02 -3.285819292068481445e-02 -3.290787339210510254e-02 -3.291186690330505371e-02 -3.292113542556762695e-02 -3.290277719497680664e-02 -3.285840153694152832e-02 -3.286728262901306152e-02
2.961497228895396683e-01 1.321405172348022461e-03 1.198261976242065430e-03 9.968280792236328125e-04 1.334935426712036133e-03 1.381874084472656250e-03 1.469910144805908203e-03 1.437693834304809570e-03 1.407295465469360352e-03 1.330167055130004883e-03 1.364320516586303711e-03
3.026024848749275242e-01 2.675870060920715332e-02 2.681070566177368164e-02 2.690127491950988770e-02 2.674171328544616699e-02 2.674540877342224121e-02 2.671667933464050293e-02 2.670764923095703125e-02 2.677726745605468750e-02 2.679517865180969238e-02 2.677100896835327148e-02
3.090552468603154357e-01 -2.095320820808410645e-02 -2.078846096992492676e-02 -2.072584629058837891e-02 -2.087998390197753906e-02 -2.095738053321838379e-02 -2.099364995956420898e-02 -2.098223567008972168e-02 -2.090489864349365234e-02 -2.085030078887939453e-02 -2.092939615249633789e-02
3.155080088457033471e-01 -1.393941044807434082e-02 -1.403236389160156250e-02 -1.416710019111633301e-02 -1.399555802345275879e-02 -1.389369368553161621e-02 -1.388347148895263672e-02 -1.387202739715576172e-02 -1.390209794044494629e-02 -1.400148868560791016e-02 -1.391720771789550781e-02
3.219607708310912586e-01 2.557250857353210449e-02 2.555590867996215820e-02 2.555510401725769043e-02 2.557122707366943359e-02 2.555790543556213379e-02 2.557620406150817871e-02 2.556279301643371582e-02 2.553531527519226074e-02 2.557358145713806152e-02 2.556654810905456543e-02
3.284135328164791701e-01 -3.623366355895996094e-03 -3.465950489044189453e-03 -3.412097692489624023e-03 -3.529399633407592773e-03 -3.618717193603515625e-03 -3.671258687973022461e-03 -3.673017024993896484e-03 -3.572195768356323242e-03 -3.542304039001464844e-03 -3.619611263275146484e-03
3.348662948018670260e-01 -2.004560828208923340e-02 -2.012500166893005371e-02 -2.014559507369995117e-02 -2.008771896362304688e-02 -2.009767293930053711e-02 -2.009099721908569336e-02 -2.009171247482299805e-02 -2.008548378944396973e-02 -2.009582519531250000e-02 -2.005556225776672363e-02
3.413190567872549375e-01 1.303234696388244629e-02 1.295065879821777344e-02 1.290881633758544922e-02 1.300781965255737305e-02 1.306217908859252930e-02 1.307621598243713379e-02 1.303347945213317871e-02 1.300185918807983398e-02 1.297971606254577637e-02 1.304900646209716797e-02
3.477718187726428489e-01 1.104074716567993164e-02 1.110967993736267090e-02 1.115918159484863281e-02 1.106983423233032227e-02 1.103457808494567871e-02 1.101234555244445801e-02 1.099008321762084961e-02 1.105615496635437012e-02 1.107913255691528320e-02 1.101633906364440918e-02
3.542245807580307604e-01 -1.557618379592895508e-02 -1.554507017135620117e-02 -1.550391316413879395e-02 -1.554358005523681641e-02 -1.557025313377380371e-02 -1.560890674591064453e-02 -1.556205749511718750e-02 -1.554033160209655762e-02 -1.551809906959533691e-02 -1.555603742599487305e-02
3.606773427434186718e-01 -1.967310905456542969e-03 -2.039819955825805664e-03 -2.099394798278808594e-03 -1.971662044525146484e-03 -1.933932304382324219e-03 -1.909136772155761719e-03 -1.936137676239013672e-03 -1.965820789337158203e-03 -2.011626958847045898e-03 -1.938760280609130859e-03
3.671301047288065833e-01 1.585176587104797363e-02 1.586246490478515625e-02 1.585826277732849121e-02 1.586958765983581543e-02 1.585549116134643555e-02 1.584923267364501953e-02 1.586017012596130371e-02 1.586240530014038086e-02 1.583972573280334473e-02 1.585477590560913086e-02
3.735828667141944948e-01 -5.668818950653076172e-03 -5.607634782791137695e-03 -5.536854267120361328e-03 -5.682528018951416016e-03 -5.726486444473266602e-03 -5.736947059631347656e-03 -5.712717771530151367e-03 -5.713254213333129883e-03 -5.656212568283081055e-03 -5.692452192306518555e-03
3.800356286995824062e-01 -1.145890355110168457e-02 -1.151022315025329590e-02 -1.158007979393005371e-02 -1.149475574493408203e-02 -1.148831844329833984e-02 -1.143649220466613770e-02 -1.144018769264221191e-02 -1.149001717567443848e-02 -1.148599386215209961e-02 -1.147902011871337891e-02
3.864883906849703177e-01 1.313126087188720703e-02 1.307493448257446289e-02 1.303073763847351074e-02 1.310613751411437988e-02 1.312306523323059082e-02 1.313489675521850586e-02 1.314598321914672852e-02 1.310950517654418945e-02 1.308941841125488281e-02 1.311412453651428223e-02
3.929411526703582291e-01 6.162732839584350586e-03 6.249040365219116211e-03 6.313771009445190430e-03 6.196469068527221680e-03 6.138741970062255859e-03 6.146848201751708984e-03 6.156444549560546875e-03 6.209969520568847656e-03 6.231069564819335938e-03 6.152927875518798828e-03
3.993939146557460851e-01 -1.662483811378479004e-02 -1.661285758018493652e-02 -1.661148667335510254e-02 -1.661777496337890625e-02 -1.663944125175476074e-02 -1.665219664573669434e-02 -1.662960648536682129e-02 -1.662760972976684570e-02 -1.660892367362976074e-02 -1.662194728851318359e-02
4.058466766411339965e-01 4.243344068527221680e-03 4.145115613937377930e-03 4.095166921615600586e-03 4.184722900390625000e-03 4.240721464157104492e-03 4.284709692001342773e-03 4.264891147613525391e-03 4.200130701065063477e-03 4.171520471572875977e-03 4.218876361846923828e-03
4.122994386265219080e-01 1.417392492294311523e-02 1.427349448204040527e-02 1.426503062248229980e-02 1.420348882675170898e-02 1.422917842864990234e-02 1.421067118644714355e-02 1.421296596527099609e-02 1.424151659011840820e-02 1.423868536949157715e-02 1.421391963958740234e-02
4.187522006119098195e-01 -1.231205463409423828e-02 -1.228401064872741699e-02 -1.221969723701477051e-02 -1.230639219284057617e-02 -1.234242320060729980e-02 -1.234394311904907227e-02 -1.232621073722839355e-02 -1.229837536811828613e-02 -1.227611303329467773e-02 -1.232582330703735352e-02
4.252049625972976754e-01 -6.358116865158081055e-03 -6.457656621932983398e-03 -6.510138511657714844e-03 -6.394505500793457031e-03 -6.382852792739868164e-03 -6.353676319122314453e-03 -6.328403949737548828e-03 -6.402999162673950195e-03 -6.410539150238037109e-03 -6.355166435241699219e-03
4.316577245826856424e-01 1.505017280578613281e-02 1.504135131835937500e-02 1.502838730812072754e-02 1.504728198051452637e-02 1.505422592163085938e-02 1.507461071014404297e-02 1.502263545989990234e-02 1.504257321357727051e-02 1.502445340156555176e-02 1.504650712013244629e-02
4.381104865680734983e-01 -3.892600536346435547e-03 -3.821939229965209961e-03 -3.775984048843383789e-03 -3.899097442626953125e-03 -3.939986228942871094e-03 -3.950536251068115234e-03 -3.921210765838623047e-03 -3.895968198776245117e-03 -3.843069076538085938e-03 -3.913044929504394531e-03
4.445632485534614098e-01 -1.205548644065856934e-02 -1.209488511085510254e-02 -1.211965084075927734e-02 -1.209679245948791504e-02 -1.207846403121948242e-02 -1.204654574394226074e-02 -1.205840706825256348e-02 -1.207554340362548828e-02 -1.207381486892700195e-02 -1.207345724105834961e-02
4.510160105388493212e-01 1.061624288558959961e-02 1.059007644653320312e-02 1.056832075119018555e-02 1.064071059226989746e-02 1.066333055496215820e-02 1.065507531166076660e-02 1.062721014022827148e-02 1.063692569732666016e-02 1.062461733818054199e-02 1.064965128898620605e-02
4.574687725242372327e-01 3.062814474105834961e-03 3.120362758636474609e-03 3.193736076354980469e-03 3.096312284469604492e-03 3.084182739257812500e-03 3.046751022338867188e-03 3.086924552917480469e-03 3.134518861770629883e-03 3.122538328170776367e-03 3.116071224212646484e-03
4.639215345096251442e-01 -1.232159137725830078e-02 -1.232081651687622070e-02 -1.231023669242858887e-02 -1.231607794761657715e-02 -1.232296228408813477e-02 -1.233461499214172363e-02 -1.233094930648803711e-02 -1.233783364295959473e-02 -1.230818033218383789e-02 -1.231554150581359863e-02
4.703742964950130556e-01 2.195924520492553711e-03 2.145171165466308594e-03 2.067327499389648438e-03 2.136260271072387695e-03 2.185821533203125000e-03 2.213895320892333984e-03 2.206265926361083984e-03 2.170056104660034180e-03 2.105593681335449219e-03 2.196878194808959961e-03
4.768270584804009671e-01 1.011604070663452148e-02 1.015967130661010742e-02 1.012769341468811035e-02 1.008871197700500488e-02 1.005914807319641113e-02 1.010879874229431152e-02 1.004830002784729004e-02 1.010879874229431152e-02 1.012164354324340820e-02 1.009759306907653809e-02
4.832798204657888230e-01 -8.117288351058959961e-03 -8.056789636611938477e-03 -8.052289485931396484e-03 -8.091747760772705078e-03 -8.116215467453002930e-03 -8.122354745864868164e-03 -8.110791444778442383e-03 -8.086025714874267578e-03 -8.090615272521972656e-03 -8.110165596008300781e-03
4.897325824511767345e-01 -5.887448787689208984e-03 -5.982220172882080078e-03 -5.972146987915039062e-03 -5.903452634811401367e-03 -5.902022123336791992e-03 -5.886077880859375000e-03 -5.900114774703979492e-03 -5.903333425521850586e-03 -5.937546491622924805e-03 -5.912780761718750000e-03
4.961853444365646459e-01 1.027843356132507324e-02 1.028046011924743652e-02 1.026624441146850586e-02 1.027795672416687012e-02 1.028433442115783691e-02 1.028853654861450195e-02 1.026886701583862305e-02 1.027864217758178711e-02 1.026275753974914551e-02 1.028791069984436035e-02
5.026381064219525019e-01 -4.777014255523681641e-04 -4.105865955352783203e-04 -3.738105297088623047e-04 -4.328787326812744141e-04 -4.590451717376708984e-04 -4.681050777435302734e-04 -4.885494709014892578e-04 -4.359483718872070312e-04 -4.367530345916748047e-04 -4.954934120178222656e-04
5.090908684073405244e-01 -9.245574474334716797e-03 -9.252458810806274414e-03 -9.269535541534423828e-03 -9.242296218872070312e-03 -9.228587150573730469e-03 -9.246945381164550781e-03 -9.209841489791870117e-03 -9.267657995223999023e-03 -9.252667427062988281e-03 -9.233891963958740234e-03
5.155436303927283248e-01 6.393015384674072266e-03 6.353050470352172852e-03 6.313860416412353516e-03 6.384789943695068359e-03 6.420940160751342773e-03 6.414324045181274414e-03 6.397664546966552734e-03 6.386667490005493164e-03 6.369501352310180664e-03 6.374478340148925781e-03
5.219963923781163473e-01 5.244284868240356445e-03 5.322486162185668945e-03 5.319744348526000977e-03 5.285620689392089844e-03 5.251675844192504883e-03 5.243182182312011719e-03 5.261957645416259766e-03 5.268424749374389648e-03 5.290329456329345703e-03 5.252510309219360352e-03
5.284491543635041477e-01 -9.290248155593872070e-03 -9.302169084548950195e-03 -9.290665388107299805e-03 -9.299427270889282227e-03 -9.311437606811523438e-03 -9.308367967605590820e-03 -9.299010038375854492e-03 -9.309500455856323242e-03 -9.296178817749023438e-03 -9.297639131546020508e-03
5.349019163488920592e-01 2.153933048248291016e-03 2.093791961669921875e-03 2.060145139694213867e-03 2.136796712875366211e-03 2.128243446350097656e-03 2.151101827621459961e-03 2.132385969161987305e-03 2.095639705657958984e-03 2.088814973831176758e-03 2.116292715072631836e-03
5.413546783342799706e-01 7.748395204544067383e-03 7.767617702484130859e-03 7.758587598800659180e-03 7.755488157272338867e-03 7.746517658233642578e-03 7.740229368209838867e-03 7.730662822723388672e-03 7.763147354125976562e-03 7.761895656585693359e-03 7.755011320114135742e-03
5.478074403196678821e-01 -5.274862051010131836e-03 -5.255103111267089844e-03 -5.199313163757324219e-03 -5.227476358413696289e-03 -5.250364542007446289e-03 -5.255192518234252930e-03 -5.287379026412963867e-03 -5.235254764556884766e-03 -5.211591720581054688e-03 -5.266547203063964844e-03
5.542602023050557936e-01 -3.997176885604858398e-03 -4.035264253616333008e-03 -4.060894250869750977e-03 -3.992348909378051758e-03 -3.958642482757568359e-03 -4.005044698715209961e-03 -3.985911607742309570e-03 -4.019916057586669922e-03 -4.041343927383422852e-03 -4.017710685729980469e-03
5.607129642904437050e-01 7.622569799423217773e-03 7.604032754898071289e-03 7.621973752975463867e-03 7.619857788085937500e-03 7.620066404342651367e-03 7.616788148880004883e-03 7.614344358444213867e-03 7.609069347381591797e-03 7.617324590682983398e-03 7.608324289321899414e-03
5.671657262758316165e-01 2.050101757049560547e-04 2.511143684387207031e-04 2.619624137878417969e-04 2.014338970184326172e-04 1.799464225769042969e-04 1.794397830963134766e-04 2.031922340393066406e-04 2.274215221405029297e-04 2.291798591613769531e-04 1.915693283081054688e-04
5.736184882612194169e-01 -6.506621837615966797e-03 -6.512612104415893555e-03 -6.517678499221801758e-03 -6.502419710159301758e-03 -6.491363048553466797e-03 -6.482005119323730469e-03 -6.478250026702880859e-03 -6.490975618362426758e-03 -6.501525640487670898e-03 -6.475478410720825195e-03
5.800712502466074394e-01 4.046410322189331055e-03 4.019767045974731445e-03 3.983438014984130859e-03 4.012227058410644531e-03 4.001110792160034180e-03 4.036486148834228516e-03 4.046946763992309570e-03 4.036277532577514648e-03 4.018187522888183594e-03 4.060864448547363281e-03
5.865240122319952398e-01 3.963649272918701172e-03 3.980398178100585938e-03 3.977805376052856445e-03 3.959447145462036133e-03 3.944218158721923828e-03 3.929585218429565430e-03 3.923684358596801758e-03 3.951042890548706055e-03 3.944337368011474609e-03 3.955960273742675781e-03
5.929767742173832623e-01 -6.597816944122314453e-03 -6.573438644409179688e-03 -6.591409444808959961e-03 -6.594717502593994141e-03 -6.603777408599853516e-03 -6.603091955184936523e-03 -6.594657897949218750e-03 -6.592422723770141602e-03 -6.580978631973266602e-03 -6.581515073776245117e-03
5.994295362027710627e-01 1.266896724700927734e-04 8.657574653625488281e-05 7.036328315734863281e-05 9.512901306152343750e-05 1.282095909118652344e-04 1.150369644165039062e-04 1.166760921478271484e-04 1.108348369598388672e-04 8.708238601684570312e-05 1.135766506195068359e-04
6.058822981881590852e-01 6.245642900466918945e-03 6.251782178878784180e-03 6.268531084060668945e-03 6.231367588043212891e-03 6.252050399780273438e-03 6.235599517822265625e-03 6.226897239685058594e-03 6.265431642532348633e-03 6.244391202926635742e-03 6.257206201553344727e-03
6.123350601735468857e-01 -4.777908325195312500e-03 -4.747897386550903320e-03 -4.719614982604980469e-03 -4.784554243087768555e-03 -4.777789115905761719e-03 -4.785984754562377930e-03 -4.773586988449096680e-03 -4.757255315780639648e-03 -4.746109247207641602e-03 -4.761159420013427734e-03
6.187878221589347971e-01 -2.780020236968994141e-03 -2.801537513732910156e-03 -2.802491188049316406e-03 -2.801746129989624023e-03 -2.776622772216796875e-03 -2.762228250503540039e-03 -2.764612436294555664e-03 -2.766251564025878906e-03 -2.784311771392822266e-03 -2.789407968521118164e-03
6.252405841443227086e-01 5.522906780242919922e-03 5.517303943634033203e-03 5.496025085449218750e-03 5.496680736541748047e-03 5.507409572601318359e-03 5.527883768081665039e-03 5.543529987335205078e-03 5.506038665771484375e-03 5.520313978195190430e-03 5.516022443771362305e-03
6.316933461297106200e-01 -9.260177612304687500e-04 -8.682310581207275391e-04 -8.530914783477783203e-04 -9.040236473083496094e-04 -9.174644947052001953e-04 -9.204149246215820312e-04 -9.173750877380371094e-04 -8.901953697204589844e-04 -8.781850337982177734e-04 -9.001195430755615234e-04
6.381461081150985315e-01 -4.647344350814819336e-03 -4.662543535232543945e-03 -4.679411649703979492e-03 -4.659682512283325195e-03 -4.658073186874389648e-03 -4.622727632522583008e-03 -4.627823829650878906e-03 -4.654556512832641602e-03 -4.648745059967041016e-03 -4.648000001907348633e-03
6.445988701004864430e-01 3.237932920455932617e-03 3.227353096008300781e-03 3.224790096282958984e-03 3.244459629058837891e-03 3.254294395446777344e-03 3.254950046539306641e-03 3.222614526748657227e-03 3.229886293411254883e-03 3.230601549148559570e-03 3.264039754867553711e-03
6.510516320858743544e-01 1.413613557815551758e-03 1.430302858352661133e-03 1.435846090316772461e-03 1.415580511093139648e-03 1.407504081726074219e-03 1.408368349075317383e-03 1.401722431182861328e-03 1.417696475982666016e-03 1.430213451385498047e-03 1.401275396347045898e-03
6.575043940712622659e-01 -4.013895988464355469e-03 -4.019707441329956055e-03 -4.026859998703002930e-03 -4.016786813735961914e-03 -4.017621278762817383e-03 -4.018872976303100586e-03 -4.015147686004638672e-03 -4.011929035186767578e-03 -4.013508558273315430e-03 -4.031270742416381836e-03
6.639571560566501773e-01 1.124292612075805664e-03 1.122057437896728516e-03 1.090914011001586914e-03 1.134246587753295898e-03 1.135796308517456055e-03 1.126557588577270508e-03 1.125067472457885742e-03 1.116335391998291016e-03 1.109957695007324219e-03 1.140505075454711914e-03
6.704099180420379778e-01 2.570092678070068359e-03 2.577632665634155273e-03 2.596706151962280273e-03 2.573072910308837891e-03 2.562254667282104492e-03 2.577126026153564453e-03 2.563208341598510742e-03 2.584695816040039062e-03 2.585500478744506836e-03 2.552598714828491211e-03
6.768626800274260003e-01 -2.549946308135986328e-03 -2.541124820709228516e-03 -2.531200647354125977e-03 -2.548307180404663086e-03 -2.558290958404541016e-03 -2.536326646804809570e-03 -2.547889947891235352e-03 -2.536863088607788086e-03 -2.541244029998779297e-03 -2.557665109634399414e-03
6.833154420128139117e-01 -1.201629638671875000e-04 -1.467168331146240234e-04 -1.475214958190917969e-04 -1.219809055328369141e-04 -1.152157783508300781e-04 -1.048445701599121094e-04 -1.033246517181396484e-04 -1.298189163208007812e-04 -1.235008239746093750e-04 -1.282989978790283203e-04
6.897682039982017121e-01 1.634776592254638672e-03 1.629203557968139648e-03 1.645714044570922852e-03 1.636713743209838867e-03 1.617819070816040039e-03 1.622438430786132812e-03 1.619219779968261719e-03 1.632690429687500000e-03 1.620829105377197266e-03 1.618742942810058594e-03
6.962209659835896236e-01 -1.466989517211914062e-03 -1.434952020645141602e-03 -1.463562250137329102e-03 -1.470983028411865234e-03 -1.459449529647827148e-03 -1.456141471862792969e-03 -1.455068588256835938e-03 -1.438856124877929688e-03 -1.444458961486816406e-03 -1.452326774597167969e-03
7.026737279689775351e-01 5.288124084472656250e-04 5.158185958862304688e-04 5.208551883697509766e-04 5.329847335815429688e-04 5.296468734741210938e-04 5.456209182739257812e-04 5.389750003814697266e-04 5.092024803161621094e-04 5.025863647460937500e-04 5.342960357666015625e-04
7.091264899543654465e-01 -1.232922077178955078e-04 -1.008212566375732422e-04 -1.054108142852783203e-04 -1.385509967803955078e-04 -1.426041126251220703e-04 -1.343786716461181641e-04 -1.555383205413818359e-04 -1.317560672760009766e-04 -1.148879528045654297e-04 -1.359581947326660156e-04
7.155792519397533580e-01 -9.404420852661132812e-04 -9.474456310272216797e-04 -9.641349315643310547e-04 -9.527504444122314453e-04 -9.280145168304443359e-04 -9.236633777618408203e-04 -9.327232837677001953e-04 -9.156167507171630859e-04 -9.472072124481201172e-04 -9.212195873260498047e-04
7.220320139251412694e-01 2.373158931732177734e-03 2.357512712478637695e-03 2.375900745391845703e-03 2.374887466430664062e-03 2.387583255767822266e-03 2.381384372711181641e-03 2.362847328186035156e-03 2.345621585845947266e-03 2.372264862060546875e-03 2.396464347839355469e-03
7.284847759105291809e-01 -1.796990633010864258e-03 -1.743525266647338867e-03 -1.767963171005249023e-03 -1.803785562515258789e-03 -1.809984445571899414e-03 -1.813262701034545898e-03 -1.791536808013916016e-03 -1.768440008163452148e-03 -1.781523227691650391e-03 -1.804888248443603516e-03
7.349375378959170924e-01 -1.830160617828369141e-03 -1.874893903732299805e-03 -1.860439777374267578e-03 -1.834809780120849609e-03 -1.815855503082275391e-03 -1.811921596527099609e-03 -1.808345317840576172e-03 -1.847088336944580078e-03 -1.841485500335693359e-03 -1.809567213058471680e-03
7.413902998813050038e-01 4.506349563598632812e-03 4.491239786148071289e-03 4.491865634918212891e-03 4.500687122344970703e-03 4.493087530136108398e-03 4.472672939300537109e-03 4.483819007873535156e-03 4.477083683013916016e-03 4.465788602828979492e-03 4.462301731109619141e-03
7.478430618666929153e-01 -2.793490886688232422e-03 -2.734541893005371094e-03 -2.758800983428955078e-03 -2.778083086013793945e-03 -2.803295850753784180e-03 -2.790838479995727539e-03 -2.797216176986694336e-03 -2.766519784927368164e-03 -2.747654914855957031e-03 -2.779901027679443359e-03
7.542958238520808267e-01 -3.524661064147949219e-03 -3.587663173675537109e-03 -3.547281026840209961e-03 -3.559947013854980469e-03 -3.536045551300048828e-03 -3.513485193252563477e-03 -3.523647785186767578e-03 -3.552973270416259766e-03 -3.552258014678955078e-03 -3.513514995574951172e-03
7.607485858374687382e-01 6.801545619964599609e-03 6.817638874053955078e-03 6.799280643463134766e-03 6.799012422561645508e-03 6.823301315307617188e-03 6.798863410949707031e-03 6.799191236495971680e-03 6.842613220214843750e-03 6.800532341003417969e-03 6.793320178985595703e-03
7.672013478228566496e-01 -3.517776727676391602e-03 -3.475844860076904297e-03 -3.449618816375732422e-03 -3.521054983139038086e-03 -3.510147333145141602e-03 -3.514409065246582031e-03 -3.530174493789672852e-03 -3.488421440124511719e-03 -3.471165895462036133e-03 -3.492951393127441406e-03
7.736541098082445611e-01 -4.616111516952514648e-03 -4.665911197662353516e-03 -4.658102989196777344e-03 -4.646301269531250000e-03 -4.610627889633178711e-03 -4.621982574462890625e-03 -4.609465599060058594e-03 -4.663765430450439453e-03 -4.653245210647583008e-03 -4.632174968719482422e-03
7.801068717936323615e-01 7.091313600540161133e-03 7.103264331817626953e-03 7.046461105346679688e-03 7.074713706970214844e-03 7.085144519805908203e-03 7.096767425537109375e-03 7.107436656951904297e-03 7.101923227310180664e-03 7.080197334289550781e-03 7.085561752319335938e-03
7.865596337790202730e-01 -1.137584447860717773e-03 -1.079618930816650391e-03 -1.072257757186889648e-03 -1.154363155364990234e-03 -1.158714294433593750e-03 -1.147627830505371094e-03 -1.183539628982543945e-03 -1.121789216995239258e-03 -1.102805137634277344e-03 -1.131176948547363281e-03
7.930123957644081845e-01 -5.758434534072875977e-03 -5.791783332824707031e-03 -5.796194076538085938e-03 -5.763500928878784180e-03 -5.751997232437133789e-03 -5.729198455810546875e-03 -5.723983049392700195e-03 -5.772650241851806641e-03 -5.787909030914306641e-03 -5.753129720687866211e-03
7.994651577497960959e-01 5.831867456436157227e-03 5.815982818603515625e-03 5.800783634185791016e-03 5.815178155899047852e-03 5.840867757797241211e-03 5.856335163116455078e-03 5.811572074890136719e-03 5.843192338943481445e-03 5.826920270919799805e-03 5.869418382644653320e-03
8.059179197351840074e-01 -6.538629531860351562e-05 -2.259016036987304688e-05 -7.569789886474609375e-06 -3.868341445922851562e-05 -7.146596908569335938e-05 -6.991624832153320312e-05 -5.957484245300292969e-05 -5.552172660827636719e-05 -3.764033317565917969e-05 -6.541609764099121094e-05
8.123706817205719188e-01 -5.978852510452270508e-03 -6.005316972732543945e-03 -6.004661321640014648e-03 -5.969405174255371094e-03 -5.968421697616577148e-03 -5.989968776702880859e-03 -5.975097417831420898e-03 -5.991637706756591797e-03 -5.996465682983398438e-03 -5.990982055664062500e-03
8.188234437059598303e-01 4.218280315399169922e-03 4.198372364044189453e-03 4.169881343841552734e-03 4.209935665130615234e-03 4.204005002975463867e-03 4.212141036987304688e-03 4.194021224975585938e-03 4.214793443679809570e-03 4.198342561721801758e-03 4.212468862533569336e-03
8.252762056913477418e-01 1.496344804763793945e-03 1.524507999420166016e-03 1.543641090393066406e-03 1.509577035903930664e-03 1.502901315689086914e-03 1.496195793151855469e-03 1.502037048339843750e-03 1.512646675109863281e-03 1.535832881927490234e-03 1.494228839874267578e-03
8.317289676767356532e-01 -4.834562540054321289e-03 -4.851162433624267578e-03 -4.836350679397583008e-03 -4.846453666687011719e-03 -4.848033189773559570e-03 -4.851043224334716797e-03 -4.845470190048217773e-03 -4.850536584854125977e-03 -4.855722188949584961e-03 -4.860430955886840820e-03
8.381817296621235647e-01 2.021491527557373047e-03 2.001821994781494141e-03 1.981019973754882812e-03 2.009093761444091797e-03 2.027988433837890625e-03 2.026408910751342773e-03 2.006947994232177734e-03 2.046525478363037109e-03 2.025395631790161133e-03 2.020269632339477539e-03
8.446344916475114761e-01 2.100229263305664062e-03 2.098172903060913086e-03 2.131819725036621094e-03 2.108573913574218750e-03 2.098083496093750000e-03 2.098232507705688477e-03 2.111792564392089844e-03 2.112090587615966797e-03 2.097159624099731445e-03 2.119809389114379883e-03
8.510872536328993876e-01 -2.749651670455932617e-03 -2.734839916229248047e-03 -2.740144729614257812e-03 -2.766728401184082031e-03 -2.759367227554321289e-03 -2.772331237792968750e-03 -2.766698598861694336e-03 -2.756595611572265625e-03 -2.763330936431884766e-03 -2.776145935058593750e-03
8.575400156182872990e-01 -3.681182861328125000e-04 -3.908574581146240234e-04 -3.978610038757324219e-04 -3.713071346282958984e-04 -3.691017627716064453e-04 -3.637671470642089844e-04 -3.675222396850585938e-04 -3.736913204193115234e-04 -3.827810287475585938e-04 -3.773272037506103516e-04
8.639927776036752105e-01 1.893460750579833984e-03 1.880198717117309570e-03 1.883685588836669922e-03 1.887559890747070312e-03 1.868635416030883789e-03 1.874834299087524414e-03 1.880019903182983398e-03 1.887142658233642578e-03 1.889884471893310547e-03 1.881986856460571289e-03
8.704455395890630109e-01 -8.461773395538330078e-04 -8.310973644256591797e-04 -8.352100849151611328e-04 -8.342266082763671875e-04 -8.466541767120361328e-04 -8.457601070404052734e-04 -8.457899093627929688e-04 -8.395910263061523438e-04 -8.425116539001464844e-04 -8.570253849029541016e-04
8.768983015744509224e-01 -1.251637935638427734e-03 -1.253217458724975586e-03 -1.278251409530639648e-03 -1.254796981811523438e-03 -1.267582178115844727e-03 -1.257151365280151367e-03 -1.252561807632446289e-03 -1.244992017745971680e-03 -1.257359981536865234e-03 -1.254647970199584961e-03
8.833510635598388339e-01 1.178830862045288086e-03 1.168102025985717773e-03 1.156777143478393555e-03 1.174747943878173828e-03 1.179397106170654297e-03 1.190096139907836914e-03 1.184046268463134766e-03 1.166403293609619141e-03 1.163005828857421875e-03 1.177489757537841797e-03
8.898038255452267453e-01 8.044242858886718750e-04 8.334517478942871094e-04 8.193850517272949219e-04 8.057355880737304688e-04 8.079111576080322266e-04 8.124411106109619141e-04 7.933080196380615234e-04 8.224844932556152344e-04 8.217096328735351562e-04 8.069574832916259766e-04
8.962565875306146568e-01 -1.382380723953247070e-03 -1.394569873809814453e-03 -1.370668411254882812e-03 -1.392573118209838867e-03 -1.394003629684448242e-03 -1.378387212753295898e-03 -1.386523246765136719e-03 -1.377254724502563477e-03 -1.381933689117431641e-03 -1.392632722854614258e-03
9.027093495160025682e-01 -2.140104770660400391e-04 -2.289712429046630859e-04 -2.224445343017578125e-04 -2.178549766540527344e-04 -2.101659774780273438e-04 -2.254545688629150391e-04 -2.054274082183837891e-04 -2.158284187316894531e-04 -2.219080924987792969e-04 -2.219080924987792969e-04
9.091621115013904797e-01 1.456379890441894531e-03 1.473695039749145508e-03 1.467764377593994141e-03 1.471310853958129883e-03 1.473844051361083984e-03 1.462221145629882812e-03 1.474022865295410156e-03 1.474201679229736328e-03 1.467138528823852539e-03 1.462817192077636719e-03
9.156148734867783912e-01 -5.981624126434326172e-04 -5.821883678436279297e-04 -5.840659141540527344e-04 -5.872845649719238281e-04 -5.902349948883056641e-04 -5.852878093719482422e-04 -5.927979946136474609e-04 -5.945265293121337891e-04 -5.821883678436279297e-04 -5.823075771331787109e-04
9.220676354721663026e-01 -9.904801845550537109e-04 -9.967386722564697266e-04 -9.845197200775146484e-04 -9.876489639282226562e-04 -9.822547435760498047e-04 -9.814500808715820312e-04 -9.898841381072998047e-04 -9.891092777252197266e-04 -9.922683238983154297e-04 -9.966492652893066406e-04
9.285203974575542141e-01 1.022875308990478516e-03 1.022785902023315430e-03 1.017719507217407227e-03 1.022696495056152344e-03 1.019507646560668945e-03 1.036107540130615234e-03 1.030832529067993164e-03 1.040190458297729492e-03 1.033812761306762695e-03 1.044631004333496094e-03
9.349731594429421255e-01 4.652142524719238281e-04 4.771649837493896484e-04 4.817545413970947266e-04 4.693269729614257812e-04 4.721879959106445312e-04 4.785954952239990234e-04 4.756450653076171875e-04 4.720985889434814453e-04 4.818141460418701172e-04 4.757940769195556641e-04
9.414259214283300370e-01 -1.236110925674438477e-03 -1.228958368301391602e-03 -1.244246959686279297e-03 -1.244902610778808594e-03 -1.234501600265502930e-03 -1.237004995346069336e-03 -1.235485076904296875e-03 -1.230865716934204102e-03 -1.237422227859497070e-03 -1.250654458999633789e-03
9.478786834137179484e-01 3.328919410705566406e-04 3.268122673034667969e-04 3.156960010528564453e-04 3.215372562408447266e-04 3.308355808258056641e-04 3.224611282348632812e-04 3.307461738586425781e-04 3.234744071960449219e-04 3.162622451782226562e-04 3.251135349273681641e-04
9.543314453991058599e-01 1.169919967651367188e-03 1.170784235000610352e-03 1.172006130218505859e-03 1.162260770797729492e-03 1.172423362731933594e-03 1.164525747299194336e-03 1.167684793472290039e-03 1.174002885818481445e-03 1.175969839096069336e-03 1.174151897430419922e-03
9.607842073844936603e-01 -9.360909461975097656e-04 -9.324550628662109375e-04 -9.358227252960205078e-04 -9.500086307525634766e-04 -9.419023990631103516e-04 -9.317994117736816406e-04 -9.475350379943847656e-04 -9.255707263946533203e-04 -9.318888187408447266e-04 -9.585618972778320312e-04
9.672369693698815718e-01 -7.174313068389892578e-04 -7.275342941284179688e-04 -7.180869579315185547e-04 -7.150769233703613281e-04 -7.095038890838623047e-04 -7.153451442718505859e-04 -7.165968418121337891e-04 -7.350444793701171875e-04 -7.199347019195556641e-04 -7.144212722778320312e-04
9.736897313552694833e-01 1.241564750671386719e-03 1.249045133590698242e-03 1.234948635101318359e-03 1.258820295333862305e-03 1.252859830856323242e-03 1.240342855453491211e-03 1.236736774444580078e-03 1.242488622665405273e-03 1.237004995346069336e-03 1.266986131668090820e-03
9.801424933406573947e-01 1.639127731323242188e-06 1.513957977294921875e-05 1.376867294311523438e-05 4.380941390991210938e-06 5.215406417846679688e-06 1.013278961181640625e-06 4.827976226806640625e-06 1.800060272216796875e-05 1.561641693115234375e-05 1.996755599975585938e-06
9.865952553260453062e-01 -1.225441694259643555e-03 -1.229792833328247070e-03 -1.226931810379028320e-03 -1.223623752593994141e-03 -1.221239566802978516e-03 -1.224339008331298828e-03 -1.220792531967163086e-03 -1.231133937835693359e-03 -1.222372055053710938e-03 -1.216858625411987305e-03
9.930480173114332176e-01 7.245540618896484375e-04 7.063746452331542969e-04 7.140338420867919922e-04 7.135570049285888672e-04 7.130801677703857422e-04 7.247626781463623047e-04 7.267296314239501953e-04 7.255375385284423828e-04 7.285773754119873047e-04 7.323026657104492188e-04
9.995007792968211291e-01 6.296038627624511719e-04 6.267428398132324219e-04 6.327331066131591797e-04 6.406009197235107422e-04 6.230175495147705078e-04 6.169080734252929688e-04 6.267726421356201172e-04 6.271302700042724609e-04 6.218850612640380859e-04 6.384551525115966797e-04
1.005953541282209152e+00 -1.184433698654174805e-03 -1.167446374893188477e-03 -1.170575618743896484e-03 -1.198112964630126953e-03 -1.178473234176635742e-03 -1.187115907669067383e-03 -1.173943281173706055e-03 -1.183599233627319336e-03 -1.171380281448364258e-03 -1.172393560409545898e-03
1.012406303267596952e+00 -1.308321952819824219e-05 -1.996755599975585938e-05 -1.952052116394042969e-05 -1.084804534912109375e-05 -5.662441253662109375e-06 4.291534423828125000e-06 8.642673492431640625e-06 -1.516938209533691406e-05 -1.719594001770019531e-05 -1.907348632812500000e-06
1.018859065252984752e+00 1.210868358612060547e-03 1.207888126373291016e-03 1.214146614074707031e-03 1.213073730468750000e-03 1.198291778564453125e-03 1.215934753417968750e-03 1.219868659973144531e-03 1.210361719131469727e-03 1.207023859024047852e-03 1.219362020492553711e-03
1.025311827238372775e+00 -8.034408092498779297e-04 -7.942616939544677734e-04 -7.858574390411376953e-04 -7.989406585693359375e-04 -7.971823215484619141e-04 -7.959306240081787109e-04 -7.858574390411376953e-04 -7.970929145812988281e-04 -7.985532283782958984e-04 -7.864236831665039062e-04
1.031764589223760797e+00 -8.035004138946533203e-04 -8.270740509033203125e-04 -8.290708065032958984e-04 -8.192062377929687500e-04 -8.235871791839599609e-04 -8.258819580078125000e-04 -8.103549480438232422e-04 -8.204877376556396484e-04 -8.338689804077148438e-04 -8.282959461212158203e-04
1.038217351209148598e+00 1.255512237548828125e-03 1.261025667190551758e-03 1.241326332092285156e-03 1.244485378265380859e-03 1.256346702575683594e-03 1.251190900802612305e-03 1.242160797119140625e-03 1.249790191650390625e-03 1.250505447387695312e-03 1.244843006134033203e-03
1.044670113194536398e+00 1.947283744812011719e-04 2.143383026123046875e-04 2.192556858062744141e-04 2.027750015258789062e-04 1.976191997528076172e-04 2.036094665527343750e-04 2.011656761169433594e-04 2.031326293945312500e-04 2.056360244750976562e-04 2.009868621826171875e-04
1.051122875179924421e+00 -1.077681779861450195e-03 -1.079142093658447266e-03 -1.077979803085327148e-03 -1.083433628082275391e-03 -1.079320907592773438e-03 -1.078158617019653320e-03 -1.072525978088378906e-03 -1.068145036697387695e-03 -1.090437173843383789e-03 -1.091629266738891602e-03
1.057575637165312221e+00 4.290640354156494141e-04 4.060268402099609375e-04 3.923475742340087891e-04 4.057884216308593750e-04 4.275143146514892578e-04 4.180967807769775391e-04 4.220008850097656250e-04 4.228949546813964844e-04 4.163682460784912109e-04 4.238188266754150391e-04
1.064028399150700022e+00 4.886090755462646484e-04 4.985034465789794922e-04 4.951655864715576172e-04 4.956424236297607422e-04 4.916787147521972656e-04 4.975199699401855469e-04 4.914104938507080078e-04 4.787147045135498047e-04 4.915595054626464844e-04 4.956722259521484375e-04
1.070481161136088044e+00 -9.749829769134521484e-04 -9.905397891998291016e-04 -9.913742542266845703e-04 -9.847283363342285156e-04 -9.885430335998535156e-04 -9.748935699462890625e-04 -9.860098361968994141e-04 -9.945631027221679688e-04 -9.776055812835693359e-04 -9.863078594207763672e-04
1.076933923121476067e+00 4.301369190216064453e-04 4.214942455291748047e-04 4.132986068725585938e-04 4.178881645202636719e-04 4.106163978576660156e-04 4.329681396484375000e-04 4.297494888305664062e-04 4.144906997680664062e-04 4.204511642456054688e-04 4.241168498992919922e-04
1.083386685106863867e+00 6.552934646606445312e-04 6.581246852874755859e-04 6.610453128814697266e-04 6.684958934783935547e-04 6.596744060516357422e-04 6.569325923919677734e-04 6.536245346069335938e-04 6.721913814544677734e-04 6.620287895202636719e-04 6.605684757232666016e-04
1.089839447092251667e+00 -8.676350116729736328e-04 -8.676350116729736328e-04 -8.730292320251464844e-04 -8.695423603057861328e-04 -8.515119552612304688e-04 -8.553564548492431641e-04 -8.644163608551025391e-04 -8.597970008850097656e-04 -8.494853973388671875e-04 -8.659660816192626953e-04
1.096292209077639690e+00 -1.716613769531250000e-04 -1.681149005889892578e-04 -1.617670059204101562e-04 -1.472234725952148438e-04 -1.460909843444824219e-04 -1.568496227264404297e-04 -1.440644264221191406e-04 -1.586973667144775391e-04 -1.713931560516357422e-04 -1.608133316040039062e-04
1.102744971063027712e+00 4.794895648956298828e-04 4.771053791046142578e-04 4.669427871704101562e-04 4.693865776062011719e-04 4.678666591644287109e-04 4.759728908538818359e-04 4.745125770568847656e-04 4.730224609375000000e-04 4.764199256896972656e-04 4.628598690032958984e-04
1.109197733048415513e+00 -1.993775367736816406e-04 -2.020001411437988281e-04 -1.793503761291503906e-04 -1.992285251617431641e-04 -2.217888832092285156e-04 -2.035498619079589844e-04 -2.020001411437988281e-04 -2.084374427795410156e-04 -1.954138278961181641e-04 -2.141296863555908203e-04
1.115650495033803313e+00 -8.848011493682861328e-04 -8.954703807830810547e-04 -8.943378925323486328e-04 -8.800625801086425781e-04 -8.783638477325439453e-04 -8.856952190399169922e-04 -8.830726146697998047e-04 -8.904635906219482422e-04 -8.818507194519042969e-04 -8.944272994995117188e-04
1.122103257019191336e+00 3.933012485504150391e-04 3.804564476013183594e-04 3.498196601867675781e-04 3.352463245391845703e-04 3.454685211181640625e-04 3.440976142883300781e-04 3.261864185333251953e-04 3.189742565155029297e-04 3.400146961212158203e-04 3.511011600494384766e-04
1.128556019004579358e+00 2.728402614593505859e-04 2.784729003906250000e-04 2.866685390472412109e-04 2.819001674652099609e-04 2.776086330413818359e-04 2.836883068084716797e-04 2.740025520324707031e-04 2.652108669281005859e-04 2.785027027130126953e-04 2.742409706115722656e-04
1.135008780989967159e+00 -7.922947406768798828e-04 -8.016526699066162109e-04 -7.984042167663574219e-04 -8.125305175781250000e-04 -8.182525634765625000e-04 -8.036792278289794922e-04 -8.175075054168701172e-04 -8.152127265930175781e-04 -8.192360401153564453e-04 -7.947385311126708984e-04
1.141461542975354959e+00 1.898407936096191406e-05 2.741813659667968750e-06 -6.407499313354492188e-06 3.933906555175781250e-06 6.079673767089843750e-06 8.016824722290039062e-06 9.238719940185546875e-06 2.416968345642089844e-05 7.271766662597656250e-06 8.821487426757812500e-06
1.147914304960742982e+00 6.113350391387939453e-04 6.192326545715332031e-04 6.253123283386230469e-04 6.134212017059326172e-04 6.133913993835449219e-04 6.282329559326171875e-04 6.240010261535644531e-04 6.189942359924316406e-04 6.234049797058105469e-04 6.234347820281982422e-04
1.154367066946130782e+00 -2.927184104919433594e-04 -2.877414226531982422e-04 -2.645850181579589844e-04 -2.938508987426757812e-04 -2.774894237518310547e-04 -2.836883068084716797e-04 -2.831816673278808594e-04 -2.915263175964355469e-04 -2.795457839965820312e-04 -2.924203872680664062e-04
1.160819828931518582e+00 -3.086328506469726562e-04 -3.026127815246582031e-04 -3.068447113037109375e-04 -3.098547458648681641e-04 -3.062486648559570312e-04 -3.023147583007812500e-04 -3.040730953216552734e-04 -3.099739551544189453e-04 -3.216862678527832031e-04 -2.942979335784912109e-04
1.167272590916906605e+00 4.878044128417968750e-04 4.821717739105224609e-04 4.855990409851074219e-04 4.799365997314453125e-04 4.802048206329345703e-04 4.808604717254638672e-04 5.024671554565429688e-04 4.853904247283935547e-04 4.816353321075439453e-04 4.868507385253906250e-04
1.173725352902294627e+00 3.635883331298828125e-06 -2.115964889526367188e-06 -3.576278686523437500e-07 3.397464752197265625e-06 -7.569789886474609375e-06 8.344650268554687500e-07 8.314847946166992188e-06 5.751848220825195312e-06 -2.533197402954101562e-06 -9.089708328247070312e-06
1.180178114887682428e+00 -5.079209804534912109e-04 -5.127489566802978516e-04 -5.089640617370605469e-04 -5.053877830505371094e-04 -5.104541778564453125e-04 -5.041658878326416016e-04 -5.032420158386230469e-04 -5.061626434326171875e-04 -5.216002464294433594e-04 -5.000233650207519531e-04
1.186630876873070450e+00 3.353059291839599609e-04 3.317594528198242188e-04 3.413856029510498047e-04 3.311038017272949219e-04 3.398954868316650391e-04 3.394484519958496094e-04 3.284215927124023438e-04 3.404319286346435547e-04 3.347992897033691406e-04 3.491044044494628906e-04
1.193083638858458251e+00 4.285275936126708984e-04 4.393458366394042969e-04 4.199445247650146484e-04 4.360973834991455078e-04 4.402995109558105469e-04 4.424750804901123047e-04 4.360675811767578125e-04 4.388689994812011719e-04 4.436075687408447266e-04 4.381537437438964844e-04
1.199536400843846051e+00 -4.090070724487304688e-04 -4.044771194458007812e-04 -3.938674926757812500e-04 -3.847479820251464844e-04 -3.939270973205566406e-04 -3.954470157623291016e-04 -3.981292247772216797e-04 -3.919005393981933594e-04 -3.806948661804199219e-04 -3.986656665802001953e-04
1.205989162829234074e+00 -1.085698604583740234e-04 -1.089870929718017578e-04 -1.159310340881347656e-04 -1.138150691986083984e-04 -1.126229763031005859e-04 -1.109540462493896484e-04 -1.145005226135253906e-04 -1.187622547149658203e-04 -1.156926155090332031e-04 -1.002550125122070312e-04
1.212441924814621874e+00 4.970431327819824219e-04 5.034208297729492188e-04 5.080401897430419922e-04 4.975795745849609375e-04 5.044937133789062500e-04 5.108714103698730469e-04 5.077719688415527344e-04 5.044043064117431641e-04 5.024671554565429688e-04 5.082190036773681641e-04
1.218894686800009897e+00 -8.812546730041503906e-05 -9.304285049438476562e-05 -8.779764175415039062e-05 -7.665157318115234375e-05 -8.442997932434082031e-05 -8.806586265563964844e-05 -7.674098014831542969e-05 -8.627772331237792969e-05 -8.431077003479003906e-05 -8.121132850646972656e-05
1.225347448785397697e+00 -3.299415111541748047e-04 -3.502368927001953125e-04 -3.495216369628906250e-04 -3.483891487121582031e-04 -3.529787063598632812e-04 -3.340244293212890625e-04 -3.359019756317138672e-04 -3.510117530822753906e-04 -3.384053707122802734e-04 -3.491640090942382812e-04
1.231800210770785720e+00 4.743039608001708984e-04 4.649460315704345703e-04 4.634857177734375000e-04 4.664957523345947266e-04 4.699528217315673828e-04 4.756450653076171875e-04 4.628002643585205078e-04 4.758834838867187500e-04 4.701912403106689453e-04 4.806816577911376953e-04
1.238252972756173520e+00 -2.354383468627929688e-06 6.884336471557617188e-06 1.472234725952148438e-05 3.308057785034179688e-06 4.887580871582031250e-06 -3.337860107421875000e-06 3.933906555175781250e-06 -1.668930053710937500e-06 1.120567321777343750e-05 -2.682209014892578125e-06
1.244705734741561542e+00 -4.478991031646728516e-04 -4.547834396362304688e-04 -4.532933235168457031e-04 -4.447698593139648438e-04 -4.496276378631591797e-04 -4.439055919647216797e-04 -4.559159278869628906e-04 -4.544258117675781250e-04 -4.489123821258544922e-04 -4.634857177734375000e-04
1.251158496726949343e+00 2.902448177337646484e-04 2.797245979309082031e-04 2.802014350891113281e-04 2.918541431427001953e-04 2.946555614471435547e-04 2.853572368621826172e-04 2.939701080322265625e-04 2.914071083068847656e-04 2.922713756561279297e-04 3.064274787902832031e-04
1.257611258712337365e+00 2.024173736572265625e-04 2.159774303436279297e-04 2.252459526062011719e-04 2.187490463256835938e-04 2.139210700988769531e-04 2.210736274719238281e-04 2.106130123138427734e-04 2.148747444152832031e-04 2.144575119018554688e-04 2.094805240631103516e-04
1.264064020697725166e+00 -4.700124263763427734e-04 -4.514157772064208984e-04 -4.525482654571533203e-04 -4.523694515228271484e-04 -4.542171955108642578e-04 -4.650056362152099609e-04 -4.463493824005126953e-04 -4.619359970092773438e-04 -4.492104053497314453e-04 -4.610121250152587891e-04
1.270516782683113188e+00 3.704428672790527344e-05 4.306435585021972656e-05 4.139542579650878906e-05 4.658102989196777344e-05 4.228949546813964844e-05 4.097819328308105469e-05 3.182888031005859375e-05 2.866983413696289062e-05 4.026293754577636719e-05 3.147125244140625000e-05
1.276969544668500989e+00 2.832412719726562500e-04 2.833604812622070312e-04 2.763867378234863281e-04 2.785921096801757812e-04 2.651512622833251953e-04 2.767145633697509766e-04 2.698004245758056641e-04 2.824068069458007812e-04 2.720654010772705078e-04 2.696812152862548828e-04
1.283422306653888789e+00 -2.192258834838867188e-04 -2.435743808746337891e-04 -2.174377441406250000e-04 -2.286434173583984375e-04 -2.343058586120605469e-04 -2.250075340270996094e-04 -2.247989177703857422e-04 -2.360045909881591797e-04 -2.262592315673828125e-04 -2.334117889404296875e-04
1.289875068639276812e+00 -3.570318222045898438e-05 -4.956126213073730469e-05 -3.173947334289550781e-05 -3.448128700256347656e-05 -4.363059997558593750e-05 -4.652142524719238281e-05 -3.638863563537597656e-05 -3.886222839355468750e-05 -3.269314765930175781e-05 -4.014372825622558594e-05
1.296327830624664612e+00 2.276599407196044922e-04 2.246201038360595703e-04 2.219974994659423828e-04 2.307593822479248047e-04 2.314150333404541016e-04 2.324283123016357422e-04 2.282857894897460938e-04 2.363026142120361328e-04 2.369284629821777344e-04 2.445578575134277344e-04
1.302780592610052635e+00 -1.320242881774902344e-04 -1.369714736938476562e-04 -1.213848590850830078e-04 -1.236796379089355469e-04 -1.360177993774414062e-04 -1.438558101654052734e-04 -1.452267169952392578e-04 -1.294016838073730469e-04 -1.378059387207031250e-04 -1.364052295684814453e-04
1.309233354595440435e+00 -1.271367073059082031e-04 -1.188814640045166016e-04 -1.190602779388427734e-04 -1.253187656402587891e-04 -1.320242881774902344e-04 -1.230537891387939453e-04 -1.127421855926513672e-04 -1.204907894134521484e-04 -1.174509525299072266e-04 -1.227855682373046875e-04
1.315686116580828458e+00 1.618862152099609375e-04 1.569390296936035156e-04 1.803934574127197266e-04 1.756250858306884766e-04 1.687109470367431641e-04 1.746714115142822266e-04 1.708269119262695312e-04 1.661181449890136719e-04 1.633167266845703125e-04 1.642704010009765625e-04
1.322138878566216258e+00 3.713369369506835938e-05 3.585219383239746094e-05 3.272294998168945312e-05 3.209710121154785156e-05 4.261732101440429688e-05 3.686547279357910156e-05 2.336502075195312500e-05 2.855062484741210938e-05 2.351403236389160156e-05 2.712011337280273438e-05
1.328591640551604280e+00 -9.918212890625000000e-05 -9.152293205261230469e-05 -9.387731552124023438e-05 -9.876489639282226562e-05 -9.372830390930175781e-05 -8.270144462585449219e-05 -9.909272193908691406e-05 -9.602308273315429688e-05 -8.639693260192871094e-05 -8.928775787353515625e-05
1.335044402536992081e+00 -5.877017974853515625e-05 -5.820393562316894531e-05 -7.137656211853027344e-05 -7.128715515136718750e-05 -6.425380706787109375e-05 -6.315112113952636719e-05 -7.095932960510253906e-05 -6.929039955139160156e-05 -7.030367851257324219e-05 -6.908178329467773438e-05
1.341497164522380103e+00 1.326203346252441406e-04 1.386702060699462891e-04 1.448094844818115234e-04 1.443326473236083984e-04 1.400411128997802734e-04 1.418590545654296875e-04 1.394748687744140625e-04 1.289844512939453125e-04 1.474618911743164062e-04 1.283884048461914062e-04
1.347949926507767904e+00 2.562999725341796875e-05 2.244114875793457031e-05 2.202391624450683594e-05 6.765127182006835938e-06 8.285045623779296875e-06 1.940131187438964844e-05 1.779198646545410156e-05 1.591444015502929688e-05 2.557039260864257812e-05 1.904368400573730469e-05
1.354402688493155926e+00 -1.294314861297607422e-04 -1.315772533416748047e-04 -1.304745674133300781e-04 -1.336038112640380859e-04 -1.311302185058593750e-04 -1.331865787506103516e-04 -1.412928104400634766e-04 -1.357197761535644531e-04 -1.304447650909423828e-04 -1.266002655029296875e-04
1.360855450478543727e+00 2.929568290710449219e-05 2.434849739074707031e-05 3.632903099060058594e-05 3.451108932495117188e-05 2.497434616088867188e-05 3.442168235778808594e-05 2.932548522949218750e-05 2.387166023254394531e-05 3.772974014282226562e-05 2.926588058471679688e-05
1.367308212463931749e+00 -4.744529724121093750e-05 -4.392862319946289062e-05 -5.215406417846679688e-05 -4.756450653076171875e-05 -4.869699478149414062e-05 -3.704428672790527344e-05 -4.070997238159179688e-05 -5.257129669189453125e-05 -5.087256431579589844e-05 -4.732608795166015625e-05
1.373760974449319550e+00 -1.178681850433349609e-04 -1.069307327270507812e-04 -1.186728477478027344e-04 -1.227557659149169922e-04 -1.261234283447265625e-04 -1.088082790374755859e-04 -1.147091388702392578e-04 -1.303851604461669922e-04 -1.140534877777099609e-04 -1.321732997894287109e-04
1.380213736434707350e+00 4.249811172485351562e-05 2.181529998779296875e-05 3.871321678161621094e-05 3.519654273986816406e-05 3.805756568908691406e-05 2.977252006530761719e-05 4.625320434570312500e-05 2.843141555786132812e-05 2.604722976684570312e-05 3.200769424438476562e-05
1.386666498420095373e+00 5.841255187988281250e-05 5.072355270385742188e-05 5.751848220825195312e-05 5.772709846496582031e-05 5.796551704406738281e-05 5.364418029785156250e-05 6.023049354553222656e-05 5.099177360534667969e-05 6.029009819030761719e-05 6.750226020812988281e-05
1.393119260405483173e+00 2.083182334899902344e-05 3.162026405334472656e-05 1.716613769531250000e-05 6.705522537231445312e-06 2.002716064453125000e-05 1.624226570129394531e-05 2.226233482360839844e-05 2.467632293701171875e-05 3.200769424438476562e-05 3.635883331298828125e-05
1.399572022390871195e+00 -4.494190216064453125e-05 -4.521012306213378906e-05 -5.924701690673828125e-05 -3.907084465026855469e-05 -3.811717033386230469e-05 -4.145503044128417969e-05 -5.164742469787597656e-05 -3.680586814880371094e-05 -4.267692565917968750e-05 -3.370642662048339844e-05
1.406024784376258996e+00 1.282989978790283203e-04 1.228451728820800781e-04 1.236498355865478516e-04 1.329183578491210938e-04 1.415610313415527344e-04 1.292526721954345703e-04 1.386404037475585938e-04 1.301169395446777344e-04 1.456439495086669922e-04 1.349151134490966797e-04
1.412477546361647018e+00 -1.284480094909667969e-04 -1.308917999267578125e-04 -1.332759857177734375e-04 -1.313388347625732422e-04 -1.266598701477050781e-04 -1.282393932342529297e-04 -1.297891139984130859e-04 -1.254975795745849609e-04 -1.269578933715820312e-04 -1.326799392700195312e-04
1.418930308347034819e+00 -9.939074516296386719e-05 -1.026093959808349609e-04 -1.052021980285644531e-04 -8.863210678100585938e-05 -1.095235347747802734e-04 -1.137256622314453125e-04 -9.763240814208984375e-05 -1.098811626434326172e-04 -9.897351264953613281e-05 -1.045167446136474609e-04
1.425383070332422841e+00 2.204775810241699219e-04 2.167820930480957031e-04 2.168715000152587891e-04 2.185404300689697266e-04 2.344250679016113281e-04 2.342164516448974609e-04 2.235472202301025391e-04 2.267360687255859375e-04 2.221465110778808594e-04 2.313554286956787109e-04
1.431835832317810642e+00 2.950429916381835938e-05 3.778934478759765625e-05 2.610683441162109375e-05 2.864003181457519531e-05 2.899765968322753906e-05 3.963708877563476562e-05 2.279877662658691406e-05 3.024935722351074219e-05 2.652406692504882812e-05 3.692507743835449219e-05
1.438288594303198664e+00 -2.233386039733886719e-04 -2.136528491973876953e-04 -2.210438251495361328e-04 -2.250373363494873047e-04 -2.212226390838623047e-04 -2.257525920867919922e-04 -2.222657203674316406e-04 -2.172887325286865234e-04 -2.132058143615722656e-04 -2.149045467376708984e-04
1.444741356288586465e+00 9.149312973022460938e-05 7.525086402893066406e-05 8.136034011840820312e-05 7.563829421997070312e-05 8.490681648254394531e-05 8.818507194519042969e-05 9.229779243469238281e-05 7.092952728271484375e-05 8.478760719299316406e-05 8.204579353332519531e-05
1.451194118273974487e+00 1.305341720581054688e-04 1.315474510192871094e-04 1.411437988281250000e-04 1.354217529296875000e-04 1.348555088043212891e-04 1.330375671386718750e-04 1.391470432281494141e-04 1.401603221893310547e-04 1.363158226013183594e-04 1.293718814849853516e-04
1.457646880259362288e+00 -1.161992549896240234e-04 -1.164078712463378906e-04 -1.250803470611572266e-04 -1.175105571746826172e-04 -1.203119754791259766e-04 -1.150667667388916016e-04 -1.388192176818847656e-04 -1.299679279327392578e-04 -1.181662082672119141e-04 -1.211166381835937500e-04
1.464099642244750310e+00 1.260638236999511719e-04 1.417398452758789062e-04 1.217722892761230469e-04 1.362860202789306641e-04 1.300275325775146484e-04 1.492202281951904297e-04 1.392364501953125000e-04 1.384913921356201172e-04 1.395344734191894531e-04 1.270771026611328125e-04
1.470552404230138110e+00 8.982419967651367188e-05 8.413195610046386719e-05 9.509921073913574219e-05 9.784102439880371094e-05 7.712841033935546875e-05 9.128451347351074219e-05 9.307265281677246094e-05 9.122490882873535156e-05 9.134411811828613281e-05 8.165836334228515625e-05
1.477005166215525911e+00 -1.272559165954589844e-04 -1.252889633178710938e-04 -1.293122768402099609e-04 -1.296997070312500000e-04 -1.297295093536376953e-04 -1.337528228759765625e-04 -1.292824745178222656e-04 -1.317560672760009766e-04 -1.230835914611816406e-04 -1.255571842193603516e-04
1.483457928200913933e+00 -2.923607826232910156e-05 -2.291798591613769531e-05 -1.931190490722656250e-05 -1.966953277587890625e-05 -1.677870750427246094e-05 -1.740455627441406250e-05 -2.393126487731933594e-05 -2.241134643554687500e-05 -1.600384712219238281e-05 -2.235174179077148438e-05
1.489910690186301734e+00 1.424551010131835938e-04 1.356005668640136719e-04 1.437664031982421875e-04 1.421272754669189453e-04 1.402795314788818359e-04 1.335442066192626953e-04 1.401603221893310547e-04 1.411139965057373047e-04 1.438856124877929688e-04 1.409947872161865234e-04
1.496363452171689756e+00 -6.937980651855468750e-05 -7.888674736022949219e-05 -7.230043411254882812e-05 -7.933378219604492188e-05 -6.997585296630859375e-05 -7.706880569458007812e-05 -8.046627044677734375e-05 -6.827712059020996094e-05 -6.201863288879394531e-05 -7.373094558715820312e-05
1.502816214157077557e+00 -3.272294998168945312e-05 -3.686547279357910156e-05 -3.749132156372070312e-05 -3.492832183837890625e-05 -4.050135612487792969e-05 -3.755092620849609375e-05 -3.880262374877929688e-05 -3.615021705627441406e-05 -4.413723945617675781e-05 -2.911686897277832031e-05
1.509268976142465579e+00 1.081526279449462891e-04 1.031160354614257812e-04 1.107454299926757812e-04 1.032650470733642578e-04 1.078248023986816406e-04 1.023709774017333984e-04 1.055896282196044922e-04 9.649991989135742188e-05 1.012086868286132812e-04 1.019239425659179688e-04
1.515721738127853380e+00 -6.240606307983398438e-05 -5.760788917541503906e-05 -5.173683166503906250e-05 -7.194280624389648438e-05 -5.871057510375976562e-05 -6.133317947387695312e-05 -6.395578384399414062e-05 -5.719065666198730469e-05 -6.794929504394531250e-05 -6.422400474548339844e-05
1.522174500113241402e+00 -2.723932266235351562e-05 -4.360079765319824219e-05 -3.036856651306152344e-05 -2.992153167724609375e-05 -4.544854164123535156e-05 -3.424286842346191406e-05 -3.698468208312988281e-05 -3.886222839355468750e-05 -3.540515899658203125e-05 -3.156065940856933594e-05
1.528627262098629203e+00 9.301304817199707031e-05 1.035928726196289062e-04 1.087188720703125000e-04 1.024603843688964844e-04 1.101791858673095703e-04 1.034438610076904297e-04 1.056492328643798828e-04 1.041889190673828125e-04 1.025199890136718750e-04 1.093447208404541016e-04
1.535080024084017225e+00 -6.890296936035156250e-05 -5.802512168884277344e-05 -6.151199340820312500e-05 -6.818771362304687500e-05 -7.021427154541015625e-05 -6.967782974243164062e-05 -6.717443466186523438e-05 -6.899237632751464844e-05 -7.289648056030273438e-05 -7.274746894836425781e-05
1.541532786069405025e+00 -7.295608520507812500e-05 -7.164478302001953125e-05 -6.785988807678222656e-05 -6.899237632751464844e-05 -7.307529449462890625e-05 -6.085634231567382812e-05 -6.201863288879394531e-05 -6.431341171264648438e-05 -6.204843521118164062e-05 -5.605816841125488281e-05
1.547985548054793048e+00 9.280443191528320312e-05 9.778141975402832031e-05 9.232759475708007812e-05 9.965896606445312500e-05 1.067519187927246094e-04 9.807944297790527344e-05 9.584426879882812500e-05 9.411573410034179688e-05 9.447336196899414062e-05 1.058578491210937500e-04
1.554438310040180848e+00 -2.452731132507324219e-05 -2.634525299072265625e-05 -2.709031105041503906e-05 -2.139806747436523438e-05 -3.004074096679687500e-05 -2.282857894897460938e-05 -3.904104232788085938e-05 -1.361966133117675781e-05 -2.527236938476562500e-05 -3.522634506225585938e-05
1.560891072025568649e+00 1.162290573120117188e-06 -3.635883331298828125e-06 -1.403689384460449219e-05 -3.933906555175781250e-06 1.817941665649414062e-06 1.132488250732421875e-06 -1.236796379089355469e-05 -2.652406692504882812e-06 -1.263618469238281250e-05 -1.731514930725097656e-05
1.567343834010956671e+00 2.935528755187988281e-05 3.579258918762207031e-05 2.694129943847656250e-05 3.162026405334472656e-05 2.112984657287597656e-05 3.090500831604003906e-05 3.266334533691406250e-05 2.327561378479003906e-05 1.308321952819824219e-05 4.041194915771484375e-05
1.573796595996344472e+00 -2.205371856689453125e-05 -2.142786979675292969e-05 -2.124905586242675781e-05 -1.174211502075195312e-05 -2.473592758178710938e-05 -1.525878906250000000e-05 -2.253055572509765625e-05 -2.467632293701171875e-05 -1.853704452514648438e-05 -2.694129943847656250e-05
1.580249357981732494e+00 -1.549720764160156250e-05 -8.374452590942382812e-06 -9.328126907348632812e-06 -2.482533454895019531e-05 -1.847743988037109375e-05 -1.776218414306640625e-05 -1.835823059082031250e-05 -1.159310340881347656e-05 -5.692243576049804688e-06 -1.460313796997070312e-05
1.586702119967120295e+00 1.427531242370605469e-05 7.867813110351562500e-06 6.467103958129882812e-06 -1.937150955200195312e-06 1.540780067443847656e-05 5.930662155151367188e-06 -1.609325408935546875e-06 1.281499862670898438e-05 -3.933906555175781250e-06 -3.069639205932617188e-06
1.593154881952508317e+00 2.351403236389160156e-05 1.180171966552734375e-05 1.856684684753417969e-05 2.056360244750976562e-05 9.119510650634765625e-06 1.999735832214355469e-05 2.643465995788574219e-05 2.619624137878417969e-05 1.767277717590332031e-05 2.941489219665527344e-05
1.599607643937896118e+00 1.996755599975585938e-06 2.205371856689453125e-06 -9.149312973022460938e-06 -6.645917892456054688e-06 4.291534423828125000e-06 -3.218650817871093750e-06 -1.043081283569335938e-06 1.287460327148437500e-05 -1.281499862670898438e-06 -5.900859832763671875e-06
1.606060405923284140e+00 -1.308321952819824219e-05 -1.871585845947265625e-05 -7.629394531250000000e-06 -9.089708328247070312e-06 -1.266598701477050781e-05 -1.266598701477050781e-05 -2.333521842956542969e-05 -1.752376556396484375e-05 -2.342462539672851562e-05 -1.597404479980468750e-05
1.612513167908671941e+00 2.586841583251953125e-05 1.752376556396484375e-05 1.978874206542968750e-05 2.962350845336914062e-05 3.549456596374511719e-05 2.664327621459960938e-05 2.986192703247070312e-05 3.138184547424316406e-05 2.393126487731933594e-05 2.756714820861816406e-05
1.618965929894059963e+00 -5.078315734863281250e-05 -4.714727401733398438e-05 -4.607439041137695312e-05 -3.647804260253906250e-05 -5.283951759338378906e-05 -3.537535667419433594e-05 -3.248453140258789062e-05 -4.369020462036132812e-05 -3.910064697265625000e-05 -4.163384437561035156e-05
1.625418691879447763e+00 -6.258487701416015625e-07 -2.324581146240234375e-06 3.546476364135742188e-06 6.586313247680664062e-06 -3.069639205932617188e-06 -3.397464752197265625e-06 -6.616115570068359375e-06 3.337860107421875000e-06 5.245208740234375000e-06 4.827976226806640625e-06
1.631871453864835786e+00 1.651048660278320312e-05 3.409385681152343750e-05 2.846121788024902344e-05 2.378225326538085938e-05 2.029538154602050781e-05 2.098083496093750000e-05 3.248453140258789062e-05 2.610683441162109375e-05 2.846121788024902344e-05 1.257658004760742188e-05
1.638324215850223586e+00 -1.946091651916503906e-05 -2.700090408325195312e-05 -1.856684684753417969e-05 -1.260638236999511719e-05 -1.984834671020507812e-05 -2.732872962951660156e-05 -5.453824996948242188e-06 -1.767277717590332031e-05 -2.205371856689453125e-05 -2.610683441162109375e-05
1.644776977835611609e+00 -1.552700996398925781e-05 -4.321336746215820312e-06 -1.245737075805664062e-05 -2.714991569519042969e-05 -1.198053359985351562e-05 -2.235174179077148438e-05 -8.404254913330078125e-06 -1.421570777893066406e-05 -5.841255187988281250e-06 -8.702278137207031250e-06
1.651229739820999409e+00 4.896521568298339844e-05 4.881620407104492188e-05 4.476308822631835938e-05 3.796815872192382812e-05 3.382563591003417969e-05 4.181265830993652344e-05 4.678964614868164062e-05 4.091858863830566406e-05 4.264712333679199219e-05 3.355741500854492188e-05
1.657682501806387210e+00 1.665949821472167969e-05 1.710653305053710938e-05 1.522898674011230469e-05 1.949071884155273438e-05 1.317262649536132812e-05 2.342462539672851562e-05 2.396106719970703125e-05 3.191828727722167969e-05 2.706050872802734375e-05 1.809000968933105469e-05
1.664135263791775232e+00 -7.957220077514648438e-06 -9.506940841674804688e-06 -1.707673072814941406e-05 -8.910894393920898438e-06 -7.927417755126953125e-06 -3.755092620849609375e-06 -1.040101051330566406e-05 -1.600384712219238281e-05 -8.940696716308593750e-08 5.424022674560546875e-06
1.670588025777163033e+00 -7.510185241699218750e-06 -4.500150680541992188e-06 -7.480382919311523438e-06 -1.671910285949707031e-05 -7.122755050659179688e-06 -1.543760299682617188e-05 -8.553266525268554688e-06 -2.980232238769531250e-07 -1.686811447143554688e-05 -8.046627044677734375e-06
1.677040787762551055e+00 -6.932020187377929688e-05 -7.444620132446289062e-05 -7.745623588562011719e-05 -6.967782974243164062e-05 -7.405877113342285156e-05 -7.089972496032714844e-05 -8.204579353332519531e-05 -7.390975952148437500e-05 -8.001923561096191406e-05 -7.367134094238281250e-05
1.683493549747938856e+00 -5.960464477539062500e-07 2.503395080566406250e-06 2.107024192810058594e-05 -1.364946365356445312e-05 -2.205371856689453125e-06 3.516674041748046875e-06 -1.311302185058593750e-06 4.619359970092773438e-06 2.980232238769531250e-06 1.212954521179199219e-05
1.689946311733326878e+00 1.235008239746093750e-04 1.216828823089599609e-04 1.205205917358398438e-04 1.098811626434326172e-04 1.207888126373291016e-04 1.218020915985107422e-04 1.162290573120117188e-04 1.126229763031005859e-04 1.219809055328369141e-04 1.108944416046142578e-04
1.696399073718714678e+00 3.638863563537597656e-05 3.954768180847167969e-05 4.103779792785644531e-05 3.200769424438476562e-05 4.044175148010253906e-05 2.908706665039062500e-05 4.112720489501953125e-05 3.135204315185546875e-05 3.519654273986816406e-05 2.813339233398437500e-05
1.702851835704102701e+00 -8.597970008850097656e-05 -9.992718696594238281e-05 -9.065866470336914062e-05 -8.723139762878417969e-05 -9.515881538391113281e-05 -9.584426879882812500e-05 -9.304285049438476562e-05 -1.053512096405029297e-04 -8.621811866760253906e-05 -8.597970008850097656e-05
1.709304597689490501e+00 3.263354301452636719e-05 3.752112388610839844e-05 1.856684684753417969e-05 2.536177635192871094e-05 2.181529998779296875e-05 2.217292785644531250e-05 2.476572990417480469e-05 2.387166023254394531e-05 2.062320709228515625e-05 1.716613769531250000e-05
1.715757359674878524e+00 4.079937934875488281e-05 4.589557647705078125e-05 4.518032073974609375e-05 4.205107688903808594e-05 3.638863563537597656e-05 4.950165748596191406e-05 4.929304122924804688e-05 5.102157592773437500e-05 5.102157592773437500e-05 4.643201828002929688e-05
1.722210121660266324e+00 -6.273388862609863281e-05 -4.705786705017089844e-05 -5.513429641723632812e-05 -5.227327346801757812e-05 -5.778670310974121094e-05 -5.650520324707031250e-05 -5.671381950378417969e-05 -6.425380706787109375e-05 -5.108118057250976562e-05 -4.392862319946289062e-05
1.728662883645654347e+00 3.853440284729003906e-05 3.233551979064941406e-05 3.752112388610839844e-05 4.521012306213378906e-05 3.275275230407714844e-05 4.222989082336425781e-05 4.103779792785644531e-05 3.811717033386230469e-05 2.112984657287597656e-05 2.110004425048828125e-05
1.735115645631042147e+00 2.425909042358398438e-05 2.515316009521484375e-05 2.318620681762695312e-05 2.163648605346679688e-05 3.018975257873535156e-05 2.992153167724609375e-05 2.181529998779296875e-05 2.732872962951660156e-05 3.549456596374511719e-05 1.108646392822265625e-05
1.741568407616429948e+00 -1.215934753417968750e-05 -3.561377525329589844e-05 -3.063678741455078125e-05 -3.448128700256347656e-05 -2.887845039367675781e-05 -2.598762512207031250e-05 -4.091858863830566406e-05 -2.312660217285156250e-05 -2.935528755187988281e-05 -2.145767211914062500e-05
1.748021169601817970e+00 1.347064971923828125e-05 7.212162017822265625e-06 1.224875450134277344e-05 1.174211502075195312e-05 1.853704452514648438e-05 1.010298728942871094e-05 1.823902130126953125e-05 7.361173629760742188e-06 7.927417755126953125e-06 8.940696716308593750e-07
1.754473931587205771e+00 6.785988807678222656e-05 6.288290023803710938e-05 6.347894668579101562e-05 6.514787673950195312e-05 7.611513137817382812e-05 7.766485214233398438e-05 7.861852645874023438e-05 6.595253944396972656e-05 7.262825965881347656e-05 6.243586540222167969e-05
1.760926693572593793e+00 -2.062320709228515625e-05 -1.791119575500488281e-05 -1.338124275207519531e-05 -2.276897430419921875e-05 -2.193450927734375000e-05 -1.296401023864746094e-05 -1.165270805358886719e-05 -2.250075340270996094e-05 -1.350045204162597656e-05 -1.677870750427246094e-05
1.767379455557981593e+00 2.393126487731933594e-05 3.761053085327148438e-05 2.476572990417480469e-05 3.194808959960937500e-05 3.561377525329589844e-05 1.907348632812500000e-05 3.451108932495117188e-05 3.403425216674804688e-05 3.191828727722167969e-05 3.978610038757324219e-05
1.773832217543369616e+00 5.346536636352539062e-05 3.603100776672363281e-05 3.907084465026855469e-05 4.154443740844726562e-05 3.227591514587402344e-05 5.275011062622070312e-05 4.786252975463867188e-05 4.467368125915527344e-05 4.613399505615234375e-05 4.938244819641113281e-05
1.780284979528757416e+00 -2.518296241760253906e-05 -2.935528755187988281e-05 -2.118945121765136719e-05 -2.104043960571289062e-05 -2.938508987426757812e-05 -2.929568290710449219e-05 -3.311038017272949219e-05 -1.910328865051269531e-05 -3.239512443542480469e-05 -3.692507743835449219e-05
1.786737741514145439e+00 -6.252527236938476562e-05 -6.031990051269531250e-05 -5.057454109191894531e-05 -3.898143768310546875e-05 -5.093216896057128906e-05 -4.559755325317382812e-05 -5.728006362915039062e-05 -5.358457565307617188e-05 -5.322694778442382812e-05 -5.403161048889160156e-05
1.793190503499533239e+00 2.345442771911621094e-05 2.348423004150390625e-05 2.571940422058105469e-05 3.072619438171386719e-05 1.445412635803222656e-05 1.576542854309082031e-05 1.859664916992187500e-05 3.099441528320312500e-05 1.403689384460449219e-05 1.865625381469726562e-05
1.799643265484921262e+00 8.076429367065429688e-05 8.529424667358398438e-05 8.895993232727050781e-05 8.752942085266113281e-05 8.314847946166992188e-05 8.100271224975585938e-05 8.660554885864257812e-05 8.583068847656250000e-05 7.507205009460449219e-05 7.879734039306640625e-05
1.806096027470309062e+00 3.045797348022460938e-05 3.388524055480957031e-05 3.010034561157226562e-05 4.249811172485351562e-05 3.600120544433593750e-05 3.522634506225585938e-05 3.719329833984375000e-05 3.021955490112304688e-05 3.811717033386230469e-05 3.555417060852050781e-05
1.812548789455697085e+00 2.485513687133789062e-05 4.175305366516113281e-05 3.924965858459472656e-05 3.162026405334472656e-05 2.840161323547363281e-05 4.696846008300781250e-05 3.683567047119140625e-05 3.877282142639160156e-05 4.851818084716796875e-05 4.056096076965332031e-05
1.819001551441084885e+00 -3.039836883544921875e-06 -4.470348358154296875e-07 7.152557373046875000e-06 -2.741813659667968750e-06 -1.192092895507812500e-07 9.506940841674804688e-06 2.264976501464843750e-06 1.892447471618652344e-05 6.645917892456054688e-06 1.013278961181640625e-06
1.825454313426472908e+00 -3.871321678161621094e-05 -3.880262374877929688e-05 -4.148483276367187500e-05 -3.004074096679687500e-05 -4.145503044128417969e-05 -4.822015762329101562e-05 -3.552436828613281250e-05 -4.148483276367187500e-05 -4.139542579650878906e-05 -4.532933235168457031e-05
1.831907075411860708e+00 1.174211502075195312e-05 1.576542854309082031e-05 6.526708602905273438e-06 1.111626625061035156e-05 2.297759056091308594e-05 9.566545486450195312e-06 1.671910285949707031e-05 1.400709152221679688e-05 4.529953002929687500e-06 2.178549766540527344e-05
1.838359837397248508e+00 -9.536743164062500000e-07 1.358985900878906250e-05 7.450580596923828125e-06 1.531839370727539062e-05 5.543231964111328125e-06 1.108646392822265625e-05 1.671910285949707031e-05 2.208352088928222656e-05 6.943941116333007812e-06 1.835823059082031250e-05
1.844812599382636531e+00 -2.756714820861816406e-05 -2.363324165344238281e-05 -2.038478851318359375e-05 -1.937150955200195312e-05 -2.890825271606445312e-05 -2.154707908630371094e-05 -2.732872962951660156e-05 -4.041194915771484375e-05 -1.469254493713378906e-05 -2.402067184448242188e-05
1.851265361368024331e+00 2.709031105041503906e-05 2.133846282958984375e-05 2.670288085937500000e-05 3.191828727722167969e-05 3.328919410705566406e-05 3.644824028015136719e-05 2.247095108032226562e-05 2.464652061462402344e-05 2.220273017883300781e-05 4.124641418457031250e-05
1.857718123353412354e+00 -1.451373100280761719e-05 -1.385807991027832031e-05 -5.751848220825195312e-06 -1.123547554016113281e-05 -9.506940841674804688e-06 -7.808208465576171875e-06 -1.490116119384765625e-05 -3.039836883544921875e-06 -4.887580871582031250e-06 -1.531839370727539062e-05
1.864170885338800154e+00 -2.971291542053222656e-05 -3.072619438171386719e-05 -3.525614738464355469e-05 -4.163384437561035156e-05 -3.218650817871093750e-05 -2.786517143249511719e-05 -2.020597457885742188e-05 -3.212690353393554688e-05 -4.443526268005371094e-05 -3.966689109802246094e-05
1.870623647324188177e+00 3.296136856079101562e-05 4.538893699645996094e-05 4.696846008300781250e-05 3.075599670410156250e-05 3.579258918762207031e-05 4.020333290100097656e-05 2.992153167724609375e-05 3.039836883544921875e-05 4.139542579650878906e-05 3.767013549804687500e-05
1.877076409309575977e+00 -5.304813385009765625e-06 -1.341104507446289062e-05 -1.490116119384765625e-06 -6.884336471557617188e-06 -1.183152198791503906e-05 -1.928210258483886719e-05 -1.353025436401367188e-05 -1.516938209533691406e-05 -1.323223114013671875e-05 -5.036592483520507812e-06
1.883529171294964000e+00 -8.854269981384277344e-05 -7.691979408264160156e-05 -7.513165473937988281e-05 -7.742643356323242188e-05 -8.088350296020507812e-05 -8.371472358703613281e-05 -6.604194641113281250e-05 -7.879734039306640625e-05 -7.882714271545410156e-05 -7.554888725280761719e-05
1.889981933280351800e+00 1.630187034606933594e-05 1.937150955200195312e-05 2.044439315795898438e-05 1.770257949829101562e-05 1.996755599975585938e-05 2.795457839965820312e-05 1.928210258483886719e-05 2.673268318176269531e-05 2.914667129516601562e-05 1.531839370727539062e-05
1.896434695265739823e+00 1.192092895507812500e-05 1.767277717590332031e-05 2.533197402954101562e-05 2.259016036987304688e-05 1.654028892517089844e-05 2.613663673400878906e-05 2.533197402954101562e-06 1.478195190429687500e-05 2.515316009521484375e-05 9.238719940185546875e-06
1.902887457251127623e+00 -5.733966827392578125e-05 -5.543231964111328125e-05 -4.330277442932128906e-05 -6.097555160522460938e-05 -5.212426185607910156e-05 -5.429983139038085938e-05 -3.796815872192382812e-05 -5.349516868591308594e-05 -4.121661186218261719e-05 -5.790591239929199219e-05
1.909340219236515646e+00 4.461407661437988281e-05 4.130601882934570312e-05 3.889203071594238281e-05 3.245472908020019531e-05 4.461407661437988281e-05 3.898143768310546875e-05 5.125999450683593750e-05 3.960728645324707031e-05 3.781914710998535156e-05 3.799796104431152344e-05
1.915792981221903446e+00 6.106495857238769531e-05 6.034970283508300781e-05 5.424022674560546875e-05 5.084276199340820312e-05 5.713105201721191406e-05 5.662441253662109375e-05 4.559755325317382812e-05 6.639957427978515625e-05 5.963444709777832031e-05 5.406141281127929688e-05
1.922245743207291468e+00 -1.272261142730712891e-04 -1.145303249359130859e-04 -1.150369644165039062e-04 -1.146793365478515625e-04 -1.247227191925048828e-04 -1.166462898254394531e-04 -1.151561737060546875e-04 -1.133680343627929688e-04 -1.151263713836669922e-04 -1.121759414672851562e-04
1.928698505192679269e+00 5.924701690673828125e-05 5.894899368286132812e-05 5.471706390380859375e-05 7.012486457824707031e-05 7.227063179016113281e-05 6.577372550964355469e-05 8.043646812438964844e-05 6.860494613647460938e-05 5.230307579040527344e-05 5.355477333068847656e-05
1.935151267178067069e+00 1.227855682373046875e-04 1.323223114013671875e-04 1.363158226013183594e-04 1.224577426910400391e-04 1.266896724700927734e-04 1.258850097656250000e-04 1.152753829956054688e-04 1.175105571746826172e-04 1.120269298553466797e-04 1.169145107269287109e-04
1.941604029163455092e+00 -9.927153587341308594e-05 -9.927153587341308594e-05 -1.041591167449951172e-04 -1.112222671508789062e-04 -1.052021980285644531e-04 -1.165270805358886719e-04 -1.074969768524169922e-04 -1.055896282196044922e-04 -1.091957092285156250e-04 -1.073777675628662109e-04
1.948056791148842892e+00 3.135204315185546875e-05 3.144145011901855469e-05 2.744793891906738281e-05 3.647804260253906250e-05 2.846121788024902344e-05 3.242492675781250000e-05 3.042817115783691406e-05 3.331899642944335938e-05 3.492832183837890625e-05 4.008412361145019531e-05
1.954509553134230915e+00 4.595518112182617188e-05 5.051493644714355469e-05 4.890561103820800781e-05 4.041194915771484375e-05 5.081295967102050781e-05 5.361437797546386719e-05 4.822015762329101562e-05 5.400180816650390625e-05 4.976987838745117188e-05 5.134940147399902344e-05
1.960962315119618715e+00 -6.446242332458496094e-05 -6.848573684692382812e-05 -6.669759750366210938e-05 -7.131695747375488281e-05 -5.891919136047363281e-05 -7.650256156921386719e-05 -6.285309791564941406e-05 -6.315112113952636719e-05 -6.490945816040039062e-05 -6.070733070373535156e-05
1.967415077105006738e+00 2.405047416687011719e-05 1.522898674011230469e-05 3.212690353393554688e-05 3.302097320556640625e-05 3.695487976074218750e-05 2.467632293701171875e-05 1.955032348632812500e-05 2.416968345642089844e-05 2.488493919372558594e-05 2.068281173706054688e-05
1.973867839090394538e+00 7.507205009460449219e-05 8.350610733032226562e-05 7.706880569458007812e-05 7.399916648864746094e-05 5.471706390380859375e-05 7.650256156921386719e-05 7.647275924682617188e-05 6.037950515747070312e-05 6.565451622009277344e-05 6.732344627380371094e-05
1.980320601075782561e+00 -7.438659667968750000e-05 -7.084012031555175781e-05 -8.407235145568847656e-05 -7.927417755126953125e-05 -8.058547973632812500e-05 -7.534027099609375000e-05 -7.399916648864746094e-05 -7.817149162292480469e-05 -7.206201553344726562e-05 -8.291006088256835938e-05
1.986773363061170361e+00 -6.845593452453613281e-05 -5.763769149780273438e-05 -6.443262100219726562e-05 -6.613135337829589844e-05 -6.625056266784667969e-05 -6.482005119323730469e-05 -6.058812141418457031e-05 -6.690621376037597656e-05 -5.522370338439941406e-05 -5.683302879333496094e-05
1.993226125046558384e+00 8.419156074523925781e-05 8.484721183776855469e-05 9.191036224365234375e-05 9.641051292419433594e-05 7.960200309753417969e-05 6.827712059020996094e-05 9.602308273315429688e-05 8.320808410644531250e-05 8.153915405273437500e-05 7.995963096618652344e-05
1.999678887031946184e+00 6.321072578430175781e-05 5.862116813659667969e-05 5.012750625610351562e-05 5.757808685302734375e-05 5.805492401123046875e-05 5.769729614257812500e-05 5.015730857849121094e-05 5.608797073364257812e-05 6.395578384399414062e-05 5.948543548583984375e-05
2.006131649017333984e+00 3.874301910400390625e-07 1.698732376098632812e-06 -1.049041748046875000e-05 -3.367662429809570312e-06 -7.241964340209960938e-06 9.268522262573242188e-06 -2.294778823852539062e-06 -1.651048660278320312e-05 -7.510185241699218750e-06 -3.248453140258789062e-06
