# Range[m] 0 1 2 3 4 5 6 7 8 9
1.800000071525573730e-01 -4.681104421615600586e-02 -4.701074957847595215e-02 -4.707768559455871582e-02 -4.698443412780761719e-02 -4.701980948448181152e-02 -4.703563451766967773e-02 -4.716846346855163574e-02 -4.709640145301818848e-02 -4.712033271789550781e-02 -4.711133241653442383e-02
1.864527691379452845e-01 3.518757224082946777e-02 3.497210144996643066e-02 3.496068716049194336e-02 3.522187471389770508e-02 3.521439433097839355e-02 3.514447808265686035e-02 3.507977724075317383e-02 3.512308001518249512e-02 3.509020805358886719e-02 3.516337275505065918e-02
1.929055311233331682e-01 1.065194606781005859e-02 1.093986630439758301e-02 1.105639338493347168e-02 1.071202754974365234e-02 1.086136698722839355e-02 1.088359951972961426e-02 1.099991798400878906e-02 1.086768507957458496e-02 1.089727878570556641e-02 1.081952452659606934e-02
1.993582931087210797e-01 -2.325457334518432617e-02 -2.330046892166137695e-02 -2.330401539802551270e-02 -2.327832579612731934e-02 -2.333235740661621094e-02 -2.333429455757141113e-02 -2.336105704307556152e-02 -2.333301305770874023e-02 -2.327850461006164551e-02 -2.330443263053894043e-02
2.058110550941089911e-01 2.977877855300903320e-03 2.872526645660400391e-03 2.830058336257934570e-03 2.963721752166748047e-03 2.877950668334960938e-03 2.887278795242309570e-03 2.872675657272338867e-03 2.880841493606567383e-03 2.886801958084106445e-03 2.920359373092651367e-03
2.122638170794968748e-01 7.272601127624511719e-03 7.396608591079711914e-03 7.400274276733398438e-03 7.335752248764038086e-03 7.396250963211059570e-03 7.398217916488647461e-03 7.376849651336669922e-03 7.437407970428466797e-03 7.360011339187622070e-03 7.366716861724853516e-03
2.187165790648847863e-01 7.223725318908691406e-03 7.161498069763183594e-03 7.188677787780761719e-03 7.176667451858520508e-03 7.147729396820068359e-03 7.136791944503784180e-03 7.175296545028686523e-03 7.148057222366333008e-03 7.237315177917480469e-03 7.190555334091186523e-03
2.251693410502726977e-01 -1.524314284324645996e-02 -1.517704129219055176e-02 -1.520267128944396973e-02 -1.526334881782531738e-02 -1.522541046142578125e-02 -1.521295309066772461e-02 -1.521173119544982910e-02 -1.527008414268493652e-02 -1.527428627014160156e-02 -1.526972651481628418e-02
2.316221030356606092e-01 -6.181448698043823242e-03 -6.240487098693847656e-03 -6.236761808395385742e-03 -6.159901618957519531e-03 -6.167083978652954102e-03 -6.166219711303710938e-03 -6.243169307708740234e-03 -6.106317043304443359e-03 -6.228625774383544922e-03 -6.129801273345947266e-03
2.380748650210485207e-01 2.537468075752258301e-02 2.530610561370849609e-02 2.533078193664550781e-02 2.530071139335632324e-02 2.529910206794738770e-02 2.531838417053222656e-02 2.529847621917724609e-02 2.531185746192932129e-02 2.534946799278259277e-02 2.527058124542236328e-02
2.445276270064364044e-01 -9.484469890594482422e-03 -9.425133466720581055e-03 -9.325265884399414062e-03 -9.419202804565429688e-03 -9.408503770828247070e-03 -9.415417909622192383e-03 -9.355485439300537109e-03 -9.565681219100952148e-03 -9.375631809234619141e-03 -9.546369314193725586e-03
2.509803889918242881e-01 -2.549862861633300781e-02 -2.554288506507873535e-02 -2.556607127189636230e-02 -2.548938989639282227e-02 -2.547660470008850098e-02 -2.549546957015991211e-02 -2.555930614471435547e-02 -2.548730373382568359e-02 -2.553015947341918945e-02 -2.547365427017211914e-02
2.574331509772121995e-01 2.754566073417663574e-02 2.736675739288330078e-02 2.736997604370117188e-02 2.752202749252319336e-02 2.751377224922180176e-02 2.746981382369995117e-02 2.732205390930175781e-02 2.748274803161621094e-02 2.738225460052490234e-02 2.745544910430908203e-02
2.638859129626001110e-01 6.107211112976074219e-03 6.257206201553344727e-03 6.347864866256713867e-03 6.101906299591064453e-03 6.097793579101562500e-03 6.141543388366699219e-03 6.303399801254272461e-03 6.180047988891601562e-03 6.197780370712280273e-03 6.196975708007812500e-03
2.703386749479880224e-01 -3.701877593994140625e-02 -3.701558709144592285e-02 -3.702279925346374512e-02 -3.698661923408508301e-02 -3.699114918708801270e-02 -3.698393702507019043e-02 -3.702700138092041016e-02 -3.696531057357788086e-02 -3.704851865768432617e-02 -3.699487447738647461e-02
2.767914369333759339e-01 1.819428801536560059e-02 1.801031827926635742e-02 1.792475581169128418e-02 1.817816495895385742e-02 1.804104447364807129e-02 1.809331774711608887e-02 1.797941327095031738e-02 1.811975240707397461e-02 1.806867122650146484e-02 1.810923218727111816e-02
2.832441989187638454e-01 2.103066444396972656e-02 2.113988995552062988e-02 2.121612429618835449e-02 2.100723981857299805e-02 2.111965417861938477e-02 2.110588550567626953e-02 2.119645476341247559e-02 2.105012536048889160e-02 2.117577195167541504e-02 2.107682824134826660e-02
2.896969609041517568e-01 -3.248348832130432129e-02 -3.241387009620666504e-02 -3.236341476440429688e-02 -3.243353962898254395e-02 -3.242722153663635254e-02 -3.244158625602722168e-02 -3.238627314567565918e-02 -3.244903683662414551e-02 -3.240233659744262695e-02 -3.244397044181823730e-02
2.961497228895396683e-01 1.663506031036376953e-03 1.402705907821655273e-03 1.405179500579833984e-03 1.625269651412963867e-03 1.522630453109741211e-03 1.542717218399047852e-03 1.393973827362060547e-03 1.524567604064941406e-03 1.484572887420654297e-03 1.505702733993530273e-03
3.026024848749275242e-01 2.629938721656799316e-02 2.632448077201843262e-02 2.635765075683593750e-02 2.622973918914794922e-02 2.627724409103393555e-02 2.628365159034729004e-02 2.633750438690185547e-02 2.629420161247253418e-02 2.629977464675903320e-02 2.624651789665222168e-02
3.090552468603154357e-01 -2.098619937896728516e-02 -2.085915207862854004e-02 -2.078220248222351074e-02 -2.094548940658569336e-02 -2.088859677314758301e-02 -2.088797092437744141e-02 -2.083417773246765137e-02 -2.093419432640075684e-02 -2.079975605010986328e-02 -2.091258764266967773e-02
3.155080088457033471e-01 -1.315584778785705566e-02 -1.325073838233947754e-02 -1.336067914962768555e-02 -1.316753029823303223e-02 -1.324176788330078125e-02 -1.320663094520568848e-02 -1.333323121070861816e-02 -1.325222849845886230e-02 -1.323732733726501465e-02 -1.324206590652465820e-02
3.219607708310912586e-01 2.515217661857604980e-02 2.515912055969238281e-02 2.513870596885681152e-02 2.512362599372863770e-02 2.516424655914306641e-02 2.515840530395507812e-02 2.515864372253417969e-02 2.515605092048645020e-02 2.513551712036132812e-02 2.515447139739990234e-02
3.284135328164791701e-01 -4.374504089355468750e-03 -4.291564226150512695e-03 -4.235893487930297852e-03 -4.398554563522338867e-03 -4.321992397308349609e-03 -4.347532987594604492e-03 -4.269748926162719727e-03 -4.351228475570678711e-03 -4.274815320968627930e-03 -4.350572824478149414e-03
3.348662948018670260e-01 -1.903134584426879883e-02 -1.904356479644775391e-02 -1.907044649124145508e-02 -1.901727914810180664e-02 -1.904472708702087402e-02 -1.906663179397583008e-02 -1.908078789710998535e-02 -1.903825998306274414e-02 -1.911282539367675781e-02 -1.908141374588012695e-02
3.413190567872549375e-01 1.323720812797546387e-02 1.320365071296691895e-02 1.317000389099121094e-02 1.322516798973083496e-02 1.324364542961120605e-02 1.323387026786804199e-02 1.318374276161193848e-02 1.323524117469787598e-02 1.320472359657287598e-02 1.322674751281738281e-02
3.477718187726428489e-01 9.108871221542358398e-03 9.161621332168579102e-03 9.227901697158813477e-03 9.110420942306518555e-03 9.132951498031616211e-03 9.139358997344970703e-03 9.190291166305541992e-03 9.111166000366210938e-03 9.186565876007080078e-03 9.120643138885498047e-03
3.542245807580307604e-01 -1.436692476272583008e-02 -1.429677009582519531e-02 -1.431441307067871094e-02 -1.436415314674377441e-02 -1.434555649757385254e-02 -1.432755589485168457e-02 -1.430889964103698730e-02 -1.433071494102478027e-02 -1.432731747627258301e-02 -1.433324813842773438e-02
3.606773427434186718e-01 -5.911886692047119141e-04 -6.630718708038330078e-04 -6.965994834899902344e-04 -6.010830402374267578e-04 -6.310343742370605469e-04 -6.279647350311279297e-04 -6.601810455322265625e-04 -6.022751331329345703e-04 -6.633996963500976562e-04 -6.215870380401611328e-04
3.671301047288065833e-01 1.288366317749023438e-02 1.287317276000976562e-02 1.290348172187805176e-02 1.285412907600402832e-02 1.289156079292297363e-02 1.288205385208129883e-02 1.288831233978271484e-02 1.287147402763366699e-02 1.289281249046325684e-02 1.286846399307250977e-02
3.735828667141944948e-01 -4.638552665710449219e-03 -4.577934741973876953e-03 -4.563957452774047852e-03 -4.605591297149658203e-03 -4.591435194015502930e-03 -4.598408937454223633e-03 -4.564732313156127930e-03 -4.626005887985229492e-03 -4.589915275573730469e-03 -4.590183496475219727e-03
3.800356286995824062e-01 -9.155988693237304688e-03 -9.162604808807373047e-03 -9.216815233230590820e-03 -9.138345718383789062e-03 -9.167194366455078125e-03 -9.148269891738891602e-03 -9.179025888442993164e-03 -9.165018796920776367e-03 -9.188324213027954102e-03 -9.149193763732910156e-03
3.864883906849703177e-01 9.420067071914672852e-03 9.387433528900146484e-03 9.362161159515380859e-03 9.387254714965820312e-03 9.386837482452392578e-03 9.394586086273193359e-03 9.388476610183715820e-03 9.396165609359741211e-03 9.359627962112426758e-03 9.392648935317993164e-03
3.929411526703582291e-01 5.622893571853637695e-03 5.632728338241577148e-03 5.681902170181274414e-03 5.598753690719604492e-03 5.601912736892700195e-03 5.608171224594116211e-03 5.655705928802490234e-03 5.598247051239013672e-03 5.619078874588012695e-03 5.629569292068481445e-03
3.993939146557460851e-01 -1.171121001243591309e-02 -1.170051097869873047e-02 -1.168811321258544922e-02 -1.170927286148071289e-02 -1.171442866325378418e-02 -1.169654726982116699e-02 -1.170045137405395508e-02 -1.169535517692565918e-02 -1.170963048934936523e-02 -1.170748472213745117e-02
4.058466766411339965e-01 9.221434593200683594e-04 9.042620658874511719e-04 8.781552314758300781e-04 9.385645389556884766e-04 8.946657180786132812e-04 9.266734123229980469e-04 8.637607097625732422e-04 9.440779685974121094e-04 8.985400199890136719e-04 9.240806102752685547e-04
4.122994386265219080e-01 1.016250252723693848e-02 1.015648245811462402e-02 1.015365123748779297e-02 1.015749573707580566e-02 1.013606786727905273e-02 1.016628742218017578e-02 1.018336415290832520e-02 1.012533903121948242e-02 1.018542051315307617e-02 1.019531488418579102e-02
4.187522006119098195e-01 -4.970282316207885742e-03 -4.909664392471313477e-03 -4.906713962554931641e-03 -4.980325698852539062e-03 -4.953473806381225586e-03 -4.955023527145385742e-03 -4.908144474029541016e-03 -4.922062158584594727e-03 -4.937618970870971680e-03 -4.943728446960449219e-03
4.252049625972976754e-01 -8.215934038162231445e-03 -8.212924003601074219e-03 -8.248627185821533203e-03 -8.184790611267089844e-03 -8.222281932830810547e-03 -8.240461349487304688e-03 -8.233308792114257812e-03 -8.218646049499511719e-03 -8.222907781600952148e-03 -8.231937885284423828e-03
4.316577245826856424e-01 7.557123899459838867e-03 7.535129785537719727e-03 7.486671209335327148e-03 7.556021213531494141e-03 7.487952709197998047e-03 7.548570632934570312e-03 7.509857416152954102e-03 7.514506578445434570e-03 7.537811994552612305e-03 7.537782192230224609e-03
4.381104865680734983e-01 6.060659885406494141e-03 6.128817796707153320e-03 6.141424179077148438e-03 6.038993597030639648e-03 6.107956171035766602e-03 6.097704172134399414e-03 6.131976842880249023e-03 6.112158298492431641e-03 6.124943494796752930e-03 6.098747253417968750e-03
4.445632485534614098e-01 -1.228797435760498047e-02 -1.226526498794555664e-02 -1.225191354751586914e-02 -1.225796341896057129e-02 -1.227554678916931152e-02 -1.228132843971252441e-02 -1.225093007087707520e-02 -1.229041814804077148e-02 -1.224964857101440430e-02 -1.228186488151550293e-02
4.510160105388493212e-01 -2.943873405456542969e-04 -4.017651081085205078e-04 -3.927946090698242188e-04 -3.168284893035888672e-04 -3.500580787658691406e-04 -3.488063812255859375e-04 -4.131495952606201172e-04 -3.433525562286376953e-04 -4.028677940368652344e-04 -3.468692302703857422e-04
4.574687725242372327e-01 1.500064134597778320e-02 1.502302289009094238e-02 1.508411765098571777e-02 1.499560475349426270e-02 1.502281427383422852e-02 1.502066850662231445e-02 1.504966616630554199e-02 1.507398486137390137e-02 1.506862044334411621e-02 1.500761508941650391e-02
4.639215345096251442e-01 -1.194864511489868164e-02 -1.193246245384216309e-02 -1.186302304267883301e-02 -1.194092631340026855e-02 -1.193749904632568359e-02 -1.192486286163330078e-02 -1.192018389701843262e-02 -1.197502017021179199e-02 -1.186111569404602051e-02 -1.194617152214050293e-02
4.703742964950130556e-01 -1.056104898452758789e-02 -1.057204604148864746e-02 -1.066389679908752441e-02 -1.059472560882568359e-02 -1.058432459831237793e-02 -1.058033108711242676e-02 -1.066109538078308105e-02 -1.057967543601989746e-02 -1.061639189720153809e-02 -1.059737801551818848e-02
4.768270584804009671e-01 2.143085002899169922e-02 2.140957117080688477e-02 2.140042185783386230e-02 2.141642570495605469e-02 2.140489220619201660e-02 2.141761779785156250e-02 2.140536904335021973e-02 2.144291996955871582e-02 2.144655585289001465e-02 2.143919467926025391e-02
4.832798204657888230e-01 -6.029605865478515625e-03 -5.993694067001342773e-03 -5.910694599151611328e-03 -6.078958511352539062e-03 -6.010681390762329102e-03 -6.047725677490234375e-03 -5.945712327957153320e-03 -6.066203117370605469e-03 -5.977392196655273438e-03 -6.053537130355834961e-03
4.897325824511767345e-01 -1.936343312263488770e-02 -1.936572790145874023e-02 -1.940417289733886719e-02 -1.934844255447387695e-02 -1.932471990585327148e-02 -1.937428116798400879e-02 -1.941695809364318848e-02 -1.930797100067138672e-02 -1.946887373924255371e-02 -1.938942074775695801e-02
4.961853444365646459e-01 2.104082703590393066e-02 2.099096775054931641e-02 2.097368240356445312e-02 2.105221152305603027e-02 2.100679278373718262e-02 2.104413509368896484e-02 2.099707722663879395e-02 2.101048827171325684e-02 2.102777361869812012e-02 2.101296186447143555e-02
5.026381064219525019e-01 2.222329378128051758e-03 2.347528934478759766e-03 2.418249845504760742e-03 2.205997705459594727e-03 2.254933118820190430e-03 2.234846353530883789e-03 2.371460199356079102e-03 2.228021621704101562e-03 2.310186624526977539e-03 2.240002155303955078e-03
5.090908684073405244e-01 -2.119338512420654297e-02 -2.115672826766967773e-02 -2.120664715766906738e-02 -2.118206024169921875e-02 -2.119773626327514648e-02 -2.115973830223083496e-02 -2.121624350547790527e-02 -2.113834023475646973e-02 -2.118393778800964355e-02 -2.114209532737731934e-02
5.155436303927283248e-01 1.568138599395751953e-02 1.557710766792297363e-02 1.553416252136230469e-02 1.567161083221435547e-02 1.559585332870483398e-02 1.562646031379699707e-02 1.556229591369628906e-02 1.561170816421508789e-02 1.560622453689575195e-02 1.559311151504516602e-02
5.219963923781163473e-01 6.841987371444702148e-03 6.877690553665161133e-03 7.002770900726318359e-03 6.852567195892333984e-03 6.935387849807739258e-03 6.860792636871337891e-03 7.008343935012817383e-03 6.875991821289062500e-03 6.936341524124145508e-03 6.867051124572753906e-03
5.284491543635041477e-01 -1.814836263656616211e-02 -1.815697550773620605e-02 -1.815599203109741211e-02 -1.815176010131835938e-02 -1.815441250801086426e-02 -1.813155412673950195e-02 -1.817917823791503906e-02 -1.815083622932434082e-02 -1.816934347152709961e-02 -1.817250251770019531e-02
5.349019163488920592e-01 1.028588414192199707e-02 1.020035147666931152e-02 1.019579172134399414e-02 1.031664013862609863e-02 1.024115085601806641e-02 1.024776697158813477e-02 1.021939516067504883e-02 1.024493575096130371e-02 1.024308800697326660e-02 1.027366518974304199e-02
5.413546783342799706e-01 7.634699344635009766e-03 7.692158222198486328e-03 7.709085941314697266e-03 7.658213376998901367e-03 7.690697908401489258e-03 7.680535316467285156e-03 7.738709449768066406e-03 7.675200700759887695e-03 7.724434137344360352e-03 7.690340280532836914e-03
5.478074403196678821e-01 -1.099443435668945312e-02 -1.098850369453430176e-02 -1.096877455711364746e-02 -1.099857687950134277e-02 -1.098632812500000000e-02 -1.098152995109558105e-02 -1.097416877746582031e-02 -1.098734140396118164e-02 -1.095283031463623047e-02 -1.101213693618774414e-02
5.542602023050557936e-01 1.226931810379028320e-03 1.150757074356079102e-03 1.116484403610229492e-03 1.211792230606079102e-03 1.165658235549926758e-03 1.155346632003784180e-03 1.159965991973876953e-03 1.192033290863037109e-03 1.162946224212646484e-03 1.212835311889648438e-03
5.607129642904437050e-01 6.784051656723022461e-03 6.827682256698608398e-03 6.826311349868774414e-03 6.805062294006347656e-03 6.823837757110595703e-03 6.839513778686523438e-03 6.826013326644897461e-03 6.848931312561035156e-03 6.824165582656860352e-03 6.812840700149536133e-03
5.671657262758316165e-01 -3.129303455352783203e-03 -3.122597932815551758e-03 -3.108918666839599609e-03 -3.131598234176635742e-03 -3.149986267089843750e-03 -3.126263618469238281e-03 -3.120690584182739258e-03 -3.134369850158691406e-03 -3.117740154266357422e-03 -3.117859363555908203e-03
5.736184882612194169e-01 -3.055572509765625000e-03 -3.110170364379882812e-03 -3.139406442642211914e-03 -3.086626529693603516e-03 -3.094464540481567383e-03 -3.104269504547119141e-03 -3.109544515609741211e-03 -3.112763166427612305e-03 -3.093391656875610352e-03 -3.087878227233886719e-03
5.800712502466074394e-01 2.937465906143188477e-03 2.939790487289428711e-03 2.927631139755249023e-03 2.947241067886352539e-03 2.965122461318969727e-03 2.954155206680297852e-03 2.935200929641723633e-03 2.950549125671386719e-03 2.927482128143310547e-03 2.949237823486328125e-03
5.865240122319952398e-01 2.437412738800048828e-03 2.486020326614379883e-03 2.484321594238281250e-03 2.462118864059448242e-03 2.446442842483520508e-03 2.456843852996826172e-03 2.474993467330932617e-03 2.459317445755004883e-03 2.477288246154785156e-03 2.440154552459716797e-03
5.929767742173832623e-01 -4.019856452941894531e-03 -4.021733999252319336e-03 -4.039913415908813477e-03 -4.043906927108764648e-03 -4.041016101837158203e-03 -4.049420356750488281e-03 -4.030734300613403320e-03 -4.052370786666870117e-03 -4.053294658660888672e-03 -4.029959440231323242e-03
5.994295362027710627e-01 -1.652300357818603516e-03 -1.636832952499389648e-03 -1.658350229263305664e-03 -1.626998186111450195e-03 -1.632601022720336914e-03 -1.637607812881469727e-03 -1.665771007537841797e-03 -1.631319522857666016e-03 -1.656055450439453125e-03 -1.618236303329467773e-03
6.058822981881590852e-01 5.958050489425659180e-03 5.954563617706298828e-03 5.956441164016723633e-03 5.950123071670532227e-03 5.941867828369140625e-03 5.940914154052734375e-03 5.943447351455688477e-03 5.942136049270629883e-03 5.961179733276367188e-03 5.938678979873657227e-03
6.123350601735468857e-01 -2.712756395339965820e-03 -2.694100141525268555e-03 -2.692997455596923828e-03 -2.722680568695068359e-03 -2.707630395889282227e-03 -2.721548080444335938e-03 -2.696245908737182617e-03 -2.720326185226440430e-03 -2.715945243835449219e-03 -2.723723649978637695e-03
6.187878221589347971e-01 -5.255937576293945312e-03 -5.238026380538940430e-03 -5.245476961135864258e-03 -5.220234394073486328e-03 -5.244433879852294922e-03 -5.214512348175048828e-03 -5.258649587631225586e-03 -5.219817161560058594e-03 -5.246967077255249023e-03 -5.214959383010864258e-03
6.252405841443227086e-01 5.586981773376464844e-03 5.562335252761840820e-03 5.564004182815551758e-03 5.584120750427246094e-03 5.568087100982666016e-03 5.589485168457031250e-03 5.556762218475341797e-03 5.584150552749633789e-03 5.560129880905151367e-03 5.566358566284179688e-03
6.316933461297106200e-01 1.615405082702636719e-03 1.654803752899169922e-03 1.659572124481201172e-03 1.610904932022094727e-03 1.629292964935302734e-03 1.626729965209960938e-03 1.647114753723144531e-03 1.591056585311889648e-03 1.650303602218627930e-03 1.586884260177612305e-03
6.381461081150985315e-01 -7.237881422042846680e-03 -7.221996784210205078e-03 -7.232755422592163086e-03 -7.226943969726562500e-03 -7.217288017272949219e-03 -7.233560085296630859e-03 -7.233232259750366211e-03 -7.221221923828125000e-03 -7.221460342407226562e-03 -7.219165563583374023e-03
6.445988701004864430e-01 2.713352441787719727e-03 2.681732177734375000e-03 2.683460712432861328e-03 2.711206674575805664e-03 2.711802721023559570e-03 2.692490816116333008e-03 2.663463354110717773e-03 2.701640129089355469e-03 2.681672573089599609e-03 2.688229084014892578e-03
6.510516320858743544e-01 4.297673702239990234e-03 4.338830709457397461e-03 4.357993602752685547e-03 4.306912422180175781e-03 4.321902990341186523e-03 4.326581954956054688e-03 4.345923662185668945e-03 4.328191280364990234e-03 4.325360059738159180e-03 4.323601722717285156e-03
6.575043940712622659e-01 -6.045371294021606445e-03 -6.009757518768310547e-03 -6.013751029968261719e-03 -6.040781736373901367e-03 -6.046622991561889648e-03 -6.059557199478149414e-03 -6.017029285430908203e-03 -6.024539470672607422e-03 -6.031095981597900391e-03 -6.042778491973876953e-03
6.639571560566501773e-01 -3.236532211303710938e-04 -3.527998924255371094e-04 -3.779828548431396484e-04 -3.217756748199462891e-04 -3.606081008911132812e-04 -3.287792205810546875e-04 -3.674328327178955078e-04 -3.372430801391601562e-04 -3.413259983062744141e-04 -3.292858600616455078e-04
6.704099180420379778e-01 5.738228559494018555e-03 5.748033523559570312e-03 5.750924348831176758e-03 5.731016397476196289e-03 5.750626325607299805e-03 5.752980709075927734e-03 5.760699510574340820e-03 5.733728408813476562e-03 5.760163068771362305e-03 5.755782127380371094e-03
6.768626800274260003e-01 -3.344684839248657227e-03 -3.325432538986206055e-03 -3.291726112365722656e-03 -3.348141908645629883e-03 -3.320753574371337891e-03 -3.325283527374267578e-03 -3.309458494186401367e-03 -3.326892852783203125e-03 -3.304898738861083984e-03 -3.341674804687500000e-03
6.833154420128139117e-01 -2.968043088912963867e-03 -2.997606992721557617e-03 -3.002434968948364258e-03 -2.962887287139892578e-03 -2.983957529067993164e-03 -2.966552972793579102e-03 -3.009051084518432617e-03 -2.983242273330688477e-03 -2.994984388351440430e-03 -2.981305122375488281e-03
6.897682039982017121e-01 4.819631576538085938e-03 4.811882972717285156e-03 4.821926355361938477e-03 4.814684391021728516e-03 4.824310541152954102e-03 4.811495542526245117e-03 4.822075366973876953e-03 4.827141761779785156e-03 4.822641611099243164e-03 4.818141460418701172e-03
6.962209659835896236e-01 -3.904700279235839844e-04 -3.732144832611083984e-04 -3.885924816131591797e-04 -3.823339939117431641e-04 -3.765523433685302734e-04 -3.748834133148193359e-04 -3.696680068969726562e-04 -3.858208656311035156e-04 -3.656446933746337891e-04 -3.816783428192138672e-04
7.026737279689775351e-01 -3.784358501434326172e-03 -3.790438175201416016e-03 -3.796309232711791992e-03 -3.784716129302978516e-03 -3.780841827392578125e-03 -3.793358802795410156e-03 -3.791511058807373047e-03 -3.799229860305786133e-03 -3.798425197601318359e-03 -3.786653280258178711e-03
7.091264899543654465e-01 2.244740724563598633e-03 2.246975898742675781e-03 2.230823040008544922e-03 2.250641584396362305e-03 2.249985933303833008e-03 2.249270677566528320e-03 2.233058214187622070e-03 2.279430627822875977e-03 2.244055271148681641e-03 2.258807420730590820e-03
7.155792519397533580e-01 2.289444208145141602e-03 2.315700054168701172e-03 2.305477857589721680e-03 2.288848161697387695e-03 2.296388149261474609e-03 2.296209335327148438e-03 2.317309379577636719e-03 2.293437719345092773e-03 2.294212579727172852e-03 2.289980649948120117e-03
7.220320139251412694e-01 -3.070712089538574219e-03 -3.043651580810546875e-03 -3.070145845413208008e-03 -3.068119287490844727e-03 -3.076791763305664062e-03 -3.071755170822143555e-03 -3.069996833801269531e-03 -3.062009811401367188e-03 -3.058642148971557617e-03 -3.056079149246215820e-03
7.284847759105291809e-01 -3.043711185455322266e-04 -3.185570240020751953e-04 -3.290176391601562500e-04 -3.089606761932373047e-04 -3.111362457275390625e-04 -3.230869770050048828e-04 -3.289282321929931641e-04 -3.083646297454833984e-04 -3.288984298706054688e-04 -3.324449062347412109e-04
7.349375378959170924e-01 3.395080566406250000e-03 3.386795520782470703e-03 3.405839204788208008e-03 3.399878740310668945e-03 3.413379192352294922e-03 3.406792879104614258e-03 3.391176462173461914e-03 3.399878740310668945e-03 3.397673368453979492e-03 3.405004739761352539e-03
7.413902998813050038e-01 -1.407235860824584961e-03 -1.394271850585937500e-03 -1.382887363433837891e-03 -1.401096582412719727e-03 -1.372784376144409180e-03 -1.395851373672485352e-03 -1.399606466293334961e-03 -1.413226127624511719e-03 -1.403480768203735352e-03 -1.380443572998046875e-03
7.478430618666929153e-01 -2.628475427627563477e-03 -2.620428800582885742e-03 -2.645134925842285156e-03 -2.624005079269409180e-03 -2.633124589920043945e-03 -2.639710903167724609e-03 -2.638995647430419922e-03 -2.631962299346923828e-03 -2.647757530212402344e-03 -2.639412879943847656e-03
7.542958238520808267e-01 2.707064151763916016e-03 2.684801816940307617e-03 2.685695886611938477e-03 2.715975046157836914e-03 2.698540687561035156e-03 2.702295780181884766e-03 2.695053815841674805e-03 2.700626850128173828e-03 2.700358629226684570e-03 2.710253000259399414e-03
7.607485858374687382e-01 6.912946701049804688e-04 7.232129573822021484e-04 7.197260856628417969e-04 6.900727748870849609e-04 7.110536098480224609e-04 7.116794586181640625e-04 7.194876670837402344e-04 7.104575634002685547e-04 7.053911685943603516e-04 7.019639015197753906e-04
7.672013478228566496e-01 -2.914726734161376953e-03 -2.924889326095581055e-03 -2.934277057647705078e-03 -2.926409244537353516e-03 -2.941787242889404297e-03 -2.915710210800170898e-03 -2.937227487564086914e-03 -2.925425767898559570e-03 -2.940595149993896484e-03 -2.926141023635864258e-03
7.736541098082445611e-01 1.585602760314941406e-03 1.562148332595825195e-03 1.578003168106079102e-03 1.576095819473266602e-03 1.563817262649536133e-03 1.586288213729858398e-03 1.575738191604614258e-03 1.584291458129882812e-03 1.576542854309082031e-03 1.576930284500122070e-03
7.801068717936323615e-01 2.267479896545410156e-03 2.284944057464599609e-03 2.293437719345092773e-03 2.280294895172119141e-03 2.274483442306518555e-03 2.277851104736328125e-03 2.291619777679443359e-03 2.286344766616821289e-03 2.288252115249633789e-03 2.278149127960205078e-03
7.865596337790202730e-01 -2.149283885955810547e-03 -2.140522003173828125e-03 -2.146482467651367188e-03 -2.152293920516967773e-03 -2.149969339370727539e-03 -2.169996500015258789e-03 -2.151876688003540039e-03 -2.162247896194458008e-03 -2.156674861907958984e-03 -2.156972885131835938e-03
7.930123957644081845e-01 -1.773834228515625000e-04 -1.814067363739013672e-04 -1.884996891021728516e-04 -1.726746559143066406e-04 -1.857876777648925781e-04 -1.666247844696044922e-04 -1.893639564514160156e-04 -1.728534698486328125e-04 -1.802742481231689453e-04 -1.651942729949951172e-04
7.994651577497960959e-01 2.288341522216796875e-03 2.285212278366088867e-03 2.294510602951049805e-03 2.283632755279541016e-03 2.310186624526977539e-03 2.287477254867553711e-03 2.309501171112060547e-03 2.295225858688354492e-03 2.290368080139160156e-03 2.285420894622802734e-03
8.059179197351840074e-01 -1.191675662994384766e-03 -1.187652349472045898e-03 -1.174867153167724609e-03 -1.205325126647949219e-03 -1.214563846588134766e-03 -1.204550266265869141e-03 -1.184493303298950195e-03 -1.189172267913818359e-03 -1.185178756713867188e-03 -1.200526952743530273e-03
8.123706817205719188e-01 -1.780211925506591797e-03 -1.769989728927612305e-03 -1.771628856658935547e-03 -1.767754554748535156e-03 -1.775175333023071289e-03 -1.776367425918579102e-03 -1.780688762664794922e-03 -1.780480146408081055e-03 -1.781553030014038086e-03 -1.779973506927490234e-03
8.188234437059598303e-01 1.813441514968872070e-03 1.816153526306152344e-03 1.826852560043334961e-03 1.831799745559692383e-03 1.805782318115234375e-03 1.808464527130126953e-03 1.820027828216552734e-03 1.816838979721069336e-03 1.815438270568847656e-03 1.821100711822509766e-03
8.252762056913477418e-01 3.964602947235107422e-04 4.122555255889892578e-04 4.109144210815429688e-04 3.768503665924072266e-04 3.974437713623046875e-04 4.097819328308105469e-04 4.194080829620361328e-04 4.068017005920410156e-04 4.085600376129150391e-04 4.047453403472900391e-04
8.317289676767356532e-01 -1.997470855712890625e-03 -1.985251903533935547e-03 -1.995831727981567383e-03 -2.009600400924682617e-03 -2.008587121963500977e-03 -2.001583576202392578e-03 -2.002775669097900391e-03 -1.994043588638305664e-03 -2.007126808166503906e-03 -2.009779214859008789e-03
8.381817296621235647e-01 6.679892539978027344e-04 6.648898124694824219e-04 6.532371044158935547e-04 6.672143936157226562e-04 6.672739982604980469e-04 6.641149520874023438e-04 6.509721279144287109e-04 6.741881370544433594e-04 6.684064865112304688e-04 6.689429283142089844e-04
8.446344916475114761e-01 1.453667879104614258e-03 1.456201076507568359e-03 1.465171575546264648e-03 1.444876194000244141e-03 1.454263925552368164e-03 1.447916030883789062e-03 1.456707715988159180e-03 1.435518264770507812e-03 1.455426216125488281e-03 1.437634229660034180e-03
8.510872536328993876e-01 -9.412467479705810547e-04 -9.502172470092773438e-04 -9.468197822570800781e-04 -9.500682353973388672e-04 -9.517073631286621094e-04 -9.464621543884277344e-04 -9.495317935943603516e-04 -9.448230266571044922e-04 -9.401440620422363281e-04 -9.471774101257324219e-04
8.575400156182872990e-01 -1.030206680297851562e-03 -1.028805971145629883e-03 -1.022338867187500000e-03 -1.027286052703857422e-03 -1.017302274703979492e-03 -1.023441553115844727e-03 -1.039236783981323242e-03 -1.025170087814331055e-03 -1.032769680023193359e-03 -1.021862030029296875e-03
8.639927776036752105e-01 1.149654388427734375e-03 1.150548458099365234e-03 1.138001680374145508e-03 1.133561134338378906e-03 1.151889562606811523e-03 1.145273447036743164e-03 1.139760017395019531e-03 1.151949167251586914e-03 1.141220331192016602e-03 1.143097877502441406e-03
8.704455395890630109e-01 1.599192619323730469e-04 1.519322395324707031e-04 1.693367958068847656e-04 1.622438430786132812e-04 1.569986343383789062e-04 1.645684242248535156e-04 1.600384712219238281e-04 1.648962497711181641e-04 1.630783081054687500e-04 1.536011695861816406e-04
8.768983015744509224e-01 -1.510381698608398438e-03 -1.507878303527832031e-03 -1.510739326477050781e-03 -1.497566699981689453e-03 -1.511037349700927734e-03 -1.497119665145874023e-03 -1.523226499557495117e-03 -1.502394676208496094e-03 -1.506805419921875000e-03 -1.499414443969726562e-03
8.833510635598388339e-01 7.931292057037353516e-04 7.815659046173095703e-04 7.929205894470214844e-04 7.931292057037353516e-04 8.033514022827148438e-04 7.812678813934326172e-04 7.892847061157226562e-04 7.913410663604736328e-04 7.770657539367675781e-04 7.949173450469970703e-04
8.898038255452267453e-01 1.200646162033081055e-03 1.195788383483886719e-03 1.200556755065917969e-03 1.185894012451171875e-03 1.212537288665771484e-03 1.182675361633300781e-03 1.195162534713745117e-03 1.201868057250976562e-03 1.198709011077880859e-03 1.192450523376464844e-03
8.962565875306146568e-01 -1.500129699707031250e-03 -1.501858234405517578e-03 -1.503437757492065430e-03 -1.497209072113037109e-03 -1.496940851211547852e-03 -1.509189605712890625e-03 -1.498192548751831055e-03 -1.504212617874145508e-03 -1.502454280853271484e-03 -1.496225595474243164e-03
9.027093495160025682e-01 -3.145635128021240234e-04 -3.162920475006103516e-04 -3.281831741333007812e-04 -3.115534782409667969e-04 -3.048479557037353516e-04 -3.052353858947753906e-04 -3.227889537811279297e-04 -3.155171871185302734e-04 -3.165900707244873047e-04 -3.120899200439453125e-04
9.091621115013904797e-01 1.554846763610839844e-03 1.559495925903320312e-03 1.555293798446655273e-03 1.561343669891357422e-03 1.561403274536132812e-03 1.570910215377807617e-03 1.549780368804931641e-03 1.554161310195922852e-03 1.565068960189819336e-03 1.559913158416748047e-03
9.156148734867783912e-01 -7.217526435852050781e-04 -7.079243659973144531e-04 -7.016360759735107422e-04 -7.164478302001953125e-04 -7.074475288391113281e-04 -7.096529006958007812e-04 -7.186830043792724609e-04 -7.001459598541259766e-04 -6.991028785705566406e-04 -7.140636444091796875e-04
9.220676354721663026e-01 -8.015632629394531250e-04 -8.007586002349853516e-04 -8.077323436737060547e-04 -8.006095886230468750e-04 -7.948279380798339844e-04 -7.874965667724609375e-04 -8.014142513275146484e-04 -7.904171943664550781e-04 -7.986724376678466797e-04 -7.967054843902587891e-04
9.285203974575542141e-01 1.111656427383422852e-03 1.108199357986450195e-03 1.120239496231079102e-03 1.108556985855102539e-03 1.117825508117675781e-03 1.123249530792236328e-03 1.119494438171386719e-03 1.111745834350585938e-03 1.111060380935668945e-03 1.111358404159545898e-03
9.349731594429421255e-01 1.258850097656250000e-04 1.274645328521728516e-04 1.395344734191894531e-04 1.176595687866210938e-04 1.351833343505859375e-04 1.307129859924316406e-04 1.359879970550537109e-04 1.287162303924560547e-04 1.319944858551025391e-04 1.293122768402099609e-04
9.414259214283300370e-01 -9.992718696594238281e-04 -1.007467508316040039e-03 -9.981989860534667969e-04 -9.994208812713623047e-04 -1.004844903945922852e-03 -1.004219055175781250e-03 -9.949207305908203125e-04 -1.011490821838378906e-03 -1.007229089736938477e-03 -1.003414392471313477e-03
9.478786834137179484e-01 5.205571651458740234e-04 5.096197128295898438e-04 5.066394805908203125e-04 5.215704441070556641e-04 5.063712596893310547e-04 5.111098289489746094e-04 5.080997943878173828e-04 5.196034908294677734e-04 5.131959915161132812e-04 5.150437355041503906e-04
9.543314453991058599e-01 7.505118846893310547e-04 7.356703281402587891e-04 7.470548152923583984e-04 7.381737232208251953e-04 7.421076297760009766e-04 7.536411285400390625e-04 7.490813732147216797e-04 7.424354553222656250e-04 7.414221763610839844e-04 7.432699203491210938e-04
9.607842073844936603e-01 -8.018612861633300781e-04 -8.030235767364501953e-04 -8.021295070648193359e-04 -8.068084716796875000e-04 -8.132755756378173828e-04 -8.009970188140869141e-04 -8.037984371185302734e-04 -7.935762405395507812e-04 -7.870793342590332031e-04 -8.119344711303710938e-04
9.672369693698815718e-01 -3.203153610229492188e-04 -3.238320350646972656e-04 -3.275275230407714844e-04 -3.145337104797363281e-04 -3.304481506347656250e-04 -3.200173377990722656e-04 -3.149509429931640625e-04 -3.162026405334472656e-04 -3.275275230407714844e-04 -3.241598606109619141e-04
9.736897313552694833e-01 8.063614368438720703e-04 8.023977279663085938e-04 8.125305175781250000e-04 8.161067962646484375e-04 8.103251457214355469e-04 8.103251457214355469e-04 8.052289485931396484e-04 8.127689361572265625e-04 7.990002632141113281e-04 8.062124252319335938e-04
9.801424933406573947e-01 -1.056790351867675781e-04 -1.115500926971435547e-04 -9.018182754516601562e-05 -1.033842563629150391e-04 -1.110732555389404297e-04 -1.095235347747802734e-04 -1.137554645538330078e-04 -1.184940338134765625e-04 -1.159608364105224609e-04 -1.094937324523925781e-04
9.865952553260453062e-01 -7.066428661346435547e-04 -7.078945636749267578e-04 -7.185637950897216797e-04 -7.188022136688232422e-04 -7.053315639495849609e-04 -7.109642028808593750e-04 -7.157027721405029297e-04 -7.205903530120849609e-04 -7.199645042419433594e-04 -7.157921791076660156e-04
9.930480173114332176e-01 5.078911781311035156e-04 5.087852478027343750e-04 5.138516426086425781e-04 5.040168762207031250e-04 5.147159099578857422e-04 5.150437355041503906e-04 5.007386207580566406e-04 5.025565624237060547e-04 5.118846893310546875e-04 4.931390285491943359e-04
9.995007792968211291e-01 3.413856029510498047e-04 3.481805324554443359e-04 3.614723682403564453e-04 3.412365913391113281e-04 3.364980220794677734e-04 3.413856029510498047e-04 3.359019756317138672e-04 3.355741500854492188e-04 3.464221954345703125e-04 3.394484519958496094e-04
1.005953541282209152e+00 -7.214844226837158203e-04 -7.164180278778076172e-04 -7.117688655853271484e-04 -7.050037384033203125e-04 -7.039010524749755859e-04 -7.078945636749267578e-04 -6.979107856750488281e-04 -7.074177265167236328e-04 -7.003843784332275391e-04 -7.099509239196777344e-04
1.012406303267596952e+00 5.483627319335937500e-06 -6.854534149169921875e-07 7.450580596923828125e-07 2.861022949218750000e-06 7.748603820800781250e-07 8.791685104370117188e-06 9.298324584960937500e-06 1.609325408935546875e-06 3.933906555175781250e-06 9.387731552124023438e-06
1.018859065252984752e+00 7.389187812805175781e-04 7.528662681579589844e-04 7.410943508148193359e-04 7.395148277282714844e-04 7.475018501281738281e-04 7.373094558715820312e-04 7.444918155670166016e-04 7.533133029937744141e-04 7.609426975250244141e-04 7.470846176147460938e-04
1.025311827238372775e+00 -5.089342594146728516e-04 -5.083382129669189453e-04 -5.075633525848388672e-04 -5.122423171997070312e-04 -4.984736442565917969e-04 -5.082786083221435547e-04 -5.068778991699218750e-04 -5.079805850982666016e-04 -5.076527595520019531e-04 -5.124807357788085938e-04
1.031764589223760797e+00 -4.880726337432861328e-04 -4.851222038269042969e-04 -4.993081092834472656e-04 -4.813969135284423828e-04 -4.898309707641601562e-04 -4.681944847106933594e-04 -4.906356334686279297e-04 -4.910528659820556641e-04 -4.949569702148437500e-04 -4.888176918029785156e-04
1.038217351209148598e+00 7.380247116088867188e-04 7.317364215850830078e-04 7.319152355194091797e-04 7.251501083374023438e-04 7.286667823791503906e-04 7.365643978118896484e-04 7.385909557342529297e-04 7.306635379791259766e-04 7.362067699432373047e-04 7.298588752746582031e-04
1.044670113194536398e+00 1.632571220397949219e-04 1.696348190307617188e-04 1.652538776397705078e-04 1.651048660278320312e-04 1.756250858306884766e-04 1.684427261352539062e-04 1.628100872039794922e-04 1.629292964935302734e-04 1.718103885650634766e-04 1.597404479980468750e-04
1.051122875179924421e+00 -6.339550018310546875e-04 -6.294250488281250000e-04 -6.249248981475830078e-04 -6.240606307983398438e-04 -6.271898746490478516e-04 -6.229281425476074219e-04 -6.358325481414794922e-04 -6.191730499267578125e-04 -6.242692470550537109e-04 -6.324648857116699219e-04
1.057575637165312221e+00 3.731250762939453125e-05 2.089142799377441406e-05 2.434849739074707031e-05 3.135204315185546875e-05 3.266334533691406250e-05 4.091858863830566406e-05 2.923607826232910156e-05 2.393126487731933594e-05 2.682209014892578125e-05 2.047419548034667969e-05
1.064028399150700022e+00 3.593266010284423828e-04 3.448426723480224609e-04 3.604292869567871094e-04 3.525316715240478516e-04 3.607273101806640625e-04 3.384947776794433594e-04 3.504157066345214844e-04 3.497898578643798828e-04 3.516674041748046875e-04 3.553032875061035156e-04
1.070481161136088044e+00 -5.155205726623535156e-04 -5.022287368774414062e-04 -4.958212375640869141e-04 -5.064308643341064453e-04 -5.101561546325683594e-04 -5.031824111938476562e-04 -5.069375038146972656e-04 -5.092620849609375000e-04 -4.984140396118164062e-04 -5.095899105072021484e-04
1.076933923121476067e+00 1.628100872039794922e-04 1.638829708099365234e-04 1.672208309173583984e-04 1.482069492340087891e-04 1.528263092041015625e-04 1.560151576995849609e-04 1.558661460876464844e-04 1.525282859802246094e-04 1.613497734069824219e-04 1.631379127502441406e-04
1.083386685106863867e+00 4.670023918151855469e-04 4.720091819763183594e-04 4.692673683166503906e-04 4.469156265258789062e-04 4.432201385498046875e-04 4.607439041137695312e-04 4.678070545196533203e-04 4.519820213317871094e-04 4.594624042510986328e-04 4.654824733734130859e-04
1.089839447092251667e+00 -6.226599216461181641e-04 -6.303489208221435547e-04 -6.238222122192382812e-04 -6.271898746490478516e-04 -6.337165832519531250e-04 -6.324946880340576172e-04 -6.203055381774902344e-04 -6.259679794311523438e-04 -6.264150142669677734e-04 -6.240010261535644531e-04
1.096292209077639690e+00 -3.090500831604003906e-04 -3.048479557037353516e-04 -3.243982791900634766e-04 -3.206431865692138672e-04 -3.171265125274658203e-04 -3.025233745574951172e-04 -3.160238265991210938e-04 -2.939999103546142578e-04 -3.172457218170166016e-04 -3.151297569274902344e-04
1.102744971063027712e+00 2.046525478363037109e-04 2.033710479736328125e-04 1.985728740692138672e-04 2.108216285705566406e-04 2.112090587615966797e-04 2.073943614959716797e-04 2.145767211914062500e-04 2.122223377227783203e-04 2.183616161346435547e-04 2.057552337646484375e-04
1.109197733048415513e+00 -5.811452865600585938e-05 -3.230571746826171875e-05 -4.675984382629394531e-05 -2.023577690124511719e-05 -5.036592483520507812e-05 -3.498792648315429688e-05 -2.855062484741210938e-05 -4.330277442932128906e-05 -2.530217170715332031e-05 -3.778934478759765625e-05
1.115650495033803313e+00 -7.477402687072753906e-04 -7.464587688446044922e-04 -7.460117340087890625e-04 -7.472038269042968750e-04 -7.417500019073486328e-04 -7.532835006713867188e-04 -7.431805133819580078e-04 -7.492005825042724609e-04 -7.432997226715087891e-04 -7.435679435729980469e-04
1.122103257019191336e+00 5.328655242919921875e-05 5.394220352172851562e-05 5.108118057250976562e-05 7.244944572448730469e-05 4.053115844726562500e-05 4.476308822631835938e-05 6.657838821411132812e-05 5.915760993957519531e-05 4.288554191589355469e-05 4.521012306213378906e-05
1.128556019004579358e+00 3.539621829986572266e-04 3.739595413208007812e-04 3.772675991058349609e-04 3.773570060729980469e-04 3.633201122283935547e-04 3.789365291595458984e-04 3.685057163238525391e-04 3.685057163238525391e-04 3.696978092193603516e-04 3.632307052612304688e-04
1.135008780989967159e+00 -5.627572536468505859e-04 -5.705654621124267578e-04 -5.588233470916748047e-04 -5.735158920288085938e-04 -5.873143672943115234e-04 -5.787014961242675781e-04 -5.746185779571533203e-04 -5.806088447570800781e-04 -5.788803100585937500e-04 -5.732476711273193359e-04
1.141461542975354959e+00 -8.195638656616210938e-05 -1.049637794494628906e-04 -9.322166442871093750e-05 -7.474422454833984375e-05 -9.000301361083984375e-05 -9.831786155700683594e-05 -9.816884994506835938e-05 -9.641051292419433594e-05 -8.979439735412597656e-05 -8.428096771240234375e-05
1.147914304960742982e+00 5.201399326324462891e-04 5.299150943756103516e-04 5.154013633728027344e-04 5.139410495758056641e-04 5.165338516235351562e-04 5.208253860473632812e-04 5.332231521606445312e-04 5.216896533966064453e-04 5.227029323577880859e-04 5.113780498504638672e-04
1.154367066946130782e+00 -1.337230205535888672e-04 -1.434385776519775391e-04 -1.417696475982666016e-04 -1.352727413177490234e-04 -1.403987407684326172e-04 -1.339614391326904297e-04 -1.414120197296142578e-04 -1.404583454132080078e-04 -1.518726348876953125e-04 -1.304745674133300781e-04
1.160819828931518582e+00 -2.946853637695312500e-04 -2.983510494232177734e-04 -2.838373184204101562e-04 -2.899765968322753906e-04 -3.002882003784179688e-04 -3.023743629455566406e-04 -2.983212471008300781e-04 -2.945065498352050781e-04 -3.052651882171630859e-04 -2.853274345397949219e-04
1.167272590916906605e+00 3.011524677276611328e-04 3.079175949096679688e-04 3.052055835723876953e-04 3.031194210052490234e-04 3.147125244140625000e-04 3.194808959960937500e-04 2.979338169097900391e-04 3.134012222290039062e-04 3.041028976440429688e-04 3.087818622589111328e-04
1.173725352902294627e+00 1.183748245239257812e-04 1.023411750793457031e-04 1.221895217895507812e-04 1.153349876403808594e-04 1.093745231628417969e-04 1.154541969299316406e-04 1.159608364105224609e-04 1.142919063568115234e-04 1.218616962432861328e-04 1.137256622314453125e-04
1.180178114887682428e+00 -4.003942012786865234e-04 -4.073977470397949219e-04 -4.118084907531738281e-04 -4.040896892547607422e-04 -4.121661186218261719e-04 -3.940165042877197266e-04 -4.010498523712158203e-04 -4.058182239532470703e-04 -4.041790962219238281e-04 -3.921985626220703125e-04
1.186630876873070450e+00 1.755356788635253906e-04 1.625120639801025391e-04 1.674592494964599609e-04 1.542866230010986328e-04 1.695752143859863281e-04 1.727938652038574219e-04 1.564323902130126953e-04 1.642704010009765625e-04 1.751184463500976562e-04 1.520812511444091797e-04
1.193083638858458251e+00 3.523528575897216797e-04 3.461837768554687500e-04 3.522336483001708984e-04 3.462135791778564453e-04 3.440976142883300781e-04 3.520846366882324219e-04 3.508925437927246094e-04 3.516972064971923828e-04 3.560483455657958984e-04 3.677904605865478516e-04
1.199536400843846051e+00 -2.054274082183837891e-04 -2.157092094421386719e-04 -2.017021179199218750e-04 -2.094507217407226562e-04 -2.020597457885742188e-04 -2.131462097167968750e-04 -2.126693725585937500e-04 -2.132058143615722656e-04 -2.075135707855224609e-04 -2.093911170959472656e-04
1.205989162829234074e+00 -1.749694347381591797e-04 -1.572966575622558594e-04 -1.629292964935302734e-04 -1.615881919860839844e-04 -1.507699489593505859e-04 -1.559257507324218750e-04 -1.707375049591064453e-04 -1.609921455383300781e-04 -1.721978187561035156e-04 -1.589059829711914062e-04
1.212441924814621874e+00 3.022551536560058594e-04 3.008246421813964844e-04 3.012120723724365234e-04 2.999007701873779297e-04 2.980530261993408203e-04 2.963840961456298828e-04 3.010034561157226562e-04 3.144741058349609375e-04 3.164410591125488281e-04 3.038346767425537109e-04
1.218894686800009897e+00 8.723139762878417969e-05 9.289383888244628906e-05 8.413195610046386719e-05 8.043646812438964844e-05 8.451938629150390625e-05 8.696317672729492188e-05 8.338689804077148438e-05 8.669495582580566406e-05 8.603930473327636719e-05 8.961558341979980469e-05
1.225347448785397697e+00 -2.311468124389648438e-04 -2.375543117523193359e-04 -2.240538597106933594e-04 -2.253055572509765625e-04 -2.481043338775634766e-04 -2.273023128509521484e-04 -2.352595329284667969e-04 -2.378821372985839844e-04 -2.374053001403808594e-04 -2.413392066955566406e-04
1.231800210770785720e+00 1.673102378845214844e-04 1.818239688873291016e-04 1.707971096038818359e-04 1.691579818725585938e-04 1.776814460754394531e-04 1.743435859680175781e-04 1.691579818725585938e-04 1.840293407440185547e-04 1.774430274963378906e-04 1.752674579620361328e-04
1.238252972756173520e+00 1.285374164581298828e-04 1.315176486968994141e-04 1.341700553894042969e-04 1.279413700103759766e-04 1.328289508819580078e-04 1.401603221893310547e-04 1.314878463745117188e-04 1.319944858551025391e-04 1.193284988403320312e-04 1.353621482849121094e-04
1.244705734741561542e+00 -2.102851867675781250e-04 -2.123713493347167969e-04 -2.133548259735107422e-04 -2.207756042480468750e-04 -2.118945121765136719e-04 -2.105832099914550781e-04 -2.230405807495117188e-04 -2.237260341644287109e-04 -2.201497554779052734e-04 -2.066493034362792969e-04
1.251158496726949343e+00 -1.022219657897949219e-05 -5.662441253662109375e-06 -1.794099807739257812e-05 -5.513429641723632812e-06 -2.393126487731933594e-05 -1.835823059082031250e-05 -1.713633537292480469e-05 -1.129508018493652344e-05 -1.046061515808105469e-05 -8.404254913330078125e-06
1.257611258712337365e+00 1.957416534423828125e-04 2.010166645050048828e-04 1.939535140991210938e-04 1.948177814483642578e-04 2.101659774780273438e-04 2.018511295318603516e-04 1.959800720214843750e-04 1.922249794006347656e-04 1.918971538543701172e-04 1.914203166961669922e-04
1.264064020697725166e+00 -1.261532306671142578e-04 -1.175999641418457031e-04 -1.252889633178710938e-04 -1.228451728820800781e-04 -1.234710216522216797e-04 -1.086592674255371094e-04 -1.166462898254394531e-04 -1.182556152343750000e-04 -1.239180564880371094e-04 -1.113712787628173828e-04
1.270516782683113188e+00 -1.548826694488525391e-04 -1.702308654785156250e-04 -1.737177371978759766e-04 -1.612007617950439453e-04 -1.589953899383544922e-04 -1.546144485473632812e-04 -1.689791679382324219e-04 -1.586973667144775391e-04 -1.592338085174560547e-04 -1.619756221771240234e-04
1.276969544668500989e+00 1.133382320404052734e-04 1.090764999389648438e-04 1.181364059448242188e-04 1.152753829956054688e-04 1.209080219268798828e-04 1.245737075805664062e-04 1.122951507568359375e-04 1.203119754791259766e-04 1.181960105895996094e-04 1.088082790374755859e-04
1.283422306653888789e+00 1.012980937957763672e-04 9.566545486450195312e-05 9.864568710327148438e-05 1.025497913360595703e-04 9.626150131225585938e-05 1.035630702972412109e-04 9.691715240478515625e-05 1.104474067687988281e-04 1.000463962554931641e-04 9.828805923461914062e-05
1.289875068639276812e+00 -1.323819160461425781e-04 -1.377165317535400391e-04 -1.315176486968994141e-04 -1.359879970550537109e-04 -1.416206359863281250e-04 -1.346766948699951172e-04 -1.459419727325439453e-04 -1.315474510192871094e-04 -1.353919506072998047e-04 -1.471638679504394531e-04
1.296327830624664612e+00 -1.674890518188476562e-05 -2.950429916381835938e-06 -1.531839370727539062e-05 -1.558661460876464844e-05 -1.817941665649414062e-05 -1.680850982666015625e-05 -1.633167266845703125e-05 -2.211332321166992188e-05 -3.075599670410156250e-05 -1.963973045349121094e-05
1.302780592610052635e+00 1.676380634307861328e-04 1.510679721832275391e-04 1.687109470367431641e-04 1.692771911621093750e-04 1.636147499084472656e-04 1.668930053710937500e-04 1.594722270965576172e-04 1.736283302307128906e-04 1.629889011383056641e-04 1.679360866546630859e-04
1.309233354595440435e+00 -1.472830772399902344e-04 -1.487135887145996094e-04 -1.542866230010986328e-04 -1.572668552398681641e-04 -1.689791679382324219e-04 -1.450181007385253906e-04 -1.542568206787109375e-04 -1.558959484100341797e-04 -1.505911350250244141e-04 -1.659393310546875000e-04
1.315686116580828458e+00 -7.399916648864746094e-05 -7.262825965881347656e-05 -6.642937660217285156e-05 -7.358193397521972656e-05 -7.075071334838867188e-05 -6.687641143798828125e-05 -6.893277168273925781e-05 -7.620453834533691406e-05 -7.936358451843261719e-05 -6.732344627380371094e-05
1.322138878566216258e+00 1.735985279083251953e-04 1.752078533172607422e-04 1.676976680755615234e-04 1.883208751678466797e-04 1.825392246246337891e-04 1.629889011383056641e-04 1.820921897888183594e-04 1.766383647918701172e-04 1.651942729949951172e-04 1.896917819976806641e-04
1.328591640551604280e+00 -1.481175422668457031e-05 -1.865625381469726562e-05 -2.130866050720214844e-05 -1.272559165954589844e-05 -2.300739288330078125e-05 -6.794929504394531250e-06 -1.358985900878906250e-05 -2.121925354003906250e-05 -1.585483551025390625e-05 -2.866983413696289062e-05
1.335044402536992081e+00 -2.252459526062011719e-04 -2.339482307434082031e-04 -2.236068248748779297e-04 -2.287328243255615234e-04 -2.214610576629638672e-04 -2.206265926361083984e-04 -2.260506153106689453e-04 -2.347230911254882812e-04 -2.240538597106933594e-04 -2.261102199554443359e-04
1.341497164522380103e+00 1.452863216400146484e-04 1.514554023742675781e-04 1.537799835205078125e-04 1.493692398071289062e-04 1.555681228637695312e-04 1.597404479980468750e-04 1.395940780639648438e-04 1.459717750549316406e-04 1.578629016876220703e-04 1.507997512817382812e-04
1.347949926507767904e+00 1.168847084045410156e-04 1.102089881896972656e-04 1.115798950195312500e-04 1.219809055328369141e-04 1.195371150970458984e-04 1.124441623687744141e-04 1.146197319030761719e-04 1.154243946075439453e-04 1.153647899627685547e-04 1.112222671508789062e-04
1.354402688493155926e+00 -1.491308212280273438e-04 -1.486837863922119141e-04 -1.563727855682373047e-04 -1.592934131622314453e-04 -1.645982265472412109e-04 -1.535415649414062500e-04 -1.558959484100341797e-04 -1.494288444519042969e-04 -1.633167266845703125e-04 -1.572072505950927734e-04
1.360855450478543727e+00 6.300210952758789062e-05 5.042552947998046875e-05 7.653236389160156250e-05 7.051229476928710938e-05 6.407499313354492188e-05 5.909800529479980469e-05 4.595518112182617188e-05 5.891919136047363281e-05 6.487965583801269531e-05 6.034970283508300781e-05
1.367308212463931749e+00 -2.643465995788574219e-05 -3.302097320556640625e-05 -2.607703208923339844e-05 -2.622604370117187500e-05 -2.062320709228515625e-05 -3.302097320556640625e-05 -2.765655517578125000e-05 -1.862645149230957031e-05 -3.358721733093261719e-05 -2.813339233398437500e-05
1.373760974449319550e+00 -7.760524749755859375e-05 -7.557868957519531250e-05 -7.048249244689941406e-05 -7.975101470947265625e-05 -6.866455078125000000e-05 -7.209181785583496094e-05 -8.115172386169433594e-05 -7.632374763488769531e-05 -7.119774818420410156e-05 -7.703900337219238281e-05
1.380213736434707350e+00 8.523464202880859375e-05 6.014108657836914062e-05 7.024407386779785156e-05 6.207823753356933594e-05 6.872415542602539062e-05 7.617473602294921875e-05 7.742643356323242188e-05 7.408857345581054688e-05 7.250905036926269531e-05 6.067752838134765625e-05
1.386666498420095373e+00 -1.579523086547851562e-06 6.705522537231445312e-06 -9.447336196899414062e-06 3.099441528320312500e-06 -2.682209014892578125e-07 1.186132431030273438e-05 -9.208917617797851562e-06 -1.192092895507812500e-07 -5.275011062622070312e-06 2.950429916381835938e-06
1.393119260405483173e+00 6.642937660217285156e-05 7.557868957519531250e-05 8.308887481689453125e-05 8.422136306762695312e-05 7.587671279907226562e-05 6.970763206481933594e-05 7.504224777221679688e-05 8.317828178405761719e-05 7.385015487670898438e-05 7.748603820800781250e-05
1.399572022390871195e+00 1.892447471618652344e-05 1.090764999389648438e-05 1.990795135498046875e-05 2.664327621459960938e-05 1.540780067443847656e-05 1.144409179687500000e-05 4.589557647705078125e-06 1.525878906250000000e-05 1.257658004760742188e-05 1.424551010131835938e-05
1.406024784376258996e+00 2.104043960571289062e-05 1.254677772521972656e-05 1.111626625061035156e-05 1.749396324157714844e-05 1.087784767150878906e-05 2.348423004150390625e-05 1.096725463867187500e-05 1.621246337890625000e-05 2.378225326538085938e-05 2.220273017883300781e-05
1.412477546361647018e+00 -1.431405544281005859e-04 -1.407265663146972656e-04 -1.463294029235839844e-04 -1.397430896759033203e-04 -1.442134380340576172e-04 -1.487731933593750000e-04 -1.389384269714355469e-04 -1.469552516937255859e-04 -1.405179500579833984e-04 -1.462101936340332031e-04
1.418930308347034819e+00 5.805492401123046875e-05 5.033612251281738281e-05 5.486607551574707031e-05 4.574656486511230469e-05 4.702806472778320312e-05 4.723668098449707031e-05 5.522370338439941406e-05 5.406141281127929688e-05 5.516409873962402344e-05 4.786252975463867188e-05
1.425383070332422841e+00 6.708502769470214844e-05 7.721781730651855469e-05 8.842349052429199219e-05 8.100271224975585938e-05 9.694695472717285156e-05 9.411573410034179688e-05 7.668137550354003906e-05 7.396936416625976562e-05 9.149312973022460938e-05 6.711483001708984375e-05
1.431835832317810642e+00 -3.516674041748046875e-05 -3.448128700256347656e-05 -2.786517143249511719e-05 -1.940131187438964844e-05 -2.646446228027343750e-05 -3.069639205932617188e-05 -2.780556678771972656e-05 -2.256035804748535156e-05 -2.506375312805175781e-05 -2.649426460266113281e-05
1.438288594303198664e+00 -1.108944416046142578e-04 -1.120865345001220703e-04 -9.566545486450195312e-05 -1.061260700225830078e-04 -1.004338264465332031e-04 -1.116394996643066406e-04 -9.608268737792968750e-05 -1.149773597717285156e-04 -1.085102558135986328e-04 -1.012086868286132812e-04
1.444741356288586465e+00 -7.420778274536132812e-06 -2.533197402954101562e-06 -1.582503318786621094e-05 -1.695752143859863281e-05 -3.153085708618164062e-05 2.443790435791015625e-06 -1.421570777893066406e-05 -1.621246337890625000e-05 -2.437829971313476562e-05 -8.970499038696289062e-06
1.451194118273974487e+00 9.456276893615722656e-05 8.600950241088867188e-05 8.708238601684570312e-05 9.605288505554199219e-05 9.486079216003417969e-05 9.542703628540039062e-05 9.164214134216308594e-05 9.319186210632324219e-05 8.288025856018066406e-05 8.508563041687011719e-05
1.457646880259362288e+00 6.386637687683105469e-05 8.037686347961425781e-05 8.088350296020507812e-05 8.484721183776855469e-05 8.666515350341796875e-05 7.444620132446289062e-05 7.307529449462890625e-05 8.356571197509765625e-05 7.820129394531250000e-05 7.632374763488769531e-05
1.464099642244750310e+00 8.040666580200195312e-05 7.376074790954589844e-05 7.346272468566894531e-05 7.998943328857421875e-05 8.210539817810058594e-05 8.305907249450683594e-05 8.076429367065429688e-05 6.666779518127441406e-05 7.703900337219238281e-05 7.742643356323242188e-05
1.470552404230138110e+00 -4.106760025024414062e-05 -3.901124000549316406e-05 -4.225969314575195312e-05 -3.731250762939453125e-05 -4.625320434570312500e-05 -3.927946090698242188e-05 -3.647804260253906250e-05 -3.749132156372070312e-05 -4.094839096069335938e-05 -4.085898399353027344e-05
1.477005166215525911e+00 1.162290573120117188e-05 2.542138099670410156e-05 2.557039260864257812e-05 2.551078796386718750e-05 1.621246337890625000e-05 2.902746200561523438e-05 2.142786979675292969e-05 1.701712608337402344e-05 2.190470695495605469e-05 1.442432403564453125e-05
1.483457928200913933e+00 -3.993511199951171875e-05 -5.128979682922363281e-05 -3.799796104431152344e-05 -4.288554191589355469e-05 -3.716349601745605469e-05 -4.646182060241699219e-05 -5.006790161132812500e-05 -2.869963645935058594e-05 -4.869699478149414062e-05 -3.477931022644042969e-05
1.489910690186301734e+00 2.688169479370117188e-05 4.485249519348144531e-05 4.929304122924804688e-05 3.197789192199707031e-05 4.568696022033691406e-05 3.302097320556640625e-05 3.767013549804687500e-05 3.811717033386230469e-05 3.594160079956054688e-05 3.030896186828613281e-05
1.496363452171689756e+00 1.090764999389648438e-05 1.698732376098632812e-05 2.041459083557128906e-05 1.010298728942871094e-05 1.612305641174316406e-05 1.436471939086914062e-05 1.502037048339843750e-05 1.177191734313964844e-05 5.036592483520507812e-06 -1.251697540283203125e-06
1.502816214157077557e+00 -1.955032348632812500e-05 -2.074241638183593750e-05 -1.806020736694335938e-05 -2.661347389221191406e-05 -2.545118331909179688e-05 -2.864003181457519531e-05 -3.182888031005859375e-05 -1.773238182067871094e-05 -2.112984657287597656e-05 -3.084540367126464844e-05
1.509268976142465579e+00 2.643465995788574219e-05 2.276897430419921875e-05 1.767277717590332031e-05 1.180171966552734375e-05 2.127885818481445312e-05 2.124905586242675781e-05 1.716613769531250000e-05 1.713633537292480469e-05 2.568960189819335938e-05 1.692771911621093750e-05
1.515721738127853380e+00 -1.710653305053710938e-05 -1.302361488342285156e-05 -1.534819602966308594e-05 4.768371582031250000e-07 -1.162290573120117188e-05 -9.596347808837890625e-06 -1.844763755798339844e-05 -1.221895217895507812e-05 -1.859664916992187500e-05 -6.347894668579101562e-06
1.522174500113241402e+00 3.960728645324707031e-05 3.239512443542480469e-05 3.331899642944335938e-05 3.552436828613281250e-05 2.622604370117187500e-05 3.650784492492675781e-05 2.619624137878417969e-05 2.714991569519042969e-05 3.010034561157226562e-05 3.433227539062500000e-05
1.528627262098629203e+00 4.649162292480468750e-05 4.953145980834960938e-05 4.503130912780761719e-05 4.330277442932128906e-05 4.786252975463867188e-05 4.398822784423828125e-05 4.044175148010253906e-05 4.148483276367187500e-05 4.622340202331542969e-05 4.684925079345703125e-05
1.535080024084017225e+00 -9.259581565856933594e-05 -8.276104927062988281e-05 -8.842349052429199219e-05 -8.559226989746093750e-05 -8.484721183776855469e-05 -8.153915405273437500e-05 -9.959936141967773438e-05 -8.732080459594726562e-05 -8.824467658996582031e-05 -9.077787399291992188e-05
1.541532786069405025e+00 -1.665949821472167969e-05 -1.540780067443847656e-05 -2.357363700866699219e-05 -1.707673072814941406e-05 -1.445412635803222656e-05 -1.999735832214355469e-05 -2.244114875793457031e-05 -1.913309097290039062e-05 -2.014636993408203125e-05 -1.913309097290039062e-05
1.547985548054793048e+00 1.108944416046142578e-04 1.025497913360595703e-04 1.143217086791992188e-04 1.068115234375000000e-04 1.131296157836914062e-04 1.087784767150878906e-04 1.138150691986083984e-04 9.813904762268066406e-05 1.063644886016845703e-04 1.075565814971923828e-04
1.554438310040180848e+00 -8.380413055419921875e-05 -9.196996688842773438e-05 -8.332729339599609375e-05 -9.694695472717285156e-05 -7.712841033935546875e-05 -8.589029312133789062e-05 -8.988380432128906250e-05 -9.104609489440917969e-05 -9.879469871520996094e-05 -9.027123451232910156e-05
1.560891072025568649e+00 -8.493661880493164062e-06 -6.318092346191406250e-06 2.950429916381835938e-06 -2.682209014892578125e-07 -2.112984657287597656e-05 -7.241964340209960938e-06 0.000000000000000000e+00 -3.039836883544921875e-06 -1.263618469238281250e-05 -6.496906280517578125e-06
1.567343834010956671e+00 8.612871170043945312e-05 9.486079216003417969e-05 9.021162986755371094e-05 8.141994476318359375e-05 8.794665336608886719e-05 9.715557098388671875e-05 9.423494338989257812e-05 9.986758232116699219e-05 8.159875869750976562e-05 8.717179298400878906e-05
1.573796595996344472e+00 -6.744265556335449219e-05 -9.253621101379394531e-05 -6.633996963500976562e-05 -7.221102714538574219e-05 -7.200241088867187500e-05 -6.991624832153320312e-05 -8.723139762878417969e-05 -7.683038711547851562e-05 -7.522106170654296875e-05 -7.134675979614257812e-05
1.580249357981732494e+00 -5.227327346801757812e-05 -5.134940147399902344e-05 -5.978345870971679688e-05 -4.571676254272460938e-05 -4.872679710388183594e-05 -5.263090133666992188e-05 -5.349516868591308594e-05 -5.340576171875000000e-05 -5.486607551574707031e-05 -4.553794860839843750e-05
1.586702119967120295e+00 1.127421855926513672e-04 1.061260700225830078e-04 1.025497913360595703e-04 1.023411750793457031e-04 1.031458377838134766e-04 1.037120819091796875e-04 1.050829887390136719e-04 9.414553642272949219e-05 9.214878082275390625e-05 9.945034980773925781e-05
1.593154881952508317e+00 -1.358985900878906250e-05 -1.183152198791503906e-05 -6.228685379028320312e-06 -1.502037048339843750e-05 -5.006790161132812500e-06 -1.001358032226562500e-05 -8.851289749145507812e-06 -1.430511474609375000e-05 -1.761317253112792969e-05 -1.418590545654296875e-05
1.599607643937896118e+00 -8.592009544372558594e-05 -7.665157318115234375e-05 -7.170438766479492188e-05 -8.606910705566406250e-05 -8.088350296020507812e-05 -8.970499038696289062e-05 -8.547306060791015625e-05 -9.444355964660644531e-05 -8.785724639892578125e-05 -8.657574653625488281e-05
1.606060405923284140e+00 1.043677330017089844e-04 8.612871170043945312e-05 8.296966552734375000e-05 9.474158287048339844e-05 9.125471115112304688e-05 9.325146675109863281e-05 8.311867713928222656e-05 9.649991989135742188e-05 8.854269981384277344e-05 9.351968765258789062e-05
1.612513167908671941e+00 -1.132488250732421875e-06 -3.665685653686523438e-06 -5.960464477539062500e-07 -3.635883331298828125e-06 -1.043081283569335938e-06 1.549720764160156250e-06 6.854534149169921875e-06 -1.037120819091796875e-05 -7.152557373046875000e-07 -9.685754776000976562e-06
1.618965929894059963e+00 -1.164376735687255859e-04 -1.212656497955322266e-04 -1.264512538909912109e-04 -1.114308834075927734e-04 -1.227557659149169922e-04 -1.157224178314208984e-04 -1.327693462371826172e-04 -1.254379749298095703e-04 -1.288354396820068359e-04 -1.227259635925292969e-04
1.625418691879447763e+00 1.229345798492431641e-04 1.243054866790771484e-04 1.194179058074951172e-04 1.116096973419189453e-04 1.253783702850341797e-04 1.247227191925048828e-04 1.239478588104248047e-04 1.222193241119384766e-04 1.239478588104248047e-04 1.230835914611816406e-04
1.631871453864835786e+00 1.820921897888183594e-05 1.975893974304199219e-05 2.726912498474121094e-05 1.639127731323242188e-05 2.673268318176269531e-05 3.129243850708007812e-05 2.562999725341796875e-05 2.145767211914062500e-05 1.618266105651855469e-05 2.211332321166992188e-05
1.638324215850223586e+00 -1.173913478851318359e-04 -1.198053359985351562e-04 -1.196265220642089844e-04 -1.212656497955322266e-04 -1.291036605834960938e-04 -1.146197319030761719e-04 -1.322031021118164062e-04 -1.105964183807373047e-04 -1.129806041717529297e-04 -1.170337200164794922e-04
1.644776977835611609e+00 1.052618026733398438e-04 1.066923141479492188e-04 1.147985458374023438e-04 1.030564308166503906e-04 1.087486743927001953e-04 1.059174537658691406e-04 1.089870929718017578e-04 1.075565814971923828e-04 1.092255115509033203e-04 1.117289066314697266e-04
1.651229739820999409e+00 5.421042442321777344e-05 4.795193672180175781e-05 5.528330802917480469e-05 3.933906555175781250e-05 5.242228507995605469e-05 5.009770393371582031e-05 6.422400474548339844e-05 3.942847251892089844e-05 4.658102989196777344e-05 4.920363426208496094e-05
1.657682501806387210e+00 -9.900331497192382812e-05 -1.045763492584228516e-04 -1.101791858673095703e-04 -1.139342784881591797e-04 -1.052320003509521484e-04 -1.026690006256103516e-04 -1.007020473480224609e-04 -1.072883605957031250e-04 -9.515881538391113281e-05 -1.087486743927001953e-04
1.664135263791775232e+00 1.322329044342041016e-04 1.195669174194335938e-04 1.241564750671386719e-04 1.281201839447021484e-04 1.224279403686523438e-04 1.310110092163085938e-04 1.151561737060546875e-04 1.270473003387451172e-04 1.258254051208496094e-04 1.258254051208496094e-04
1.670588025777163033e+00 -1.436471939086914062e-05 -2.530217170715332031e-05 -1.421570777893066406e-05 -2.372264862060546875e-05 -1.510977745056152344e-05 -2.542138099670410156e-05 -1.034140586853027344e-05 -2.241134643554687500e-05 -2.542138099670410156e-05 -1.797080039978027344e-05
1.677040787762551055e+00 -1.842081546783447266e-04 -1.822113990783691406e-04 -1.785755157470703125e-04 -1.873672008514404297e-04 -1.772642135620117188e-04 -1.784563064575195312e-04 -1.817941665649414062e-04 -1.877546310424804688e-04 -1.886188983917236328e-04 -1.831948757171630859e-04
1.683493549747938856e+00 1.452863216400146484e-04 1.504421234130859375e-04 1.364648342132568359e-04 1.552700996398925781e-04 1.562833786010742188e-04 1.459419727325439453e-04 1.475214958190917969e-04 1.446008682250976562e-04 1.363158226013183594e-04 1.433789730072021484e-04
1.689946311733326878e+00 1.051425933837890625e-04 1.147985458374023438e-04 1.159012317657470703e-04 1.032054424285888672e-04 1.186430454254150391e-04 1.159012317657470703e-04 1.300573348999023438e-04 1.132786273956298828e-04 1.017749309539794922e-04 1.058876514434814453e-04
1.696399073718714678e+00 -8.484721183776855469e-05 -8.419156074523925781e-05 -8.273124694824218750e-05 -8.228421211242675781e-05 -8.168816566467285156e-05 -7.089972496032714844e-05 -7.534027099609375000e-05 -9.176135063171386719e-05 -8.925795555114746094e-05 -8.481740951538085938e-05
1.702851835704102701e+00 6.601214408874511719e-05 6.735324859619140625e-05 5.501508712768554688e-05 6.678700447082519531e-05 6.052851676940917969e-05 7.662177085876464844e-05 6.332993507385253906e-05 7.295608520507812500e-05 6.133317947387695312e-05 8.115172386169433594e-05
1.709304597689490501e+00 -1.049041748046875000e-05 -5.602836608886718750e-06 -5.930662155151367188e-06 -2.950429916381835938e-06 -3.397464752197265625e-06 -1.057982444763183594e-05 7.748603820800781250e-06 -9.596347808837890625e-06 -1.603364944458007812e-05 -1.209974288940429688e-05
1.715757359674878524e+00 -1.022815704345703125e-04 -1.015961170196533203e-04 -1.037418842315673828e-04 -9.667873382568359375e-05 -1.067519187927246094e-04 -1.057088375091552734e-04 -1.060366630554199219e-04 -9.724497795104980469e-05 -8.568167686462402344e-05 -9.465217590332031250e-05
1.722210121660266324e+00 1.202821731567382812e-04 1.062750816345214844e-04 1.236200332641601562e-04 1.176297664642333984e-04 1.175999641418457031e-04 1.243948936462402344e-04 1.159608364105224609e-04 1.237392425537109375e-04 1.191496849060058594e-04 1.150071620941162109e-04
1.728662883645654347e+00 -2.840161323547363281e-05 -2.023577690124511719e-05 -2.080202102661132812e-05 -3.385543823242187500e-05 -2.786517143249511719e-05 -1.269578933715820312e-05 -1.525878906250000000e-05 -2.470612525939941406e-05 -2.092123031616210938e-05 -2.032518386840820312e-05
1.735115645631042147e+00 -6.759166717529296875e-05 -8.004903793334960938e-05 -6.452202796936035156e-05 -7.948279380798339844e-05 -6.890296936035156250e-05 -7.581710815429687500e-05 -7.688999176025390625e-05 -8.285045623779296875e-05 -7.116794586181640625e-05 -6.315112113952636719e-05
1.741568407616429948e+00 1.409947872161865234e-04 1.506209373474121094e-04 1.433491706848144531e-04 1.470744609832763672e-04 1.426339149475097656e-04 1.365542411804199219e-04 1.459717750549316406e-04 1.377463340759277344e-04 1.483261585235595703e-04 1.349449157714843750e-04
1.748021169601817970e+00 -3.075599670410156250e-05 -2.923607826232910156e-05 -2.425909042358398438e-05 -3.343820571899414062e-05 -1.975893974304199219e-05 -3.170967102050781250e-05 -2.402067184448242188e-05 -2.580881118774414062e-05 -1.931190490722656250e-05 -3.013014793395996094e-05
1.754473931587205771e+00 -7.152557373046875000e-06 -8.553266525268554688e-06 -4.917383193969726562e-06 -1.311302185058593750e-05 -3.784894943237304688e-06 -1.680850982666015625e-05 -8.553266525268554688e-06 -1.093745231628417969e-05 -1.570582389831542969e-05 -1.418590545654296875e-05
1.760926693572593793e+00 1.045167446136474609e-04 1.050531864166259766e-04 1.073777675628662109e-04 9.512901306152343750e-05 1.083910465240478516e-04 1.062750816345214844e-04 1.039206981658935547e-04 1.092553138732910156e-04 1.047551631927490234e-04 1.128017902374267578e-04
1.767379455557981593e+00 -3.495812416076660156e-05 -3.314018249511718750e-05 -3.236532211303710938e-05 -2.959370613098144531e-05 -2.852082252502441406e-05 -3.781914710998535156e-05 -3.477931022644042969e-05 -2.443790435791015625e-05 -3.370642662048339844e-05 -3.126263618469238281e-05
1.773832217543369616e+00 -7.241964340209960938e-06 -1.162290573120117188e-05 2.264976501464843750e-06 -6.705522537231445312e-06 -6.258487701416015625e-06 -1.391768455505371094e-05 -2.086162567138671875e-07 -8.851289749145507812e-06 -2.458691596984863281e-05 -1.937150955200195312e-05
1.780284979528757416e+00 9.784102439880371094e-05 8.279085159301757812e-05 7.355213165283203125e-05 7.805228233337402344e-05 8.219480514526367188e-05 9.328126907348632812e-05 7.608532905578613281e-05 7.843971252441406250e-05 8.425116539001464844e-05 7.343292236328125000e-05
1.786737741514145439e+00 -9.709596633911132812e-05 -9.629130363464355469e-05 -9.629130363464355469e-05 -9.742379188537597656e-05 -1.063942909240722656e-04 -9.849667549133300781e-05 -9.644031524658203125e-05 -9.623169898986816406e-05 -1.026391983032226562e-04 -1.024007797241210938e-04
1.793190503499533239e+00 -1.639127731323242188e-05 -2.387166023254394531e-05 -1.698732376098632812e-05 -2.157688140869140625e-05 -2.479553222656250000e-05 -1.376867294311523438e-05 -1.806020736694335938e-05 -1.564621925354003906e-05 -1.496076583862304688e-05 -2.196431159973144531e-05
1.799643265484921262e+00 1.346468925476074219e-04 1.502335071563720703e-04 1.490414142608642578e-04 1.450777053833007812e-04 1.477897167205810547e-04 1.546144485473632812e-04 1.495182514190673828e-04 1.423656940460205078e-04 1.347959041595458984e-04 1.585483551025390625e-04
1.806096027470309062e+00 -3.874301910400390625e-06 -1.490116119384765625e-07 1.081824302673339844e-05 1.242756843566894531e-05 4.321336746215820312e-06 4.470348358154296875e-06 1.779198646545410156e-05 -5.841255187988281250e-06 5.006790161132812500e-06 1.299381256103515625e-05
1.812548789455697085e+00 8.642673492431640625e-07 -1.043081283569335938e-06 -5.900859832763671875e-06 -2.980232238769531250e-08 3.844499588012695312e-06 5.066394805908203125e-07 -6.526708602905273438e-06 2.384185791015625000e-06 1.817941665649414062e-06 3.099441528320312500e-06
1.819001551441084885e+00 4.291534423828125000e-05 3.603100776672363281e-05 3.981590270996093750e-05 3.328919410705566406e-05 2.828240394592285156e-05 3.993511199951171875e-05 5.012750625610351562e-05 3.728270530700683594e-05 4.240870475769042969e-05 4.500150680541992188e-05
1.825454313426472908e+00 -3.650784492492675781e-05 -4.026293754577636719e-05 -4.386901855468750000e-05 -4.139542579650878906e-05 -4.890561103820800781e-05 -4.968047142028808594e-05 -4.726648330688476562e-05 -4.634261131286621094e-05 -5.203485488891601562e-05 -3.865361213684082031e-05
1.831907075411860708e+00 -4.252791404724121094e-05 -2.303719520568847656e-05 -1.004338264465332031e-05 -2.697110176086425781e-05 -2.259016036987304688e-05 -1.913309097290039062e-05 -2.223253250122070312e-05 -2.568960189819335938e-05 -1.543760299682617188e-05 -3.153085708618164062e-05
1.838359837397248508e+00 4.106760025024414062e-05 2.557039260864257812e-05 3.394484519958496094e-05 3.391504287719726562e-05 2.688169479370117188e-05 3.966689109802246094e-05 3.668665885925292969e-05 2.393126487731933594e-05 2.744793891906738281e-05 3.626942634582519531e-05
1.844812599382636531e+00 -8.940696716308593750e-07 -9.596347808837890625e-06 -8.344650268554687500e-06 -3.963708877563476562e-06 -6.616115570068359375e-06 4.798173904418945312e-06 2.980232238769531250e-06 -1.469254493713378906e-05 -1.263618469238281250e-05 -2.443790435791015625e-06
1.851265361368024331e+00 6.258487701416015625e-07 -5.960464477539062500e-07 -3.606081008911132812e-06 -5.066394805908203125e-07 -7.838010787963867188e-06 -6.556510925292968750e-07 -1.123547554016113281e-05 -1.701712608337402344e-05 -6.824731826782226562e-06 -1.138448715209960938e-05
1.857718123353412354e+00 -5.066394805908203125e-07 6.884336471557617188e-06 9.834766387939453125e-07 9.775161743164062500e-06 3.129243850708007812e-06 1.183152198791503906e-05 -1.728534698486328125e-06 2.157688140869140625e-05 1.874566078186035156e-05 -7.450580596923828125e-07
1.864170885338800154e+00 -1.668930053710937500e-05 -1.090764999389648438e-05 -1.612305641174316406e-05 -1.925230026245117188e-05 -1.087784767150878906e-05 -1.096725463867187500e-05 1.123547554016113281e-05 -1.221895217895507812e-05 -1.248717308044433594e-05 -1.859664916992187500e-05
1.870623647324188177e+00 8.553266525268554688e-06 6.437301635742187500e-06 1.025199890136718750e-05 -9.536743164062500000e-07 1.102685928344726562e-06 1.519918441772460938e-06 1.817941665649414062e-06 1.269578933715820312e-05 5.275011062622070312e-06 2.771615982055664062e-06
1.877076409309575977e+00 -1.695752143859863281e-05 -2.980232238769531250e-06 -1.457333564758300781e-05 -1.242756843566894531e-05 -9.149312973022460938e-06 -1.344084739685058594e-05 -2.533197402954101562e-06 -1.573562622070312500e-05 -7.241964340209960938e-06 -1.233816146850585938e-05
1.883529171294964000e+00 -2.878904342651367188e-05 -3.591179847717285156e-05 -3.203749656677246094e-05 -4.899501800537109375e-05 -3.352761268615722656e-05 -3.719329833984375000e-05 -3.477931022644042969e-05 -3.308057785034179688e-05 -3.150105476379394531e-05 -3.406405448913574219e-05
1.889981933280351800e+00 -1.594424247741699219e-05 5.066394805908203125e-06 3.099441528320312500e-06 1.460313796997070312e-06 6.943941116333007812e-06 9.417533874511718750e-06 3.665685653686523438e-06 -2.831220626831054688e-06 5.066394805908203125e-06 1.224875450134277344e-05
1.896434695265739823e+00 -6.735324859619140625e-06 1.075863838195800781e-05 -1.966953277587890625e-06 -5.066394805908203125e-06 -1.263618469238281250e-05 -7.301568984985351562e-06 -1.204013824462890625e-05 -7.957220077514648438e-06 2.324581146240234375e-06 -4.529953002929687500e-06
1.902887457251127623e+00 3.278255462646484375e-06 4.768371582031250000e-06 -3.755092620849609375e-06 -6.556510925292968750e-07 -8.672475814819335938e-06 -6.437301635742187500e-06 -8.732080459594726562e-06 -1.111626625061035156e-05 9.536743164062500000e-07 7.212162017822265625e-06
1.909340219236515646e+00 3.102421760559082031e-05 1.773238182067871094e-05 2.273917198181152344e-05 2.801418304443359375e-05 1.668930053710937500e-05 2.646446228027343750e-05 2.315640449523925781e-05 1.409649848937988281e-05 2.822279930114746094e-05 2.232193946838378906e-05
1.915792981221903446e+00 1.028180122375488281e-05 1.001358032226562500e-05 2.056360244750976562e-06 8.940696716308593750e-08 1.034140586853027344e-05 1.075863838195800781e-05 7.420778274536132812e-06 2.229213714599609375e-05 1.770257949829101562e-05 7.480382919311523438e-06
1.922245743207291468e+00 -4.595518112182617188e-05 -4.667043685913085938e-05 -4.392862319946289062e-05 -4.297494888305664062e-05 -3.826618194580078125e-05 -4.702806472778320312e-05 -4.595518112182617188e-05 -4.386901855468750000e-05 -3.996491432189941406e-05 -3.811717033386230469e-05
1.928698505192679269e+00 2.819299697875976562e-05 3.659725189208984375e-05 3.418326377868652344e-05 3.686547279357910156e-05 3.188848495483398438e-05 4.404783248901367188e-05 2.306699752807617188e-05 2.741813659667968750e-05 3.543496131896972656e-05 2.771615982055664062e-05
1.935151267178067069e+00 7.113814353942871094e-05 6.258487701416015625e-05 6.282329559326171875e-05 6.669759750366210938e-05 6.797909736633300781e-05 7.230043411254882812e-05 6.759166717529296875e-05 6.821751594543457031e-05 5.882978439331054688e-05 6.562471389770507812e-05
1.941604029163455092e+00 -4.315376281738281250e-05 -3.722310066223144531e-05 -2.992153167724609375e-05 -3.471970558166503906e-05 -3.561377525329589844e-05 -3.463029861450195312e-05 -3.364682197570800781e-05 -3.314018249511718750e-05 -2.843141555786132812e-05 -4.372000694274902344e-05
1.948056791148842892e+00 1.564621925354003906e-05 1.484155654907226562e-05 1.275539398193359375e-05 2.038478851318359375e-05 1.317262649536132812e-05 1.013278961181640625e-05 1.335144042968750000e-05 5.483627319335937500e-06 2.542138099670410156e-05 1.361966133117675781e-05
1.954509553134230915e+00 3.337860107421875000e-06 4.112720489501953125e-06 -2.562999725341796875e-06 -5.364418029785156250e-07 6.377696990966796875e-06 -1.180171966552734375e-05 2.682209014892578125e-07 2.413988113403320312e-06 5.096197128295898438e-06 -5.841255187988281250e-06
1.960962315119618715e+00 1.698732376098632812e-06 -1.692771911621093750e-05 1.451373100280761719e-05 4.351139068603515625e-06 7.897615432739257812e-06 -5.960464477539062500e-07 7.003545761108398438e-06 6.109476089477539062e-06 -8.642673492431640625e-07 -8.136034011840820312e-06
1.967415077105006738e+00 -9.089708328247070312e-06 1.609325408935546875e-06 -3.397464752197265625e-06 -2.682209014892578125e-07 8.016824722290039062e-06 6.109476089477539062e-06 2.056360244750976562e-06 2.771615982055664062e-06 -5.871057510375976562e-06 3.546476364135742188e-06
1.973867839090394538e+00 2.467632293701171875e-05 9.894371032714843750e-06 1.168251037597656250e-05 3.939867019653320312e-05 2.318620681762695312e-05 2.139806747436523438e-05 1.195073127746582031e-05 1.293420791625976562e-05 1.293420791625976562e-05 2.089142799377441406e-05
1.980320601075782561e+00 -2.247095108032226562e-05 -2.685189247131347656e-05 -1.040101051330566406e-05 -1.385807991027832031e-05 -1.034140586853027344e-05 -1.683831214904785156e-05 -2.115964889526367188e-05 -2.464652061462402344e-05 -1.260638236999511719e-05 -1.478195190429687500e-05
1.986773363061170361e+00 -9.158253669738769531e-05 -9.059906005859375000e-05 -8.034706115722656250e-05 -9.569525718688964844e-05 -8.773803710937500000e-05 -9.319186210632324219e-05 -9.790062904357910156e-05 -7.110834121704101562e-05 -1.019239425659179688e-04 -8.329749107360839844e-05
1.993226125046558384e+00 6.106495857238769531e-05 6.946921348571777344e-05 6.824731826782226562e-05 6.034970283508300781e-05 5.793571472167968750e-05 6.130337715148925781e-05 4.917383193969726562e-05 5.713105201721191406e-05 6.610155105590820312e-05 4.845857620239257812e-05
1.999678887031946184e+00 1.060366630554199219e-04 1.126229763031005859e-04 9.706616401672363281e-05 1.122653484344482422e-04 1.141130924224853516e-04 1.042485237121582031e-04 9.980797767639160156e-05 1.076757907867431641e-04 9.748339653015136719e-05 1.114904880523681641e-04
2.006131649017333984e+00 -4.792213439941406250e-05 -5.173683166503906250e-05 -6.434321403503417969e-05 -5.328655242919921875e-05 -5.897879600524902344e-05 -4.771351814270019531e-05 -5.513429641723632812e-05 -5.927681922912597656e-05 -6.490945816040039062e-05 -5.117058753967285156e-05
