# Range[m] 0 1 2 3 4 5 6 7 8 9
1.800000071525573730e-01 -4.678755998611450195e-02 -4.652309417724609375e-02 -4.659858345985412598e-02 -4.667627811431884766e-02 -4.662215709686279297e-02 -4.642301797866821289e-02 -4.767626523971557617e-02 -4.757747054100036621e-02 -4.751238226890563965e-02 -4.745966196060180664e-02
1.864527691379452845e-01 3.490373492240905762e-02 3.509059548377990723e-02 3.502857685089111328e-02 3.496170043945312500e-02 3.506740927696228027e-02 3.518995642662048340e-02 3.414961695671081543e-02 3.409531712532043457e-02 3.414142131805419922e-02 3.421008586883544922e-02
1.929055311233331682e-01 1.060780882835388184e-02 1.035064458847045898e-02 1.044204831123352051e-02 1.052740216255187988e-02 1.037973165512084961e-02 1.021569967269897461e-02 1.170513033866882324e-02 1.182362437248229980e-02 1.165530085563659668e-02 1.161760091781616211e-02
1.993582931087210797e-01 -2.290183305740356445e-02 -2.281281352043151855e-02 -2.288663387298583984e-02 -2.291551232337951660e-02 -2.290016412734985352e-02 -2.286633849143981934e-02 -2.311867475509643555e-02 -2.302351593971252441e-02 -2.301082015037536621e-02 -2.306756377220153809e-02
2.058110550941089911e-01 2.684205770492553711e-03 2.817273139953613281e-03 2.740710973739624023e-03 2.738177776336669922e-03 2.747148275375366211e-03 2.871930599212646484e-03 2.418756484985351562e-03 2.346694469451904297e-03 2.392649650573730469e-03 2.461761236190795898e-03
2.122638170794968748e-01 7.146626710891723633e-03 7.063478231430053711e-03 7.149726152420043945e-03 7.162034511566162109e-03 7.175713777542114258e-03 7.110506296157836914e-03 7.146298885345458984e-03 7.169425487518310547e-03 7.106930017471313477e-03 7.099658250808715820e-03
2.187165790648847863e-01 7.500648498535156250e-03 7.540374994277954102e-03 7.498651742935180664e-03 7.497280836105346680e-03 7.456928491592407227e-03 7.474869489669799805e-03 7.642030715942382812e-03 7.701486349105834961e-03 7.703721523284912109e-03 7.651716470718383789e-03
2.251693410502726977e-01 -1.531627774238586426e-02 -1.537993550300598145e-02 -1.537102460861206055e-02 -1.534628868103027344e-02 -1.540809869766235352e-02 -1.539528369903564453e-02 -1.497700810432434082e-02 -1.502481102943420410e-02 -1.503413915634155273e-02 -1.505455374717712402e-02
2.316221030356606092e-01 -6.554543972015380859e-03 -6.468176841735839844e-03 -6.463885307312011719e-03 -6.500869989395141602e-03 -6.436198949813842773e-03 -6.385833024978637695e-03 -7.176280021667480469e-03 -7.264018058776855469e-03 -7.146567106246948242e-03 -7.124513387680053711e-03
2.380748650210485207e-01 2.559697628021240234e-02 2.565833926200866699e-02 2.564236521720886230e-02 2.562996745109558105e-02 2.562144398689270020e-02 2.565023303031921387e-02 2.551230788230895996e-02 2.549690008163452148e-02 2.553039789199829102e-02 2.552106976509094238e-02
2.445276270064364044e-01 -9.247153997421264648e-03 -9.508430957794189453e-03 -9.542793035507202148e-03 -9.386211633682250977e-03 -9.403586387634277344e-03 -9.538769721984863281e-03 -8.316576480865478516e-03 -8.385241031646728516e-03 -8.361756801605224609e-03 -8.497327566146850586e-03
2.509803889918242881e-01 -2.593082189559936523e-02 -2.582675218582153320e-02 -2.582517266273498535e-02 -2.587276697158813477e-02 -2.585136890411376953e-02 -2.574285864830017090e-02 -2.649843692779541016e-02 -2.651348710060119629e-02 -2.646398544311523438e-02 -2.641907334327697754e-02
2.574331509772121995e-01 2.766692638397216797e-02 2.784663438796997070e-02 2.782371640205383301e-02 2.777087688446044922e-02 2.786457538604736328e-02 2.800908684730529785e-02 2.694472670555114746e-02 2.689802646636962891e-02 2.693873643875122070e-02 2.698600292205810547e-02
2.638859129626001110e-01 6.488591432571411133e-03 6.225407123565673828e-03 6.267905235290527344e-03 6.299763917922973633e-03 6.175190210342407227e-03 6.069958209991455078e-03 7.650434970855712891e-03 7.693976163864135742e-03 7.662177085876464844e-03 7.528007030487060547e-03
2.703386749479880224e-01 -3.731974959373474121e-02 -3.733196854591369629e-02 -3.730610013008117676e-02 -3.732436895370483398e-02 -3.728890419006347656e-02 -3.728100657463073730e-02 -3.750130534172058105e-02 -3.749960660934448242e-02 -3.748515248298645020e-02 -3.746229410171508789e-02
2.767914369333759339e-01 1.808115839958190918e-02 1.824021339416503906e-02 1.835751533508300781e-02 1.821732521057128906e-02 1.827409863471984863e-02 1.846092939376831055e-02 1.705300807952880859e-02 1.693043112754821777e-02 1.702913641929626465e-02 1.715800166130065918e-02
2.832441989187638454e-01 2.135336399078369141e-02 2.110695838928222656e-02 2.111470699310302734e-02 2.119392156600952148e-02 2.112984657287597656e-02 2.092358469963073730e-02 2.223315834999084473e-02 2.231034636497497559e-02 2.221992611885070801e-02 2.214300632476806641e-02
2.896969609041517568e-01 -3.257682919502258301e-02 -3.264403343200683594e-02 -3.263616561889648438e-02 -3.261810541152954102e-02 -3.264135122299194336e-02 -3.271779417991638184e-02 -3.222712874412536621e-02 -3.217244148254394531e-02 -3.219982981681823730e-02 -3.225374221801757812e-02
2.961497228895396683e-01 1.358121633529663086e-03 1.562833786010742188e-03 1.603543758392333984e-03 1.511484384536743164e-03 1.599729061126708984e-03 1.804083585739135742e-03 3.374516963958740234e-04 2.241134643554687500e-04 3.223419189453125000e-04 4.099905490875244141e-04
3.026024848749275242e-01 2.638345956802368164e-02 2.629914879798889160e-02 2.629899978637695312e-02 2.635586261749267578e-02 2.631005644798278809e-02 2.619454264640808105e-02 2.705019712448120117e-02 2.700647711753845215e-02 2.694714069366455078e-02 2.692556381225585938e-02
3.090552468603154357e-01 -2.069002389907836914e-02 -2.084180712699890137e-02 -2.084362506866455078e-02 -2.079352736473083496e-02 -2.084356546401977539e-02 -2.095651626586914062e-02 -2.001321315765380859e-02 -1.994740962982177734e-02 -2.002659440040588379e-02 -2.010956406593322754e-02
3.155080088457033471e-01 -1.348453760147094727e-02 -1.328456401824951172e-02 -1.330408453941345215e-02 -1.337611675262451172e-02 -1.331514120101928711e-02 -1.316273212432861328e-02 -1.429983973503112793e-02 -1.437976956367492676e-02 -1.432043313980102539e-02 -1.420706510543823242e-02
3.219607708310912586e-01 2.499318122863769531e-02 2.497860789299011230e-02 2.501979470252990723e-02 2.502039074897766113e-02 2.502653002738952637e-02 2.501365542411804199e-02 2.498897910118103027e-02 2.495640516281127930e-02 2.493014931678771973e-02 2.496874332427978516e-02
3.284135328164791701e-01 -3.560125827789306641e-03 -3.721088171005249023e-03 -3.740727901458740234e-03 -3.663569688796997070e-03 -3.694593906402587891e-03 -3.824591636657714844e-03 -2.933979034423828125e-03 -2.891719341278076172e-03 -2.903580665588378906e-03 -2.996504306793212891e-03
3.348662948018670260e-01 -1.953095197677612305e-02 -1.943698525428771973e-02 -1.943182945251464844e-02 -1.947140693664550781e-02 -1.946684718132019043e-02 -1.938292384147644043e-02 -1.968029141426086426e-02 -1.967507600784301758e-02 -1.968240737915039062e-02 -1.965963840484619141e-02
3.413190567872549375e-01 1.249611377716064453e-02 1.256069540977478027e-02 1.260441541671752930e-02 1.256528496742248535e-02 1.262569427490234375e-02 1.266926527023315430e-02 1.205682754516601562e-02 1.204130053520202637e-02 1.202172040939331055e-02 1.207798719406127930e-02
3.477718187726428489e-01 1.072689890861511230e-02 1.068523526191711426e-02 1.067435741424560547e-02 1.070642471313476562e-02 1.064777374267578125e-02 1.061874628067016602e-02 1.114901900291442871e-02 1.120251417160034180e-02 1.117855310440063477e-02 1.115331053733825684e-02
3.542245807580307604e-01 -1.489493250846862793e-02 -1.490521430969238281e-02 -1.493385434150695801e-02 -1.490968465805053711e-02 -1.492208242416381836e-02 -1.495876908302307129e-02 -1.465860009193420410e-02 -1.461774110794067383e-02 -1.464849710464477539e-02 -1.468029618263244629e-02
3.606773427434186718e-01 -2.224266529083251953e-03 -2.113640308380126953e-03 -2.140641212463378906e-03 -2.144962549209594727e-03 -2.110630273818969727e-03 -1.996785402297973633e-03 -2.698183059692382812e-03 -2.774119377136230469e-03 -2.711534500122070312e-03 -2.661943435668945312e-03
3.671301047288065833e-01 1.530352234840393066e-02 1.528578996658325195e-02 1.529014110565185547e-02 1.530888676643371582e-02 1.530659198760986328e-02 1.530256867408752441e-02 1.534920930862426758e-02 1.536574959754943848e-02 1.534545421600341797e-02 1.535433530807495117e-02
3.735828667141944948e-01 -4.962682723999023438e-03 -5.049467086791992188e-03 -5.077928304672241211e-03 -5.060315132141113281e-03 -5.090326070785522461e-03 -5.180448293685913086e-03 -4.555165767669677734e-03 -4.502654075622558594e-03 -4.538148641586303711e-03 -4.573523998260498047e-03
3.800356286995824062e-01 -1.152384281158447266e-02 -1.146697998046875000e-02 -1.146036386489868164e-02 -1.149186491966247559e-02 -1.146242022514343262e-02 -1.139336824417114258e-02 -1.187852025032043457e-02 -1.187390089035034180e-02 -1.182290911674499512e-02 -1.181367039680480957e-02
3.864883906849703177e-01 1.237839460372924805e-02 1.243796944618225098e-02 1.244324445724487305e-02 1.243960857391357422e-02 1.246508955955505371e-02 1.250085234642028809e-02 1.210954785346984863e-02 1.207900047302246094e-02 1.211529970169067383e-02 1.213863492012023926e-02
3.929411526703582291e-01 6.513178348541259766e-03 6.431996822357177734e-03 6.405383348464965820e-03 6.451606750488281250e-03 6.409466266632080078e-03 6.338477134704589844e-03 6.952464580535888672e-03 7.007122039794921875e-03 6.965726613998413086e-03 6.913304328918457031e-03
3.993939146557460851e-01 -1.607537269592285156e-02 -1.609861850738525391e-02 -1.609846949577331543e-02 -1.609835028648376465e-02 -1.608830690383911133e-02 -1.613181829452514648e-02 -1.603600382804870605e-02 -1.601678133010864258e-02 -1.599830389022827148e-02 -1.604223251342773438e-02
4.058466766411339965e-01 3.554880619049072266e-03 3.674209117889404297e-03 3.685414791107177734e-03 3.627538681030273438e-03 3.660231828689575195e-03 3.756016492843627930e-03 3.077894449234008789e-03 3.034025430679321289e-03 3.034740686416625977e-03 3.118783235549926758e-03
4.122994386265219080e-01 1.395875215530395508e-02 1.390114426612854004e-02 1.389700174331665039e-02 1.390066742897033691e-02 1.390349864959716797e-02 1.386934518814086914e-02 1.414307951927185059e-02 1.411244273185729980e-02 1.413267850875854492e-02 1.411461830139160156e-02
4.187522006119098195e-01 -1.138466596603393555e-02 -1.146715879440307617e-02 -1.147601008415222168e-02 -1.145213842391967773e-02 -1.148250699043273926e-02 -1.152265071868896484e-02 -1.107046008110046387e-02 -1.107200980186462402e-02 -1.106053590774536133e-02 -1.110091805458068848e-02
4.252049625972976754e-01 -6.636172533035278320e-03 -6.578445434570312500e-03 -6.582647562026977539e-03 -6.610214710235595703e-03 -6.532579660415649414e-03 -6.498962640762329102e-03 -7.042050361633300781e-03 -7.078856229782104492e-03 -7.086396217346191406e-03 -7.041692733764648438e-03
4.316577245826856424e-01 1.409903168678283691e-02 1.407414674758911133e-02 1.409497857093811035e-02 1.410731673240661621e-02 1.409161090850830078e-02 1.409912109375000000e-02 1.401776075363159180e-02 1.400798559188842773e-02 1.402339339256286621e-02 1.402920484542846680e-02
4.381104865680734983e-01 -2.689033746719360352e-03 -2.799361944198608398e-03 -2.767831087112426758e-03 -2.758383750915527344e-03 -2.806901931762695312e-03 -2.884149551391601562e-03 -2.300471067428588867e-03 -2.257287502288818359e-03 -2.299368381500244141e-03 -2.344071865081787109e-03
4.445632485534614098e-01 -1.172155141830444336e-02 -1.169925928115844727e-02 -1.167798042297363281e-02 -1.170662045478820801e-02 -1.168403029441833496e-02 -1.164841651916503906e-02 -1.189714670181274414e-02 -1.191353797912597656e-02 -1.189473271369934082e-02 -1.187902688980102539e-02
4.510160105388493212e-01 8.841007947921752930e-03 8.891463279724121094e-03 8.912742137908935547e-03 8.883267641067504883e-03 8.917987346649169922e-03 8.951306343078613281e-03 8.571177721023559570e-03 8.539766073226928711e-03 8.574306964874267578e-03 8.596986532211303711e-03
4.574687725242372327e-01 4.562020301818847656e-03 4.489392042160034180e-03 4.477113485336303711e-03 4.528731107711791992e-03 4.498392343521118164e-03 4.425644874572753906e-03 4.922688007354736328e-03 4.913717508316040039e-03 4.897832870483398438e-03 4.864543676376342773e-03
4.639215345096251442e-01 -1.124957203865051270e-02 -1.125735044479370117e-02 -1.128727197647094727e-02 -1.128336787223815918e-02 -1.127821207046508789e-02 -1.129621267318725586e-02 -1.117488741874694824e-02 -1.115947961807250977e-02 -1.115348935127258301e-02 -1.118394732475280762e-02
4.703742964950130556e-01 -2.517700195312500000e-04 -1.643598079681396484e-04 -1.595616340637207031e-04 -1.819729804992675781e-04 -1.553297042846679688e-04 -1.128315925598144531e-04 -6.030499935150146484e-04 -6.408989429473876953e-04 -6.034076213836669922e-04 -5.773603916168212891e-04
4.768270584804009671e-01 1.097735762596130371e-02 1.095375418663024902e-02 1.097190380096435547e-02 1.100936532020568848e-02 1.098468899726867676e-02 1.096054911613464355e-02 1.109877228736877441e-02 1.106938719749450684e-02 1.107481122016906738e-02 1.107245683670043945e-02
4.832798204657888230e-01 -5.926579236984252930e-03 -5.993872880935668945e-03 -5.998373031616210938e-03 -5.961179733276367188e-03 -5.975186824798583984e-03 -6.051391363143920898e-03 -5.621194839477539062e-03 -5.605489015579223633e-03 -5.601972341537475586e-03 -5.653291940689086914e-03
4.897325824511767345e-01 -8.388072252273559570e-03 -8.325576782226562500e-03 -8.350074291229248047e-03 -8.342266082763671875e-03 -8.327126502990722656e-03 -8.307129144668579102e-03 -8.597910404205322266e-03 -8.576571941375732422e-03 -8.570522069931030273e-03 -8.587121963500976562e-03
4.961853444365646459e-01 9.862422943115234375e-03 9.895503520965576172e-03 9.919524192810058594e-03 9.916245937347412109e-03 9.923756122589111328e-03 9.940326213836669922e-03 9.695053100585937500e-03 9.695410728454589844e-03 9.703606367111206055e-03 9.702324867248535156e-03
5.026381064219525019e-01 3.168612718582153320e-03 3.140538930892944336e-03 3.126263618469238281e-03 3.141701221466064453e-03 3.095716238021850586e-03 3.076344728469848633e-03 3.474324941635131836e-03 3.521919250488281250e-03 3.495067358016967773e-03 3.474295139312744141e-03
5.090908684073405244e-01 -1.159346103668212891e-02 -1.154470443725585938e-02 -1.156041026115417480e-02 -1.157543063163757324e-02 -1.155292987823486328e-02 -1.156765222549438477e-02 -1.156920194625854492e-02 -1.152899861335754395e-02 -1.153472065925598145e-02 -1.153463125228881836e-02
5.155436303927283248e-01 3.842264413833618164e-03 3.936439752578735352e-03 3.928780555725097656e-03 3.923237323760986328e-03 3.955602645874023438e-03 4.027783870697021484e-03 3.519654273986816406e-03 3.454208374023437500e-03 3.488898277282714844e-03 3.548026084899902344e-03
5.219963923781163473e-01 1.091814041137695312e-02 1.088550686836242676e-02 1.086822152137756348e-02 1.087579131126403809e-02 1.087343692779541016e-02 1.083129644393920898e-02 1.111069321632385254e-02 1.114168763160705566e-02 1.110479235649108887e-02 1.107352972030639648e-02
5.284491543635041477e-01 -1.175966858863830566e-02 -1.180467009544372559e-02 -1.183512806892395020e-02 -1.180091500282287598e-02 -1.184722781181335449e-02 -1.185223460197448730e-02 -1.151266694068908691e-02 -1.146197319030761719e-02 -1.148113608360290527e-02 -1.152658462524414062e-02
5.349019163488920592e-01 -1.343250274658203125e-03 -1.264005899429321289e-03 -1.229882240295410156e-03 -1.276046037673950195e-03 -1.236498355865478516e-03 -1.149803400039672852e-03 -1.858860254287719727e-03 -1.870602369308471680e-03 -1.854062080383300781e-03 -1.787513494491577148e-03
5.413546783342799706e-01 1.532095670700073242e-02 1.528838276863098145e-02 1.530382037162780762e-02 1.532191038131713867e-02 1.531630754470825195e-02 1.529791951179504395e-02 1.537317037582397461e-02 1.540327072143554688e-02 1.536220312118530273e-02 1.535511016845703125e-02
5.478074403196678821e-01 -7.438719272613525391e-03 -7.517933845520019531e-03 -7.544159889221191406e-03 -7.524311542510986328e-03 -7.576763629913330078e-03 -7.625997066497802734e-03 -6.965249776840209961e-03 -6.895005702972412109e-03 -6.912380456924438477e-03 -7.007539272308349609e-03
5.542602023050557936e-01 -9.659320116043090820e-03 -9.575784206390380859e-03 -9.540855884552001953e-03 -9.638398885726928711e-03 -9.603202342987060547e-03 -9.562462568283081055e-03 -1.009374856948852539e-02 -1.007315516471862793e-02 -1.011356711387634277e-02 -1.004117727279663086e-02
5.607129642904437050e-01 1.571667194366455078e-02 1.575899124145507812e-02 1.575702428817749023e-02 1.573324203491210938e-02 1.576164364814758301e-02 1.575720310211181641e-02 1.556563377380371094e-02 1.556792855262756348e-02 1.556494832038879395e-02 1.559340953826904297e-02
5.671657262758316165e-01 -7.471442222595214844e-04 -8.542239665985107422e-04 -8.317232131958007812e-04 -8.397400379180908203e-04 -8.892416954040527344e-04 -9.729564189910888672e-04 -2.819001674652099609e-04 -2.341866493225097656e-04 -2.586245536804199219e-04 -3.023147583007812500e-04
5.736184882612194169e-01 -1.315993070602416992e-02 -1.311054825782775879e-02 -1.307708024978637695e-02 -1.309862732887268066e-02 -1.305639743804931641e-02 -1.306161284446716309e-02 -1.342803239822387695e-02 -1.346156001091003418e-02 -1.347842812538146973e-02 -1.341313123703002930e-02
5.800712502466074394e-01 1.229077577590942383e-02 1.240816712379455566e-02 1.237064599990844727e-02 1.236456632614135742e-02 1.237675547599792480e-02 1.244211196899414062e-02 1.201820373535156250e-02 1.195448637008666992e-02 1.200708746910095215e-02 1.203545928001403809e-02
5.865240122319952398e-01 2.983391284942626953e-03 2.905696630477905273e-03 2.867639064788818359e-03 2.917081117630004883e-03 2.896606922149658203e-03 2.790719270706176758e-03 3.478199243545532227e-03 3.486692905426025391e-03 3.489464521408081055e-03 3.394842147827148438e-03
5.929767742173832623e-01 -1.319018006324768066e-02 -1.317244768142700195e-02 -1.316630840301513672e-02 -1.318812370300292969e-02 -1.316547393798828125e-02 -1.313194632530212402e-02 -1.334074139595031738e-02 -1.334345340728759766e-02 -1.335275173187255859e-02 -1.333117485046386719e-02
5.994295362027710627e-01 7.616281509399414062e-03 7.698118686676025391e-03 7.654398679733276367e-03 7.655322551727294922e-03 7.654190063476562500e-03 7.743090391159057617e-03 7.304191589355468750e-03 7.306933403015136719e-03 7.346421480178833008e-03 7.351517677307128906e-03
6.058822981881590852e-01 4.686713218688964844e-03 4.610151052474975586e-03 4.628211259841918945e-03 4.689544439315795898e-03 4.615813493728637695e-03 4.582315683364868164e-03 5.037039518356323242e-03 5.072414875030517578e-03 5.035758018493652344e-03 4.995226860046386719e-03
6.123350601735468857e-01 -9.001076221466064453e-03 -9.002953767776489258e-03 -8.987218141555786133e-03 -8.995980024337768555e-03 -8.985400199890136719e-03 -8.971720933914184570e-03 -9.103149175643920898e-03 -9.087741374969482422e-03 -9.079515933990478516e-03 -9.108066558837890625e-03
6.187878221589347971e-01 3.325313329696655273e-03 3.373026847839355469e-03 3.341645002365112305e-03 3.335028886795043945e-03 3.351509571075439453e-03 3.415226936340332031e-03 3.098011016845703125e-03 3.107726573944091797e-03 3.130614757537841797e-03 3.149718046188354492e-03
6.252405841443227086e-01 3.966093063354492188e-03 3.942757844924926758e-03 3.915578126907348633e-03 3.941267728805541992e-03 3.925770521163940430e-03 3.907114267349243164e-03 4.121392965316772461e-03 4.120498895645141602e-03 4.100292921066284180e-03 4.087120294570922852e-03
6.316933461297106200e-01 -3.889590501785278320e-03 -3.909558057785034180e-03 -3.897666931152343750e-03 -3.895193338394165039e-03 -3.896921873092651367e-03 -3.927797079086303711e-03 -3.873944282531738281e-03 -3.855764865875244141e-03 -3.862142562866210938e-03 -3.867357969284057617e-03
6.381461081150985315e-01 -4.174709320068359375e-04 -3.779232501983642578e-04 -3.875494003295898438e-04 -4.027485847473144531e-04 -3.992915153503417969e-04 -3.674626350402832031e-04 -5.040466785430908203e-04 -5.199909210205078125e-04 -4.971325397491455078e-04 -4.916787147521972656e-04
6.445988701004864430e-01 1.906365156173706055e-03 1.907080411911010742e-03 1.928836107254028320e-03 1.901268959045410156e-03 1.920610666275024414e-03 1.902610063552856445e-03 1.923531293869018555e-03 1.901745796203613281e-03 1.904994249343872070e-03 1.917451620101928711e-03
6.510516320858743544e-01 3.305673599243164062e-04 3.032982349395751953e-04 3.023147583007812500e-04 3.101825714111328125e-04 3.086924552917480469e-04 3.007650375366210938e-04 3.519952297210693359e-04 3.682076930999755859e-04 3.700256347656250000e-04 3.591179847717285156e-04
6.575043940712622659e-01 -1.611053943634033203e-03 -1.626461744308471680e-03 -1.637727022171020508e-03 -1.624494791030883789e-03 -1.636654138565063477e-03 -1.620858907699584961e-03 -1.599848270416259766e-03 -1.593053340911865234e-03 -1.589953899383544922e-03 -1.592189073562622070e-03
6.639571560566501773e-01 -5.653798580169677734e-04 -5.550384521484375000e-04 -5.400180816650390625e-04 -5.455017089843750000e-04 -5.412697792053222656e-04 -5.386471748352050781e-04 -5.999803543090820312e-04 -6.027221679687500000e-04 -6.229281425476074219e-04 -6.025135517120361328e-04
6.704099180420379778e-01 2.837181091308593750e-03 2.854555845260620117e-03 2.851843833923339844e-03 2.832919359207153320e-03 2.847045660018920898e-03 2.834409475326538086e-03 2.824574708938598633e-03 2.835035324096679688e-03 2.846091985702514648e-03 2.834379673004150391e-03
6.768626800274260003e-01 -8.820295333862304688e-04 -8.835196495056152344e-04 -8.856356143951416016e-04 -8.793175220489501953e-04 -8.988082408905029297e-04 -9.036362171173095703e-04 -7.732510566711425781e-04 -7.784068584442138672e-04 -7.755756378173828125e-04 -7.780790328979492188e-04
6.833154420128139117e-01 -2.906769514083862305e-03 -2.919018268585205078e-03 -2.914905548095703125e-03 -2.914518117904663086e-03 -2.898514270782470703e-03 -2.903878688812255859e-03 -2.977073192596435547e-03 -2.992957830429077148e-03 -2.979904413223266602e-03 -2.966076135635375977e-03
6.897682039982017121e-01 3.584831953048706055e-03 3.599047660827636719e-03 3.598928451538085938e-03 3.591150045394897461e-03 3.607869148254394531e-03 3.604650497436523438e-03 3.525882959365844727e-03 3.537505865097045898e-03 3.530025482177734375e-03 3.559470176696777344e-03
6.962209659835896236e-01 3.621876239776611328e-04 3.405809402465820312e-04 3.576576709747314453e-04 3.319680690765380859e-04 3.359019756317138672e-04 3.093481063842773438e-04 4.900395870208740234e-04 4.915297031402587891e-04 4.830956459045410156e-04 4.820227622985839844e-04
7.026737279689775351e-01 -3.909826278686523438e-03 -3.915965557098388672e-03 -3.886163234710693359e-03 -3.888636827468872070e-03 -3.904521465301513672e-03 -3.888547420501708984e-03 -3.926992416381835938e-03 -3.924280405044555664e-03 -3.927767276763916016e-03 -3.931403160095214844e-03
7.091264899543654465e-01 2.504020929336547852e-03 2.537190914154052734e-03 2.521783113479614258e-03 2.527713775634765625e-03 2.515107393264770508e-03 2.528131008148193359e-03 2.397567033767700195e-03 2.393454313278198242e-03 2.410650253295898438e-03 2.415388822555541992e-03
7.155792519397533580e-01 1.807212829589843750e-03 1.772314310073852539e-03 1.783162355422973633e-03 1.786649227142333984e-03 1.776993274688720703e-03 1.764565706253051758e-03 1.916348934173583984e-03 1.931607723236083984e-03 1.914262771606445312e-03 1.910328865051269531e-03
7.220320139251412694e-01 -3.486633300781250000e-03 -3.492176532745361328e-03 -3.504782915115356445e-03 -3.502547740936279297e-03 -3.491699695587158203e-03 -3.512889146804809570e-03 -3.505915403366088867e-03 -3.465116024017333984e-03 -3.479897975921630859e-03 -3.491282463073730469e-03
7.284847759105291809e-01 1.114875078201293945e-03 1.138269901275634766e-03 1.138806343078613281e-03 1.120924949645996094e-03 1.134961843490600586e-03 1.144289970397949219e-03 1.021653413772583008e-03 1.007467508316040039e-03 1.021653413772583008e-03 1.035690307617187500e-03
7.349375378959170924e-01 2.275854349136352539e-03 2.291142940521240234e-03 2.281010150909423828e-03 2.291470766067504883e-03 2.280831336975097656e-03 2.278506755828857422e-03 2.352118492126464844e-03 2.347707748413085938e-03 2.344965934753417969e-03 2.350181341171264648e-03
7.413902998813050038e-01 -2.188920974731445312e-03 -2.192527055740356445e-03 -2.191126346588134766e-03 -2.195596694946289062e-03 -2.195030450820922852e-03 -2.206206321716308594e-03 -2.156257629394531250e-03 -2.119243144989013672e-03 -2.154141664505004883e-03 -2.141058444976806641e-03
7.478430618666929153e-01 -5.822181701660156250e-04 -5.626082420349121094e-04 -5.753934383392333984e-04 -5.519390106201171875e-04 -5.583167076110839844e-04 -5.561709403991699219e-04 -6.340444087982177734e-04 -6.354749202728271484e-04 -6.232261657714843750e-04 -6.296038627624511719e-04
7.542958238520808267e-01 1.925259828567504883e-03 1.912266016006469727e-03 1.924186944961547852e-03 1.933723688125610352e-03 1.924395561218261719e-03 1.922369003295898438e-03 1.941621303558349609e-03 1.929372549057006836e-03 1.942157745361328125e-03 1.928150653839111328e-03
7.607485858374687382e-01 -6.912648677825927734e-04 -6.959736347198486328e-04 -6.969869136810302734e-04 -6.852447986602783203e-04 -7.027685642242431641e-04 -7.059574127197265625e-04 -6.391406059265136719e-04 -6.504654884338378906e-04 -6.519854068756103516e-04 -6.411373615264892578e-04
7.672013478228566496e-01 -8.807778358459472656e-04 -8.663833141326904297e-04 -8.796155452728271484e-04 -8.927881717681884766e-04 -8.832514286041259766e-04 -8.731186389923095703e-04 -9.195804595947265625e-04 -9.455680847167968750e-04 -9.337961673736572266e-04 -9.348094463348388672e-04
7.736541098082445611e-01 1.273661851882934570e-03 1.265168190002441406e-03 1.290470361709594727e-03 1.281976699829101562e-03 1.292586326599121094e-03 1.289755105972290039e-03 1.253813505172729492e-03 1.264154911041259766e-03 1.264542341232299805e-03 1.263439655303955078e-03
7.801068717936323615e-01 5.766451358795166016e-04 5.656182765960693359e-04 5.611479282379150391e-04 5.581676959991455078e-04 5.719959735870361328e-04 5.660951137542724609e-04 6.016790866851806641e-04 6.152689456939697266e-04 6.086230278015136719e-04 6.040632724761962891e-04
7.865596337790202730e-01 -6.952881813049316406e-04 -7.078349590301513672e-04 -7.018446922302246094e-04 -6.977319717407226562e-04 -7.123947143554687500e-04 -7.066428661346435547e-04 -7.087290287017822266e-04 -7.078349590301513672e-04 -7.054805755615234375e-04 -7.007420063018798828e-04
7.930123957644081845e-01 2.045631408691406250e-04 2.213418483734130859e-04 2.346336841583251953e-04 2.170205116271972656e-04 2.272725105285644531e-04 2.158284187316894531e-04 1.873373985290527344e-04 1.869201660156250000e-04 1.930296421051025391e-04 1.801848411560058594e-04
7.994651577497960959e-01 7.608234882354736328e-04 7.612705230712890625e-04 7.709860801696777344e-04 7.725358009338378906e-04 7.794499397277832031e-04 7.697045803070068359e-04 7.793307304382324219e-04 7.685720920562744141e-04 7.838010787963867188e-04 7.845461368560791016e-04
8.059179197351840074e-01 -5.866885185241699219e-04 -6.029605865478515625e-04 -5.930066108703613281e-04 -5.870759487152099609e-04 -5.988776683807373047e-04 -5.914270877838134766e-04 -5.573034286499023438e-04 -5.667209625244140625e-04 -5.646049976348876953e-04 -5.499422550201416016e-04
8.123706817205719188e-01 -9.132027626037597656e-04 -9.146928787231445312e-04 -9.058415889739990234e-04 -8.986294269561767578e-04 -9.002387523651123047e-04 -9.084045886993408203e-04 -9.118020534515380859e-04 -9.242594242095947266e-04 -9.244382381439208984e-04 -9.189248085021972656e-04
8.188234437059598303e-01 9.276270866394042969e-04 9.172558784484863281e-04 9.192824363708496094e-04 9.315311908721923828e-04 9.328424930572509766e-04 9.264647960662841797e-04 9.135305881500244141e-04 8.908510208129882812e-04 9.207129478454589844e-04 8.951723575592041016e-04
8.252762056913477418e-01 1.005232334136962891e-04 9.232759475708007812e-05 1.049041748046875000e-04 9.998679161071777344e-05 8.240342140197753906e-05 1.015365123748779297e-04 1.065731048583984375e-04 1.140236854553222656e-04 1.215636730194091797e-04 1.172423362731933594e-04
8.317289676767356532e-01 -1.078903675079345703e-03 -1.097649335861206055e-03 -1.092463731765747070e-03 -1.084417104721069336e-03 -1.092106103897094727e-03 -1.106679439544677734e-03 -1.081317663192749023e-03 -1.091688871383666992e-03 -1.098006963729858398e-03 -1.087218523025512695e-03
8.381817296621235647e-01 5.046129226684570312e-04 5.027353763580322266e-04 4.920959472656250000e-04 5.213022232055664062e-04 5.028545856475830078e-04 5.039274692535400391e-04 4.821121692657470703e-04 4.899501800537109375e-04 4.884302616119384766e-04 4.909336566925048828e-04
8.446344916475114761e-01 7.232129573822021484e-04 7.233917713165283203e-04 7.275640964508056641e-04 7.118582725524902344e-04 7.130503654479980469e-04 7.123947143554687500e-04 7.238686084747314453e-04 7.413327693939208984e-04 7.226169109344482422e-04 7.317662239074707031e-04
8.510872536328993876e-01 -3.459155559539794922e-04 -3.490149974822998047e-04 -3.478825092315673828e-04 -3.529787063598632812e-04 -3.514289855957031250e-04 -3.544688224792480469e-04 -3.388822078704833984e-04 -3.327131271362304688e-04 -3.392398357391357422e-04 -3.506541252136230469e-04
8.575400156182872990e-01 -5.923807621002197266e-04 -5.801022052764892578e-04 -5.885064601898193359e-04 -5.879998207092285156e-04 -5.949139595031738281e-04 -5.811154842376708984e-04 -5.876719951629638672e-04 -6.074905395507812500e-04 -6.009638309478759766e-04 -6.045997142791748047e-04
8.639927776036752105e-01 2.977550029754638672e-04 2.983510494232177734e-04 2.949535846710205078e-04 2.962648868560791016e-04 2.892613410949707031e-04 2.932846546173095703e-04 2.783238887786865234e-04 2.875626087188720703e-04 2.877414226531982422e-04 2.785027027130126953e-04
8.704455395890630109e-01 1.573860645294189453e-04 1.685917377471923828e-04 1.735985279083251953e-04 1.682937145233154297e-04 1.703202724456787109e-04 1.664459705352783203e-04 1.864135265350341797e-04 1.912117004394531250e-04 1.848638057708740234e-04 1.807212829589843750e-04
8.768983015744509224e-01 -5.185306072235107422e-04 -5.528628826141357422e-04 -5.370676517486572266e-04 -5.338490009307861328e-04 -5.400478839874267578e-04 -5.217790603637695312e-04 -5.237758159637451172e-04 -5.231499671936035156e-04 -5.261003971099853516e-04 -5.258619785308837891e-04
8.833510635598388339e-01 9.673833847045898438e-05 1.027286052703857422e-04 1.168251037597656250e-04 1.136362552642822266e-04 1.117587089538574219e-04 1.099109649658203125e-04 8.788704872131347656e-05 9.375810623168945312e-05 8.815526962280273438e-05 8.353590965270996094e-05
8.898038255452267453e-01 6.495714187622070312e-04 6.487071514129638672e-04 6.618201732635498047e-04 6.513595581054687500e-04 6.439983844757080078e-04 6.516873836517333984e-04 6.619989871978759766e-04 6.543099880218505859e-04 6.643533706665039062e-04 6.569325923919677734e-04
8.962565875306146568e-01 -4.357397556304931641e-04 -4.384219646453857422e-04 -4.462897777557373047e-04 -4.574656486511230469e-04 -4.640221595764160156e-04 -4.557371139526367188e-04 -4.283785820007324219e-04 -4.146099090576171875e-04 -4.252493381500244141e-04 -4.233121871948242188e-04
9.027093495160025682e-01 -5.857646465301513672e-04 -5.765259265899658203e-04 -5.769133567810058594e-04 -5.718171596527099609e-04 -5.829632282257080078e-04 -5.670785903930664062e-04 -6.059110164642333984e-04 -5.987286567687988281e-04 -6.074607372283935547e-04 -5.993843078613281250e-04
9.091621115013904797e-01 7.459223270416259766e-04 7.401704788208007812e-04 7.540583610534667969e-04 7.377564907073974609e-04 7.449984550476074219e-04 7.652044296264648438e-04 7.306933403015136719e-04 7.442831993103027344e-04 7.275640964508056641e-04 7.386505603790283203e-04
9.156148734867783912e-01 1.939237117767333984e-04 1.928508281707763672e-04 1.819431781768798828e-04 2.011954784393310547e-04 1.960992813110351562e-04 1.900196075439453125e-04 2.145171165466308594e-04 2.239942550659179688e-04 2.240240573883056641e-04 2.253353595733642578e-04
9.220676354721663026e-01 -8.549690246582031250e-04 -8.363127708435058594e-04 -8.623301982879638672e-04 -8.671879768371582031e-04 -8.552074432373046875e-04 -8.571147918701171875e-04 -8.727908134460449219e-04 -8.643865585327148438e-04 -8.567869663238525391e-04 -8.633732795715332031e-04
9.285203974575542141e-01 2.591907978057861328e-04 2.723932266235351562e-04 2.670288085937500000e-04 2.676844596862792969e-04 2.701878547668457031e-04 2.781450748443603516e-04 2.335011959075927734e-04 2.447366714477539062e-04 2.441704273223876953e-04 2.432465553283691406e-04
9.349731594429421255e-01 6.182789802551269531e-04 6.196498870849609375e-04 6.201863288879394531e-04 6.211996078491210938e-04 6.141364574432373047e-04 6.141662597656250000e-04 6.374716758728027344e-04 6.291270256042480469e-04 6.323158740997314453e-04 6.389915943145751953e-04
9.414259214283300370e-01 -6.136298179626464844e-04 -6.210505962371826172e-04 -6.197392940521240234e-04 -6.113052368164062500e-04 -6.197094917297363281e-04 -6.116926670074462891e-04 -5.986690521240234375e-04 -5.953609943389892578e-04 -5.874633789062500000e-04 -6.023347377777099609e-04
9.478786834137179484e-01 -1.814067363739013672e-04 -1.692473888397216797e-04 -1.573860645294189453e-04 -1.745522022247314453e-04 -1.744329929351806641e-04 -1.727640628814697266e-04 -2.050101757049560547e-04 -2.010464668273925781e-04 -2.042353153228759766e-04 -2.041757106781005859e-04
9.543314453991058599e-01 8.086860179901123047e-04 7.971227169036865234e-04 8.012950420379638672e-04 7.994771003723144531e-04 8.063614368438720703e-04 8.014738559722900391e-04 8.011460304260253906e-04 7.919371128082275391e-04 7.910728454589843750e-04 7.967948913574218750e-04
9.607842073844936603e-01 -3.451704978942871094e-04 -3.593564033508300781e-04 -3.620088100433349609e-04 -3.595948219299316406e-04 -3.628730773925781250e-04 -3.612339496612548828e-04 -3.241002559661865234e-04 -3.269016742706298828e-04 -3.300607204437255859e-04 -3.227591514587402344e-04
9.672369693698815718e-01 -6.433725357055664062e-04 -6.552040576934814453e-04 -6.467103958129882812e-04 -6.449520587921142578e-04 -6.458461284637451172e-04 -6.357729434967041016e-04 -6.626844406127929688e-04 -6.611943244934082031e-04 -6.759166717529296875e-04 -6.661117076873779297e-04
9.736897313552694833e-01 6.388127803802490234e-04 6.301999092102050781e-04 6.306469440460205078e-04 6.221532821655273438e-04 6.398856639862060547e-04 6.325840950012207031e-04 6.196200847625732422e-04 6.111264228820800781e-04 6.175041198730468750e-04 6.251633167266845703e-04
9.801424933406573947e-01 2.541244029998779297e-04 2.458393573760986328e-04 2.508461475372314453e-04 2.602636814117431641e-04 2.534389495849609375e-04 2.395212650299072266e-04 2.791881561279296875e-04 2.797842025756835938e-04 2.747476100921630859e-04 2.752244472503662109e-04
9.865952553260453062e-01 -7.304251194000244141e-04 -7.411837577819824219e-04 -7.348060607910156250e-04 -7.337927818298339844e-04 -7.356703281402587891e-04 -7.382631301879882812e-04 -7.233321666717529297e-04 -7.435083389282226562e-04 -7.260441780090332031e-04 -7.417500019073486328e-04
9.930480173114332176e-01 1.757144927978515625e-04 1.841783523559570312e-04 1.716911792755126953e-04 1.825094223022460938e-04 1.789033412933349609e-04 1.890063285827636719e-04 1.500546932220458984e-04 1.614987850189208984e-04 1.558959484100341797e-04 1.490116119384765625e-04
9.995007792968211291e-01 5.361139774322509766e-04 5.238950252532958984e-04 5.427598953247070312e-04 5.393624305725097656e-04 5.229711532592773438e-04 5.388259887695312500e-04 5.502700805664062500e-04 5.517899990081787109e-04 5.499720573425292969e-04 5.480349063873291016e-04
1.005953541282209152e+00 -5.072951316833496094e-04 -5.062222480773925781e-04 -5.156397819519042969e-04 -5.186498165130615234e-04 -5.087852478027343750e-04 -5.239546298980712891e-04 -5.027353763580322266e-04 -5.089342594146728516e-04 -4.933774471282958984e-04 -5.035996437072753906e-04
1.012406303267596952e+00 -2.346038818359375000e-04 -2.348124980926513672e-04 -2.304613590240478516e-04 -2.323389053344726562e-04 -2.171695232391357422e-04 -2.180635929107666016e-04 -2.486705780029296875e-04 -2.560019493103027344e-04 -2.490878105163574219e-04 -2.436637878417968750e-04
1.018859065252984752e+00 6.860494613647460938e-04 6.854236125946044922e-04 6.884336471557617188e-04 6.990134716033935547e-04 6.908774375915527344e-04 6.844103336334228516e-04 6.815493106842041016e-04 6.869733333587646484e-04 6.779432296752929688e-04 6.821155548095703125e-04
1.025311827238372775e+00 -2.409815788269042969e-04 -2.315640449523925781e-04 -2.468228340148925781e-04 -2.368688583374023438e-04 -2.376735210418701172e-04 -2.503395080566406250e-04 -2.159774303436279297e-04 -2.155005931854248047e-04 -2.205669879913330078e-04 -2.166628837585449219e-04
1.031764589223760797e+00 -5.680918693542480469e-04 -5.732178688049316406e-04 -5.702674388885498047e-04 -5.702674388885498047e-04 -5.711615085601806641e-04 -5.652308464050292969e-04 -5.916655063629150391e-04 -5.750954151153564453e-04 -5.838274955749511719e-04 -5.822181701660156250e-04
1.038217351209148598e+00 5.770027637481689453e-04 5.790591239929199219e-04 5.906522274017333984e-04 5.738437175750732422e-04 5.847811698913574219e-04 5.828142166137695312e-04 5.692541599273681641e-04 5.656480789184570312e-04 5.606710910797119141e-04 5.724430084228515625e-04
1.044670113194536398e+00 3.931820392608642578e-04 4.005134105682373047e-04 3.854632377624511719e-04 3.909766674041748047e-04 3.910958766937255859e-04 3.925263881683349609e-04 4.118382930755615234e-04 4.228949546813964844e-04 4.245936870574951172e-04 4.196166992187500000e-04
1.051122875179924421e+00 -6.175041198730468750e-04 -6.161928176879882812e-04 -6.158053874969482422e-04 -6.194412708282470703e-04 -6.021559238433837891e-04 -6.165504455566406250e-04 -6.072819232940673828e-04 -6.142854690551757812e-04 -6.184577941894531250e-04 -6.020367145538330078e-04
1.057575637165312221e+00 -5.993247032165527344e-05 -5.617737770080566406e-05 -5.683302879333496094e-05 -5.307793617248535156e-05 -5.683302879333496094e-05 -5.725026130676269531e-05 -8.574128150939941406e-05 -1.036226749420166016e-04 -8.815526962280273438e-05 -8.097290992736816406e-05
1.064028399150700022e+00 3.850460052490234375e-04 3.770291805267333984e-04 3.798305988311767578e-04 3.868341445922851562e-04 3.824532032012939453e-04 3.718733787536621094e-04 3.760159015655517578e-04 3.799200057983398438e-04 3.806352615356445312e-04 3.702640533447265625e-04
1.070481161136088044e+00 -4.517436027526855469e-04 -4.477798938751220703e-04 -4.568696022033691406e-04 -4.590451717376708984e-04 -4.532933235168457031e-04 -4.495382308959960938e-04 -4.413127899169921875e-04 -4.341304302215576172e-04 -4.372596740722656250e-04 -4.431605339050292969e-04
1.076933923121476067e+00 5.033612251281738281e-05 5.289912223815917969e-05 5.632638931274414062e-05 5.176663398742675781e-05 5.555152893066406250e-05 5.400180816650390625e-05 5.352497100830078125e-05 5.629658699035644531e-05 4.816055297851562500e-05 4.702806472778320312e-05
1.083386685106863867e+00 2.780854701995849609e-04 2.856552600860595703e-04 2.798438072204589844e-04 2.860128879547119141e-04 2.864301204681396484e-04 2.889335155487060547e-04 2.813935279846191406e-04 2.698004245758056641e-04 2.721846103668212891e-04 2.761185169219970703e-04
1.089839447092251667e+00 -3.474652767181396484e-04 -3.409683704376220703e-04 -3.316998481750488281e-04 -3.352165222167968750e-04 -3.495514392852783203e-04 -3.498494625091552734e-04 -3.477931022644042969e-04 -3.373920917510986328e-04 -3.410577774047851562e-04 -3.506839275360107422e-04
1.096292209077639690e+00 -2.668201923370361328e-04 -2.669394016265869141e-04 -2.724230289459228516e-04 -2.686083316802978516e-04 -2.676546573638916016e-04 -2.819299697875976562e-04 -2.860426902770996094e-04 -2.778470516204833984e-04 -2.869665622711181641e-04 -2.813637256622314453e-04
1.102744971063027712e+00 2.768635749816894531e-05 2.387166023254394531e-05 2.437829971313476562e-05 2.527236938476562500e-05 1.031160354614257812e-05 1.430511474609375000e-05 1.123547554016113281e-05 9.626150131225585938e-06 1.719594001770019531e-05 1.862645149230957031e-05
1.109197733048415513e+00 4.112720489501953125e-05 4.056096076965332031e-05 4.103779792785644531e-05 3.060698509216308594e-05 4.050135612487792969e-05 4.351139068603515625e-05 4.604458808898925781e-05 3.331899642944335938e-05 2.864003181457519531e-05 2.548098564147949219e-05
1.115650495033803313e+00 -5.879700183868408203e-04 -5.909800529479980469e-04 -6.086826324462890625e-04 -6.182789802551269531e-04 -6.024539470672607422e-04 -6.094574928283691406e-04 -5.856156349182128906e-04 -5.811452865600585938e-04 -5.772113800048828125e-04 -5.620419979095458984e-04
1.122103257019191336e+00 2.741813659667968750e-06 -1.507997512817382812e-05 -3.248453140258789062e-05 -1.847743988037109375e-05 -8.165836334228515625e-06 -4.839897155761718750e-05 -5.766749382019042969e-05 -4.512071609497070312e-05 -5.865097045898437500e-05 -3.769993782043457031e-05
1.128556019004579358e+00 3.815889358520507812e-04 3.698170185089111328e-04 3.798007965087890625e-04 3.755688667297363281e-04 3.834366798400878906e-04 3.680586814880371094e-04 3.847181797027587891e-04 3.894269466400146484e-04 3.905892372131347656e-04 3.815293312072753906e-04
1.135008780989967159e+00 -4.073381423950195312e-04 -4.130303859710693359e-04 -4.121065139770507812e-04 -4.117786884307861328e-04 -4.083812236785888672e-04 -4.165470600128173828e-04 -3.924965858459472656e-04 -4.015266895294189453e-04 -3.972351551055908203e-04 -3.927052021026611328e-04
1.141461542975354959e+00 -2.722740173339843750e-04 -2.778172492980957031e-04 -2.784430980682373047e-04 -2.766251564025878906e-04 -2.702474594116210938e-04 -2.657175064086914062e-04 -2.883970737457275391e-04 -3.007352352142333984e-04 -2.992153167724609375e-04 -2.844035625457763672e-04
1.147914304960742982e+00 4.746615886688232422e-04 4.831254482269287109e-04 4.877746105194091797e-04 4.880428314208984375e-04 4.886090755462646484e-04 4.955232143402099609e-04 4.894435405731201172e-04 4.737377166748046875e-04 4.839301109313964844e-04 4.864335060119628906e-04
1.154367066946130782e+00 2.285838127136230469e-05 2.270936965942382812e-05 2.232193946838378906e-05 8.553266525268554688e-06 1.290440559387207031e-05 1.940131187438964844e-05 4.079937934875488281e-05 2.852082252502441406e-05 2.539157867431640625e-05 3.251433372497558594e-05
1.160819828931518582e+00 -3.708302974700927734e-04 -3.704726696014404297e-04 -3.718435764312744141e-04 -3.714263439178466797e-04 -3.766715526580810547e-04 -3.777742385864257812e-04 -3.817677497863769531e-04 -3.808438777923583984e-04 -3.665089607238769531e-04 -3.744661808013916016e-04
1.167272590916906605e+00 2.690553665161132812e-04 2.721548080444335938e-04 2.699196338653564453e-04 2.623200416564941406e-04 2.663135528564453125e-04 2.603828907012939453e-04 2.580881118774414062e-04 2.582073211669921875e-04 2.472102642059326172e-04 2.521574497222900391e-04
1.173725352902294627e+00 1.857578754425048828e-04 1.903474330902099609e-04 1.763105392456054688e-04 1.875460147857666016e-04 1.834034919738769531e-04 1.859962940216064453e-04 1.910030841827392578e-04 1.964271068572998047e-04 1.894235610961914062e-04 1.914501190185546875e-04
1.180178114887682428e+00 -3.664493560791015625e-04 -3.670454025268554688e-04 -3.643631935119628906e-04 -3.605782985687255859e-04 -3.647506237030029297e-04 -3.618597984313964844e-04 -3.579854965209960938e-04 -3.576874732971191406e-04 -3.477632999420166016e-04 -3.519952297210693359e-04
1.186630876873070450e+00 9.873509407043457031e-05 1.272559165954589844e-04 1.044869422912597656e-04 1.207888126373291016e-04 1.073181629180908203e-04 1.100003719329833984e-04 9.655952453613281250e-05 9.727478027343750000e-05 9.793043136596679688e-05 9.307265281677246094e-05
1.193083638858458251e+00 4.043579101562500000e-04 4.026591777801513672e-04 4.187226295471191406e-04 4.049837589263916016e-04 4.125535488128662109e-04 4.109740257263183594e-04 4.012286663055419922e-04 4.037022590637207031e-04 4.086792469024658203e-04 3.999769687652587891e-04
1.199536400843846051e+00 -1.710057258605957031e-04 -1.748800277709960938e-04 -1.522004604339599609e-04 -1.719295978546142578e-04 -1.654922962188720703e-04 -1.579821109771728516e-04 -1.490712165832519531e-04 -1.527070999145507812e-04 -1.478791236877441406e-04 -1.509487628936767578e-04
1.205989162829234074e+00 -2.313852310180664062e-04 -2.335309982299804688e-04 -2.356469631195068359e-04 -2.383887767791748047e-04 -2.299845218658447266e-04 -2.313852310180664062e-04 -2.506673336029052734e-04 -2.439320087432861328e-04 -2.515017986297607422e-04 -2.546012401580810547e-04
1.212441924814621874e+00 3.134310245513916016e-04 3.126561641693115234e-04 3.085136413574218750e-04 3.094673156738281250e-04 3.013908863067626953e-04 2.960264682769775391e-04 2.934932708740234375e-04 2.968013286590576172e-04 2.962052822113037109e-04 3.086328506469726562e-04
1.218894686800009897e+00 1.370906829833984375e-04 1.317262649536132812e-04 1.378059387207031250e-04 1.411736011505126953e-04 1.511275768280029297e-04 1.424551010131835938e-04 1.484155654907226562e-04 1.641213893890380859e-04 1.494884490966796875e-04 1.671910285949707031e-04
1.225347448785397697e+00 -2.695024013519287109e-04 -2.953708171844482422e-04 -2.867579460144042969e-04 -2.810657024383544922e-04 -2.831518650054931641e-04 -2.943873405456542969e-04 -2.816915512084960938e-04 -2.902746200561523438e-04 -2.696216106414794922e-04 -2.745389938354492188e-04
1.231800210770785720e+00 1.308023929595947266e-04 1.328289508819580078e-04 1.421570777893066406e-04 1.307427883148193359e-04 1.413822174072265625e-04 1.305937767028808594e-04 1.354217529296875000e-04 1.280903816223144531e-04 1.355111598968505859e-04 1.199245452880859375e-04
1.238252972756173520e+00 1.938045024871826172e-04 1.958608627319335938e-04 1.989603042602539062e-04 1.961886882781982422e-04 1.905560493469238281e-04 1.906454563140869141e-04 2.019703388214111328e-04 1.928806304931640625e-04 2.017319202423095703e-04 1.980066299438476562e-04
1.244705734741561542e+00 -2.439022064208984375e-04 -2.515912055969238281e-04 -2.397298812866210938e-04 -2.491176128387451172e-04 -2.473890781402587891e-04 -2.509355545043945312e-04 -2.489089965820312500e-04 -2.357065677642822266e-04 -2.457499504089355469e-04 -2.447068691253662109e-04
1.251158496726949343e+00 -8.779764175415039062e-05 -7.942318916320800781e-05 -8.735060691833496094e-05 -8.153915405273437500e-05 -9.775161743164062500e-05 -9.506940841674804688e-05 -9.959936141967773438e-05 -8.404254913330078125e-05 -1.104176044464111328e-04 -9.378790855407714844e-05
1.257611258712337365e+00 2.796649932861328125e-04 2.802908420562744141e-04 2.711415290832519531e-04 2.841055393218994141e-04 2.820491790771484375e-04 2.725422382354736328e-04 2.753734588623046875e-04 2.811551094055175781e-04 2.822279930114746094e-04 2.762377262115478516e-04
1.264064020697725166e+00 -9.819865226745605469e-05 -9.533762931823730469e-05 -9.828805923461914062e-05 -1.141726970672607422e-04 -9.587407112121582031e-05 -9.512901306152343750e-05 -8.291006088256835938e-05 -8.445978164672851562e-05 -9.718537330627441406e-05 -8.186697959899902344e-05
1.270516782683113188e+00 -3.087818622589111328e-04 -3.031790256500244141e-04 -2.973973751068115234e-04 -2.824068069458007812e-04 -3.058016300201416016e-04 -3.060698509216308594e-04 -2.912282943725585938e-04 -2.988278865814208984e-04 -3.024637699127197266e-04 -2.976655960083007812e-04
1.276969544668500989e+00 1.995861530303955078e-04 2.025663852691650391e-04 2.093911170959472656e-04 1.947283744812011719e-04 1.985728740692138672e-04 1.982450485229492188e-04 1.981258392333984375e-04 1.914203166961669922e-04 1.904368400573730469e-04 1.840889453887939453e-04
1.283422306653888789e+00 1.657307147979736328e-04 1.627802848815917969e-04 1.659989356994628906e-04 1.703202724456787109e-04 1.589059829711914062e-04 1.629889011383056641e-04 1.573860645294189453e-04 1.680552959442138672e-04 1.782476902008056641e-04 1.702010631561279297e-04
1.289875068639276812e+00 -2.930164337158203125e-04 -2.858936786651611328e-04 -2.862513065338134766e-04 -2.862811088562011719e-04 -2.922117710113525391e-04 -2.927482128143310547e-04 -2.895891666412353516e-04 -3.005266189575195312e-04 -2.916157245635986328e-04 -2.971589565277099609e-04
1.296327830624664612e+00 6.416440010070800781e-05 5.891919136047363281e-05 5.772709846496582031e-05 5.429983139038085938e-05 5.707144737243652344e-05 5.441904067993164062e-05 4.214048385620117188e-05 4.017353057861328125e-05 4.413723945617675781e-05 4.941225051879882812e-05
1.302780592610052635e+00 2.665817737579345703e-04 2.522766590118408203e-04 2.550482749938964844e-04 2.680420875549316406e-04 2.608597278594970703e-04 2.713203430175781250e-04 2.698302268981933594e-04 2.726316452026367188e-04 2.724528312683105469e-04 2.720057964324951172e-04
1.309233354595440435e+00 -3.313422203063964844e-04 -3.400146961212158203e-04 -3.395676612854003906e-04 -3.295838832855224609e-04 -3.265738487243652344e-04 -3.372430801391601562e-04 -3.254711627960205078e-04 -3.244280815124511719e-04 -3.467500209808349609e-04 -3.171265125274658203e-04
1.315686116580828458e+00 -1.096725463867187500e-05 -1.183152198791503906e-05 -1.433491706848144531e-05 -1.725554466247558594e-05 -3.606081008911132812e-06 -1.299381256103515625e-05 -3.132224082946777344e-05 -2.568960189819335938e-05 -2.124905586242675781e-05 -1.400709152221679688e-05
1.322138878566216258e+00 3.114640712738037109e-04 3.193914890289306641e-04 3.015697002410888672e-04 3.057420253753662109e-04 2.937316894531250000e-04 3.027021884918212891e-04 3.239512443542480469e-04 3.037452697753906250e-04 3.090202808380126953e-04 3.113746643066406250e-04
1.328591640551604280e+00 -1.648068428039550781e-04 -1.719892024993896484e-04 -1.611709594726562500e-04 -1.595318317413330078e-04 -1.588165760040283203e-04 -1.650154590606689453e-04 -1.579523086547851562e-04 -1.651048660278320312e-04 -1.519620418548583984e-04 -1.750886440277099609e-04
1.335044402536992081e+00 -2.385675907135009766e-04 -2.356469631195068359e-04 -2.380907535552978516e-04 -2.501904964447021484e-04 -2.413392066955566406e-04 -2.397894859313964844e-04 -2.517998218536376953e-04 -2.605319023132324219e-04 -2.479553222656250000e-04 -2.560615539550781250e-04
1.341497164522380103e+00 3.260970115661621094e-04 3.210604190826416016e-04 3.214776515960693359e-04 3.288388252258300781e-04 3.270804882049560547e-04 3.173053264617919922e-04 3.307461738586425781e-04 3.232359886169433594e-04 3.282129764556884766e-04 3.279149532318115234e-04
1.347949926507767904e+00 4.798173904418945312e-06 -4.917383193969726562e-06 1.043081283569335938e-05 1.016259193420410156e-05 4.112720489501953125e-06 -3.993511199951171875e-06 1.034140586853027344e-05 1.695752143859863281e-05 1.150369644165039062e-05 1.627206802368164062e-05
1.354402688493155926e+00 -2.717077732086181641e-04 -2.714991569519042969e-04 -2.704858779907226562e-04 -2.691149711608886719e-04 -2.642869949340820312e-04 -2.804696559906005859e-04 -2.827942371368408203e-04 -2.739727497100830078e-04 -2.702772617340087891e-04 -2.781450748443603516e-04
1.360855450478543727e+00 2.154111862182617188e-04 2.072751522064208984e-04 2.022683620452880859e-04 2.157986164093017578e-04 2.098679542541503906e-04 2.084076404571533203e-04 2.038180828094482422e-04 1.955032348632812500e-04 2.236068248748779297e-04 1.995265483856201172e-04
1.367308212463931749e+00 -8.437037467956542969e-05 -8.523464202880859375e-05 -8.600950241088867188e-05 -9.077787399291992188e-05 -9.062886238098144531e-05 -9.268522262573242188e-05 -8.162856101989746094e-05 -7.244944572448730469e-05 -8.195638656616210938e-05 -6.419420242309570312e-05
1.373760974449319550e+00 -2.690553665161132812e-04 -2.693831920623779297e-04 -2.570450305938720703e-04 -2.649128437042236328e-04 -2.553761005401611328e-04 -2.548694610595703125e-04 -2.529621124267578125e-04 -2.699792385101318359e-04 -2.644956111907958984e-04 -2.653300762176513672e-04
1.380213736434707350e+00 1.840293407440185547e-04 1.753866672515869141e-04 1.706182956695556641e-04 1.784563064575195312e-04 1.833438873291015625e-04 1.763403415679931641e-04 1.609623432159423828e-04 1.714229583740234375e-04 1.587271690368652344e-04 1.596808433532714844e-04
1.386666498420095373e+00 -7.152557373046875000e-07 8.255243301391601562e-06 -8.195638656616210938e-06 2.086162567138671875e-06 -1.013278961181640625e-06 -5.066394805908203125e-07 1.248717308044433594e-05 1.725554466247558594e-05 1.871585845947265625e-05 5.155801773071289062e-06
1.393119260405483173e+00 -9.685754776000976562e-05 -9.915232658386230469e-05 -1.054406166076660156e-04 -1.074969768524169922e-04 -8.872151374816894531e-05 -1.026093959808349609e-04 -1.005828380584716797e-04 -9.599328041076660156e-05 -1.026391983032226562e-04 -1.147985458374023438e-04
1.399572022390871195e+00 -9.599328041076660156e-05 -1.013278961181640625e-04 -9.569525718688964844e-05 -9.876489639282226562e-05 -9.289383888244628906e-05 -9.962916374206542969e-05 -8.887052536010742188e-05 -1.040101051330566406e-04 -1.020133495330810547e-04 -1.114606857299804688e-04
1.406024784376258996e+00 2.277791500091552734e-04 2.234578132629394531e-04 2.136826515197753906e-04 2.325177192687988281e-04 2.170205116271972656e-04 2.240538597106933594e-04 2.373456954956054688e-04 2.426505088806152344e-04 2.383291721343994141e-04 2.316236495971679688e-04
1.412477546361647018e+00 -2.056360244750976562e-04 -2.163350582122802734e-04 -2.103447914123535156e-04 -2.103447914123535156e-04 -2.053976058959960938e-04 -2.171695232391357422e-04 -2.111494541168212891e-04 -2.088546752929687500e-04 -2.103745937347412109e-04 -1.985728740692138672e-04
1.418930308347034819e+00 6.228685379028320312e-05 6.526708602905273438e-05 6.538629531860351562e-05 6.315112113952636719e-05 5.933642387390136719e-05 6.181001663208007812e-05 3.817677497863769531e-05 4.327297210693359375e-05 3.820657730102539062e-05 4.121661186218261719e-05
1.425383070332422841e+00 1.562237739562988281e-04 1.618266105651855469e-04 1.727938652038574219e-04 1.755058765411376953e-04 1.899600028991699219e-04 1.768767833709716797e-04 1.758635044097900391e-04 1.814663410186767578e-04 1.865625381469726562e-04 1.780986785888671875e-04
1.431835832317810642e+00 -8.657574653625488281e-05 -8.779764175415039062e-05 -9.307265281677246094e-05 -8.738040924072265625e-05 -8.362531661987304688e-05 -9.343028068542480469e-05 -9.286403656005859375e-05 -9.429454803466796875e-05 -1.109242439270019531e-04 -1.021325588226318359e-04
1.438288594303198664e+00 -1.626908779144287109e-04 -1.538693904876708984e-04 -1.564621925354003906e-04 -1.435875892639160156e-04 -1.569092273712158203e-04 -1.602768898010253906e-04 -1.581013202667236328e-04 -1.614987850189208984e-04 -1.680850982666015625e-04 -1.662671566009521484e-04
1.444741356288586465e+00 -2.121925354003906250e-05 -9.179115295410156250e-06 -1.677870750427246094e-05 -1.499056816101074219e-05 -1.102685928344726562e-06 -1.811981201171875000e-05 -3.248453140258789062e-05 -2.411007881164550781e-05 -1.981854438781738281e-05 -2.378225326538085938e-05
1.451194118273974487e+00 8.764863014221191406e-05 8.836388587951660156e-05 1.001954078674316406e-04 9.799003601074218750e-05 9.977817535400390625e-05 9.950995445251464844e-05 1.000165939331054688e-04 1.091063022613525391e-04 1.081228256225585938e-04 1.060962677001953125e-04
1.457646880259362288e+00 3.603100776672363281e-05 2.211332321166992188e-05 3.421306610107421875e-05 3.427267074584960938e-05 4.300475120544433594e-05 3.415346145629882812e-05 3.784894943237304688e-05 2.187490463256835938e-05 2.968311309814453125e-05 1.785159111022949219e-05
1.464099642244750310e+00 4.172325134277343750e-07 7.450580596923828125e-06 -1.013278961181640625e-06 -1.102685928344726562e-05 5.573034286499023438e-06 -9.238719940185546875e-07 4.172325134277343750e-06 -8.940696716308593750e-07 5.155801773071289062e-06 2.861022949218750000e-06
1.470552404230138110e+00 3.120303153991699219e-05 2.536177635192871094e-05 3.176927566528320312e-05 2.393126487731933594e-05 3.445148468017578125e-05 3.343820571899414062e-05 2.309679985046386719e-05 2.583861351013183594e-05 3.293156623840332031e-05 1.350045204162597656e-05
1.477005166215525911e+00 6.559491157531738281e-05 7.092952728271484375e-05 6.893277168273925781e-05 6.249547004699707031e-05 6.380677223205566406e-05 7.081031799316406250e-05 6.702542304992675781e-05 8.231401443481445312e-05 7.852911949157714844e-05 6.827712059020996094e-05
1.483457928200913933e+00 -1.792907714843750000e-04 -1.768767833709716797e-04 -1.740157604217529297e-04 -1.851320266723632812e-04 -1.945793628692626953e-04 -1.953840255737304688e-04 -1.831352710723876953e-04 -1.760721206665039062e-04 -1.757442951202392578e-04 -1.826882362365722656e-04
1.489910690186301734e+00 8.782744407653808594e-05 1.007616519927978516e-04 1.040697097778320312e-04 9.191036224365234375e-05 1.027286052703857422e-04 8.389353752136230469e-05 8.839368820190429688e-05 8.234381675720214844e-05 8.726119995117187500e-05 7.793307304382324219e-05
1.496363452171689756e+00 1.259446144104003906e-04 1.229345798492431641e-04 1.243054866790771484e-04 1.247823238372802734e-04 1.197457313537597656e-04 1.207292079925537109e-04 1.292824745178222656e-04 1.261532306671142578e-04 1.334846019744873047e-04 1.254677772521972656e-04
1.502816214157077557e+00 -1.634061336517333984e-04 -1.501142978668212891e-04 -1.612603664398193359e-04 -1.548528671264648438e-04 -1.655220985412597656e-04 -1.539885997772216797e-04 -1.608431339263916016e-04 -1.696944236755371094e-04 -1.664161682128906250e-04 -1.651942729949951172e-04
1.509268976142465579e+00 4.774332046508789062e-05 4.532933235168457031e-05 6.914138793945312500e-05 5.766749382019042969e-05 5.754828453063964844e-05 6.511807441711425781e-05 6.487965583801269531e-05 6.055831909179687500e-05 5.519390106201171875e-05 5.862116813659667969e-05
1.515721738127853380e+00 1.561641693115234375e-04 1.550018787384033203e-04 1.499056816101074219e-04 1.360774040222167969e-04 1.461207866668701172e-04 1.368820667266845703e-04 1.405179500579833984e-04 1.509487628936767578e-04 1.544356346130371094e-04 1.520514488220214844e-04
1.522174500113241402e+00 -1.399517059326171875e-04 -1.413822174072265625e-04 -1.618564128875732422e-04 -1.459717750549316406e-04 -1.448392868041992188e-04 -1.459419727325439453e-04 -1.481175422668457031e-04 -1.360177993774414062e-04 -1.410543918609619141e-04 -1.348555088043212891e-04
1.528627262098629203e+00 3.698468208312988281e-05 3.606081008911132812e-05 3.191828727722167969e-05 3.379583358764648438e-05 3.346800804138183594e-05 2.872943878173828125e-05 3.790855407714843750e-05 2.598762512207031250e-05 3.063678741455078125e-05 1.984834671020507812e-05
1.535080024084017225e+00 1.488924026489257812e-04 1.441240310668945312e-04 1.518428325653076172e-04 1.459419727325439453e-04 1.458227634429931641e-04 1.324713230133056641e-04 1.401901245117187500e-04 1.547634601593017578e-04 1.500546932220458984e-04 1.500844955444335938e-04
1.541532786069405025e+00 -1.922845840454101562e-04 -1.978874206542968750e-04 -1.982152462005615234e-04 -1.926124095916748047e-04 -1.974999904632568359e-04 -2.003312110900878906e-04 -1.971721649169921875e-04 -1.739263534545898438e-04 -1.808106899261474609e-04 -1.900792121887207031e-04
1.547985548054793048e+00 3.704428672790527344e-05 2.658367156982421875e-05 1.880526542663574219e-05 2.470612525939941406e-05 2.312660217285156250e-05 3.007054328918457031e-05 2.065300941467285156e-05 2.023577690124511719e-05 3.153085708618164062e-05 2.464652061462402344e-05
1.554438310040180848e+00 1.361966133117675781e-04 1.247823238372802734e-04 1.329183578491210938e-04 1.251399517059326172e-04 1.240670680999755859e-04 1.277029514312744141e-04 1.294910907745361328e-04 1.232922077178955078e-04 1.167058944702148438e-04 1.286864280700683594e-04
1.560891072025568649e+00 -1.060068607330322266e-04 -9.799003601074218750e-05 -1.017153263092041016e-04 -9.989738464355468750e-05 -1.109540462493896484e-04 -1.145899295806884766e-04 -9.191036224365234375e-05 -8.785724639892578125e-05 -1.011192798614501953e-04 -9.632110595703125000e-05
1.567343834010956671e+00 -3.048777580261230469e-05 -2.411007881164550781e-05 -4.142522811889648438e-05 -4.780292510986328125e-05 -3.349781036376953125e-05 -2.971291542053222656e-05 -4.184246063232421875e-05 -2.941489219665527344e-05 -3.799796104431152344e-05 -4.738569259643554688e-05
1.573796595996344472e+00 1.186728477478027344e-04 1.184046268463134766e-04 1.023113727569580078e-04 1.178085803985595703e-04 1.235604286193847656e-04 1.187622547149658203e-04 1.191496849060058594e-04 1.142621040344238281e-04 1.208782196044921875e-04 1.319944858551025391e-04
1.580249357981732494e+00 -9.712576866149902344e-05 -9.903311729431152344e-05 -1.033842563629150391e-04 -9.760260581970214844e-05 -1.056492328643798828e-04 -1.079142093658447266e-04 -8.171796798706054688e-05 -9.042024612426757812e-05 -9.530782699584960938e-05 -8.940696716308593750e-05
1.586702119967120295e+00 -8.565187454223632812e-05 -7.492303848266601562e-05 -8.699297904968261719e-05 -8.416175842285156250e-05 -7.456541061401367188e-05 -9.092688560485839844e-05 -9.074807167053222656e-05 -1.014769077301025391e-04 -8.839368820190429688e-05 -8.440017700195312500e-05
1.593154881952508317e+00 1.488626003265380859e-04 1.509785652160644531e-04 1.625120639801025391e-04 1.578927040100097656e-04 1.538693904876708984e-04 1.660287380218505859e-04 1.693367958068847656e-04 1.474320888519287109e-04 1.536309719085693359e-04 1.442730426788330078e-04
1.599607643937896118e+00 -5.483627319335937500e-05 -5.725026130676269531e-05 -6.192922592163085938e-05 -6.392598152160644531e-05 -5.030632019042968750e-05 -5.543231964111328125e-05 -6.449222564697265625e-05 -5.504488945007324219e-05 -6.514787673950195312e-05 -6.854534149169921875e-05
1.606060405923284140e+00 -6.899237632751464844e-05 -6.622076034545898438e-05 -6.955862045288085938e-05 -7.781386375427246094e-05 -7.992982864379882812e-05 -7.224082946777343750e-05 -6.619095802307128906e-05 -6.896257400512695312e-05 -7.557868957519531250e-05 -7.641315460205078125e-05
1.612513167908671941e+00 8.764863014221191406e-05 9.623169898986816406e-05 8.994340896606445312e-05 7.590651512145996094e-05 8.445978164672851562e-05 9.444355964660644531e-05 8.422136306762695312e-05 8.308887481689453125e-05 8.735060691833496094e-05 8.049607276916503906e-05
1.618965929894059963e+00 -6.461143493652343750e-05 -6.094574928283691406e-05 -6.970763206481933594e-05 -5.328655242919921875e-05 -6.526708602905273438e-05 -5.337595939636230469e-05 -5.912780761718750000e-05 -5.334615707397460938e-05 -5.814433097839355469e-05 -5.251169204711914062e-05
1.625418691879447763e+00 -2.101063728332519531e-05 -2.035498619079589844e-05 -2.592802047729492188e-05 -2.142786979675292969e-05 -1.597404479980468750e-05 -2.810359001159667969e-05 -1.645088195800781250e-05 -1.913309097290039062e-05 -1.558661460876464844e-05 -2.628564834594726562e-05
1.631871453864835786e+00 5.623698234558105469e-05 5.340576171875000000e-05 6.309151649475097656e-05 5.793571472167968750e-05 5.477666854858398438e-05 6.124377250671386719e-05 5.292892456054687500e-05 5.602836608886718750e-05 5.078315734863281250e-05 6.440281867980957031e-05
1.638324215850223586e+00 -5.513429641723632812e-06 -1.081824302673339844e-05 -1.552700996398925781e-05 -9.119510650634765625e-06 -1.481175422668457031e-05 -6.407499313354492188e-06 5.185604095458984375e-06 -1.341104507446289062e-06 -6.735324859619140625e-06 -6.169080734252929688e-06
1.644776977835611609e+00 3.129243850708007812e-06 -4.738569259643554688e-06 -4.082918167114257812e-06 -3.069639205932617188e-06 -7.450580596923828125e-07 4.947185516357421875e-06 4.231929779052734375e-06 4.798173904418945312e-06 3.576278686523437500e-07 -3.367662429809570312e-06
1.651229739820999409e+00 2.104043960571289062e-05 1.934170722961425781e-05 1.123547554016113281e-05 2.425909042358398438e-05 2.673268318176269531e-05 2.425909042358398438e-05 2.714991569519042969e-05 2.536177635192871094e-05 2.750754356384277344e-05 1.820921897888183594e-05
1.657682501806387210e+00 2.700090408325195312e-05 3.388524055480957031e-05 2.846121788024902344e-05 1.969933509826660156e-05 2.542138099670410156e-05 3.316998481750488281e-05 2.029538154602050781e-05 3.936886787414550781e-05 3.215670585632324219e-05 3.686547279357910156e-05
1.664135263791775232e+00 1.639127731323242188e-05 9.506940841674804688e-06 1.975893974304199219e-05 1.513957977294921875e-05 3.963708877563476562e-06 1.814961433410644531e-05 1.618266105651855469e-05 2.631545066833496094e-05 2.181529998779296875e-05 8.761882781982421875e-06
1.670588025777163033e+00 -4.914402961730957031e-05 -4.863739013671875000e-05 -5.349516868591308594e-05 -4.982948303222656250e-05 -3.668665885925292969e-05 -4.723668098449707031e-05 -4.613399505615234375e-05 -4.115700721740722656e-05 -4.452466964721679688e-05 -4.813075065612792969e-05
1.677040787762551055e+00 -3.802776336669921875e-05 -3.224611282348632812e-05 -3.758072853088378906e-05 -4.571676254272460938e-05 -4.598498344421386719e-05 -3.865361213684082031e-05 -3.448128700256347656e-05 -3.081560134887695312e-05 -4.073977470397949219e-05 -3.343820571899414062e-05
1.683493549747938856e+00 2.229213714599609375e-05 1.439452171325683594e-05 1.564621925354003906e-05 2.011656761169433594e-05 1.418590545654296875e-05 1.338124275207519531e-05 1.901388168334960938e-05 1.916289329528808594e-05 3.686547279357910156e-05 1.055002212524414062e-05
1.689946311733326878e+00 1.187324523925781250e-04 1.074075698852539062e-04 1.218020915985107422e-04 1.316964626312255859e-04 1.270473003387451172e-04 1.170337200164794922e-04 1.130402088165283203e-04 1.205205917358398438e-04 1.170337200164794922e-04 1.249909400939941406e-04
1.696399073718714678e+00 -1.668930053710937500e-05 -1.400709152221679688e-05 -9.179115295410156250e-06 -4.231929779052734375e-06 -1.052021980285644531e-05 -4.947185516357421875e-06 -1.439452171325683594e-05 -1.862645149230957031e-05 1.758337020874023438e-06 1.311302185058593750e-06
1.702851835704102701e+00 -5.924701690673828125e-05 -5.814433097839355469e-05 -6.160140037536621094e-05 -6.109476089477539062e-05 -6.091594696044921875e-05 -5.191564559936523438e-05 -5.242228507995605469e-05 -5.808472633361816406e-05 -5.978345870971679688e-05 -5.972385406494140625e-05
1.709304597689490501e+00 4.193186759948730469e-05 4.002451896667480469e-05 3.868341445922851562e-05 3.993511199951171875e-05 3.337860107421875000e-05 4.222989082336425781e-05 5.790591239929199219e-05 4.190206527709960938e-05 4.425644874572753906e-05 4.023313522338867188e-05
1.715757359674878524e+00 -3.191828727722167969e-05 -4.404783248901367188e-05 -3.546476364135742188e-05 -3.707408905029296875e-05 -3.975629806518554688e-05 -4.598498344421386719e-05 -2.956390380859375000e-05 -4.237890243530273438e-05 -4.142522811889648438e-05 -3.463029861450195312e-05
1.722210121660266324e+00 -2.506375312805175781e-05 -2.220273017883300781e-05 -1.731514930725097656e-05 -1.749396324157714844e-05 -1.704692840576171875e-05 -2.315640449523925781e-05 -2.500414848327636719e-05 -1.484155654907226562e-05 -1.725554466247558594e-05 -2.604722976684570312e-05
1.728662883645654347e+00 8.827447891235351562e-05 7.241964340209960938e-05 7.855892181396484375e-05 7.233023643493652344e-05 7.429718971252441406e-05 7.832050323486328125e-05 7.820129394531250000e-05 7.799267768859863281e-05 7.998943328857421875e-05 6.586313247680664062e-05
1.735115645631042147e+00 -3.248453140258789062e-05 -3.436207771301269531e-05 -3.051757812500000000e-05 -3.463029861450195312e-05 -3.224611282348632812e-05 -3.319978713989257812e-05 -2.956390380859375000e-05 -2.944469451904296875e-05 -2.530217170715332031e-05 -2.321600914001464844e-05
1.741568407616429948e+00 -3.454089164733886719e-05 -4.646182060241699219e-05 -4.488229751586914062e-05 -4.202127456665039062e-05 -2.560019493103027344e-05 -2.864003181457519531e-05 -3.036856651306152344e-05 -3.686547279357910156e-05 -3.346800804138183594e-05 -2.944469451904296875e-05
1.748021169601817970e+00 1.137852668762207031e-04 1.127719879150390625e-04 1.094341278076171875e-04 1.326203346252441406e-04 1.085102558135986328e-04 1.113414764404296875e-04 1.053810119628906250e-04 1.112222671508789062e-04 1.170337200164794922e-04 9.927153587341308594e-05
1.754473931587205771e+00 4.285573959350585938e-05 3.924965858459472656e-05 4.434585571289062500e-05 3.960728645324707031e-05 3.758072853088378906e-05 3.856420516967773438e-05 5.543231964111328125e-05 5.319714546203613281e-05 5.230307579040527344e-05 3.704428672790527344e-05
1.760926693572593793e+00 -9.000301361083984375e-05 -9.119510650634765625e-05 -8.010864257812500000e-05 -8.681416511535644531e-05 -8.785724639892578125e-05 -8.803606033325195312e-05 -8.150935173034667969e-05 -7.995963096618652344e-05 -9.015202522277832031e-05 -9.152293205261230469e-05
1.767379455557981593e+00 1.582801342010498047e-04 1.515746116638183594e-04 1.334846019744873047e-04 1.610219478607177734e-04 1.559853553771972656e-04 1.499056816101074219e-04 1.517236232757568359e-04 1.457631587982177734e-04 1.468658447265625000e-04 1.556277275085449219e-04
1.773832217543369616e+00 -2.175569534301757812e-06 5.662441253662109375e-07 -4.351139068603515625e-06 -4.261732101440429688e-06 -8.583068847656250000e-06 -4.470348358154296875e-06 2.592802047729492188e-06 -6.765127182006835938e-06 -9.357929229736328125e-06 6.973743438720703125e-06
1.780284979528757416e+00 -1.082718372344970703e-04 -1.071095466613769531e-04 -1.097321510314941406e-04 -1.063346862792968750e-04 -1.166462898254394531e-04 -1.234710216522216797e-04 -1.117885112762451172e-04 -1.226067543029785156e-04 -1.230835914611816406e-04 -1.198649406433105469e-04
1.786737741514145439e+00 4.282593727111816406e-05 4.321336746215820312e-05 4.640221595764160156e-05 4.264712333679199219e-05 5.349516868591308594e-05 4.604458808898925781e-05 4.833936691284179688e-05 5.000829696655273438e-05 5.221366882324218750e-05 4.163384437561035156e-05
1.793190503499533239e+00 2.282857894897460938e-05 1.931190490722656250e-05 1.317262649536132812e-05 1.406669616699218750e-05 1.567602157592773438e-05 1.668930053710937500e-05 1.779198646545410156e-05 2.059340476989746094e-05 2.294778823852539062e-05 1.946091651916503906e-05
1.799643265484921262e+00 1.132488250732421875e-06 -3.278255462646484375e-06 -4.857778549194335938e-06 -5.811452865600585938e-06 -1.549720764160156250e-06 4.440546035766601562e-06 4.112720489501953125e-06 -7.659196853637695312e-06 -5.006790161132812500e-06 -7.718801498413085938e-06
1.806096027470309062e+00 9.179115295410156250e-05 8.285045623779296875e-05 9.414553642272949219e-05 9.319186210632324219e-05 9.140372276306152344e-05 8.240342140197753906e-05 9.161233901977539062e-05 7.674098014831542969e-05 7.614493370056152344e-05 8.019804954528808594e-05
1.812548789455697085e+00 4.735589027404785156e-05 4.491209983825683594e-05 5.036592483520507812e-05 4.792213439941406250e-05 3.963708877563476562e-05 5.504488945007324219e-05 5.212426185607910156e-05 5.948543548583984375e-05 5.346536636352539062e-05 4.655122756958007812e-05
1.819001551441084885e+00 -7.605552673339843750e-05 -8.419156074523925781e-05 -8.141994476318359375e-05 -7.390975952148437500e-05 -7.224082946777343750e-05 -7.638335227966308594e-05 -8.225440979003906250e-05 -4.985928535461425781e-05 -6.997585296630859375e-05 -6.240606307983398438e-05
1.825454313426472908e+00 -7.897615432739257812e-06 -1.233816146850585938e-05 -4.768371582031250000e-06 2.354383468627929688e-06 -4.649162292480468750e-06 -5.781650543212890625e-06 -1.174211502075195312e-05 -7.212162017822265625e-06 -5.543231964111328125e-06 -4.708766937255859375e-06
1.831907075411860708e+00 3.832578659057617188e-05 4.053115844726562500e-05 3.364682197570800781e-05 2.899765968322753906e-05 3.886222839355468750e-05 2.530217170715332031e-05 4.205107688903808594e-05 3.448128700256347656e-05 3.457069396972656250e-05 3.945827484130859375e-05
1.838359837397248508e+00 -1.811981201171875000e-05 -3.087520599365234375e-05 -2.080202102661132812e-05 -2.902746200561523438e-05 -2.342462539672851562e-05 -2.837181091308593750e-05 -3.278255462646484375e-05 -3.200769424438476562e-05 -1.931190490722656250e-05 -2.905726432800292969e-05
1.844812599382636531e+00 -3.033876419067382812e-05 -2.634525299072265625e-05 -3.466010093688964844e-05 -7.897615432739257812e-06 -3.188848495483398438e-05 -3.188848495483398438e-05 -1.546740531921386719e-05 -2.887845039367675781e-05 -2.446770668029785156e-05 -3.641843795776367188e-05
1.851265361368024331e+00 5.215406417846679688e-05 2.759695053100585938e-05 2.831220626831054688e-05 4.136562347412109375e-05 3.725290298461914062e-05 3.099441528320312500e-05 3.594160079956054688e-05 3.272294998168945312e-05 2.396106719970703125e-05 4.187226295471191406e-05
1.857718123353412354e+00 2.083182334899902344e-05 2.905726432800292969e-05 1.484155654907226562e-05 2.172589302062988281e-05 1.633167266845703125e-05 1.606345176696777344e-05 5.692243576049804688e-06 1.367926597595214844e-05 2.381205558776855469e-05 1.958012580871582031e-05
1.864170885338800154e+00 -8.627772331237792969e-05 -6.887316703796386719e-05 -7.402896881103515625e-05 -6.660819053649902344e-05 -7.122755050659179688e-05 -6.905198097229003906e-05 -7.912516593933105469e-05 -7.867813110351562500e-05 -6.699562072753906250e-05 -7.453560829162597656e-05
1.870623647324188177e+00 5.269050598144531250e-05 3.984570503234863281e-05 4.285573959350585938e-05 5.111098289489746094e-05 5.111098289489746094e-05 4.509091377258300781e-05 3.996491432189941406e-05 4.601478576660156250e-05 5.710124969482421875e-05 4.327297210693359375e-05
1.877076409309575977e+00 4.425644874572753906e-05 5.328655242919921875e-05 3.713369369506835938e-05 5.573034286499023438e-05 4.583597183227539062e-05 5.599856376647949219e-05 5.370378494262695312e-05 4.887580871582031250e-05 5.435943603515625000e-05 4.592537879943847656e-05
1.883529171294964000e+00 -1.331567764282226562e-04 -1.382827758789062500e-04 -1.296699047088623047e-04 -1.357793807983398438e-04 -1.290738582611083984e-04 -1.407265663146972656e-04 -1.249909400939941406e-04 -1.284480094909667969e-04 -1.218914985656738281e-04 -1.245439052581787109e-04
1.889981933280351800e+00 2.443790435791015625e-05 2.402067184448242188e-05 3.522634506225585938e-05 2.980232238769531250e-05 3.007054328918457031e-05 1.814961433410644531e-05 1.430511474609375000e-05 1.430511474609375000e-05 1.621246337890625000e-05 3.352761268615722656e-05
1.896434695265739823e+00 8.973479270935058594e-05 9.447336196899414062e-05 9.787082672119140625e-05 9.721517562866210938e-05 9.256601333618164062e-05 8.934736251831054688e-05 1.020729541778564453e-04 9.572505950927734375e-05 9.998679161071777344e-05 1.004934310913085938e-04
1.902887457251127623e+00 -1.048445701599121094e-04 -1.167654991149902344e-04 -1.026093959808349609e-04 -1.097917556762695312e-04 -1.151859760284423828e-04 -1.091957092285156250e-04 -1.000761985778808594e-04 -1.173019409179687500e-04 -1.026690006256103516e-04 -9.980797767639160156e-05
1.909340219236515646e+00 2.801418304443359375e-05 3.010034561157226562e-05 2.303719520568847656e-05 2.244114875793457031e-05 2.014636993408203125e-05 1.868605613708496094e-05 3.561377525329589844e-05 2.565979957580566406e-05 1.740455627441406250e-05 2.419948577880859375e-05
1.915792981221903446e+00 1.275241374969482422e-04 1.275539398193359375e-04 1.199543476104736328e-04 1.225471496582031250e-04 1.368522644042968750e-04 1.287460327148437500e-04 1.264214515686035156e-04 1.263022422790527344e-04 1.363456249237060547e-04 1.308023929595947266e-04
1.922245743207291468e+00 -1.486241817474365234e-04 -1.398324966430664062e-04 -1.594722270965576172e-04 -1.399815082550048828e-04 -1.495182514190673828e-04 -1.358687877655029297e-04 -1.344978809356689453e-04 -1.511573791503906250e-04 -1.447200775146484375e-04 -1.467466354370117188e-04
1.928698505192679269e+00 2.720952033996582031e-05 2.685189247131347656e-05 1.704692840576171875e-05 2.375245094299316406e-05 3.334879875183105469e-05 3.606081008911132812e-05 2.038478851318359375e-05 2.494454383850097656e-05 2.875924110412597656e-05 2.351403236389160156e-05
1.935151267178067069e+00 1.773238182067871094e-04 1.811087131500244141e-04 1.729726791381835938e-04 1.838207244873046875e-04 1.730918884277343750e-04 1.869201660156250000e-04 1.901686191558837891e-04 1.883506774902343750e-04 1.759231090545654297e-04 1.871585845947265625e-04
1.941604029163455092e+00 -1.042783260345458984e-04 -1.029968261718750000e-04 -1.013576984405517578e-04 -1.040995121002197266e-04 -1.133680343627929688e-04 -1.140832901000976562e-04 -1.042485237121582031e-04 -1.087188720703125000e-04 -8.925795555114746094e-05 -9.673833847045898438e-05
1.948056791148842892e+00 -2.592802047729492188e-05 -2.256035804748535156e-05 -3.290176391601562500e-05 -2.747774124145507812e-05 -2.449750900268554688e-05 -2.178549766540527344e-05 -3.406405448913574219e-05 -2.399086952209472656e-05 -3.504753112792968750e-05 -3.015995025634765625e-05
1.954509553134230915e+00 9.870529174804687500e-05 9.223818778991699219e-05 1.008510589599609375e-04 9.366869926452636719e-05 9.030103683471679688e-05 8.937716484069824219e-05 9.626150131225585938e-05 9.095668792724609375e-05 8.755922317504882812e-05 9.343028068542480469e-05
1.960962315119618715e+00 -3.480911254882812500e-05 -1.853704452514648438e-05 -2.855062484741210938e-05 -2.419948577880859375e-05 -2.595782279968261719e-05 -3.591179847717285156e-05 -1.952052116394042969e-05 -2.095103263854980469e-05 -2.759695053100585938e-05 -2.497434616088867188e-05
1.967415077105006738e+00 -5.525350570678710938e-05 -5.927681922912597656e-05 -5.030632019042968750e-05 -5.874037742614746094e-05 -5.561113357543945312e-05 -5.564093589782714844e-05 -6.595253944396972656e-05 -6.714463233947753906e-05 -5.075335502624511719e-05 -5.882978439331054688e-05
1.973867839090394538e+00 1.068115234375000000e-04 1.182258129119873047e-04 1.195073127746582031e-04 1.121759414672851562e-04 1.126229763031005859e-04 9.629130363464355469e-05 9.876489639282226562e-05 1.102983951568603516e-04 1.009106636047363281e-04 9.986758232116699219e-05
1.980320601075782561e+00 -7.301568984985351562e-06 -6.854534149169921875e-07 -8.314847946166992188e-06 -6.645917892456054688e-06 -3.814697265625000000e-06 -1.451373100280761719e-05 -3.665685653686523438e-06 -6.049871444702148438e-06 -1.040101051330566406e-05 5.304813385009765625e-06
1.986773363061170361e+00 -1.662373542785644531e-04 -1.748502254486083984e-04 -1.688301563262939453e-04 -1.642107963562011719e-04 -1.613199710845947266e-04 -1.535713672637939453e-04 -1.727044582366943359e-04 -1.639425754547119141e-04 -1.623928546905517578e-04 -1.717209815979003906e-04
1.993226125046558384e+00 1.071393489837646484e-04 1.127123832702636719e-04 1.044571399688720703e-04 1.145005226135253906e-04 1.140534877777099609e-04 1.066327095031738281e-04 1.099407672882080078e-04 1.131296157836914062e-04 1.057982444763183594e-04 1.044869422912597656e-04
1.999678887031946184e+00 1.390278339385986328e-04 1.474916934967041016e-04 1.425147056579589844e-04 1.357495784759521484e-04 1.326501369476318359e-04 1.496076583862304688e-04 1.477003097534179688e-04 1.515150070190429688e-04 1.373887062072753906e-04 1.504421234130859375e-04
2.006131649017333984e+00 -1.360774040222167969e-04 -1.249611377716064453e-04 -1.331269741058349609e-04 -1.421272754669189453e-04 -1.295804977416992188e-04 -1.274645328521728516e-04 -1.380443572998046875e-04 -1.348853111267089844e-04 -1.285970211029052734e-04 -1.287460327148437500e-04
