#Range[m] 0 1 2 3 4 5 6 7 8 9
1.800000071525573730e-01 -4.821777343750000000e-02 -4.832246899604797363e-02 -4.823336005210876465e-02 -4.820311069488525391e-02 -4.811927676200866699e-02 -4.815790057182312012e-02 -4.826116561889648438e-02 -4.830846190452575684e-02 -4.833206534385681152e-02 -4.826390743255615234e-02
1.864527691379452845e-01 3.430667519569396973e-02 3.427740931510925293e-02 3.413206338882446289e-02 3.403833508491516113e-02 3.420439362525939941e-02 3.432217240333557129e-02 3.413310647010803223e-02 3.421592712402343750e-02 3.426191210746765137e-02 3.425306081771850586e-02
1.929055311233331682e-01 1.192069053649902344e-02 1.194489002227783203e-02 1.216492056846618652e-02 1.220318675041198730e-02 1.198878884315490723e-02 1.189744472503662109e-02 1.213505864143371582e-02 1.212313771247863770e-02 1.203167438507080078e-02 1.208043098449707031e-02
1.993582931087210797e-01 -2.339708805084228516e-02 -2.342405915260314941e-02 -2.341660857200622559e-02 -2.337726950645446777e-02 -2.337938547134399414e-02 -2.336987853050231934e-02 -2.341261506080627441e-02 -2.345228195190429688e-02 -2.342098951339721680e-02 -2.343052625656127930e-02
2.058110550941089911e-01 2.667278051376342773e-03 2.631813287734985352e-03 2.562016248703002930e-03 2.518683671951293945e-03 2.592563629150390625e-03 2.626717090606689453e-03 2.578496932983398438e-03 2.668112516403198242e-03 2.640277147293090820e-03 2.655595541000366211e-03
2.122638170794968748e-01 7.064402103424072266e-03 7.096856832504272461e-03 7.094919681549072266e-03 7.086455821990966797e-03 7.050842046737670898e-03 7.051199674606323242e-03 7.031828165054321289e-03 7.031500339508056641e-03 7.015794515609741211e-03 7.042944431304931641e-03
2.187165790648847863e-01 7.413566112518310547e-03 7.408142089843750000e-03 7.449001073837280273e-03 7.475793361663818359e-03 7.480561733245849609e-03 7.427006959915161133e-03 7.454812526702880859e-03 7.459431886672973633e-03 7.463812828063964844e-03 7.443785667419433594e-03
2.251693410502726977e-01 -1.458659768104553223e-02 -1.454252004623413086e-02 -1.457181572914123535e-02 -1.456889510154724121e-02 -1.461741328239440918e-02 -1.457390189170837402e-02 -1.452794671058654785e-02 -1.450145244598388672e-02 -1.447948813438415527e-02 -1.447618007659912109e-02
2.316221030356606092e-01 -7.357001304626464844e-03 -7.350802421569824219e-03 -7.359981536865234375e-03 -7.402718067169189453e-03 -7.351726293563842773e-03 -7.354557514190673828e-03 -7.412493228912353516e-03 -7.424473762512207031e-03 -7.467031478881835938e-03 -7.444590330123901367e-03
2.380748650210485207e-01 2.507635951042175293e-02 2.508401870727539062e-02 2.506297826766967773e-02 2.508163452148437500e-02 2.511450648307800293e-02 2.509242296218872070e-02 2.509394288063049316e-02 2.509811520576477051e-02 2.512088418006896973e-02 2.512219548225402832e-02
2.445276270064364044e-01 -7.836043834686279297e-03 -7.850706577301025391e-03 -7.759779691696166992e-03 -7.687002420425415039e-03 -7.758677005767822266e-03 -7.732272148132324219e-03 -7.609605789184570312e-03 -7.676541805267333984e-03 -7.708579301834106445e-03 -7.708609104156494141e-03
2.509803889918242881e-01 -2.653655409812927246e-02 -2.654391527175903320e-02 -2.655583620071411133e-02 -2.657210826873779297e-02 -2.652856707572937012e-02 -2.651908993721008301e-02 -2.662038803100585938e-02 -2.660831809043884277e-02 -2.660971879959106445e-02 -2.658843994140625000e-02
2.574331509772121995e-01 2.620020508766174316e-02 2.609744668006896973e-02 2.612113952636718750e-02 2.607327699661254883e-02 2.616652846336364746e-02 2.625936269760131836e-02 2.605390548706054688e-02 2.612653374671936035e-02 2.603587508201599121e-02 2.614656090736389160e-02
2.638859129626001110e-01 8.234441280364990234e-03 8.269250392913818359e-03 8.304148912429809570e-03 8.398741483688354492e-03 8.198738098144531250e-03 8.200556039810180664e-03 8.390128612518310547e-03 8.379518985748291016e-03 8.362084627151489258e-03 8.318334817886352539e-03
2.703386749479880224e-01 -3.736218810081481934e-02 -3.734803199768066406e-02 -3.735393285751342773e-02 -3.735515475273132324e-02 -3.737461566925048828e-02 -3.732389211654663086e-02 -3.737419843673706055e-02 -3.736573457717895508e-02 -3.738263249397277832e-02 -3.734058141708374023e-02
2.767914369333759339e-01 1.633504033088684082e-02 1.632302999496459961e-02 1.621580123901367188e-02 1.619461178779602051e-02 1.634535193443298340e-02 1.638659834861755371e-02 1.621466875076293945e-02 1.626658439636230469e-02 1.616713404655456543e-02 1.628166437149047852e-02
2.832441989187638454e-01 2.270218729972839355e-02 2.272909879684448242e-02 2.281388640403747559e-02 2.285310626029968262e-02 2.274921536445617676e-02 2.270337939262390137e-02 2.288886904716491699e-02 2.280154824256896973e-02 2.283376455307006836e-02 2.280926704406738281e-02
2.896969609041517568e-01 -3.178396821022033691e-02 -3.177520632743835449e-02 -3.175234794616699219e-02 -3.172913193702697754e-02 -3.176060318946838379e-02 -3.179845213890075684e-02 -3.172191977500915527e-02 -3.173828125000000000e-02 -3.175169229507446289e-02 -3.176766633987426758e-02
2.961497228895396683e-01 -3.022253513336181641e-04 -2.781152725219726562e-04 -4.310607910156250000e-04 -5.589425563812255859e-04 -3.551840782165527344e-04 -2.368390560150146484e-04 -4.356801509857177734e-04 -4.596114158630371094e-04 -4.657506942749023438e-04 -3.966093063354492188e-04
3.026024848749275242e-01 2.715730667114257812e-02 2.718076109886169434e-02 2.724528312683105469e-02 2.725791931152343750e-02 2.722999453544616699e-02 2.720633149147033691e-02 2.722507715225219727e-02 2.722740173339843750e-02 2.729088068008422852e-02 2.725681662559509277e-02
3.090552468603154357e-01 -1.954233646392822266e-02 -1.947420835494995117e-02 -1.946395635604858398e-02 -1.937967538833618164e-02 -1.946166157722473145e-02 -1.951119303703308105e-02 -1.943093538284301758e-02 -1.950055360794067383e-02 -1.945436000823974609e-02 -1.948705315589904785e-02
3.155080088457033471e-01 -1.482281088829040527e-02 -1.486676931381225586e-02 -1.487502455711364746e-02 -1.498073339462280273e-02 -1.484435796737670898e-02 -1.475784182548522949e-02 -1.478266716003417969e-02 -1.479968428611755371e-02 -1.482501626014709473e-02 -1.482221484184265137e-02
3.219607708310912586e-01 2.484324574470520020e-02 2.484631538391113281e-02 2.484321594238281250e-02 2.482843399047851562e-02 2.483797073364257812e-02 2.482736110687255859e-02 2.481123805046081543e-02 2.483582496643066406e-02 2.485018968582153320e-02 2.483564615249633789e-02
3.284135328164791701e-01 -2.508908510208129883e-03 -2.502679824829101562e-03 -2.458751201629638672e-03 -2.425551414489746094e-03 -2.499878406524658203e-03 -2.524465322494506836e-03 -2.430498600006103516e-03 -2.470254898071289062e-03 -2.436697483062744141e-03 -2.458482980728149414e-03
3.348662948018670260e-01 -1.969066262245178223e-02 -1.970621943473815918e-02 -1.971697807312011719e-02 -1.971673965454101562e-02 -1.967981457710266113e-02 -1.969486474990844727e-02 -1.969805359840393066e-02 -1.968955993652343750e-02 -1.971566677093505859e-02 -1.971828937530517578e-02
3.413190567872549375e-01 1.174926757812500000e-02 1.174551248550415039e-02 1.171189546585083008e-02 1.166507601737976074e-02 1.174777746200561523e-02 1.175022125244140625e-02 1.169073581695556641e-02 1.169914007186889648e-02 1.169639825820922852e-02 1.170250773429870605e-02
3.477718187726428489e-01 1.134547591209411621e-02 1.135811209678649902e-02 1.142895221710205078e-02 1.142847537994384766e-02 1.138985157012939453e-02 1.132920384407043457e-02 1.143082976341247559e-02 1.141044497489929199e-02 1.137742400169372559e-02 1.139789819717407227e-02
3.542245807580307604e-01 -1.440742611885070801e-02 -1.441341638565063477e-02 -1.438057422637939453e-02 -1.439636945724487305e-02 -1.443532109260559082e-02 -1.442718505859375000e-02 -1.439219713211059570e-02 -1.440578699111938477e-02 -1.437702775001525879e-02 -1.440885663032531738e-02
3.606773427434186718e-01 -3.057211637496948242e-03 -3.070622682571411133e-03 -3.118664026260375977e-03 -3.172576427459716797e-03 -3.086000680923461914e-03 -3.071099519729614258e-03 -3.143101930618286133e-03 -3.096967935562133789e-03 -3.124564886093139648e-03 -3.115057945251464844e-03
3.671301047288065833e-01 1.527124643325805664e-02 1.528453826904296875e-02 1.528629660606384277e-02 1.528689265251159668e-02 1.527923345565795898e-02 1.528254151344299316e-02 1.528063416481018066e-02 1.526913046836853027e-02 1.529428362846374512e-02 1.525649428367614746e-02
3.735828667141944948e-01 -4.249751567840576172e-03 -4.236310720443725586e-03 -4.184633493423461914e-03 -4.128575325012207031e-03 -4.219293594360351562e-03 -4.266440868377685547e-03 -4.181772470474243164e-03 -4.182726144790649414e-03 -4.174500703811645508e-03 -4.197120666503906250e-03
3.800356286995824062e-01 -1.200091838836669922e-02 -1.202562451362609863e-02 -1.204246282577514648e-02 -1.206463575363159180e-02 -1.204583048820495605e-02 -1.203280687332153320e-02 -1.201969385147094727e-02 -1.203572750091552734e-02 -1.208785176277160645e-02 -1.201793551445007324e-02
3.864883906849703177e-01 1.188501715660095215e-02 1.185762882232666016e-02 1.185482740402221680e-02 1.181501150131225586e-02 1.184019446372985840e-02 1.184672117233276367e-02 1.181507110595703125e-02 1.184549927711486816e-02 1.181432604789733887e-02 1.183164119720458984e-02
3.929411526703582291e-01 7.298439741134643555e-03 7.272422313690185547e-03 7.289946079254150391e-03 7.322520017623901367e-03 7.261306047439575195e-03 7.234722375869750977e-03 7.229447364807128906e-03 7.257193326950073242e-03 7.273793220520019531e-03 7.243573665618896484e-03
3.993939146557460851e-01 -1.593020558357238770e-02 -1.591014862060546875e-02 -1.591876149177551270e-02 -1.591113209724426270e-02 -1.592537760734558105e-02 -1.590994000434875488e-02 -1.590070128440856934e-02 -1.592579483985900879e-02 -1.591905951499938965e-02 -1.589503884315490723e-02
4.058466766411339965e-01 2.728909254074096680e-03 2.724349498748779297e-03 2.690672874450683594e-03 2.673894166946411133e-03 2.723991870880126953e-03 2.737462520599365234e-03 2.665340900421142578e-03 2.687841653823852539e-03 2.685189247131347656e-03 2.684086561203002930e-03
4.122994386265219080e-01 1.418817043304443359e-02 1.417502760887145996e-02 1.418930292129516602e-02 1.418873667716979980e-02 1.417255401611328125e-02 1.416206359863281250e-02 1.416277885437011719e-02 1.418387889862060547e-02 1.420539617538452148e-02 1.417869329452514648e-02
4.187522006119098195e-01 -1.082542538642883301e-02 -1.082631945610046387e-02 -1.080125570297241211e-02 -1.076918840408325195e-02 -1.082172989845275879e-02 -1.083433628082275391e-02 -1.079064607620239258e-02 -1.081350445747375488e-02 -1.080000400543212891e-02 -1.078614592552185059e-02
4.252049625972976754e-01 -7.195711135864257812e-03 -7.210791110992431641e-03 -7.276743650436401367e-03 -7.291793823242187500e-03 -7.263630628585815430e-03 -7.209807634353637695e-03 -7.293134927749633789e-03 -7.269948720932006836e-03 -7.261931896209716797e-03 -7.259428501129150391e-03
4.316577245826856424e-01 1.380905508995056152e-02 1.381531357765197754e-02 1.377746462821960449e-02 1.380327343940734863e-02 1.383206248283386230e-02 1.381245255470275879e-02 1.381117105484008789e-02 1.381677389144897461e-02 1.381111145019531250e-02 1.382097601890563965e-02
4.381104865680734983e-01 -1.996397972106933594e-03 -1.983761787414550781e-03 -1.946806907653808594e-03 -1.908868551254272461e-03 -1.978129148483276367e-03 -1.977205276489257812e-03 -1.910388469696044922e-03 -1.952439546585083008e-03 -1.929342746734619141e-03 -1.953601837158203125e-03
4.445632485534614098e-01 -1.181328296661376953e-02 -1.182088255882263184e-02 -1.181158423423767090e-02 -1.183256506919860840e-02 -1.180031895637512207e-02 -1.180577278137207031e-02 -1.182401180267333984e-02 -1.183006167411804199e-02 -1.184707880020141602e-02 -1.182335615158081055e-02
4.510160105388493212e-01 8.230775594711303711e-03 8.213371038436889648e-03 8.191049098968505859e-03 8.139640092849731445e-03 8.187234401702880859e-03 8.206397294998168945e-03 8.160561323165893555e-03 8.179932832717895508e-03 8.162468671798706055e-03 8.172363042831420898e-03
4.574687725242372327e-01 5.052685737609863281e-03 5.077421665191650391e-03 5.103260278701782227e-03 5.119234323501586914e-03 5.089282989501953125e-03 5.072951316833496094e-03 5.093038082122802734e-03 5.087792873382568359e-03 5.126416683197021484e-03 5.112290382385253906e-03
4.639215345096251442e-01 -1.079598069190979004e-02 -1.077553629875183105e-02 -1.077926158905029297e-02 -1.074886322021484375e-02 -1.076599955558776855e-02 -1.075574755668640137e-02 -1.075941324234008789e-02 -1.076272130012512207e-02 -1.076629757881164551e-02 -1.077565550804138184e-02
4.703742964950130556e-01 -9.946525096893310547e-04 -1.025855541229248047e-03 -1.024216413497924805e-03 -1.064509153366088867e-03 -9.958744049072265625e-04 -9.988844394683837891e-04 -9.723901748657226562e-04 -9.815394878387451172e-04 -1.009672880172729492e-03 -9.922981262207031250e-04
4.768270584804009671e-01 1.085343956947326660e-02 1.085180044174194336e-02 1.086008548736572266e-02 1.085892319679260254e-02 1.087164878845214844e-02 1.087099313735961914e-02 1.087445020675659180e-02 1.086571812629699707e-02 1.086840033531188965e-02 1.085400581359863281e-02
4.832798204657888230e-01 -4.990071058273315430e-03 -4.966318607330322266e-03 -4.959523677825927734e-03 -4.950433969497680664e-03 -4.973441362380981445e-03 -4.994988441467285156e-03 -4.959076642990112305e-03 -4.973888397216796875e-03 -4.962772130966186523e-03 -4.970043897628784180e-03
4.897325824511767345e-01 -8.679926395416259766e-03 -8.705258369445800781e-03 -8.683711290359497070e-03 -8.699238300323486328e-03 -8.667469024658203125e-03 -8.664846420288085938e-03 -8.680880069732666016e-03 -8.705526590347290039e-03 -8.717715740203857422e-03 -8.693277835845947266e-03
4.961853444365646459e-01 9.121030569076538086e-03 9.113848209381103516e-03 9.105324745178222656e-03 9.068548679351806641e-03 9.103596210479736328e-03 9.109735488891601562e-03 9.101092815399169922e-03 9.129971265792846680e-03 9.096741676330566406e-03 9.103626012802124023e-03
5.026381064219525019e-01 4.036992788314819336e-03 4.051268100738525391e-03 4.097998142242431641e-03 4.114627838134765625e-03 4.069268703460693359e-03 4.050970077514648438e-03 4.101663827896118164e-03 4.099875688552856445e-03 4.088550806045532227e-03 4.088997840881347656e-03
5.090908684073405244e-01 -1.118242740631103516e-02 -1.117488741874694824e-02 -1.114088296890258789e-02 -1.113617420196533203e-02 -1.116657257080078125e-02 -1.115038990974426270e-02 -1.115885376930236816e-02 -1.117172837257385254e-02 -1.117914915084838867e-02 -1.117026805877685547e-02
5.155436303927283248e-01 2.372801303863525391e-03 2.374202013015747070e-03 2.316474914550781250e-03 2.271413803100585938e-03 2.356529235839843750e-03 2.369999885559082031e-03 2.302974462509155273e-03 2.354353666305541992e-03 2.345740795135498047e-03 2.332419157028198242e-03
5.219963923781163473e-01 1.164096593856811523e-02 1.163583993911743164e-02 1.163986325263977051e-02 1.167264580726623535e-02 1.163858175277709961e-02 1.161953806877136230e-02 1.165336370468139648e-02 1.164200901985168457e-02 1.165354251861572266e-02 1.164186000823974609e-02
5.284491543635041477e-01 -1.074224710464477539e-02 -1.074060797691345215e-02 -1.071131229400634766e-02 -1.064136624336242676e-02 -1.070982217788696289e-02 -1.072517037391662598e-02 -1.069450378417968750e-02 -1.070541143417358398e-02 -1.069068908691406250e-02 -1.070481538772583008e-02
5.349019163488920592e-01 -3.274768590927124023e-03 -3.298759460449218750e-03 -3.334105014801025391e-03 -3.378689289093017578e-03 -3.315895795822143555e-03 -3.272652626037597656e-03 -3.315567970275878906e-03 -3.292858600616455078e-03 -3.335148096084594727e-03 -3.344506025314331055e-03
5.413546783342799706e-01 1.590022444725036621e-02 1.589280366897583008e-02 1.592004299163818359e-02 1.591128110885620117e-02 1.592478156089782715e-02 1.588043570518493652e-02 1.588660478591918945e-02 1.588565111160278320e-02 1.588770747184753418e-02 1.590180397033691406e-02
5.478074403196678821e-01 -5.756407976150512695e-03 -5.733668804168701172e-03 -5.716502666473388672e-03 -5.670994520187377930e-03 -5.736917257308959961e-03 -5.792915821075439453e-03 -5.747973918914794922e-03 -5.782306194305419922e-03 -5.764186382293701172e-03 -5.756318569183349609e-03
5.542602023050557936e-01 -1.174271106719970703e-02 -1.174989342689514160e-02 -1.176655292510986328e-02 -1.184585690498352051e-02 -1.180672645568847656e-02 -1.176568865776062012e-02 -1.183778047561645508e-02 -1.179492473602294922e-02 -1.177230477333068848e-02 -1.178714632987976074e-02
5.607129642904437050e-01 1.600962877273559570e-02 1.599866151809692383e-02 1.601004600524902344e-02 1.598528027534484863e-02 1.600846648216247559e-02 1.596626639366149902e-02 1.596662402153015137e-02 1.596221327781677246e-02 1.595598459243774414e-02 1.597419381141662598e-02
5.671657262758316165e-01 9.876787662506103516e-04 1.060932874679565430e-03 1.005828380584716797e-03 1.060843467712402344e-03 9.584426879882812500e-04 9.588897228240966797e-04 1.071482896804809570e-03 1.052975654602050781e-03 1.093387603759765625e-03 1.054376363754272461e-03
5.736184882612194169e-01 -1.504424214363098145e-02 -1.504224538803100586e-02 -1.504233479499816895e-02 -1.505759358406066895e-02 -1.501089334487915039e-02 -1.500672101974487305e-02 -1.509520411491394043e-02 -1.506048440933227539e-02 -1.504242420196533203e-02 -1.504597067832946777e-02
5.800712502466074394e-01 1.228719949722290039e-02 1.226061582565307617e-02 1.219984889030456543e-02 1.219660043716430664e-02 1.228573918342590332e-02 1.221442222595214844e-02 1.217451691627502441e-02 1.218575239181518555e-02 1.221024990081787109e-02 1.217278838157653809e-02
5.865240122319952398e-01 4.704058170318603516e-03 4.686295986175537109e-03 4.687815904617309570e-03 4.719823598861694336e-03 4.677891731262207031e-03 4.642784595489501953e-03 4.763305187225341797e-03 4.751235246658325195e-03 4.787772893905639648e-03 4.739433526992797852e-03
5.929767742173832623e-01 -1.476705074310302734e-02 -1.474800705909729004e-02 -1.473951339721679688e-02 -1.476243138313293457e-02 -1.474845409393310547e-02 -1.475340127944946289e-02 -1.478198170661926270e-02 -1.477685570716857910e-02 -1.478847861289978027e-02 -1.477450132369995117e-02
5.994295362027710627e-01 7.476985454559326172e-03 7.470995187759399414e-03 7.425427436828613281e-03 7.435679435729980469e-03 7.490813732147216797e-03 7.489830255508422852e-03 7.428944110870361328e-03 7.445871829986572266e-03 7.419556379318237305e-03 7.438719272613525391e-03
6.058822981881590852e-01 6.172895431518554688e-03 6.153732538223266602e-03 6.221830844879150391e-03 6.250590085983276367e-03 6.169527769088745117e-03 6.150901317596435547e-03 6.201684474945068359e-03 6.246834993362426758e-03 6.228417158126831055e-03 6.204128265380859375e-03
6.123350601735468857e-01 -1.050519943237304688e-02 -1.050034165382385254e-02 -1.049646735191345215e-02 -1.048848032951354980e-02 -1.050177216529846191e-02 -1.050794124603271484e-02 -1.048827171325683594e-02 -1.049688458442687988e-02 -1.052382588386535645e-02 -1.049900054931640625e-02
6.187878221589347971e-01 3.601700067520141602e-03 3.573149442672729492e-03 3.552496433258056641e-03 3.527134656906127930e-03 3.574609756469726562e-03 3.593355417251586914e-03 3.554075956344604492e-03 3.575980663299560547e-03 3.551006317138671875e-03 3.540456295013427734e-03
6.252405841443227086e-01 4.958748817443847656e-03 4.959642887115478516e-03 4.971951246261596680e-03 4.976570606231689453e-03 4.931837320327758789e-03 4.927635192871093750e-03 4.915177822113037109e-03 4.958361387252807617e-03 4.957705736160278320e-03 4.932522773742675781e-03
6.316933461297106200e-01 -5.031913518905639648e-03 -5.022138357162475586e-03 -4.994928836822509766e-03 -4.984587430953979492e-03 -5.024969577789306641e-03 -5.031794309616088867e-03 -5.020707845687866211e-03 -5.013942718505859375e-03 -5.040496587753295898e-03 -5.024313926696777344e-03
6.381461081150985315e-01 -1.142919063568115234e-04 -1.109540462493896484e-04 -1.289844512939453125e-04 -1.417696475982666016e-04 -1.137852668762207031e-04 -1.094341278076171875e-04 -1.280903816223144531e-04 -1.269280910491943359e-04 -1.421570777893066406e-04 -1.265108585357666016e-04
6.445988701004864430e-01 2.698987722396850586e-03 2.696961164474487305e-03 2.689242362976074219e-03 2.679139375686645508e-03 2.659082412719726562e-03 2.691209316253662109e-03 2.677142620086669922e-03 2.689838409423828125e-03 2.674698829650878906e-03 2.689003944396972656e-03
6.510516320858743544e-01 -7.038712501525878906e-04 -7.047057151794433594e-04 -6.901025772094726562e-04 -6.707906723022460938e-04 -6.951391696929931641e-04 -6.948113441467285156e-04 -6.887614727020263672e-04 -7.051527500152587891e-04 -6.913840770721435547e-04 -7.068514823913574219e-04
6.575043940712622659e-01 -1.239776611328125000e-03 -1.240074634552001953e-03 -1.262217760086059570e-03 -1.266419887542724609e-03 -1.261234283447265625e-03 -1.247406005859375000e-03 -1.243501901626586914e-03 -1.233577728271484375e-03 -1.238375902175903320e-03 -1.231610774993896484e-03
6.639571560566501773e-01 1.335144042968750000e-04 1.360774040222167969e-04 1.325309276580810547e-04 1.247525215148925781e-04 1.198351383209228516e-04 1.196265220642089844e-04 1.220405101776123047e-04 1.239180564880371094e-04 1.299977302551269531e-04 1.276135444641113281e-04
6.704099180420379778e-01 1.699775457382202148e-03 1.694589853286743164e-03 1.698762178421020508e-03 1.694977283477783203e-03 1.695692539215087891e-03 1.695185899734497070e-03 1.693487167358398438e-03 1.683861017227172852e-03 1.692771911621093750e-03 1.690328121185302734e-03
6.768626800274260003e-01 -3.011226654052734375e-04 -3.024339675903320312e-04 -2.944171428680419922e-04 -2.933740615844726562e-04 -2.800822257995605469e-04 -2.942383289337158203e-04 -2.774000167846679688e-04 -2.686977386474609375e-04 -2.652108669281005859e-04 -2.751350402832031250e-04
6.833154420128139117e-01 -2.397179603576660156e-03 -2.399533987045288086e-03 -2.412945032119750977e-03 -2.397209405899047852e-03 -2.399474382400512695e-03 -2.392828464508056641e-03 -2.415746450424194336e-03 -2.418965101242065430e-03 -2.417564392089843750e-03 -2.405434846878051758e-03
6.897682039982017121e-01 2.481132745742797852e-03 2.479225397109985352e-03 2.470612525939941406e-03 2.478361129760742188e-03 2.474635839462280273e-03 2.472817897796630859e-03 2.459347248077392578e-03 2.466082572937011719e-03 2.463221549987792969e-03 2.462714910507202148e-03
6.962209659835896236e-01 1.152068376541137695e-03 1.160770654678344727e-03 1.159071922302246094e-03 1.166611909866333008e-03 1.170158386230468750e-03 1.169890165328979492e-03 1.163244247436523438e-03 1.172184944152832031e-03 1.161426305770874023e-03 1.163750886917114258e-03
7.026737279689775351e-01 -3.556311130523681641e-03 -3.526896238327026367e-03 -3.524631261825561523e-03 -3.523349761962890625e-03 -3.530025482177734375e-03 -3.547012805938720703e-03 -3.520250320434570312e-03 -3.555417060852050781e-03 -3.541469573974609375e-03 -3.535747528076171875e-03
7.091264899543654465e-01 1.405507326126098633e-03 1.417934894561767578e-03 1.406610012054443359e-03 1.383155584335327148e-03 1.414924860000610352e-03 1.406699419021606445e-03 1.387476921081542969e-03 1.393526792526245117e-03 1.392841339111328125e-03 1.402497291564941406e-03
7.155792519397533580e-01 2.681106328964233398e-03 2.669811248779296875e-03 2.679675817489624023e-03 2.693623304367065430e-03 2.673119306564331055e-03 2.673029899597167969e-03 2.694040536880493164e-03 2.699851989746093750e-03 2.686470746994018555e-03 2.702414989471435547e-03
7.220320139251412694e-01 -3.239274024963378906e-03 -3.224194049835205078e-03 -3.233611583709716797e-03 -3.207296133041381836e-03 -3.212720155715942383e-03 -3.246843814849853516e-03 -3.223806619644165039e-03 -3.227889537811279297e-03 -3.220647573471069336e-03 -3.234267234802246094e-03
7.284847759105291809e-01 1.752078533172607422e-04 1.738667488098144531e-04 1.731812953948974609e-04 1.657009124755859375e-04 1.756548881530761719e-04 1.663267612457275391e-04 1.542866230010986328e-04 1.612305641174316406e-04 1.606643199920654297e-04 1.749098300933837891e-04
7.349375378959170924e-01 3.148883581161499023e-03 3.140687942504882812e-03 3.149658441543579102e-03 3.147035837173461914e-03 3.153920173645019531e-03 3.144204616546630859e-03 3.127545118331909180e-03 3.138154745101928711e-03 3.148317337036132812e-03 3.141075372695922852e-03
7.413902998813050038e-01 -2.144098281860351562e-03 -2.147406339645385742e-03 -2.138525247573852539e-03 -2.119541168212890625e-03 -2.139449119567871094e-03 -2.128630876541137695e-03 -2.122521400451660156e-03 -2.128452062606811523e-03 -2.118468284606933594e-03 -2.138048410415649414e-03
7.478430618666929153e-01 -1.324415206909179688e-03 -1.330524682998657227e-03 -1.338928937911987305e-03 -1.356571912765502930e-03 -1.326560974121093750e-03 -1.334697008132934570e-03 -1.342177391052246094e-03 -1.341462135314941406e-03 -1.339644193649291992e-03 -1.341581344604492188e-03
7.542958238520808267e-01 2.691239118576049805e-03 2.703696489334106445e-03 2.676665782928466797e-03 2.686709165573120117e-03 2.690315246582031250e-03 2.692937850952148438e-03 2.687960863113403320e-03 2.695351839065551758e-03 2.691209316253662109e-03 2.672463655471801758e-03
7.607485858374687382e-01 -8.041262626647949219e-04 -8.319318294525146484e-04 -8.151829242706298828e-04 -8.001923561096191406e-04 -8.127987384796142578e-04 -8.322000503540039062e-04 -8.153617382049560547e-04 -8.050203323364257812e-04 -8.118152618408203125e-04 -8.113384246826171875e-04
7.672013478228566496e-01 -1.401960849761962891e-03 -1.412481069564819336e-03 -1.405924558639526367e-03 -1.426219940185546875e-03 -1.403361558914184570e-03 -1.417517662048339844e-03 -1.406818628311157227e-03 -1.405477523803710938e-03 -1.406788825988769531e-03 -1.397520303726196289e-03
7.736541098082445611e-01 2.007812261581420898e-03 2.003431320190429688e-03 1.999646425247192383e-03 2.003699541091918945e-03 1.993596553802490234e-03 2.013206481933593750e-03 1.998454332351684570e-03 1.994639635086059570e-03 2.001345157623291016e-03 1.993536949157714844e-03
7.801068717936323615e-01 3.551840782165527344e-04 3.738999366760253906e-04 3.603398799896240234e-04 3.688037395477294922e-04 3.684461116790771484e-04 3.611147403717041016e-04 3.563463687896728516e-04 3.657042980194091797e-04 3.688335418701171875e-04 3.495514392852783203e-04
7.865596337790202730e-01 -1.079857349395751953e-03 -1.085191965103149414e-03 -1.087903976440429688e-03 -1.084536314010620117e-03 -1.088559627532958984e-03 -1.083582639694213867e-03 -1.087933778762817383e-03 -1.093059778213500977e-03 -1.099377870559692383e-03 -1.094579696655273438e-03
7.930123957644081845e-01 8.648037910461425781e-04 8.702874183654785156e-04 8.557140827178955078e-04 8.587241172790527344e-04 8.717477321624755859e-04 8.578896522521972656e-04 8.690357208251953125e-04 8.531808853149414062e-04 8.571445941925048828e-04 8.652806282043457031e-04
7.994651577497960959e-01 4.299283027648925781e-04 4.357397556304931641e-04 4.184842109680175781e-04 4.144906997680664062e-04 4.127919673919677734e-04 4.207193851470947266e-04 4.264116287231445312e-04 4.151165485382080078e-04 4.190206527709960938e-04 4.296898841857910156e-04
8.059179197351840074e-01 -7.013380527496337891e-04 -7.001459598541259766e-04 -6.931126117706298828e-04 -6.945431232452392578e-04 -6.899833679199218750e-04 -6.980895996093750000e-04 -7.084906101226806641e-04 -7.056593894958496094e-04 -6.837546825408935547e-04 -6.928145885467529297e-04
8.123706817205719188e-01 -4.639029502868652344e-04 -4.688799381256103516e-04 -4.674792289733886719e-04 -4.687607288360595703e-04 -4.753768444061279297e-04 -4.653930664062500000e-04 -4.730224609375000000e-04 -4.684329032897949219e-04 -4.828274250030517578e-04 -4.644691944122314453e-04
8.188234437059598303e-01 5.498230457305908203e-04 5.390644073486328125e-04 5.527734756469726562e-04 5.329251289367675781e-04 5.274415016174316406e-04 5.367398262023925781e-04 5.320310592651367188e-04 5.368888378143310547e-04 5.368292331695556641e-04 5.448758602142333984e-04
8.252762056913477418e-01 2.071857452392578125e-04 2.157986164093017578e-04 1.984238624572753906e-04 2.194046974182128906e-04 2.114176750183105469e-04 2.216696739196777344e-04 2.044439315795898438e-04 2.174377441406250000e-04 2.125203609466552734e-04 2.197027206420898438e-04
8.317289676767356532e-01 -8.349716663360595703e-04 -8.418262004852294922e-04 -8.310675621032714844e-04 -8.407235145568847656e-04 -8.414387702941894531e-04 -8.565485477447509766e-04 -8.394122123718261719e-04 -8.382797241210937500e-04 -8.327960968017578125e-04 -8.377134799957275391e-04
8.381817296621235647e-01 1.330077648162841797e-04 1.394748687744140625e-04 1.353323459625244141e-04 1.478791236877441406e-04 1.401305198669433594e-04 1.424252986907958984e-04 1.388490200042724609e-04 1.437366008758544922e-04 1.354217529296875000e-04 1.391172409057617188e-04
8.446344916475114761e-01 9.947121143341064453e-04 9.997487068176269531e-04 9.912848472595214844e-04 1.002967357635498047e-03 9.886324405670166016e-04 9.946227073669433594e-04 9.898245334625244141e-04 9.891986846923828125e-04 9.853839874267578125e-04 9.889304637908935547e-04
8.510872536328993876e-01 -2.182424068450927734e-04 -2.273917198181152344e-04 -2.221465110778808594e-04 -2.191364765167236328e-04 -2.128183841705322266e-04 -2.332627773284912109e-04 -2.203583717346191406e-04 -2.240836620330810547e-04 -2.047419548034667969e-04 -2.183914184570312500e-04
8.575400156182872990e-01 -9.156465530395507812e-04 -9.183287620544433594e-04 -9.208023548126220703e-04 -9.280443191528320312e-04 -9.246170520782470703e-04 -9.141266345977783203e-04 -9.303987026214599609e-04 -9.232759475708007812e-04 -9.378790855407714844e-04 -9.236335754394531250e-04
8.639927776036752105e-01 4.821419715881347656e-04 4.835426807403564453e-04 4.751384258270263672e-04 4.679560661315917969e-04 4.727840423583984375e-04 4.749000072479248047e-04 4.708170890808105469e-04 4.852116107940673828e-04 4.739165306091308594e-04 4.828572273254394531e-04
8.704455395890630109e-01 3.646314144134521484e-04 3.690719604492187500e-04 3.573000431060791016e-04 3.662705421447753906e-04 3.701448440551757812e-04 3.660917282104492188e-04 3.683269023895263672e-04 3.692507743835449219e-04 3.606677055358886719e-04 3.676414489746093750e-04
8.768983015744509224e-01 -9.200572967529296875e-04 -9.211599826812744141e-04 -9.233951568603515625e-04 -9.140968322753906250e-04 -9.156465530395507812e-04 -9.352564811706542969e-04 -9.195506572723388672e-04 -9.272098541259765625e-04 -9.057223796844482422e-04 -9.155571460723876953e-04
8.833510635598388339e-01 2.951920032501220703e-04 3.037452697753906250e-04 3.037452697753906250e-04 2.955496311187744141e-04 2.961158752441406250e-04 3.017187118530273438e-04 2.967417240142822266e-04 2.830326557159423828e-04 2.802312374114990234e-04 2.868473529815673828e-04
8.898038255452267453e-01 8.434057235717773438e-04 8.470118045806884766e-04 8.460283279418945312e-04 8.460879325866699219e-04 8.528828620910644531e-04 8.511543273925781250e-04 8.455514907836914062e-04 8.418858051300048828e-04 8.464753627777099609e-04 8.538365364074707031e-04
8.962565875306146568e-01 -7.990300655364990234e-04 -7.892251014709472656e-04 -7.933974266052246094e-04 -7.840394973754882812e-04 -7.912516593933105469e-04 -7.867515087127685547e-04 -7.862448692321777344e-04 -7.824599742889404297e-04 -7.893741130828857422e-04 -7.873475551605224609e-04
9.027093495160025682e-01 -4.573166370391845703e-04 -4.622340202331542969e-04 -4.639923572540283203e-04 -4.747211933135986328e-04 -4.613101482391357422e-04 -4.675984382629394531e-04 -4.511773586273193359e-04 -4.668831825256347656e-04 -4.697144031524658203e-04 -4.596412181854248047e-04
9.091621115013904797e-01 9.222924709320068359e-04 9.371638298034667969e-04 9.201765060424804688e-04 9.182095527648925781e-04 9.245574474334716797e-04 9.281933307647705078e-04 9.219050407409667969e-04 9.236037731170654297e-04 9.248852729797363281e-04 9.195804595947265625e-04
9.156148734867783912e-01 2.411007881164550781e-05 2.992153167724609375e-05 1.761317253112792969e-05 2.604722976684570312e-05 1.284480094909667969e-05 2.053380012512207031e-05 2.121925354003906250e-05 2.187490463256835938e-05 2.634525299072265625e-05 2.774596214294433594e-05
9.220676354721663026e-01 -9.147822856903076172e-04 -9.183883666992187500e-04 -9.156465530395507812e-04 -9.265840053558349609e-04 -9.149909019470214844e-04 -9.147226810455322266e-04 -9.138286113739013672e-04 -9.022653102874755859e-04 -9.161829948425292969e-04 -9.106993675231933594e-04
9.285203974575542141e-01 4.851222038269042969e-04 4.739463329315185547e-04 4.715323448181152344e-04 4.718899726867675781e-04 4.780888557434082031e-04 4.855692386627197266e-04 4.728734493255615234e-04 4.847347736358642578e-04 4.706978797912597656e-04 4.664063453674316406e-04
9.349731594429421255e-01 5.845129489898681641e-04 5.877017974853515625e-04 6.008744239807128906e-04 5.965828895568847656e-04 5.855858325958251953e-04 5.789101123809814453e-04 5.735754966735839844e-04 5.909204483032226562e-04 5.812942981719970703e-04 5.804300308227539062e-04
9.414259214283300370e-01 -8.047819137573242188e-04 -8.143782615661621094e-04 -7.947087287902832031e-04 -8.080899715423583984e-04 -8.213818073272705078e-04 -8.013844490051269531e-04 -7.883310317993164062e-04 -8.083581924438476562e-04 -8.186995983123779297e-04 -7.841885089874267578e-04
9.478786834137179484e-01 -7.659196853637695312e-06 -1.615285873413085938e-05 -2.822279930114746094e-05 -2.062320709228515625e-05 -1.549720764160156250e-05 -8.851289749145507812e-06 -3.430247306823730469e-05 -1.561641693115234375e-05 -1.296401023864746094e-05 -2.026557922363281250e-05
9.543314453991058599e-01 8.995831012725830078e-04 9.168386459350585938e-04 9.260177612304687500e-04 9.157359600067138672e-04 9.101927280426025391e-04 9.170472621917724609e-04 9.203851222991943359e-04 9.149909019470214844e-04 9.016990661621093750e-04 9.188055992126464844e-04
9.607842073844936603e-01 -5.802214145660400391e-04 -5.734860897064208984e-04 -5.753338336944580078e-04 -5.714893341064453125e-04 -5.735456943511962891e-04 -5.902945995330810547e-04 -5.701482295989990234e-04 -5.766749382019042969e-04 -5.712807178497314453e-04 -5.808472633361816406e-04
9.672369693698815718e-01 -6.398558616638183594e-04 -6.438493728637695312e-04 -6.574988365173339844e-04 -6.581246852874755859e-04 -6.488859653472900391e-04 -6.448328495025634766e-04 -6.479024887084960938e-04 -6.536245346069335938e-04 -6.524920463562011719e-04 -6.512999534606933594e-04
9.736897313552694833e-01 8.977353572845458984e-04 8.978843688964843750e-04 8.870959281921386719e-04 8.996427059173583984e-04 8.940100669860839844e-04 8.851289749145507812e-04 8.861422538757324219e-04 8.935034275054931641e-04 8.915066719055175781e-04 8.892416954040527344e-04
9.801424933406573947e-01 2.035498619079589844e-05 2.169609069824218750e-05 1.841783523559570312e-05 9.596347808837890625e-06 3.132224082946777344e-05 1.648068428039550781e-05 1.731514930725097656e-05 1.278519630432128906e-05 1.338124275207519531e-05 2.214312553405761719e-05
9.865952553260453062e-01 -8.472800254821777344e-04 -8.446276187896728516e-04 -8.395314216613769531e-04 -8.426904678344726562e-04 -8.495151996612548828e-04 -8.405745029449462891e-04 -8.365213871002197266e-04 -8.553862571716308594e-04 -8.373558521270751953e-04 -8.485615253448486328e-04
9.930480173114332176e-01 5.516111850738525391e-04 5.324184894561767578e-04 5.379915237426757812e-04 5.280375480651855469e-04 5.411803722381591797e-04 5.448162555694580078e-04 5.452334880828857422e-04 5.360543727874755859e-04 5.384087562561035156e-04 5.253553390502929688e-04
9.995007792968211291e-01 2.583861351013183594e-04 2.701878547668457031e-04 2.673864364624023438e-04 2.544820308685302734e-04 2.648532390594482422e-04 2.599060535430908203e-04 2.720057964324951172e-04 2.682507038116455078e-04 2.633631229400634766e-04 2.702176570892333984e-04
1.005953541282209152e+00 -6.311237812042236328e-04 -6.147325038909912109e-04 -6.212890148162841797e-04 -6.264150142669677734e-04 -6.277263164520263672e-04 -6.153285503387451172e-04 -6.265044212341308594e-04 -6.177425384521484375e-04 -6.134808063507080078e-04 -6.153881549835205078e-04
1.012406303267596952e+00 9.232759475708007812e-05 8.684396743774414062e-05 9.620189666748046875e-05 8.982419967651367188e-05 8.484721183776855469e-05 8.392333984375000000e-05 8.976459503173828125e-05 8.663535118103027344e-05 7.614493370056152344e-05 9.191036224365234375e-05
1.018859065252984752e+00 4.826486110687255859e-04 4.814267158508300781e-04 4.749298095703125000e-04 4.813373088836669922e-04 4.811584949493408203e-04 4.884302616119384766e-04 4.908442497253417969e-04 4.823803901672363281e-04 4.775226116180419922e-04 4.858374595642089844e-04
1.025311827238372775e+00 -3.417432308197021484e-04 -3.309845924377441406e-04 -3.208220005035400391e-04 -3.330111503601074219e-04 -3.322064876556396484e-04 -3.329515457153320312e-04 -3.313124179840087891e-04 -3.357529640197753906e-04 -3.324449062347412109e-04 -3.321766853332519531e-04
1.031764589223760797e+00 -2.936720848083496094e-04 -2.987682819366455078e-04 -2.926886081695556641e-04 -2.979636192321777344e-04 -2.932846546173095703e-04 -3.041923046112060547e-04 -2.894699573516845703e-04 -2.940297126770019531e-04 -2.990663051605224609e-04 -2.974569797515869141e-04
1.038217351209148598e+00 3.729760646820068359e-04 3.747940063476562500e-04 3.646016120910644531e-04 3.774464130401611328e-04 3.677606582641601562e-04 3.864765167236328125e-04 3.794729709625244141e-04 3.592371940612792969e-04 3.716349601745605469e-04 3.733038902282714844e-04
1.044670113194536398e+00 3.568828105926513672e-04 3.452301025390625000e-04 3.633797168731689453e-04 3.535747528076171875e-04 3.469586372375488281e-04 3.427863121032714844e-04 3.511309623718261719e-04 3.442168235778808594e-04 3.518462181091308594e-04 3.518462181091308594e-04
1.051122875179924421e+00 -3.790259361267089844e-04 -3.863871097564697266e-04 -3.763735294342041016e-04 -3.838539123535156250e-04 -3.882348537445068359e-04 -3.929734230041503906e-04 -3.848373889923095703e-04 -3.793835639953613281e-04 -3.784596920013427734e-04 -3.823935985565185547e-04
1.057575637165312221e+00 -3.415346145629882812e-04 -3.605484962463378906e-04 -3.591179847717285156e-04 -3.499686717987060547e-04 -3.451406955718994141e-04 -3.371238708496093750e-04 -3.396272659301757812e-04 -3.416240215301513672e-04 -3.330707550048828125e-04 -3.382563591003417969e-04
1.064028399150700022e+00 3.990828990936279297e-04 3.989338874816894531e-04 3.971755504608154297e-04 3.912746906280517578e-04 3.908276557922363281e-04 3.900527954101562500e-04 3.844201564788818359e-04 3.941059112548828125e-04 3.815889358520507812e-04 3.724396228790283203e-04
1.070481161136088044e+00 -2.051591873168945312e-04 -2.106726169586181641e-04 -1.857578754425048828e-04 -1.908838748931884766e-04 -2.080202102661132812e-04 -2.021491527557373047e-04 -1.880526542663574219e-04 -1.939535140991210938e-04 -2.036690711975097656e-04 -2.067387104034423828e-04
1.076933923121476067e+00 -2.904534339904785156e-04 -2.772212028503417969e-04 -2.819597721099853516e-04 -2.721548080444335938e-04 -2.658069133758544922e-04 -2.606213092803955078e-04 -2.705454826354980469e-04 -2.784132957458496094e-04 -2.699494361877441406e-04 -2.692341804504394531e-04
1.083386685106863867e+00 3.761351108551025391e-04 3.716945648193359375e-04 3.627836704254150391e-04 3.624260425567626953e-04 3.620982170104980469e-04 3.600716590881347656e-04 3.628134727478027344e-04 3.522038459777832031e-04 3.487467765808105469e-04 3.620684146881103516e-04
1.089839447092251667e+00 -1.104772090911865234e-04 -1.101791858673095703e-04 -1.119971275329589844e-04 -1.001954078674316406e-04 -9.596347808837890625e-05 -1.091659069061279297e-04 -1.075565814971923828e-04 -1.167654991149902344e-04 -1.025199890136718750e-04 -1.082122325897216797e-04
1.096292209077639690e+00 -6.669759750366210938e-04 -6.636679172515869141e-04 -6.702244281768798828e-04 -6.618797779083251953e-04 -6.683170795440673828e-04 -6.633996963500976562e-04 -6.713569164276123047e-04 -6.631314754486083984e-04 -6.725490093231201172e-04 -6.638169288635253906e-04
1.102744971063027712e+00 1.003742218017578125e-04 1.058280467987060547e-04 1.065135002136230469e-04 9.980797767639160156e-05 1.027584075927734375e-04 1.088678836822509766e-04 1.139640808105468750e-04 1.170933246612548828e-04 1.153349876403808594e-04 1.146495342254638672e-04
1.109197733048415513e+00 3.319978713989257812e-04 3.477036952972412109e-04 3.351271152496337891e-04 3.197789192199707031e-04 3.220736980438232422e-04 3.336071968078613281e-04 3.202855587005615234e-04 3.356933593750000000e-04 3.297924995422363281e-04 3.295540809631347656e-04
1.115650495033803313e+00 -8.853971958160400391e-04 -8.835494518280029297e-04 -8.825063705444335938e-04 -8.814036846160888672e-04 -8.912086486816406250e-04 -8.847415447235107422e-04 -8.806586265563964844e-04 -8.925795555114746094e-04 -8.829832077026367188e-04 -8.770525455474853516e-04
1.122103257019191336e+00 -3.758072853088378906e-05 -3.081560134887695312e-05 -3.987550735473632812e-05 -3.010034561157226562e-05 -4.029273986816406250e-05 -1.516938209533691406e-05 -4.118680953979492188e-05 -2.178549766540527344e-05 -4.914402961730957031e-05 -3.790855407714843750e-05
1.128556019004579358e+00 6.920099258422851562e-04 7.073581218719482422e-04 6.892383098602294922e-04 7.031559944152832031e-04 6.929337978363037109e-04 6.941258907318115234e-04 7.006227970123291016e-04 7.145106792449951172e-04 7.014870643615722656e-04 6.915032863616943359e-04
1.135008780989967159e+00 -6.355047225952148438e-04 -6.382465362548828125e-04 -6.124675273895263672e-04 -6.292164325714111328e-04 -6.222724914550781250e-04 -6.281137466430664062e-04 -6.203949451446533203e-04 -6.343126296997070312e-04 -6.283819675445556641e-04 -6.272494792938232422e-04
1.141461542975354959e+00 -3.638267517089843750e-04 -3.507137298583984375e-04 -3.546774387359619141e-04 -3.554224967956542969e-04 -3.556907176971435547e-04 -3.598928451538085938e-04 -3.510117530822753906e-04 -3.487765789031982422e-04 -3.598034381866455078e-04 -3.604292869567871094e-04
1.147914304960742982e+00 7.880926132202148438e-04 7.892251014709472656e-04 7.800459861755371094e-04 7.850825786590576172e-04 7.690787315368652344e-04 7.908046245574951172e-04 7.889866828918457031e-04 7.886290550231933594e-04 7.871091365814208984e-04 7.827579975128173828e-04
1.154367066946130782e+00 -2.359747886657714844e-04 -2.324879169464111328e-04 -2.503991127014160156e-04 -2.293884754180908203e-04 -2.410411834716796875e-04 -2.496838569641113281e-04 -2.429485321044921875e-04 -2.349615097045898438e-04 -2.364218235015869141e-04 -2.451539039611816406e-04
1.160819828931518582e+00 -4.410743713378906250e-04 -4.380345344543457031e-04 -4.373192787170410156e-04 -4.273056983947753906e-04 -4.329085350036621094e-04 -4.415810108184814453e-04 -4.398822784423828125e-04 -4.353523254394531250e-04 -4.273951053619384766e-04 -4.389882087707519531e-04
1.167272590916906605e+00 4.868209362030029297e-04 4.847049713134765625e-04 4.933178424835205078e-04 4.759430885314941406e-04 4.875361919403076172e-04 4.829466342926025391e-04 4.737973213195800781e-04 4.688501358032226562e-04 4.869997501373291016e-04 4.727542400360107422e-04
1.173725352902294627e+00 6.926059722900390625e-05 6.130337715148925781e-05 6.783008575439453125e-05 5.942583084106445312e-05 7.101893424987792969e-05 6.902217864990234375e-05 6.744265556335449219e-05 7.638335227966308594e-05 7.590651512145996094e-05 7.095932960510253906e-05
1.180178114887682428e+00 -4.346370697021484375e-04 -4.295706748962402344e-04 -4.370212554931640625e-04 -4.257261753082275391e-04 -4.300773143768310547e-04 -4.443824291229248047e-04 -4.329383373260498047e-04 -4.425048828125000000e-04 -4.429221153259277344e-04 -4.363954067230224609e-04
1.186630876873070450e+00 2.548396587371826172e-04 2.438724040985107422e-04 2.446174621582031250e-04 2.352893352508544922e-04 2.520680427551269531e-04 2.560913562774658203e-04 2.455711364746093750e-04 2.445876598358154297e-04 2.544522285461425781e-04 2.560913562774658203e-04
1.193083638858458251e+00 3.373920917510986328e-04 3.393888473510742188e-04 3.448426723480224609e-04 3.550052642822265625e-04 3.464221954345703125e-04 3.410875797271728516e-04 3.429949283599853516e-04 3.343522548675537109e-04 3.497302532196044922e-04 3.370642662048339844e-04
1.199536400843846051e+00 -2.310574054718017578e-04 -2.096295356750488281e-04 -2.128481864929199219e-04 -2.036094665527343750e-04 -2.116262912750244141e-04 -2.066791057586669922e-04 -2.087056636810302734e-04 -2.096295356750488281e-04 -2.077519893646240234e-04 -2.171695232391357422e-04
1.205989162829234074e+00 -1.916587352752685547e-04 -1.930296421051025391e-04 -1.827478408813476562e-04 -1.948773860931396484e-04 -1.923739910125732422e-04 -1.896321773529052734e-04 -1.979768276214599609e-04 -1.869797706604003906e-04 -1.923143863677978516e-04 -1.904666423797607422e-04
1.212441924814621874e+00 3.142952919006347656e-04 3.228187561035156250e-04 3.378093242645263672e-04 3.219246864318847656e-04 3.121495246887207031e-04 3.286600112915039062e-04 3.273785114288330078e-04 3.173053264617919922e-04 3.265738487243652344e-04 3.152787685394287109e-04
1.218894686800009897e+00 1.112520694732666016e-04 1.259744167327880859e-04 1.165270805358886719e-04 1.173317432403564453e-04 1.198947429656982422e-04 1.192092895507812500e-04 1.254677772521972656e-04 1.176595687866210938e-04 1.137852668762207031e-04 1.215636730194091797e-04
1.225347448785397697e+00 -3.360211849212646484e-04 -3.397464752197265625e-04 -3.360509872436523438e-04 -3.317892551422119141e-04 -3.488063812255859375e-04 -3.461539745330810547e-04 -3.327429294586181641e-04 -3.402233123779296875e-04 -3.498792648315429688e-04 -3.319382667541503906e-04
1.231800210770785720e+00 2.470016479492187500e-04 2.509057521820068359e-04 2.462565898895263672e-04 2.457499504089355469e-04 2.440512180328369141e-04 2.375245094299316406e-04 2.382099628448486328e-04 2.374351024627685547e-04 2.461373805999755859e-04 2.413988113403320312e-04
1.238252972756173520e+00 1.732707023620605469e-04 1.637041568756103516e-04 1.737475395202636719e-04 1.599788665771484375e-04 1.702606678009033203e-04 1.674890518188476562e-04 1.646280288696289062e-04 1.721382141113281250e-04 1.749992370605468750e-04 1.737475395202636719e-04
1.244705734741561542e+00 -3.513693809509277344e-04 -3.522634506225585938e-04 -3.430843353271484375e-04 -3.670752048492431641e-04 -3.542602062225341797e-04 -3.489255905151367188e-04 -3.450214862823486328e-04 -3.504753112792968750e-04 -3.498792648315429688e-04 -3.519654273986816406e-04
1.251158496726949343e+00 4.807114601135253906e-05 5.817413330078125000e-05 6.118416786193847656e-05 5.447864532470703125e-05 4.291534423828125000e-05 6.002187728881835938e-05 4.822015762329101562e-05 4.872679710388183594e-05 4.795193672180175781e-05 4.419684410095214844e-05
1.257611258712337365e+00 3.002583980560302734e-04 2.904236316680908203e-04 2.884566783905029297e-04 2.939403057098388672e-04 2.793967723846435547e-04 2.881586551666259766e-04 2.918839454650878906e-04 2.867877483367919922e-04 2.979338169097900391e-04 2.821981906890869141e-04
1.264064020697725166e+00 -2.559125423431396484e-04 -2.583563327789306641e-04 -2.433955669403076172e-04 -2.346336841583251953e-04 -2.382993698120117188e-04 -2.454221248626708984e-04 -2.492666244506835938e-04 -2.501308917999267578e-04 -2.435445785522460938e-04 -2.497136592864990234e-04
1.270516782683113188e+00 -1.829266548156738281e-04 -1.616179943084716797e-04 -1.747012138366699219e-04 -1.640915870666503906e-04 -1.797080039978027344e-04 -1.747310161590576172e-04 -1.650750637054443359e-04 -1.847743988037109375e-04 -1.793205738067626953e-04 -1.631975173950195312e-04
1.276969544668500989e+00 2.671182155609130859e-04 2.695024013519287109e-04 2.697110176086425781e-04 2.690255641937255859e-04 2.628564834594726562e-04 2.695918083190917969e-04 2.631247043609619141e-04 2.730488777160644531e-04 2.635121345520019531e-04 2.647340297698974609e-04
1.283422306653888789e+00 -3.296136856079101562e-05 -2.133846282958984375e-05 -1.382827758789062500e-05 -2.387166023254394531e-05 -1.153349876403808594e-05 -2.279877662658691406e-05 -1.707673072814941406e-05 -2.890825271606445312e-05 -2.032518386840820312e-05 -1.695752143859863281e-05
1.289875068639276812e+00 -2.096891403198242188e-04 -1.980066299438476562e-04 -1.934766769409179688e-04 -1.994669437408447266e-04 -2.074837684631347656e-04 -1.979470252990722656e-04 -2.088546752929687500e-04 -2.164840698242187500e-04 -2.089142799377441406e-04 -2.076029777526855469e-04
1.296327830624664612e+00 1.852214336395263672e-04 2.017915248870849609e-04 1.924335956573486328e-04 1.918375492095947266e-04 2.031624317169189453e-04 1.985728740692138672e-04 1.998245716094970703e-04 1.915991306304931641e-04 1.971125602722167969e-04 1.947283744812011719e-04
1.302780592610052635e+00 6.133317947387695312e-05 4.613399505615234375e-05 5.313754081726074219e-05 6.070733070373535156e-05 5.480647087097167969e-05 4.744529724121093750e-05 5.534291267395019531e-05 6.744265556335449219e-05 5.865097045898437500e-05 4.678964614868164062e-05
1.309233354595440435e+00 -2.624094486236572266e-04 -2.662241458892822266e-04 -2.695620059967041016e-04 -2.637803554534912109e-04 -2.626776695251464844e-04 -2.611577510833740234e-04 -2.669692039489746094e-04 -2.669394016265869141e-04 -2.690255641937255859e-04 -2.721250057220458984e-04
1.315686116580828458e+00 1.688897609710693359e-04 1.691579818725585938e-04 1.564919948577880859e-04 1.601278781890869141e-04 1.746416091918945312e-04 1.704990863800048828e-04 1.668930053710937500e-04 1.662373542785644531e-04 1.609027385711669922e-04 1.645982265472412109e-04
1.322138878566216258e+00 1.292228698730468750e-04 1.306235790252685547e-04 1.391470432281494141e-04 1.389384269714355469e-04 1.371204853057861328e-04 1.260638236999511719e-04 1.388788223266601562e-04 1.380741596221923828e-04 1.330673694610595703e-04 1.198947429656982422e-04
1.328591640551604280e+00 -2.080798149108886719e-04 -2.049505710601806641e-04 -2.009272575378417969e-04 -2.129673957824707031e-04 -2.113580703735351562e-04 -2.055764198303222656e-04 -1.890063285827636719e-04 -1.943409442901611328e-04 -2.022981643676757812e-04 -1.989901065826416016e-04
1.335044402536992081e+00 -4.053115844726562500e-06 -1.451373100280761719e-05 -9.387731552124023438e-06 -5.662441253662109375e-06 -1.078844070434570312e-05 8.642673492431640625e-07 -1.364946365356445312e-05 -5.483627319335937500e-06 1.788139343261718750e-06 -1.093745231628417969e-05
1.341497164522380103e+00 1.845955848693847656e-04 1.923143863677978516e-04 1.709461212158203125e-04 1.825988292694091797e-04 1.850724220275878906e-04 1.792907714843750000e-04 1.877248287200927734e-04 1.770555973052978516e-04 1.839697360992431641e-04 1.776814460754394531e-04
1.347949926507767904e+00 -1.023113727569580078e-04 -9.927153587341308594e-05 -9.787082672119140625e-05 -1.010596752166748047e-04 -9.852647781372070312e-05 -8.943676948547363281e-05 -9.733438491821289062e-05 -9.697675704956054688e-05 -9.882450103759765625e-05 -9.730458259582519531e-05
1.354402688493155926e+00 1.311302185058593750e-06 -1.043081283569335938e-06 1.460313796997070312e-05 -7.420778274536132812e-06 -5.960464477539062500e-06 3.099441528320312500e-06 1.251697540283203125e-06 8.165836334228515625e-06 -2.205371856689453125e-06 3.188848495483398438e-06
1.360855450478543727e+00 6.791949272155761719e-05 7.435679435729980469e-05 7.399916648864746094e-05 6.353855133056640625e-05 6.812810897827148438e-05 6.833672523498535156e-05 5.459785461425781250e-05 7.572770118713378906e-05 6.586313247680664062e-05 6.058812141418457031e-05
1.367308212463931749e+00 -2.032220363616943359e-04 -2.017915248870849609e-04 -1.952648162841796875e-04 -2.008378505706787109e-04 -2.087652683258056641e-04 -1.942813396453857422e-04 -2.087652683258056641e-04 -2.014040946960449219e-04 -2.031624317169189453e-04 -1.916289329528808594e-04
1.373760974449319550e+00 -7.867813110351562500e-06 1.311302185058593750e-06 9.089708328247070312e-06 4.470348358154296875e-06 -5.900859832763671875e-06 5.275011062622070312e-06 6.139278411865234375e-06 3.039836883544921875e-06 5.245208740234375000e-06 -1.934170722961425781e-05
1.380213736434707350e+00 -9.536743164062500000e-07 1.341104507446289062e-06 -9.208917617797851562e-06 -5.602836608886718750e-06 -6.228685379028320312e-06 1.221895217895507812e-06 -2.592802047729492188e-06 -1.445412635803222656e-05 -2.771615982055664062e-06 -6.228685379028320312e-06
1.386666498420095373e+00 -1.376867294311523438e-05 -2.256035804748535156e-05 -2.872943878173828125e-05 -2.598762512207031250e-05 -2.396106719970703125e-05 -1.531839370727539062e-05 -2.992153167724609375e-05 -2.285838127136230469e-05 -3.018975257873535156e-05 -2.101063728332519531e-05
1.393119260405483173e+00 6.484985351562500000e-05 6.338953971862792969e-05 5.427002906799316406e-05 5.453824996948242188e-05 7.429718971252441406e-05 6.279349327087402344e-05 5.987286567687988281e-05 6.628036499023437500e-05 7.143616676330566406e-05 5.671381950378417969e-05
1.399572022390871195e+00 -2.522468566894531250e-04 -2.410709857940673828e-04 -2.556443214416503906e-04 -2.630352973937988281e-04 -2.563297748565673828e-04 -2.743601799011230469e-04 -2.536475658416748047e-04 -2.727508544921875000e-04 -2.555549144744873047e-04 -2.535879611968994141e-04
1.406024784376258996e+00 2.367198467254638672e-04 2.462267875671386719e-04 2.444684505462646484e-04 2.397596836090087891e-04 2.498030662536621094e-04 2.467930316925048828e-04 2.429783344268798828e-04 2.459585666656494141e-04 2.341568470001220703e-04 2.450048923492431641e-04
1.412477546361647018e+00 -1.231133937835693359e-04 -1.375973224639892578e-04 -1.248717308044433594e-04 -1.190304756164550781e-04 -1.152157783508300781e-04 -1.182854175567626953e-04 -1.156926155090332031e-04 -1.174807548522949219e-04 -1.226663589477539062e-04 -1.255869865417480469e-04
1.418930308347034819e+00 -3.430247306823730469e-05 -3.516674041748046875e-05 -2.086162567138671875e-05 -3.573298454284667969e-05 -3.352761268615722656e-05 -4.005432128906250000e-05 -4.607439041137695312e-05 -3.796815872192382812e-05 -4.211068153381347656e-05 -4.029273986816406250e-05
1.425383070332422841e+00 1.926124095916748047e-04 1.976490020751953125e-04 1.955330371856689453e-04 2.094209194183349609e-04 1.940727233886718750e-04 1.971423625946044922e-04 2.034306526184082031e-04 1.934468746185302734e-04 1.996159553527832031e-04 1.933872699737548828e-04
1.431835832317810642e+00 -6.014108657836914062e-05 -3.543496131896972656e-05 -3.525614738464355469e-05 -4.258751869201660156e-05 -4.911422729492187500e-05 -2.536177635192871094e-05 -4.571676254272460938e-05 -4.687905311584472656e-05 -4.258751869201660156e-05 -4.205107688903808594e-05
1.438288594303198664e+00 -2.357065677642822266e-04 -2.525746822357177734e-04 -2.451539039611816406e-04 -2.479255199432373047e-04 -2.450048923492431641e-04 -2.419948577880859375e-04 -2.470910549163818359e-04 -2.413988113403320312e-04 -2.425909042358398438e-04 -2.382397651672363281e-04
1.444741356288586465e+00 3.615021705627441406e-05 3.263354301452636719e-05 4.151463508605957031e-05 5.242228507995605469e-05 4.678964614868164062e-05 3.719329833984375000e-05 3.719329833984375000e-05 3.451108932495117188e-05 3.784894943237304688e-05 5.024671554565429688e-05
1.451194118273974487e+00 6.768107414245605469e-05 6.571412086486816406e-05 7.432699203491210938e-05 6.639957427978515625e-05 7.614493370056152344e-05 6.967782974243164062e-05 6.878376007080078125e-05 7.185339927673339844e-05 6.458163261413574219e-05 6.601214408874511719e-05
1.457646880259362288e+00 -2.515316009521484375e-05 -3.075599670410156250e-05 -2.560019493103027344e-05 -3.567337989807128906e-05 -2.667307853698730469e-05 -2.372264862060546875e-05 -1.779198646545410156e-05 -2.843141555786132812e-05 -3.707408905029296875e-05 -1.698732376098632812e-05
1.464099642244750310e+00 1.602768898010253906e-04 1.375079154968261719e-04 1.532435417175292969e-04 1.495182514190673828e-04 1.432895660400390625e-04 1.501441001892089844e-04 1.426935195922851562e-04 1.345574855804443359e-04 1.412928104400634766e-04 1.409947872161865234e-04
1.470552404230138110e+00 -7.879734039306640625e-05 -7.078051567077636719e-05 -5.996227264404296875e-05 -7.387995719909667969e-05 -6.592273712158203125e-05 -6.464123725891113281e-05 -7.736682891845703125e-05 -6.696581840515136719e-05 -6.321072578430175781e-05 -7.465481758117675781e-05
1.477005166215525911e+00 -1.788139343261718750e-07 4.500150680541992188e-06 1.272559165954589844e-05 7.450580596923828125e-07 3.546476364135742188e-06 1.013278961181640625e-05 1.344084739685058594e-05 1.347064971923828125e-05 1.311302185058593750e-06 4.529953002929687500e-06
1.483457928200913933e+00 1.218914985656738281e-05 1.290440559387207031e-05 1.049041748046875000e-05 1.215934753417968750e-05 1.850724220275878906e-05 2.861022949218750000e-06 1.561641693115234375e-05 1.132488250732421875e-06 1.412630081176757812e-05 1.519918441772460938e-05
1.489910690186301734e+00 -3.805756568908691406e-05 -3.165006637573242188e-05 -4.485249519348144531e-05 -4.723668098449707031e-05 -4.220008850097656250e-05 -4.544854164123535156e-05 -4.079937934875488281e-05 -4.217028617858886719e-05 -3.990530967712402344e-05 -5.406141281127929688e-05
1.496363452171689756e+00 4.380941390991210938e-05 4.795193672180175781e-05 4.753470420837402344e-05 4.968047142028808594e-05 5.033612251281738281e-05 4.166364669799804688e-05 3.123283386230468750e-05 4.523992538452148438e-05 4.702806472778320312e-05 3.737211227416992188e-05
1.502816214157077557e+00 5.823373794555664062e-05 6.949901580810546875e-05 6.830692291259765625e-05 7.170438766479492188e-05 5.516409873962402344e-05 5.477666854858398438e-05 6.738305091857910156e-05 4.696846008300781250e-05 7.149577140808105469e-05 6.520748138427734375e-05
1.509268976142465579e+00 -6.419420242309570312e-05 -6.389617919921875000e-05 -7.006525993347167969e-05 -6.559491157531738281e-05 -6.437301635742187500e-05 -7.992982864379882812e-05 -7.292628288269042969e-05 -6.657838821411132812e-05 -6.258487701416015625e-05 -7.599592208862304688e-05
1.515721738127853380e+00 2.667307853698730469e-05 2.732872962951660156e-05 2.455711364746093750e-05 2.938508987426757812e-05 1.063942909240722656e-05 2.834200859069824219e-05 2.929568290710449219e-05 1.350045204162597656e-05 3.367662429809570312e-05 1.764297485351562500e-05
1.522174500113241402e+00 1.223981380462646484e-04 1.125335693359375000e-04 1.156628131866455078e-04 1.078844070434570312e-04 1.228153705596923828e-04 1.224577426910400391e-04 1.186430454254150391e-04 1.133382320404052734e-04 1.152455806732177734e-04 1.177489757537841797e-04
1.528627262098629203e+00 -5.844235420227050781e-05 -4.661083221435546875e-05 -5.394220352172851562e-05 -5.483627319335937500e-05 -6.186962127685546875e-05 -5.790591239929199219e-05 -4.976987838745117188e-05 -5.581974983215332031e-05 -3.957748413085937500e-05 -5.820393562316894531e-05
1.535080024084017225e+00 -7.867813110351562500e-06 -1.311302185058593750e-05 -1.618266105651855469e-05 -1.752376556396484375e-05 -6.675720214843750000e-06 -1.329183578491210938e-05 -1.150369644165039062e-05 -1.707673072814941406e-05 -1.320242881774902344e-05 -1.788139343261718750e-05
1.541532786069405025e+00 6.780028343200683594e-05 6.526708602905273438e-05 6.684660911560058594e-05 5.909800529479980469e-05 6.163120269775390625e-05 7.343292236328125000e-05 6.985664367675781250e-05 6.857514381408691406e-05 6.306171417236328125e-05 7.131695747375488281e-05
1.547985548054793048e+00 -4.178285598754882812e-05 -4.419684410095214844e-05 -5.191564559936523438e-05 -3.108382225036621094e-05 -4.675984382629394531e-05 -3.477931022644042969e-05 -4.440546035766601562e-05 -3.555417060852050781e-05 -3.281235694885253906e-05 -4.246830940246582031e-05
1.554438310040180848e+00 -6.404519081115722656e-05 -6.452202796936035156e-05 -5.078315734863281250e-05 -5.397200584411621094e-05 -6.070733070373535156e-05 -5.212426185607910156e-05 -4.112720489501953125e-05 -6.225705146789550781e-05 -6.642937660217285156e-05 -5.862116813659667969e-05
1.560891072025568649e+00 8.803606033325195312e-05 1.039505004882812500e-04 1.025199890136718750e-04 1.028180122375488281e-04 1.043081283569335938e-04 9.635090827941894531e-05 1.026093959808349609e-04 1.048147678375244141e-04 1.045465469360351562e-04 1.047253608703613281e-04
1.567343834010956671e+00 -4.541873931884765625e-05 -5.325675010681152344e-05 -4.050135612487792969e-05 -4.491209983825683594e-05 -4.261732101440429688e-05 -3.740191459655761719e-05 -4.485249519348144531e-05 -4.479289054870605469e-05 -5.540251731872558594e-05 -3.784894943237304688e-05
1.573796595996344472e+00 -7.000565528869628906e-05 -7.534027099609375000e-05 -7.298588752746582031e-05 -7.024407386779785156e-05 -8.168816566467285156e-05 -7.164478302001953125e-05 -7.358193397521972656e-05 -7.674098014831542969e-05 -7.456541061401367188e-05 -8.088350296020507812e-05
1.580249357981732494e+00 4.056096076965332031e-05 5.182623863220214844e-05 3.796815872192382812e-05 4.088878631591796875e-05 4.643201828002929688e-05 3.698468208312988281e-05 5.093216896057128906e-05 5.385279655456542969e-05 4.816055297851562500e-05 4.488229751586914062e-05
1.586702119967120295e+00 -1.391768455505371094e-05 -2.574920654296875000e-05 -2.029538154602050781e-05 -3.144145011901855469e-05 -1.952052116394042969e-05 -2.381205558776855469e-05 -2.530217170715332031e-05 -2.515316009521484375e-05 -1.680850982666015625e-05 -2.714991569519042969e-05
1.593154881952508317e+00 -1.528859138488769531e-05 -1.513957977294921875e-05 -1.639127731323242188e-05 -1.418590545654296875e-05 -1.138448715209960938e-05 -1.293420791625976562e-05 -1.463294029235839844e-05 -3.534555435180664062e-05 -1.373887062072753906e-05 -1.844763755798339844e-05
1.599607643937896118e+00 1.806020736694335938e-05 1.123547554016113281e-05 5.692243576049804688e-06 1.364946365356445312e-05 1.388788223266601562e-05 4.559755325317382812e-06 1.168251037597656250e-05 1.344084739685058594e-05 2.393126487731933594e-05 1.060962677001953125e-05
1.606060405923284140e+00 3.620982170104980469e-05 2.682209014892578125e-05 3.278255462646484375e-05 3.305077552795410156e-05 2.864003181457519531e-05 1.949071884155273438e-05 3.299117088317871094e-05 2.369284629821777344e-05 3.013014793395996094e-05 3.007054328918457031e-05
1.612513167908671941e+00 -4.842877388000488281e-05 -4.878640174865722656e-05 -5.123019218444824219e-05 -4.452466964721679688e-05 -4.908442497253417969e-05 -5.331635475158691406e-05 -4.824995994567871094e-05 -5.048513412475585938e-05 -4.693865776062011719e-05 -5.108118057250976562e-05
1.618965929894059963e+00 -3.302097320556640625e-05 -3.835558891296386719e-05 -4.124641418457031250e-05 -4.154443740844726562e-05 -3.296136856079101562e-05 -4.190206527709960938e-05 -4.035234451293945312e-05 -3.960728645324707031e-05 -3.138184547424316406e-05 -3.591179847717285156e-05
1.625418691879447763e+00 1.032054424285888672e-04 9.679794311523437500e-05 9.521842002868652344e-05 9.673833847045898438e-05 1.025497913360595703e-04 9.047985076904296875e-05 8.955597877502441406e-05 9.977817535400390625e-05 1.036822795867919922e-04 9.188055992126464844e-05
1.631871453864835786e+00 -1.549720764160156250e-05 -1.397728919982910156e-05 -2.226233482360839844e-05 -1.949071884155273438e-05 -1.370906829833984375e-05 -2.804398536682128906e-05 -2.521276473999023438e-05 -2.902746200561523438e-05 -1.561641693115234375e-05 -1.546740531921386719e-05
1.638324215850223586e+00 -5.534291267395019531e-05 -6.017088890075683594e-05 -6.419420242309570312e-05 -5.879998207092285156e-05 -6.631016731262207031e-05 -4.938244819641113281e-05 -5.367398262023925781e-05 -6.237626075744628906e-05 -5.441904067993164062e-05 -5.394220352172851562e-05
1.644776977835611609e+00 1.059174537658691406e-04 1.093149185180664062e-04 1.053512096405029297e-04 1.022219657897949219e-04 1.064538955688476562e-04 1.129209995269775391e-04 1.044273376464843750e-04 1.194179058074951172e-04 1.088380813598632812e-04 1.077055931091308594e-04
1.651229739820999409e+00 5.066394805908203125e-06 1.007318496704101562e-05 1.481175422668457031e-05 5.483627319335937500e-06 5.364418029785156250e-07 1.013278961181640625e-06 9.477138519287109375e-06 6.645917892456054688e-06 8.881092071533203125e-06 7.480382919311523438e-06
1.657682501806387210e+00 -5.441904067993164062e-05 -5.298852920532226562e-05 -5.173683166503906250e-05 -5.698204040527343750e-05 -6.538629531860351562e-05 -5.534291267395019531e-05 -5.218386650085449219e-05 -5.170702934265136719e-05 -5.200505256652832031e-05 -4.377961158752441406e-05
1.664135263791775232e+00 1.005530357360839844e-04 9.086728096008300781e-05 9.724497795104980469e-05 1.074671745300292969e-04 9.173154830932617188e-05 1.094341278076171875e-04 9.468197822570800781e-05 9.864568710327148438e-05 1.038014888763427734e-04 1.066029071807861328e-04
1.670588025777163033e+00 -4.604458808898925781e-05 -4.568696022033691406e-05 -4.056096076965332031e-05 -3.945827484130859375e-05 -4.017353057861328125e-05 -4.321336746215820312e-05 -3.930926322937011719e-05 -4.142522811889648438e-05 -4.804134368896484375e-05 -4.017353057861328125e-05
1.677040787762551055e+00 -1.246333122253417969e-04 -1.200735569000244141e-04 -1.404881477355957031e-04 -1.275539398193359375e-04 -1.301467418670654297e-04 -1.230835914611816406e-04 -1.271069049835205078e-04 -1.345872879028320312e-04 -1.359581947326660156e-04 -1.356005668640136719e-04
1.683493549747938856e+00 6.923079490661621094e-05 6.848573684692382812e-05 7.000565528869628906e-05 6.327033042907714844e-05 6.830692291259765625e-05 6.914138793945312500e-05 6.127357482910156250e-05 6.479024887084960938e-05 6.604194641113281250e-05 6.997585296630859375e-05
1.689946311733326878e+00 1.630187034606933594e-04 1.670420169830322266e-04 1.693367958068847656e-04 1.713335514068603516e-04 1.606643199920654297e-04 1.543164253234863281e-04 1.678168773651123047e-04 1.599788665771484375e-04 1.642405986785888672e-04 1.595616340637207031e-04
1.696399073718714678e+00 -7.525086402893066406e-05 -7.215142250061035156e-05 -8.559226989746093750e-05 -7.882714271545410156e-05 -6.255507469177246094e-05 -7.829070091247558594e-05 -8.371472358703613281e-05 -7.420778274536132812e-05 -6.955862045288085938e-05 -7.289648056030273438e-05
1.702851835704102701e+00 -5.483627319335937500e-05 -5.182623863220214844e-05 -5.143880844116210938e-05 -5.599856376647949219e-05 -5.230307579040527344e-05 -6.395578384399414062e-05 -6.428360939025878906e-05 -6.085634231567382812e-05 -6.052851676940917969e-05 -5.823373794555664062e-05
1.709304597689490501e+00 7.542967796325683594e-05 8.395314216613769531e-05 8.502602577209472656e-05 8.568167686462402344e-05 8.499622344970703125e-05 9.322166442871093750e-05 8.344650268554687500e-05 8.511543273925781250e-05 9.781122207641601562e-05 8.767843246459960938e-05
1.715757359674878524e+00 -7.170438766479492188e-05 -7.146596908569335938e-05 -7.712841033935546875e-05 -7.382035255432128906e-05 -7.140636444091796875e-05 -8.019804954528808594e-05 -7.128715515136718750e-05 -7.498264312744140625e-05 -8.529424667358398438e-05 -7.429718971252441406e-05
1.722210121660266324e+00 -4.509091377258300781e-05 -5.263090133666992188e-05 -4.491209983825683594e-05 -6.088614463806152344e-05 -4.675984382629394531e-05 -3.623962402343750000e-05 -4.553794860839843750e-05 -4.732608795166015625e-05 -4.678964614868164062e-05 -4.035234451293945312e-05
1.728662883645654347e+00 1.284480094909667969e-04 1.276135444641113281e-04 1.294612884521484375e-04 1.338720321655273438e-04 1.227557659149169922e-04 1.218318939208984375e-04 1.248419284820556641e-04 1.278221607208251953e-04 1.209378242492675781e-04 1.240372657775878906e-04
1.735115645631042147e+00 -3.221631050109863281e-05 -4.082918167114257812e-05 -3.996491432189941406e-05 -5.033612251281738281e-05 -3.895163536071777344e-05 -4.732608795166015625e-05 -3.683567047119140625e-05 -4.455447196960449219e-05 -4.747509956359863281e-05 -4.637241363525390625e-05
1.741568407616429948e+00 -7.224082946777343750e-05 -8.136034011840820312e-05 -7.972121238708496094e-05 -8.440017700195312500e-05 -7.328391075134277344e-05 -7.477402687072753906e-05 -7.578730583190917969e-05 -8.752942085266113281e-05 -9.253621101379394531e-05 -7.581710815429687500e-05
1.748021169601817970e+00 1.558661460876464844e-04 1.454949378967285156e-04 1.469254493713378906e-04 1.516938209533691406e-04 1.558959484100341797e-04 1.556575298309326172e-04 1.541674137115478516e-04 1.638829708099365234e-04 1.622438430786132812e-04 1.642704010009765625e-04
1.754473931587205771e+00 6.452202796936035156e-05 5.668401718139648438e-05 5.492568016052246094e-05 5.522370338439941406e-05 6.771087646484375000e-05 5.763769149780273438e-05 5.546212196350097656e-05 6.464123725891113281e-05 6.705522537231445312e-05 4.476308822631835938e-05
1.760926693572593793e+00 -1.375675201416015625e-04 -1.304149627685546875e-04 -1.347064971923828125e-04 -1.423060894012451172e-04 -1.348555088043212891e-04 -1.274943351745605469e-04 -1.426041126251220703e-04 -1.357197761535644531e-04 -1.366138458251953125e-04 -1.331865787506103516e-04
1.767379455557981593e+00 1.870393753051757812e-04 1.850426197052001953e-04 1.881122589111328125e-04 1.959502696990966797e-04 1.951456069946289062e-04 1.851022243499755859e-04 1.861155033111572266e-04 1.944601535797119141e-04 1.841783523559570312e-04 1.876056194305419922e-04
1.773832217543369616e+00 -1.636147499084472656e-05 -1.150369644165039062e-05 -1.102685928344726562e-05 -1.782178878784179688e-05 -2.086162567138671875e-05 -6.586313247680664062e-06 -1.320242881774902344e-05 -2.264976501464843750e-06 -8.076429367065429688e-06 -1.850724220275878906e-05
1.780284979528757416e+00 -1.418888568878173828e-04 -1.526772975921630859e-04 -1.441240310668945312e-04 -1.460313796997070312e-04 -1.401305198669433594e-04 -1.380145549774169922e-04 -1.361370086669921875e-04 -1.484751701354980469e-04 -1.446604728698730469e-04 -1.474916934967041016e-04
1.786737741514145439e+00 7.471442222595214844e-05 8.165836334228515625e-05 9.590387344360351562e-05 8.645653724670410156e-05 8.502602577209472656e-05 7.966160774230957031e-05 8.395314216613769531e-05 8.437037467956542969e-05 8.970499038696289062e-05 8.681416511535644531e-05
1.793190503499533239e+00 -3.939867019653320312e-05 -3.612041473388671875e-05 -2.729892730712890625e-05 -3.707408905029296875e-05 -3.135204315185546875e-05 -2.878904342651367188e-05 -3.713369369506835938e-05 -4.038214683532714844e-05 -2.253055572509765625e-05 -3.772974014282226562e-05
1.799643265484921262e+00 6.556510925292968750e-05 6.166100502014160156e-05 5.882978439331054688e-05 6.583333015441894531e-05 6.872415542602539062e-05 5.987286567687988281e-05 6.085634231567382812e-05 5.990266799926757812e-05 5.131959915161132812e-05 5.352497100830078125e-05
1.806096027470309062e+00 8.833408355712890625e-05 9.036064147949218750e-05 8.565187454223632812e-05 8.931756019592285156e-05 8.898973464965820312e-05 9.170174598693847656e-05 8.311867713928222656e-05 8.541345596313476562e-05 8.475780487060546875e-05 9.039044380187988281e-05
1.812548789455697085e+00 -4.532933235168457031e-05 -5.406141281127929688e-05 -4.866719245910644531e-05 -5.191564559936523438e-05 -3.078579902648925781e-05 -5.623698234558105469e-05 -5.379319190979003906e-05 -4.854798316955566406e-05 -4.667043685913085938e-05 -5.576014518737792969e-05
1.819001551441084885e+00 1.016557216644287109e-04 8.285045623779296875e-05 1.039206981658935547e-04 9.283423423767089844e-05 9.649991989135742188e-05 9.906291961669921875e-05 9.307265281677246094e-05 9.781122207641601562e-05 1.012384891510009766e-04 9.328126907348632812e-05
1.825454313426472908e+00 -7.170438766479492188e-05 -5.882978439331054688e-05 -7.361173629760742188e-05 -6.881356239318847656e-05 -7.551908493041992188e-05 -7.116794586181640625e-05 -7.924437522888183594e-05 -8.836388587951660156e-05 -7.429718971252441406e-05 -7.864832878112792969e-05
1.831907075411860708e+00 -1.153647899627685547e-04 -1.196861267089843750e-04 -1.197457313537597656e-04 -1.241266727447509766e-04 -1.234710216522216797e-04 -1.190602779388427734e-04 -1.190304756164550781e-04 -1.293718814849853516e-04 -1.235008239746093750e-04 -1.208782196044921875e-04
1.838359837397248508e+00 2.419948577880859375e-04 2.384781837463378906e-04 2.360343933105468750e-04 2.366006374359130859e-04 2.515912055969238281e-04 2.377331256866455078e-04 2.441704273223876953e-04 2.394020557403564453e-04 2.387762069702148438e-04 2.384781837463378906e-04
1.844812599382636531e+00 -1.582801342010498047e-04 -1.545846462249755859e-04 -1.544058322906494141e-04 -1.558363437652587891e-04 -1.463592052459716797e-04 -1.398026943206787109e-04 -1.495480537414550781e-04 -1.561343669891357422e-04 -1.489222049713134766e-04 -1.465976238250732422e-04
1.851265361368024331e+00 -1.068115234375000000e-04 -1.113116741180419922e-04 -1.125633716583251953e-04 -1.117289066314697266e-04 -1.184344291687011719e-04 -1.200139522552490234e-04 -1.250505447387695312e-04 -1.203715801239013672e-04 -1.223385334014892578e-04 -1.228153705596923828e-04
1.857718123353412354e+00 3.688037395477294922e-04 3.668367862701416016e-04 3.649592399597167969e-04 3.613829612731933594e-04 3.572404384613037109e-04 3.560781478881835938e-04 3.707408905029296875e-04 3.620684146881103516e-04 3.609657287597656250e-04 3.604292869567871094e-04
1.864170885338800154e+00 -2.093613147735595703e-04 -1.984834671020507812e-04 -2.033412456512451172e-04 -1.992583274841308594e-04 -2.014338970184326172e-04 -1.989006996154785156e-04 -2.112090587615966797e-04 -1.934170722961425781e-04 -2.024769783020019531e-04 -2.065300941467285156e-04
1.870623647324188177e+00 -1.873672008514404297e-04 -1.921057701110839844e-04 -1.869499683380126953e-04 -1.921951770782470703e-04 -1.826882362365722656e-04 -1.874268054962158203e-04 -1.982748508453369141e-04 -1.873970031738281250e-04 -1.987814903259277344e-04 -1.765191555023193359e-04
1.877076409309575977e+00 4.573166370391845703e-04 4.448890686035156250e-04 4.484057426452636719e-04 4.515349864959716797e-04 4.537999629974365234e-04 4.518926143646240234e-04 4.606842994689941406e-04 4.522800445556640625e-04 4.484951496124267578e-04 4.426538944244384766e-04
1.883529171294964000e+00 -2.536177635192871094e-04 -2.454817295074462891e-04 -2.557337284088134766e-04 -2.533197402954101562e-04 -2.415180206298828125e-04 -2.549290657043457031e-04 -2.409517765045166016e-04 -2.387762069702148438e-04 -2.461671829223632812e-04 -2.445280551910400391e-04
1.889981933280351800e+00 -2.083778381347656250e-04 -2.066493034362792969e-04 -2.117455005645751953e-04 -2.060830593109130859e-04 -1.956522464752197266e-04 -2.101063728332519531e-04 -2.187192440032958984e-04 -2.092719078063964844e-04 -2.092123031616210938e-04 -1.991689205169677734e-04
1.896434695265739823e+00 4.819035530090332031e-04 4.850625991821289062e-04 4.788935184478759766e-04 4.859864711761474609e-04 4.844963550567626953e-04 4.749596118927001953e-04 4.870593547821044922e-04 4.926025867462158203e-04 4.763305187225341797e-04 4.859566688537597656e-04
1.902887457251127623e+00 -2.235174179077148438e-04 -2.321600914001464844e-04 -2.288520336151123047e-04 -2.417266368865966797e-04 -2.254843711853027344e-04 -2.184510231018066406e-04 -2.396702766418457031e-04 -2.318620681762695312e-04 -2.304017543792724609e-04 -2.323687076568603516e-04
1.909340219236515646e+00 -1.684427261352539062e-04 -1.887381076812744141e-04 -1.809000968933105469e-04 -1.789331436157226562e-04 -1.738071441650390625e-04 -1.928210258483886719e-04 -1.780688762664794922e-04 -1.783072948455810547e-04 -1.990199089050292969e-04 -1.901686191558837891e-04
1.915792981221903446e+00 4.312694072723388672e-04 4.299879074096679688e-04 4.199445247650146484e-04 4.276633262634277344e-04 4.227757453918457031e-04 4.305541515350341797e-04 4.196465015411376953e-04 4.318654537200927734e-04 4.257559776306152344e-04 4.328787326812744141e-04
1.922245743207291468e+00 -2.497434616088867188e-04 -2.418756484985351562e-04 -2.427101135253906250e-04 -2.432465553283691406e-04 -2.403259277343750000e-04 -2.413690090179443359e-04 -2.267658710479736328e-04 -2.391338348388671875e-04 -2.354383468627929688e-04 -2.462565898895263672e-04
1.928698505192679269e+00 -1.077950000762939453e-04 -1.109540462493896484e-04 -1.024901866912841797e-04 -1.016855239868164062e-04 -1.096129417419433594e-04 -1.116096973419189453e-04 -1.075267791748046875e-04 -1.079142093658447266e-04 -1.028776168823242188e-04 -1.127421855926513672e-04
1.935151267178067069e+00 3.819763660430908203e-04 3.892481327056884766e-04 3.727376461029052734e-04 3.827512264251708984e-04 3.861486911773681641e-04 3.931224346160888672e-04 3.895163536071777344e-04 3.831088542938232422e-04 3.786981105804443359e-04 3.843903541564941406e-04
1.941604029163455092e+00 -1.429319381713867188e-04 -1.443922519683837891e-04 -1.353919506072998047e-04 -1.462101936340332031e-04 -1.412332057952880859e-04 -1.373589038848876953e-04 -1.542866230010986328e-04 -1.407563686370849609e-04 -1.537203788757324219e-04 -1.522600650787353516e-04
1.948056791148842892e+00 -1.537203788757324219e-04 -1.507699489593505859e-04 -1.417994499206542969e-04 -1.420676708221435547e-04 -1.425445079803466797e-04 -1.387298107147216797e-04 -1.362562179565429688e-04 -1.384913921356201172e-04 -1.391172409057617188e-04 -1.390576362609863281e-04
1.954509553134230915e+00 2.192854881286621094e-04 2.208054065704345703e-04 2.166032791137695312e-04 2.184808254241943359e-04 2.102553844451904297e-04 2.188086509704589844e-04 2.150535583496093750e-04 2.193748950958251953e-04 2.161264419555664062e-04 2.206265926361083984e-04
1.960962315119618715e+00 -4.112720489501953125e-05 -3.612041473388671875e-05 -3.728270530700683594e-05 -3.731250762939453125e-05 -4.351139068603515625e-05 -3.713369369506835938e-05 -4.082918167114257812e-05 -3.188848495483398438e-05 -4.369020462036132812e-05 -4.193186759948730469e-05
1.967415077105006738e+00 -1.038312911987304688e-04 -1.180469989776611328e-04 -1.125633716583251953e-04 -1.183152198791503906e-04 -1.070797443389892578e-04 -1.173019409179687500e-04 -1.262128353118896484e-04 -1.028180122375488281e-04 -1.206994056701660156e-04 -1.116991043090820312e-04
1.973867839090394538e+00 1.726746559143066406e-04 1.734197139739990234e-04 1.744031906127929688e-04 1.711845397949218750e-04 1.795291900634765625e-04 1.647174358367919922e-04 1.742243766784667969e-04 1.701116561889648438e-04 1.828372478485107422e-04 1.649856567382812500e-04
1.980320601075782561e+00 -3.993511199951171875e-05 -3.868341445922851562e-05 -2.348423004150390625e-05 -3.316998481750488281e-05 -2.786517143249511719e-05 -2.351403236389160156e-05 -3.936886787414550781e-05 -4.267692565917968750e-05 -3.278255462646484375e-05 -3.501772880554199219e-05
1.986773363061170361e+00 -1.655817031860351562e-04 -1.568496227264404297e-04 -1.682937145233154297e-04 -1.670122146606445312e-04 -1.639127731323242188e-04 -1.579821109771728516e-04 -1.559555530548095703e-04 -1.668930053710937500e-04 -1.499950885772705078e-04 -1.493096351623535156e-04
1.993226125046558384e+00 1.501441001892089844e-04 1.322627067565917969e-04 1.434683799743652344e-04 1.483857631683349609e-04 1.502335071563720703e-04 1.409649848937988281e-04 1.369714736938476562e-04 1.502037048339843750e-04 1.223981380462646484e-04 1.435577869415283203e-04
1.999678887031946184e+00 9.354948997497558594e-05 7.563829421997070312e-05 8.594989776611328125e-05 8.830428123474121094e-05 8.633732795715332031e-05 7.936358451843261719e-05 8.663535118103027344e-05 9.137392044067382812e-05 8.928775787353515625e-05 8.320808410644531250e-05
2.006131649017333984e+00 -6.341934204101562500e-05 -7.268786430358886719e-05 -7.697939872741699219e-05 -7.390975952148437500e-05 -7.519125938415527344e-05 -7.063150405883789062e-05 -6.121397018432617188e-05 -7.188320159912109375e-05 -6.499886512756347656e-05 -5.593895912170410156e-05
