#Range[m] 0 1 2 3 4 5 6 7 8 9
1.800000071525573730e-01 -4.568958282470703125e-02 -4.606705904006958008e-02 -4.563519358634948730e-02 -4.556715488433837891e-02 -4.570060968399047852e-02 -4.560273885726928711e-02 -4.571068286895751953e-02 -4.545217752456665039e-02 -4.548209905624389648e-02 -4.559493064880371094e-02
1.864527691379452845e-01 3.631511330604553223e-02 3.604561090469360352e-02 3.626734018325805664e-02 3.620314598083496094e-02 3.621837496757507324e-02 3.626963496208190918e-02 3.628292679786682129e-02 3.634527325630187988e-02 3.641620278358459473e-02 3.634515404701232910e-02
1.929055311233331682e-01 8.981198072433471680e-03 9.442120790481567383e-03 8.945196866989135742e-03 8.983343839645385742e-03 9.147554636001586914e-03 9.028255939483642578e-03 9.072721004486083984e-03 8.777052164077758789e-03 8.799314498901367188e-03 8.926033973693847656e-03
1.993582931087210797e-01 -2.311226725578308105e-02 -2.318766713142395020e-02 -2.317428588867187500e-02 -2.311217784881591797e-02 -2.315509319305419922e-02 -2.320015430450439453e-02 -2.319204807281494141e-02 -2.307298779487609863e-02 -2.311283349990844727e-02 -2.317693829536437988e-02
2.058110550941089911e-01 3.710359334945678711e-03 3.592371940612792969e-03 3.698289394378662109e-03 3.656804561614990234e-03 3.672987222671508789e-03 3.698736429214477539e-03 3.678977489471435547e-03 3.729045391082763672e-03 3.752797842025756836e-03 3.758549690246582031e-03
2.122638170794968748e-01 7.082223892211914062e-03 7.051289081573486328e-03 7.086306810379028320e-03 7.072269916534423828e-03 7.008999586105346680e-03 7.095962762832641602e-03 7.098257541656494141e-03 7.093489170074462891e-03 7.043778896331787109e-03 6.994366645812988281e-03
2.187165790648847863e-01 6.916344165802001953e-03 7.027000188827514648e-03 6.913244724273681641e-03 6.980210542678833008e-03 7.015019655227661133e-03 6.916642189025878906e-03 6.884604692459106445e-03 6.882846355438232422e-03 6.882935762405395508e-03 6.944119930267333984e-03
2.251693410502726977e-01 -1.553839445114135742e-02 -1.541063189506530762e-02 -1.550960540771484375e-02 -1.552447676658630371e-02 -1.552769541740417480e-02 -1.548299193382263184e-02 -1.551774144172668457e-02 -1.554897427558898926e-02 -1.547577977180480957e-02 -1.552763581275939941e-02
2.316221030356606092e-01 -5.478441715240478516e-03 -5.767703056335449219e-03 -5.471527576446533203e-03 -5.550354719161987305e-03 -5.582004785537719727e-03 -5.514889955520629883e-03 -5.482554435729980469e-03 -5.408108234405517578e-03 -5.437254905700683594e-03 -5.482733249664306641e-03
2.380748650210485207e-01 2.557957172393798828e-02 2.554202079772949219e-02 2.556630969047546387e-02 2.562427520751953125e-02 2.558064460754394531e-02 2.557080984115600586e-02 2.552732825279235840e-02 2.560913562774658203e-02 2.553448081016540527e-02 2.553483843803405762e-02
2.445276270064364044e-01 -1.091867685317993164e-02 -1.063206791877746582e-02 -1.096004247665405273e-02 -1.076376438140869141e-02 -1.068174839019775391e-02 -1.082086563110351562e-02 -1.067584753036499023e-02 -1.090562343597412109e-02 -1.100945472717285156e-02 -1.078215241432189941e-02
2.509803889918242881e-01 -2.475023269653320312e-02 -2.502909302711486816e-02 -2.474993467330932617e-02 -2.475225925445556641e-02 -2.483996748924255371e-02 -2.472770214080810547e-02 -2.472952008247375488e-02 -2.461823821067810059e-02 -2.462285757064819336e-02 -2.469062805175781250e-02
2.574331509772121995e-01 2.878433465957641602e-02 2.848693728446960449e-02 2.881899476051330566e-02 2.877643704414367676e-02 2.872270345687866211e-02 2.879276871681213379e-02 2.872413396835327148e-02 2.888664603233337402e-02 2.888199687004089355e-02 2.880179882049560547e-02
2.638859129626001110e-01 4.301369190216064453e-03 4.780501127243041992e-03 4.303038120269775391e-03 4.430353641510009766e-03 4.496812820434570312e-03 4.371255636215209961e-03 4.410654306411743164e-03 4.185914993286132812e-03 4.203617572784423828e-03 4.366159439086914062e-03
2.703386749479880224e-01 -3.677782416343688965e-02 -3.689619898796081543e-02 -3.676328063011169434e-02 -3.675898909568786621e-02 -3.678962588310241699e-02 -3.676965832710266113e-02 -3.674736618995666504e-02 -3.667664527893066406e-02 -3.668981790542602539e-02 -3.672468662261962891e-02
2.767914369333759339e-01 1.991993188858032227e-02 1.959705352783203125e-02 1.988312602043151855e-02 1.976543664932250977e-02 1.982644200325012207e-02 1.987385749816894531e-02 1.986077427864074707e-02 2.001586556434631348e-02 1.997014880180358887e-02 1.989674568176269531e-02
2.832441989187638454e-01 1.902341842651367188e-02 1.952356100082397461e-02 1.904854178428649902e-02 1.917001605033874512e-02 1.919737458229064941e-02 1.911881566047668457e-02 1.911666989326477051e-02 1.890638470649719238e-02 1.894813776016235352e-02 1.909071207046508789e-02
2.896969609041517568e-01 -3.261080384254455566e-02 -3.250861167907714844e-02 -3.260806202888488770e-02 -3.258830308914184570e-02 -3.256139159202575684e-02 -3.261435031890869141e-02 -3.258827328681945801e-02 -3.263863921165466309e-02 -3.261691331863403320e-02 -3.256103396415710449e-02
2.961497228895396683e-01 3.663510084152221680e-03 3.186672925949096680e-03 3.634333610534667969e-03 3.518015146255493164e-03 3.524869680404663086e-03 3.602266311645507812e-03 3.588646650314331055e-03 3.771364688873291016e-03 3.749608993530273438e-03 3.655135631561279297e-03
3.026024848749275242e-01 2.401539683341979980e-02 2.432638406753540039e-02 2.402514219284057617e-02 2.406293153762817383e-02 2.407431602478027344e-02 2.405071258544921875e-02 2.396589517593383789e-02 2.386009693145751953e-02 2.388650178909301758e-02 2.398183941841125488e-02
3.090552468603154357e-01 -2.054426074028015137e-02 -2.027603983879089355e-02 -2.052301168441772461e-02 -2.046945691108703613e-02 -2.046382427215576172e-02 -2.050736546516418457e-02 -2.051231265068054199e-02 -2.060464024543762207e-02 -2.059724926948547363e-02 -2.053076028823852539e-02
3.155080088457033471e-01 -1.171156764030456543e-02 -1.207259297370910645e-02 -1.175957918167114258e-02 -1.181975007057189941e-02 -1.182699203491210938e-02 -1.174953579902648926e-02 -1.178333163261413574e-02 -1.167374849319458008e-02 -1.164487004280090332e-02 -1.171749830245971680e-02
3.219607708310912586e-01 2.268311381340026855e-02 2.264127135276794434e-02 2.266952395439147949e-02 2.266573905944824219e-02 2.265840768814086914e-02 2.268615365028381348e-02 2.268046140670776367e-02 2.265438437461853027e-02 2.264979481697082520e-02 2.264690399169921875e-02
3.284135328164791701e-01 -2.576321363449096680e-03 -2.307355403900146484e-03 -2.591311931610107422e-03 -2.501964569091796875e-03 -2.484023571014404297e-03 -2.567321062088012695e-03 -2.538263797760009766e-03 -2.652704715728759766e-03 -2.668440341949462891e-03 -2.578556537628173828e-03
3.348662948018670260e-01 -1.781225204467773438e-02 -1.784601807594299316e-02 -1.781734824180603027e-02 -1.777958869934082031e-02 -1.782339811325073242e-02 -1.781237125396728516e-02 -1.779353618621826172e-02 -1.776665449142456055e-02 -1.774662733078002930e-02 -1.778206229209899902e-02
3.413190567872549375e-01 9.560286998748779297e-03 9.389221668243408203e-03 9.549409151077270508e-03 9.521007537841796875e-03 9.489238262176513672e-03 9.523391723632812500e-03 9.518027305603027344e-03 9.595453739166259766e-03 9.584903717041015625e-03 9.522020816802978516e-03
3.477718187726428489e-01 1.225170493125915527e-02 1.242274045944213867e-02 1.222071051597595215e-02 1.228275895118713379e-02 1.232153177261352539e-02 1.225590705871582031e-02 1.226875185966491699e-02 1.217529177665710449e-02 1.219132542610168457e-02 1.226168870925903320e-02
3.542245807580307604e-01 -1.253938674926757812e-02 -1.245296001434326172e-02 -1.256141066551208496e-02 -1.249086856842041016e-02 -1.253286004066467285e-02 -1.254403591156005859e-02 -1.256266236305236816e-02 -1.259019970893859863e-02 -1.256740093231201172e-02 -1.257058978080749512e-02
3.606773427434186718e-01 -6.436467170715332031e-03 -6.640523672103881836e-03 -6.420612335205078125e-03 -6.486803293228149414e-03 -6.486326456069946289e-03 -6.466358900070190430e-03 -6.477653980255126953e-03 -6.369054317474365234e-03 -6.395727396011352539e-03 -6.452381610870361328e-03
3.671301047288065833e-01 1.596108078956604004e-02 1.590335369110107422e-02 1.594778895378112793e-02 1.593825221061706543e-02 1.590645313262939453e-02 1.594272255897521973e-02 1.593407988548278809e-02 1.594153046607971191e-02 1.594662666320800781e-02 1.592877507209777832e-02
3.735828667141944948e-01 3.583133220672607422e-04 5.970299243927001953e-04 3.731250762939453125e-04 4.190206527709960938e-04 4.218518733978271484e-04 3.886818885803222656e-04 4.034638404846191406e-04 3.010034561157226562e-04 3.003776073455810547e-04 3.423690795898437500e-04
3.800356286995824062e-01 -1.841932535171508789e-02 -1.847243309020996094e-02 -1.839265227317810059e-02 -1.839223504066467285e-02 -1.839113235473632812e-02 -1.840984821319580078e-02 -1.839062571525573730e-02 -1.832652091979980469e-02 -1.833134889602661133e-02 -1.837638020515441895e-02
3.864883906849703177e-01 1.106661558151245117e-02 1.082953810691833496e-02 1.107549667358398438e-02 1.100826263427734375e-02 1.099437475204467773e-02 1.102989912033081055e-02 1.104590296745300293e-02 1.113304495811462402e-02 1.112556457519531250e-02 1.103296875953674316e-02
3.929411526703582291e-01 1.727807521820068359e-02 1.750388741493225098e-02 1.730322837829589844e-02 1.738554239273071289e-02 1.734483242034912109e-02 1.732519268989562988e-02 1.733049750328063965e-02 1.725509762763977051e-02 1.720297336578369141e-02 1.725628972053527832e-02
3.993939146557460851e-01 -2.505719661712646484e-02 -2.486637234687805176e-02 -2.507442235946655273e-02 -2.496096491813659668e-02 -2.490526437759399414e-02 -2.499660849571228027e-02 -2.497950196266174316e-02 -2.500560879707336426e-02 -2.503967285156250000e-02 -2.493965625762939453e-02
4.058466766411339965e-01 -1.186549663543701172e-03 -1.657992601394653320e-03 -1.163065433502197266e-03 -1.347810029983520508e-03 -1.372545957565307617e-03 -1.222699880599975586e-03 -1.249194145202636719e-03 -1.067936420440673828e-03 -1.044064760208129883e-03 -1.239448785781860352e-03
4.122994386265219080e-01 3.038963675498962402e-02 3.045073151588439941e-02 3.038355708122253418e-02 3.037181496620178223e-02 3.038299083709716797e-02 3.038042783737182617e-02 3.036996722221374512e-02 3.031170368194580078e-02 3.029409050941467285e-02 3.031644225120544434e-02
4.187522006119098195e-01 -2.217504382133483887e-02 -2.176544070243835449e-02 -2.214652299880981445e-02 -2.203741669654846191e-02 -2.196949720382690430e-02 -2.206876873970031738e-02 -2.204588055610656738e-02 -2.219066023826599121e-02 -2.214539051055908203e-02 -2.197387814521789551e-02
4.252049625972976754e-01 -1.618939638137817383e-02 -1.670575141906738281e-02 -1.609766483306884766e-02 -1.625594496726989746e-02 -1.642832159996032715e-02 -1.622647047042846680e-02 -1.624396443367004395e-02 -1.602917909622192383e-02 -1.604405045509338379e-02 -1.625904440879821777e-02
4.316577245826856424e-01 3.469827771186828613e-02 3.466567397117614746e-02 3.469678759574890137e-02 3.467544913291931152e-02 3.472125530242919922e-02 3.468757867813110352e-02 3.466308116912841797e-02 3.467673063278198242e-02 3.459301590919494629e-02 3.469690680503845215e-02
4.381104865680734983e-01 -1.338538527488708496e-02 -1.285669207572937012e-02 -1.337924599647521973e-02 -1.321738958358764648e-02 -1.315522193908691406e-02 -1.327720284461975098e-02 -1.330175995826721191e-02 -1.346197724342346191e-02 -1.336547732353210449e-02 -1.327353715896606445e-02
4.445632485534614098e-01 -2.513000369071960449e-02 -2.552589774131774902e-02 -2.512449026107788086e-02 -2.524125576019287109e-02 -2.532222867012023926e-02 -2.518966794013977051e-02 -2.511847019195556641e-02 -2.499362826347351074e-02 -2.506771683692932129e-02 -2.522158622741699219e-02
4.510160105388493212e-01 3.246310353279113770e-02 3.233048319816589355e-02 3.240522742271423340e-02 3.243824839591979980e-02 3.244519233703613281e-02 3.245306015014648438e-02 3.237619996070861816e-02 3.248313069343566895e-02 3.243947029113769531e-02 3.241476416587829590e-02
4.574687725242372327e-01 -9.088218212127685547e-03 -8.651107549667358398e-03 -9.024590253829956055e-03 -8.960664272308349609e-03 -8.984565734863281250e-03 -9.008884429931640625e-03 -9.078323841094970703e-03 -9.225457906723022461e-03 -9.140431880950927734e-03 -9.056776762008666992e-03
4.639215345096251442e-01 -2.519783377647399902e-02 -2.543982863426208496e-02 -2.518260478973388672e-02 -2.523100376129150391e-02 -2.529105544090270996e-02 -2.519223093986511230e-02 -2.517303824424743652e-02 -2.507585287094116211e-02 -2.511373162269592285e-02 -2.516719698905944824e-02
4.703742964950130556e-01 2.279368042945861816e-02 2.255508303642272949e-02 2.272641658782958984e-02 2.276733517646789551e-02 2.275103330612182617e-02 2.274656295776367188e-02 2.270334959030151367e-02 2.281364798545837402e-02 2.276876568794250488e-02 2.272257208824157715e-02
4.768270584804009671e-01 2.325803041458129883e-03 2.557963132858276367e-03 2.267599105834960938e-03 2.474963665008544922e-03 2.511948347091674805e-03 2.423077821731567383e-03 2.510815858840942383e-03 2.356499433517456055e-03 2.238780260086059570e-03 2.452373504638671875e-03
4.832798204657888230e-01 -2.041375637054443359e-02 -2.053105831146240234e-02 -2.042797207832336426e-02 -2.041426301002502441e-02 -2.045747637748718262e-02 -2.040940523147583008e-02 -2.042001485824584961e-02 -2.036815881729125977e-02 -2.039879560470581055e-02 -2.042397856712341309e-02
4.897325824511767345e-01 1.146283745765686035e-02 1.132917404174804688e-02 1.151737570762634277e-02 1.149567961692810059e-02 1.146978139877319336e-02 1.148924231529235840e-02 1.145833730697631836e-02 1.152569055557250977e-02 1.155021786689758301e-02 1.153627038002014160e-02
4.961853444365646459e-01 4.248291254043579102e-03 4.425019025802612305e-03 4.257231950759887695e-03 4.288166761398315430e-03 4.305928945541381836e-03 4.300475120544433594e-03 4.326343536376953125e-03 4.217058420181274414e-03 4.241853952407836914e-03 4.296571016311645508e-03
5.026381064219525019e-01 -1.049196720123291016e-02 -1.055860519409179688e-02 -1.050981879234313965e-02 -1.050516963005065918e-02 -1.053065061569213867e-02 -1.052197813987731934e-02 -1.051124930381774902e-02 -1.047372817993164062e-02 -1.051351428031921387e-02 -1.054421067237854004e-02
5.090908684073405244e-01 3.201395273208618164e-03 3.175675868988037109e-03 3.205865621566772461e-03 3.191173076629638672e-03 3.204911947250366211e-03 3.211051225662231445e-03 3.209799528121948242e-03 3.247559070587158203e-03 3.231883049011230469e-03 3.225088119506835938e-03
5.155436303927283248e-01 2.980858087539672852e-03 3.028213977813720703e-03 3.003537654876708984e-03 2.972751855850219727e-03 2.975940704345703125e-03 3.002226352691650391e-03 3.009080886840820312e-03 2.968341112136840820e-03 2.974689006805419922e-03 2.980232238769531250e-03
5.219963923781163473e-01 -1.599013805389404297e-03 -1.595169305801391602e-03 -1.607149839401245117e-03 -1.568526029586791992e-03 -1.579523086547851562e-03 -1.615136861801147461e-03 -1.604348421096801758e-03 -1.601785421371459961e-03 -1.626491546630859375e-03 -1.611918210983276367e-03
5.284491543635041477e-01 -1.420199871063232422e-03 -1.410663127899169922e-03 -1.429408788681030273e-03 -1.444697380065917969e-03 -1.405626535415649414e-03 -1.427561044692993164e-03 -1.414448022842407227e-03 -1.413017511367797852e-03 -1.392781734466552734e-03 -1.392483711242675781e-03
5.349019163488920592e-01 -5.038976669311523438e-04 -5.472600460052490234e-04 -4.948973655700683594e-04 -5.190968513488769531e-04 -5.359053611755371094e-04 -5.020499229431152344e-04 -4.894435405731201172e-04 -4.919767379760742188e-04 -5.020201206207275391e-04 -5.249083042144775391e-04
5.413546783342799706e-01 3.718614578247070312e-03 3.732144832611083984e-03 3.717899322509765625e-03 3.757387399673461914e-03 3.729432821273803711e-03 3.709286451339721680e-03 3.712087869644165039e-03 3.718078136444091797e-03 3.708690404891967773e-03 3.716140985488891602e-03
5.478074403196678821e-01 -1.071125268936157227e-03 -9.754896163940429688e-04 -1.042068004608154297e-03 -1.044958829879760742e-03 -1.022577285766601562e-03 -1.044750213623046875e-03 -1.031428575515747070e-03 -1.074314117431640625e-03 -1.061081886291503906e-03 -1.045018434524536133e-03
5.542602023050557936e-01 -5.042523145675659180e-03 -5.076915025711059570e-03 -5.017369985580444336e-03 -5.055397748947143555e-03 -5.071491003036499023e-03 -5.045890808105468750e-03 -5.034118890762329102e-03 -5.024880170822143555e-03 -5.012571811676025391e-03 -5.049318075180053711e-03
5.607129642904437050e-01 6.096988916397094727e-03 6.052285432815551758e-03 6.105571985244750977e-03 6.111323833465576172e-03 6.121635437011718750e-03 6.104856729507446289e-03 6.079792976379394531e-03 6.130516529083251953e-03 6.095081567764282227e-03 6.092309951782226562e-03
5.671657262758316165e-01 1.729011535644531250e-03 1.809805631637573242e-03 1.704365015029907227e-03 1.715332269668579102e-03 1.740753650665283203e-03 1.716464757919311523e-03 1.726537942886352539e-03 1.704871654510498047e-03 1.699090003967285156e-03 1.696586608886718750e-03
5.736184882612194169e-01 -7.632464170455932617e-03 -7.688999176025390625e-03 -7.618784904479980469e-03 -7.660180330276489258e-03 -7.663756608963012695e-03 -7.639855146408081055e-03 -7.656544446945190430e-03 -7.630497217178344727e-03 -7.635414600372314453e-03 -7.621765136718750000e-03
5.800712502466074394e-01 4.932522773742675781e-03 4.867523908615112305e-03 4.960983991622924805e-03 4.936486482620239258e-03 4.926145076751708984e-03 4.930287599563598633e-03 4.915654659271240234e-03 4.967898130416870117e-03 4.955112934112548828e-03 4.932969808578491211e-03
5.865240122319952398e-01 3.767490386962890625e-03 3.847062587738037109e-03 3.810435533523559570e-03 3.806740045547485352e-03 3.789961338043212891e-03 3.807395696640014648e-03 3.837853670120239258e-03 3.767848014831542969e-03 3.771662712097167969e-03 3.786534070968627930e-03
5.929767742173832623e-01 -7.882267236709594727e-03 -7.898956537246704102e-03 -7.893562316894531250e-03 -7.895678281784057617e-03 -7.884651422500610352e-03 -7.893055677413940430e-03 -7.894665002822875977e-03 -7.878929376602172852e-03 -7.875323295593261719e-03 -7.890462875366210938e-03
5.994295362027710627e-01 2.295643091201782227e-03 2.214521169662475586e-03 2.296239137649536133e-03 2.277314662933349609e-03 2.268761396408081055e-03 2.298086881637573242e-03 2.280205488204956055e-03 2.329260110855102539e-03 2.301454544067382812e-03 2.298086881637573242e-03
6.058822981881590852e-01 5.444228649139404297e-03 5.518138408660888672e-03 5.465775728225708008e-03 5.463302135467529297e-03 5.465328693389892578e-03 5.467981100082397461e-03 5.450367927551269531e-03 5.438864231109619141e-03 5.444139242172241211e-03 5.456328392028808594e-03
6.123350601735468857e-01 -6.227105855941772461e-03 -6.211310625076293945e-03 -6.217688322067260742e-03 -6.204277276992797852e-03 -6.208777427673339844e-03 -6.207555532455444336e-03 -6.227731704711914062e-03 -6.209015846252441406e-03 -6.216019392013549805e-03 -6.212472915649414062e-03
6.187878221589347971e-01 -5.469024181365966797e-04 -6.169080734252929688e-04 -5.464553833007812500e-04 -5.551576614379882812e-04 -5.807876586914062500e-04 -5.601346492767333984e-04 -5.537271499633789062e-04 -5.249977111816406250e-04 -5.203485488891601562e-04 -5.502402782440185547e-04
6.252405841443227086e-01 5.292981863021850586e-03 5.300819873809814453e-03 5.278766155242919922e-03 5.303412675857543945e-03 5.291879177093505859e-03 5.267679691314697266e-03 5.280077457427978516e-03 5.299896001815795898e-03 5.305260419845581055e-03 5.277216434478759766e-03
6.316933461297106200e-01 -2.611398696899414062e-03 -2.562522888183593750e-03 -2.609670162200927734e-03 -2.574026584625244141e-03 -2.568334341049194336e-03 -2.569466829299926758e-03 -2.577900886535644531e-03 -2.597600221633911133e-03 -2.623409032821655273e-03 -2.586573362350463867e-03
6.381461081150985315e-01 -2.863228321075439453e-03 -2.929419279098510742e-03 -2.875894308090209961e-03 -2.879559993743896484e-03 -2.902060747146606445e-03 -2.867817878723144531e-03 -2.873659133911132812e-03 -2.866804599761962891e-03 -2.832710742950439453e-03 -2.849489450454711914e-03
6.445988701004864430e-01 3.378927707672119141e-03 3.373384475708007812e-03 3.395676612854003906e-03 3.378033638000488281e-03 3.376096487045288086e-03 3.396868705749511719e-03 3.387540578842163086e-03 3.405094146728515625e-03 3.400653600692749023e-03 3.376156091690063477e-03
6.510516320858743544e-01 4.096627235412597656e-04 4.548132419586181641e-04 4.175007343292236328e-04 4.253089427947998047e-04 4.367232322692871094e-04 4.083514213562011719e-04 4.234910011291503906e-04 4.070699214935302734e-04 4.085600376129150391e-04 4.256665706634521484e-04
6.575043940712622659e-01 -3.188818693161010742e-03 -3.202140331268310547e-03 -3.202825784683227539e-03 -3.192037343978881836e-03 -3.205537796020507812e-03 -3.197878599166870117e-03 -3.194063901901245117e-03 -3.186732530593872070e-03 -3.187000751495361328e-03 -3.194123506546020508e-03
6.639571560566501773e-01 8.941292762756347656e-04 8.709430694580078125e-04 8.873641490936279297e-04 8.877813816070556641e-04 8.901655673980712891e-04 8.970797061920166016e-04 8.997321128845214844e-04 9.179115295410156250e-04 8.984208106994628906e-04 8.930563926696777344e-04
6.704099180420379778e-01 2.603590488433837891e-03 2.637505531311035156e-03 2.617269754409790039e-03 2.620965242385864258e-03 2.605766057968139648e-03 2.611935138702392578e-03 2.605319023132324219e-03 2.604395151138305664e-03 2.604544162750244141e-03 2.607911825180053711e-03
6.768626800274260003e-01 -1.859813928604125977e-03 -1.853942871093750000e-03 -1.883417367935180664e-03 -1.853883266448974609e-03 -1.868069171905517578e-03 -1.866847276687622070e-03 -1.875013113021850586e-03 -1.875132322311401367e-03 -1.882731914520263672e-03 -1.862406730651855469e-03
6.833154420128139117e-01 -1.833856105804443359e-03 -1.887768507003784180e-03 -1.848459243774414062e-03 -1.849085092544555664e-03 -1.855790615081787109e-03 -1.851558685302734375e-03 -1.850485801696777344e-03 -1.835614442825317383e-03 -1.839995384216308594e-03 -1.839786767959594727e-03
6.897682039982017121e-01 3.202080726623535156e-03 3.181368112564086914e-03 3.200531005859375000e-03 3.194034099578857422e-03 3.184288740158081055e-03 3.185153007507324219e-03 3.204464912414550781e-03 3.193795680999755859e-03 3.187716007232666016e-03 3.176480531692504883e-03
6.962209659835896236e-01 -1.792311668395996094e-04 -1.269578933715820312e-04 -1.727044582366943359e-04 -1.529753208160400391e-04 -1.410841941833496094e-04 -1.637935638427734375e-04 -1.538395881652832031e-04 -1.863241195678710938e-04 -1.672804355621337891e-04 -1.733005046844482422e-04
7.026737279689775351e-01 -3.164678812026977539e-03 -3.178626298904418945e-03 -3.148972988128662109e-03 -3.181010484695434570e-03 -3.175586462020874023e-03 -3.131896257400512695e-03 -3.142982721328735352e-03 -3.176003694534301758e-03 -3.168791532516479492e-03 -3.152936697006225586e-03
7.091264899543654465e-01 2.211153507232666016e-03 2.181202173233032227e-03 2.206683158874511719e-03 2.185404300689697266e-03 2.181649208068847656e-03 2.189666032791137695e-03 2.186894416809082031e-03 2.202957868576049805e-03 2.231657505035400391e-03 2.190440893173217773e-03
7.155792519397533580e-01 1.851528882980346680e-03 1.917332410812377930e-03 1.852512359619140625e-03 1.874476671218872070e-03 1.874625682830810547e-03 1.877725124359130859e-03 1.866638660430908203e-03 1.850485801696777344e-03 1.845747232437133789e-03 1.868516206741333008e-03
7.220320139251412694e-01 -3.380000591278076172e-03 -3.380566835403442383e-03 -3.380596637725830078e-03 -3.377109766006469727e-03 -3.379702568054199219e-03 -3.394931554794311523e-03 -3.375679254531860352e-03 -3.394365310668945312e-03 -3.377258777618408203e-03 -3.370136022567749023e-03
7.284847759105291809e-01 7.860362529754638672e-04 7.583498954772949219e-04 7.966458797454833984e-04 7.915794849395751953e-04 7.871985435485839844e-04 7.987618446350097656e-04 7.939040660858154297e-04 8.039772510528564453e-04 8.040964603424072266e-04 7.909536361694335938e-04
7.349375378959170924e-01 2.813518047332763672e-03 2.861410379409790039e-03 2.822846174240112305e-03 2.817064523696899414e-03 2.854734659194946289e-03 2.827107906341552734e-03 2.815723419189453125e-03 2.810955047607421875e-03 2.805411815643310547e-03 2.808213233947753906e-03
7.413902998813050038e-01 -2.474814653396606445e-03 -2.476215362548828125e-03 -2.503514289855957031e-03 -2.483218908309936523e-03 -2.487272024154663086e-03 -2.492934465408325195e-03 -2.484738826751708984e-03 -2.502828836441040039e-03 -2.500981092453002930e-03 -2.483546733856201172e-03
7.478430618666929153e-01 -8.094608783721923828e-04 -8.570551872253417969e-04 -8.253157138824462891e-04 -8.278489112854003906e-04 -8.212625980377197266e-04 -8.257627487182617188e-04 -8.220076560974121094e-04 -8.044242858886718750e-04 -8.114576339721679688e-04 -8.142292499542236328e-04
7.542958238520808267e-01 2.609580755233764648e-03 2.623528242111206055e-03 2.616256475448608398e-03 2.613723278045654297e-03 2.609580755233764648e-03 2.629190683364868164e-03 2.608299255371093750e-03 2.611547708511352539e-03 2.618432044982910156e-03 2.622783184051513672e-03
7.607485858374687382e-01 -1.189172267913818359e-03 -1.157522201538085938e-03 -1.175105571746826172e-03 -1.180082559585571289e-03 -1.176893711090087891e-03 -1.172602176666259766e-03 -1.176893711090087891e-03 -1.195013523101806641e-03 -1.194179058074951172e-03 -1.185476779937744141e-03
7.672013478228566496e-01 -1.124411821365356445e-03 -1.145392656326293945e-03 -1.130491495132446289e-03 -1.135170459747314453e-03 -1.114606857299804688e-03 -1.112014055252075195e-03 -1.125544309616088867e-03 -1.114398241043090820e-03 -1.116335391998291016e-03 -1.110970973968505859e-03
7.736541098082445611e-01 1.845508813858032227e-03 1.842081546783447266e-03 1.857638359069824219e-03 1.850694417953491211e-03 1.842081546783447266e-03 1.847505569458007812e-03 1.853376626968383789e-03 1.850455999374389648e-03 1.838922500610351562e-03 1.869022846221923828e-03
7.801068717936323615e-01 1.631081104278564453e-04 1.817941665649414062e-04 1.707375049591064453e-04 1.719892024993896484e-04 1.630783081054687500e-04 1.718997955322265625e-04 1.516044139862060547e-04 1.669526100158691406e-04 1.648366451263427734e-04 1.605153083801269531e-04
7.865596337790202730e-01 -9.875297546386718750e-04 -9.920895099639892578e-04 -9.886324405670166016e-04 -1.001894474029541016e-03 -9.820759296417236328e-04 -9.761750698089599609e-04 -9.852647781372070312e-04 -9.747743606567382812e-04 -9.784102439880371094e-04 -9.860098361968994141e-04
7.930123957644081845e-01 6.306469440460205078e-04 6.287097930908203125e-04 6.375908851623535156e-04 6.229579448699951172e-04 6.332695484161376953e-04 6.255805492401123047e-04 6.382763385772705078e-04 6.387829780578613281e-04 6.337761878967285156e-04 6.359517574310302734e-04
7.994651577497960959e-01 6.577670574188232422e-04 6.607472896575927734e-04 6.561577320098876953e-04 6.691217422485351562e-04 6.535947322845458984e-04 6.513297557830810547e-04 6.552338600158691406e-04 6.621181964874267578e-04 6.601512432098388672e-04 6.455481052398681641e-04
8.059179197351840074e-01 -8.814632892608642578e-04 -8.926987648010253906e-04 -8.944869041442871094e-04 -8.970797061920166016e-04 -8.970499038696289062e-04 -8.915960788726806641e-04 -9.096264839172363281e-04 -8.972287178039550781e-04 -9.079575538635253906e-04 -9.041726589202880859e-04
8.123706817205719188e-01 -5.114972591400146484e-04 -5.276501178741455078e-04 -5.082786083221435547e-04 -5.159080028533935547e-04 -5.250573158264160156e-04 -5.107522010803222656e-04 -5.130469799041748047e-04 -5.000829696655273438e-04 -5.039870738983154297e-04 -5.064904689788818359e-04
8.188234437059598303e-01 9.704530239105224609e-04 9.688138961791992188e-04 9.698569774627685547e-04 9.738206863403320312e-04 9.457468986511230469e-04 9.573400020599365234e-04 9.853839874267578125e-04 9.792447090148925781e-04 9.942948818206787109e-04 9.505748748779296875e-04
8.252762056913477418e-01 -4.872679710388183594e-05 -3.963708877563476562e-05 -4.655122756958007812e-05 -4.041194915771484375e-05 -3.659725189208984375e-05 -4.723668098449707031e-05 -5.704164505004882812e-05 -4.473328590393066406e-05 -4.065036773681640625e-05 -5.027651786804199219e-05
8.317289676767356532e-01 -9.117126464843750000e-04 -8.980929851531982422e-04 -9.147822856903076172e-04 -9.074509143829345703e-04 -8.976757526397705078e-04 -9.224712848663330078e-04 -9.078085422515869141e-04 -9.188950061798095703e-04 -9.174346923828125000e-04 -9.097456932067871094e-04
8.381817296621235647e-01 2.604722976684570312e-04 2.457797527313232422e-04 2.468824386596679688e-04 2.397000789642333984e-04 2.491772174835205078e-04 2.483725547790527344e-04 2.344846725463867188e-04 2.482533454895019531e-04 2.585053443908691406e-04 2.544522285461425781e-04
8.446344916475114761e-01 9.189546108245849609e-04 9.283125400543212891e-04 9.208023548126220703e-04 9.218156337738037109e-04 9.207129478454589844e-04 9.099245071411132812e-04 9.266138076782226562e-04 9.127557277679443359e-04 9.070932865142822266e-04 9.100139141082763672e-04
8.510872536328993876e-01 -2.439320087432861328e-04 -2.341270446777343750e-04 -2.452731132507324219e-04 -2.532303333282470703e-04 -2.419054508209228516e-04 -2.300441265106201172e-04 -2.423524856567382812e-04 -2.383887767791748047e-04 -2.389550209045410156e-04 -2.440214157104492188e-04
8.575400156182872990e-01 -9.346008300781250000e-04 -9.335577487945556641e-04 -9.200274944305419922e-04 -9.375512599945068359e-04 -9.392201900482177734e-04 -9.306967258453369141e-04 -9.174942970275878906e-04 -9.276866912841796875e-04 -9.185373783111572266e-04 -9.217560291290283203e-04
8.639927776036752105e-01 7.550418376922607422e-04 7.432401180267333984e-04 7.424950599670410156e-04 7.368624210357666016e-04 7.415413856506347656e-04 7.436573505401611328e-04 7.381737232208251953e-04 7.380545139312744141e-04 7.418096065521240234e-04 7.383525371551513672e-04
8.704455395890630109e-01 3.240108489990234375e-04 3.458559513092041016e-04 3.280937671661376953e-04 3.364384174346923828e-04 3.383755683898925781e-04 3.378689289093017578e-04 3.319680690765380859e-04 3.280937671661376953e-04 3.246366977691650391e-04 3.232359886169433594e-04
8.768983015744509224e-01 -1.114547252655029297e-03 -1.121610403060913086e-03 -1.113802194595336914e-03 -1.100838184356689453e-03 -1.109004020690917969e-03 -1.110643148422241211e-03 -1.113623380661010742e-03 -1.111656427383422852e-03 -1.115262508392333984e-03 -1.104444265365600586e-03
8.833510635598388339e-01 5.945265293121337891e-04 5.773603916168212891e-04 5.875229835510253906e-04 5.851984024047851562e-04 5.913674831390380859e-04 5.792975425720214844e-04 6.010532379150390625e-04 5.894303321838378906e-04 5.964338779449462891e-04 5.943775177001953125e-04
8.898038255452267453e-01 9.096264839172363281e-04 9.187161922454833984e-04 8.991658687591552734e-04 9.022951126098632812e-04 9.307265281677246094e-04 9.143054485321044922e-04 8.884072303771972656e-04 9.008347988128662109e-04 9.118616580963134766e-04 9.006559848785400391e-04
8.962565875306146568e-01 -1.200795173645019531e-03 -1.206964254379272461e-03 -1.211792230606079102e-03 -1.205444335937500000e-03 -1.199573278427124023e-03 -1.205980777740478516e-03 -1.207649707794189453e-03 -1.215994358062744141e-03 -1.213848590850830078e-03 -1.189231872558593750e-03
9.027093495160025682e-01 -1.977980136871337891e-04 -2.210736274719238281e-04 -1.953840255737304688e-04 -2.091825008392333984e-04 -2.073645591735839844e-04 -2.012252807617187500e-04 -2.041459083557128906e-04 -2.008676528930664062e-04 -1.990795135498046875e-04 -2.012848854064941406e-04
9.091621115013904797e-01 1.127660274505615234e-03 1.131355762481689453e-03 1.128405332565307617e-03 1.132041215896606445e-03 1.124262809753417969e-03 1.133412122726440430e-03 1.119375228881835938e-03 1.122415065765380859e-03 1.132845878601074219e-03 1.130312681198120117e-03
9.156148734867783912e-01 -4.484951496124267578e-04 -4.322528839111328125e-04 -4.430413246154785156e-04 -4.327893257141113281e-04 -4.388093948364257812e-04 -4.311800003051757812e-04 -4.337430000305175781e-04 -4.369020462036132812e-04 -4.466772079467773438e-04 -4.458725452423095703e-04
9.220676354721663026e-01 -5.262494087219238281e-04 -5.317032337188720703e-04 -5.320310592651367188e-04 -5.411207675933837891e-04 -5.231201648712158203e-04 -5.203485488891601562e-04 -5.221068859100341797e-04 -5.281865596771240234e-04 -5.272328853607177734e-04 -5.330145359039306641e-04
9.285203974575542141e-01 6.228089332580566406e-04 6.228983402252197266e-04 6.128847599029541016e-04 6.269216537475585938e-04 6.214976310729980469e-04 6.196796894073486328e-04 6.157755851745605469e-04 6.178021430969238281e-04 6.281733512878417969e-04 6.341934204101562500e-04
9.349731594429421255e-01 1.851320266723632812e-04 1.854002475738525391e-04 1.794695854187011719e-04 1.889169216156005859e-04 1.877248287200927734e-04 1.686513423919677734e-04 1.690983772277832031e-04 1.748204231262207031e-04 1.688599586486816406e-04 1.805424690246582031e-04
9.414259214283300370e-01 -6.151199340820312500e-04 -6.136596202850341797e-04 -6.140470504760742188e-04 -6.174743175506591797e-04 -6.136894226074218750e-04 -6.119310855865478516e-04 -5.967020988464355469e-04 -6.199777126312255859e-04 -6.084740161895751953e-04 -6.134510040283203125e-04
9.478786834137179484e-01 1.458227634429931641e-04 1.326799392700195312e-04 1.466572284698486328e-04 1.501441001892089844e-04 1.364946365356445312e-04 1.459419727325439453e-04 1.521110534667968750e-04 1.424551010131835938e-04 1.470148563385009766e-04 1.477301120758056641e-04
9.543314453991058599e-01 5.893707275390625000e-04 5.937814712524414062e-04 5.871653556823730469e-04 5.777478218078613281e-04 5.786418914794921875e-04 5.811154842376708984e-04 5.763173103332519531e-04 5.858242511749267578e-04 5.860924720764160156e-04 5.668699741363525391e-04
9.607842073844936603e-01 -4.061162471771240234e-04 -3.992319107055664062e-04 -4.185140132904052734e-04 -4.234611988067626953e-04 -4.035830497741699219e-04 -4.142820835113525391e-04 -4.151463508605957031e-04 -4.108548164367675781e-04 -4.225373268127441406e-04 -4.168748855590820312e-04
9.672369693698815718e-01 -4.295408725738525391e-04 -4.315972328186035156e-04 -4.372894763946533203e-04 -4.321038722991943359e-04 -4.365146160125732422e-04 -4.270076751708984375e-04 -4.342198371887207031e-04 -4.286170005798339844e-04 -4.326701164245605469e-04 -4.339218139648437500e-04
9.736897313552694833e-01 5.521774291992187500e-04 5.514621734619140625e-04 5.526244640350341797e-04 5.650818347930908203e-04 5.500018596649169922e-04 5.587041378021240234e-04 5.569756031036376953e-04 5.500018596649169922e-04 5.581080913543701172e-04 5.393624305725097656e-04
9.801424933406573947e-01 1.981854438781738281e-04 2.126693725585937500e-04 2.040565013885498047e-04 2.091825008392333984e-04 2.089142799377441406e-04 1.934468746185302734e-04 1.924633979797363281e-04 2.033412456512451172e-04 2.040863037109375000e-04 2.056360244750976562e-04
9.865952553260453062e-01 -6.403625011444091797e-04 -6.420612335205078125e-04 -6.468892097473144531e-04 -6.453692913055419922e-04 -6.479322910308837891e-04 -6.545484066009521484e-04 -6.394088268280029297e-04 -6.587505340576171875e-04 -6.417334079742431641e-04 -6.511211395263671875e-04
9.930480173114332176e-01 1.201033592224121094e-04 1.125931739807128906e-04 1.145005226135253906e-04 1.151263713836669922e-04 1.245141029357910156e-04 1.076757907867431641e-04 9.632110595703125000e-05 1.267492771148681641e-04 1.099109649658203125e-04 1.240670680999755859e-04
9.995007792968211291e-01 5.588829517364501953e-04 5.654692649841308594e-04 5.606114864349365234e-04 5.756318569183349609e-04 5.756616592407226562e-04 5.644261837005615234e-04 5.642473697662353516e-04 5.733668804168701172e-04 5.720257759094238281e-04 5.640089511871337891e-04
1.005953541282209152e+00 -4.732310771942138672e-04 -4.766583442687988281e-04 -4.806518554687500000e-04 -4.785954952239990234e-04 -4.811584949493408203e-04 -4.717707633972167969e-04 -4.786252975463867188e-04 -4.706382751464843750e-04 -4.754662513732910156e-04 -4.728734493255615234e-04
1.012406303267596952e+00 -3.494322299957275391e-04 -3.491044044494628906e-04 -3.334879875183105469e-04 -3.445148468017578125e-04 -3.534257411956787109e-04 -3.415346145629882812e-04 -3.408789634704589844e-04 -3.277957439422607422e-04 -3.220438957214355469e-04 -3.396272659301757812e-04
1.018859065252984752e+00 7.781684398651123047e-04 7.777214050292968750e-04 7.669627666473388672e-04 7.792711257934570312e-04 7.910132408142089844e-04 7.647871971130371094e-04 7.740259170532226562e-04 7.845461368560791016e-04 7.636547088623046875e-04 7.657706737518310547e-04
1.025311827238372775e+00 -1.625418663024902344e-04 -1.450181007385253906e-04 -1.784563064575195312e-04 -1.598000526428222656e-04 -1.524090766906738281e-04 -1.664161682128906250e-04 -1.688897609710693359e-04 -1.515746116638183594e-04 -1.689195632934570312e-04 -1.607239246368408203e-04
1.031764589223760797e+00 -7.519721984863281250e-04 -7.489919662475585938e-04 -7.572472095489501953e-04 -7.568597793579101562e-04 -7.568597793579101562e-04 -7.470548152923583984e-04 -7.487833499908447266e-04 -7.554292678833007812e-04 -7.570683956146240234e-04 -7.399916648864746094e-04
1.038217351209148598e+00 6.500184535980224609e-04 6.357133388519287109e-04 6.529390811920166016e-04 6.510913372039794922e-04 6.549358367919921875e-04 6.462037563323974609e-04 6.490349769592285156e-04 6.555020809173583984e-04 6.538331508636474609e-04 6.605386734008789062e-04
1.044670113194536398e+00 5.513727664947509766e-04 5.558431148529052734e-04 5.541741847991943359e-04 5.440711975097656250e-04 5.640983581542968750e-04 5.554854869842529297e-04 5.497932434082031250e-04 5.550384521484375000e-04 5.650520324707031250e-04 5.421340465545654297e-04
1.051122875179924421e+00 -8.402764797210693359e-04 -8.433759212493896484e-04 -8.481144905090332031e-04 -8.518099784851074219e-04 -8.455514907836914062e-04 -8.385479450225830078e-04 -8.561313152313232422e-04 -8.445978164672851562e-04 -8.378028869628906250e-04 -8.403360843658447266e-04
1.057575637165312221e+00 -1.589953899383544922e-04 -1.815259456634521484e-04 -1.692473888397216797e-04 -1.805722713470458984e-04 -1.693665981292724609e-04 -1.593828201293945312e-04 -1.618564128875732422e-04 -1.640319824218750000e-04 -1.695752143859863281e-04 -1.685321331024169922e-04
1.064028399150700022e+00 7.723867893218994141e-04 7.681548595428466797e-04 7.691681385040283203e-04 7.728636264801025391e-04 7.749795913696289062e-04 7.683932781219482422e-04 7.569491863250732422e-04 7.612705230712890625e-04 7.683932781219482422e-04 7.738471031188964844e-04
1.070481161136088044e+00 -6.570219993591308594e-04 -6.518661975860595703e-04 -6.536245346069335938e-04 -6.453096866607666016e-04 -6.663203239440917969e-04 -6.569623947143554688e-04 -6.566047668457031250e-04 -6.636083126068115234e-04 -6.615817546844482422e-04 -6.646513938903808594e-04
1.076933923121476067e+00 2.437829971313476562e-05 2.056360244750976562e-05 2.402067184448242188e-05 2.512335777282714844e-05 1.925230026245117188e-05 2.276897430419921875e-05 2.238154411315917969e-05 3.060698509216308594e-05 3.039836883544921875e-05 2.300739288330078125e-05
1.083386685106863867e+00 6.747245788574218750e-04 6.754398345947265625e-04 6.818771362304687500e-04 6.690621376037597656e-04 6.824135780334472656e-04 6.811916828155517578e-04 6.794631481170654297e-04 6.743073463439941406e-04 6.932318210601806641e-04 6.734430789947509766e-04
1.089839447092251667e+00 -4.742741584777832031e-04 -4.505515098571777344e-04 -4.545152187347412109e-04 -4.509091377258300781e-04 -4.603266716003417969e-04 -4.535913467407226562e-04 -4.675686359405517578e-04 -4.639029502868652344e-04 -4.603266716003417969e-04 -4.563331604003906250e-04
1.096292209077639690e+00 -3.086328506469726562e-04 -3.152191638946533203e-04 -3.085732460021972656e-04 -3.196597099304199219e-04 -3.266334533691406250e-04 -3.066062927246093750e-04 -3.164410591125488281e-04 -3.085136413574218750e-04 -3.144741058349609375e-04 -3.129839897155761719e-04
1.102744971063027712e+00 3.805160522460937500e-04 3.816485404968261719e-04 3.935992717742919922e-04 3.761649131774902344e-04 4.054605960845947266e-04 3.921091556549072266e-04 3.785789012908935547e-04 3.792941570281982422e-04 3.861188888549804688e-04 3.758966922760009766e-04
1.109197733048415513e+00 -9.357929229736328125e-05 -1.063048839569091797e-04 -1.177489757537841797e-04 -9.998679161071777344e-05 -1.152753829956054688e-04 -1.041889190673828125e-04 -9.939074516296386719e-05 -1.113414764404296875e-04 -1.050829887390136719e-04 -9.661912918090820312e-05
1.115650495033803313e+00 -7.311403751373291016e-04 -7.531344890594482422e-04 -7.392764091491699219e-04 -7.536709308624267578e-04 -7.519721984863281250e-04 -7.346272468566894531e-04 -7.474422454833984375e-04 -7.328689098358154297e-04 -7.424652576446533203e-04 -7.343292236328125000e-04
1.122103257019191336e+00 1.533329486846923828e-04 1.289248466491699219e-04 1.361966133117675781e-04 1.446604728698730469e-04 1.564025878906250000e-04 1.504719257354736328e-04 1.477599143981933594e-04 1.536011695861816406e-04 1.426339149475097656e-04 1.502931118011474609e-04
1.128556019004579358e+00 4.002749919891357422e-04 4.097819328308105469e-04 3.963410854339599609e-04 3.878176212310791016e-04 4.207789897918701172e-04 3.971755504608154297e-04 4.026889801025390625e-04 3.894269466400146484e-04 3.835856914520263672e-04 3.975927829742431641e-04
1.135008780989967159e+00 -6.408095359802246094e-04 -6.550848484039306641e-04 -6.572008132934570312e-04 -6.515085697174072266e-04 -6.372928619384765625e-04 -6.473958492279052734e-04 -6.338357925415039062e-04 -6.409585475921630859e-04 -6.487369537353515625e-04 -6.381273269653320312e-04
1.141461542975354959e+00 -4.096627235412597656e-04 -4.207491874694824219e-04 -4.090666770935058594e-04 -4.081428050994873047e-04 -4.079639911651611328e-04 -4.034340381622314453e-04 -4.011988639831542969e-04 -4.005432128906250000e-04 -4.110634326934814453e-04 -4.197061061859130859e-04
1.147914304960742982e+00 7.829666137695312500e-04 7.956027984619140625e-04 7.809102535247802734e-04 7.897317409515380859e-04 7.795691490173339844e-04 7.957220077514648438e-04 7.745325565338134766e-04 7.708966732025146484e-04 7.775127887725830078e-04 7.849931716918945312e-04
1.154367066946130782e+00 -1.835823059082031250e-04 -1.999735832214355469e-04 -2.085268497467041016e-04 -2.026855945587158203e-04 -1.943111419677734375e-04 -1.955628395080566406e-04 -1.957714557647705078e-04 -1.982450485229492188e-04 -1.922547817230224609e-04 -1.983642578125000000e-04
1.160819828931518582e+00 -5.278587341308593750e-04 -5.275309085845947266e-04 -5.269050598144531250e-04 -5.395114421844482422e-04 -5.280375480651855469e-04 -5.229413509368896484e-04 -5.210041999816894531e-04 -5.154013633728027344e-04 -5.262792110443115234e-04 -5.220174789428710938e-04
1.167272590916906605e+00 5.134046077728271484e-04 5.221068859100341797e-04 5.183219909667968750e-04 5.231797695159912109e-04 5.033612251281738281e-04 5.119144916534423828e-04 5.094707012176513672e-04 5.278289318084716797e-04 5.152225494384765625e-04 5.088448524475097656e-04
1.173725352902294627e+00 2.789497375488281250e-05 2.044439315795898438e-05 3.004074096679687500e-05 3.078579902648925781e-05 3.069639205932617188e-05 3.528594970703125000e-05 2.980232238769531250e-05 3.594160079956054688e-05 2.378225326538085938e-05 2.795457839965820312e-05
1.180178114887682428e+00 -5.789995193481445312e-04 -5.858838558197021484e-04 -5.794465541839599609e-04 -5.851387977600097656e-04 -5.790293216705322266e-04 -5.768239498138427734e-04 -5.798339843750000000e-04 -5.832314491271972656e-04 -5.709528923034667969e-04 -5.753934383392333984e-04
1.186630876873070450e+00 3.128647804260253906e-04 3.049075603485107422e-04 3.244280815124511719e-04 3.126263618469238281e-04 3.164708614349365234e-04 3.169178962707519531e-04 3.029406070709228516e-04 3.070533275604248047e-04 3.147423267364501953e-04 3.095567226409912109e-04
1.193083638858458251e+00 4.785656929016113281e-04 5.092024803161621094e-04 4.914999008178710938e-04 4.934072494506835938e-04 5.100071430206298828e-04 4.979074001312255859e-04 4.870295524597167969e-04 4.903972148895263672e-04 4.986524581909179688e-04 4.872083663940429688e-04
1.199536400843846051e+00 -2.840757369995117188e-04 -2.906322479248046875e-04 -2.852976322174072266e-04 -2.859830856323242188e-04 -2.852082252502441406e-04 -2.823173999786376953e-04 -2.816617488861083984e-04 -2.927184104919433594e-04 -2.810657024383544922e-04 -2.918243408203125000e-04
1.205989162829234074e+00 -2.127587795257568359e-04 -2.207756042480468750e-04 -2.014636993408203125e-04 -2.194941043853759766e-04 -2.315938472747802734e-04 -2.234280109405517578e-04 -2.180933952331542969e-04 -2.020299434661865234e-04 -2.152621746063232422e-04 -2.126395702362060547e-04
1.212441924814621874e+00 4.885792732238769531e-04 4.801750183105468750e-04 4.943907260894775391e-04 4.958808422088623047e-04 4.789829254150390625e-04 4.888474941253662109e-04 4.869997501373291016e-04 4.875659942626953125e-04 4.979670047760009766e-04 4.742443561553955078e-04
1.218894686800009897e+00 5.143880844116210938e-05 5.364418029785156250e-05 5.024671554565429688e-05 5.793571472167968750e-05 5.835294723510742188e-05 5.504488945007324219e-05 4.586577415466308594e-05 4.708766937255859375e-05 5.176663398742675781e-05 6.416440010070800781e-05
1.225347448785397697e+00 -4.079639911651611328e-04 -4.045665264129638672e-04 -4.087090492248535156e-04 -4.101991653442382812e-04 -4.255175590515136719e-04 -4.206895828247070312e-04 -4.087388515472412109e-04 -4.061758518218994141e-04 -4.014074802398681641e-04 -4.165470600128173828e-04
1.231800210770785720e+00 3.012120723724365234e-04 3.011226654052734375e-04 2.945661544799804688e-04 3.033876419067382812e-04 3.027021884918212891e-04 2.965927124023437500e-04 2.964437007904052734e-04 2.941489219665527344e-04 2.959966659545898438e-04 2.838075160980224609e-04
1.238252972756173520e+00 1.406073570251464844e-04 1.356005668640136719e-04 1.392364501953125000e-04 1.341998577117919922e-04 1.316666603088378906e-04 1.407563686370849609e-04 1.329481601715087891e-04 1.388192176818847656e-04 1.403093338012695312e-04 1.397132873535156250e-04
1.244705734741561542e+00 -3.422498703002929688e-04 -3.372132778167724609e-04 -3.446936607360839844e-04 -3.519058227539062500e-04 -3.453195095062255859e-04 -3.391206264495849609e-04 -3.456473350524902344e-04 -3.410875797271728516e-04 -3.402829170227050781e-04 -3.533065319061279297e-04
1.251158496726949343e+00 5.209445953369140625e-05 6.240606307983398438e-05 6.160140037536621094e-05 5.033612251281738281e-05 5.349516868591308594e-05 5.072355270385742188e-05 5.292892456054687500e-05 5.555152893066406250e-05 5.859136581420898438e-05 6.374716758728027344e-05
1.257611258712337365e+00 2.993643283843994141e-04 3.127157688140869141e-04 3.031790256500244141e-04 3.011226654052734375e-04 3.054141998291015625e-04 3.007948398590087891e-04 2.876818180084228516e-04 3.117024898529052734e-04 3.018379211425781250e-04 3.003180027008056641e-04
1.264064020697725166e+00 -2.025663852691650391e-04 -2.071559429168701172e-04 -2.076625823974609375e-04 -2.000033855438232422e-04 -2.016723155975341797e-04 -2.163052558898925781e-04 -2.091526985168457031e-04 -2.068877220153808594e-04 -2.217888832092285156e-04 -2.110600471496582031e-04
1.270516782683113188e+00 -2.962648868560791016e-04 -3.080070018768310547e-04 -2.931654453277587891e-04 -3.041625022888183594e-04 -2.963542938232421875e-04 -2.929568290710449219e-04 -2.927780151367187500e-04 -3.028213977813720703e-04 -2.922117710113525391e-04 -2.918243408203125000e-04
1.276969544668500989e+00 2.622902393341064453e-04 2.753436565399169922e-04 2.712607383728027344e-04 2.639889717102050781e-04 2.692937850952148438e-04 2.702474594116210938e-04 2.643465995788574219e-04 2.664923667907714844e-04 2.610385417938232422e-04 2.532005310058593750e-04
1.283422306653888789e+00 1.091957092285156250e-04 1.017451286315917969e-04 1.152157783508300781e-04 1.020431518554687500e-04 1.011490821838378906e-04 1.078248023986816406e-04 1.025199890136718750e-04 1.003146171569824219e-04 1.117885112762451172e-04 1.044273376464843750e-04
1.289875068639276812e+00 -3.912746906280517578e-04 -3.912448883056640625e-04 -3.857314586639404297e-04 -3.939568996429443359e-04 -3.826618194580078125e-04 -3.788769245147705078e-04 -3.872811794281005859e-04 -3.665387630462646484e-04 -3.910064697265625000e-04 -3.708899021148681641e-04
1.296327830624664612e+00 1.916587352752685547e-04 1.946091651916503906e-04 1.930296421051025391e-04 2.029836177825927734e-04 1.884102821350097656e-04 2.010166645050048828e-04 1.998245716094970703e-04 2.015531063079833984e-04 2.092123031616210938e-04 1.913905143737792969e-04
1.302780592610052635e+00 2.432167530059814453e-04 2.495944499969482422e-04 2.267062664031982422e-04 2.405345439910888672e-04 2.458095550537109375e-04 2.506077289581298828e-04 2.407431602478027344e-04 2.352595329284667969e-04 2.366900444030761719e-04 2.462565898895263672e-04
1.309233354595440435e+00 -4.619359970092773438e-04 -4.658997058868408203e-04 -4.711449146270751953e-04 -4.687607288360595703e-04 -4.503130912780761719e-04 -4.639923572540283203e-04 -4.655122756958007812e-04 -4.643499851226806641e-04 -4.633665084838867188e-04 -4.628896713256835938e-04
1.315686116580828458e+00 1.666545867919921875e-04 1.519918441772460938e-04 1.551806926727294922e-04 1.507997512817382812e-04 1.426935195922851562e-04 1.610815525054931641e-04 1.680254936218261719e-04 1.528561115264892578e-04 1.668930053710937500e-04 1.540780067443847656e-04
1.322138878566216258e+00 3.255903720855712891e-04 3.378689289093017578e-04 3.318488597869873047e-04 3.313422203063964844e-04 3.257989883422851562e-04 3.282129764556884766e-04 3.288686275482177734e-04 3.360509872436523438e-04 3.364384174346923828e-04 3.234148025512695312e-04
1.328591640551604280e+00 -3.643035888671875000e-04 -3.521144390106201172e-04 -3.533065319061279297e-04 -3.684759140014648438e-04 -3.512799739837646484e-04 -3.532767295837402344e-04 -3.415644168853759766e-04 -3.516077995300292969e-04 -3.599226474761962891e-04 -3.457069396972656250e-04
1.335044402536992081e+00 -6.070733070373535156e-05 -6.416440010070800781e-05 -4.956126213073730469e-05 -6.535649299621582031e-05 -6.926059722900390625e-05 -7.289648056030273438e-05 -8.225440979003906250e-05 -4.646182060241699219e-05 -5.668401718139648438e-05 -6.422400474548339844e-05
1.341497164522380103e+00 3.322362899780273438e-04 3.495514392852783203e-04 3.309547901153564453e-04 3.333091735839843750e-04 3.413259983062744141e-04 3.370940685272216797e-04 3.300905227661132812e-04 3.346204757690429688e-04 3.269612789154052734e-04 3.312826156616210938e-04
1.347949926507767904e+00 -1.429021358489990234e-04 -1.215040683746337891e-04 -1.378059387207031250e-04 -1.458525657653808594e-04 -1.397430896759033203e-04 -1.370906829833984375e-04 -1.245737075805664062e-04 -1.329779624938964844e-04 -1.503825187683105469e-04 -1.397132873535156250e-04
1.354402688493155926e+00 -1.043379306793212891e-04 -9.995698928833007812e-05 -9.593367576599121094e-05 -1.057386398315429688e-04 -1.079738140106201172e-04 -1.040697097778320312e-04 -9.876489639282226562e-05 -1.041591167449951172e-04 -8.580088615417480469e-05 -1.108050346374511719e-04
1.360855450478543727e+00 1.108050346374511719e-04 1.236796379089355469e-04 1.115202903747558594e-04 1.122355461120605469e-04 1.098811626434326172e-04 1.163780689239501953e-04 1.173019409179687500e-04 1.235604286193847656e-04 1.155734062194824219e-04 1.153349876403808594e-04
1.367308212463931749e+00 -9.006261825561523438e-05 -9.316205978393554688e-05 -9.176135063171386719e-05 -8.168816566467285156e-05 -8.970499038696289062e-05 -8.496642112731933594e-05 -9.158253669738769531e-05 -6.780028343200683594e-05 -9.107589721679687500e-05 -8.895993232727050781e-05
1.373760974449319550e+00 -2.090036869049072266e-04 -2.064108848571777344e-04 -2.089440822601318359e-04 -2.064704895019531250e-04 -1.955032348632812500e-04 -2.051889896392822266e-04 -2.019405364990234375e-04 -1.992881298065185547e-04 -2.081692218780517578e-04 -2.078711986541748047e-04
1.380213736434707350e+00 1.156330108642578125e-05 8.940696716308593750e-08 3.576278686523437500e-06 1.549720764160156250e-06 1.695752143859863281e-05 1.022219657897949219e-05 2.568960189819335938e-05 5.364418029785156250e-07 1.737475395202636719e-05 3.874301910400390625e-06
1.386666498420095373e+00 1.806616783142089844e-04 1.653432846069335938e-04 1.683235168457031250e-04 1.702606678009033203e-04 1.673400402069091797e-04 1.747012138366699219e-04 1.626312732696533203e-04 1.714825630187988281e-04 1.745820045471191406e-04 1.694560050964355469e-04
1.393119260405483173e+00 -5.012750625610351562e-05 -4.890561103820800781e-05 -5.203485488891601562e-05 -5.316734313964843750e-05 -5.218386650085449219e-05 -4.610419273376464844e-05 -3.468990325927734375e-05 -5.859136581420898438e-05 -4.005432128906250000e-05 -5.665421485900878906e-05
1.399572022390871195e+00 -1.324415206909179688e-04 -1.206696033477783203e-04 -1.177191734313964844e-04 -1.170337200164794922e-04 -1.207292079925537109e-04 -1.272261142730712891e-04 -1.254081726074218750e-04 -1.156628131866455078e-04 -1.298189163208007812e-04 -1.171529293060302734e-04
1.406024784376258996e+00 2.861022949218750000e-04 2.913475036621093750e-04 2.718567848205566406e-04 2.847313880920410156e-04 2.790391445159912109e-04 2.891421318054199219e-04 2.854168415069580078e-04 2.861618995666503906e-04 2.769827842712402344e-04 2.838075160980224609e-04
1.412477546361647018e+00 -1.947283744812011719e-04 -2.033710479736328125e-04 -2.169013023376464844e-04 -2.028644084930419922e-04 -1.972615718841552734e-04 -2.096593379974365234e-04 -2.032518386840820312e-04 -1.975595951080322266e-04 -1.920163631439208984e-04 -2.021491527557373047e-04
1.418930308347034819e+00 -1.956224441528320312e-04 -2.090632915496826172e-04 -1.903474330902099609e-04 -1.936256885528564453e-04 -1.975595951080322266e-04 -2.013146877288818359e-04 -1.924335956573486328e-04 -2.013742923736572266e-04 -1.943707466125488281e-04 -1.868903636932373047e-04
1.425383070332422841e+00 3.243386745452880859e-04 3.269314765930175781e-04 3.217160701751708984e-04 3.259479999542236328e-04 3.347396850585937500e-04 3.212690353393554688e-04 3.211498260498046875e-04 3.386139869689941406e-04 3.297626972198486328e-04 3.307461738586425781e-04
1.431835832317810642e+00 -5.289912223815917969e-05 -4.839897155761718750e-05 -4.553794860839843750e-05 -5.695223808288574219e-05 -4.398822784423828125e-05 -4.073977470397949219e-05 -5.385279655456542969e-05 -4.702806472778320312e-05 -4.863739013671875000e-05 -4.595518112182617188e-05
1.438288594303198664e+00 -2.771914005279541016e-04 -2.839863300323486328e-04 -2.826452255249023438e-04 -2.885162830352783203e-04 -2.824664115905761719e-04 -2.832412719726562500e-04 -2.889931201934814453e-04 -2.846717834472656250e-04 -2.731084823608398438e-04 -2.835392951965332031e-04
1.444741356288586465e+00 2.767145633697509766e-04 2.712011337280273438e-04 2.738833427429199219e-04 2.804398536682128906e-04 2.851486206054687500e-04 2.770423889160156250e-04 2.737939357757568359e-04 2.742707729339599609e-04 2.737939357757568359e-04 2.679228782653808594e-04
1.451194118273974487e+00 1.124441623687744141e-04 1.145601272583007812e-04 9.667873382568359375e-05 1.124441623687744141e-04 9.864568710327148438e-05 9.870529174804687500e-05 9.861588478088378906e-05 1.058280467987060547e-04 1.022219657897949219e-04 1.024901866912841797e-04
1.457646880259362288e+00 -2.241730690002441406e-04 -2.327561378479003906e-04 -2.171397209167480469e-04 -2.233088016510009766e-04 -2.202689647674560547e-04 -2.270042896270751953e-04 -2.349615097045898438e-04 -2.293884754180908203e-04 -2.329945564270019531e-04 -2.239346504211425781e-04
1.464099642244750310e+00 2.284348011016845703e-04 2.320408821105957031e-04 2.362728118896484375e-04 2.296864986419677734e-04 2.335608005523681641e-04 2.419054508209228516e-04 2.390146255493164062e-04 2.229809761047363281e-04 2.405643463134765625e-04 2.309381961822509766e-04
1.470552404230138110e+00 4.592537879943847656e-05 4.673004150390625000e-05 4.702806472778320312e-05 4.640221595764160156e-05 4.461407661437988281e-05 4.786252975463867188e-05 4.389882087707519531e-05 4.419684410095214844e-05 5.459785461425781250e-05 4.762411117553710938e-05
1.477005166215525911e+00 -1.866817474365234375e-04 -1.859962940216064453e-04 -1.817941665649414062e-04 -1.781582832336425781e-04 -1.792311668395996094e-04 -1.739263534545898438e-04 -1.825988292694091797e-04 -1.807212829589843750e-04 -1.775324344635009766e-04 -1.921951770782470703e-04
1.483457928200913933e+00 9.644031524658203125e-05 8.961558341979980469e-05 9.796023368835449219e-05 9.930133819580078125e-05 8.684396743774414062e-05 1.057088375091552734e-04 9.933114051818847656e-05 8.374452590942382812e-05 9.196996688842773438e-05 9.971857070922851562e-05
1.489910690186301734e+00 8.672475814819335938e-05 8.049607276916503906e-05 7.876753807067871094e-05 8.675456047058105469e-05 7.525086402893066406e-05 8.037686347961425781e-05 8.127093315124511719e-05 8.308887481689453125e-05 7.125735282897949219e-05 8.156895637512207031e-05
1.496363452171689756e+00 -9.602308273315429688e-05 -9.822845458984375000e-05 -9.042024612426757812e-05 -9.879469871520996094e-05 -9.840726852416992188e-05 -9.781122207641601562e-05 -1.011788845062255859e-04 -9.781122207641601562e-05 -1.024305820465087891e-04 -9.745359420776367188e-05
1.502816214157077557e+00 1.335144042968750000e-05 1.880526542663574219e-05 5.841255187988281250e-06 5.215406417846679688e-06 1.615285873413085938e-05 6.496906280517578125e-06 1.603364944458007812e-05 2.491474151611328125e-05 1.129508018493652344e-05 2.452731132507324219e-05
1.509268976142465579e+00 2.586841583251953125e-05 1.758337020874023438e-05 2.357363700866699219e-05 2.714991569519042969e-05 2.026557922363281250e-05 3.519654273986816406e-05 2.360343933105468750e-05 2.145767211914062500e-05 2.905726432800292969e-05 2.637505531311035156e-05
1.515721738127853380e+00 8.136034011840820312e-06 1.809000968933105469e-05 6.079673767089843750e-06 7.629394531250000000e-06 6.616115570068359375e-06 1.227855682373046875e-05 1.224875450134277344e-05 1.114606857299804688e-05 2.112984657287597656e-05 5.215406417846679688e-06
1.522174500113241402e+00 -6.127357482910156250e-05 -5.683302879333496094e-05 -5.796551704406738281e-05 -6.335973739624023438e-05 -5.814433097839355469e-05 -5.710124969482421875e-05 -6.392598152160644531e-05 -5.128979682922363281e-05 -6.139278411865234375e-05 -5.394220352172851562e-05
1.528627262098629203e+00 5.871057510375976562e-06 1.028180122375488281e-05 1.162290573120117188e-05 1.311302185058593750e-06 1.046061515808105469e-05 5.960464477539062500e-07 6.526708602905273438e-06 1.758337020874023438e-06 1.007318496704101562e-05 6.586313247680664062e-06
1.535080024084017225e+00 1.008808612823486328e-04 9.366869926452636719e-05 9.658932685852050781e-05 9.867548942565917969e-05 9.304285049438476562e-05 1.039803028106689453e-04 8.979439735412597656e-05 1.027584075927734375e-04 9.101629257202148438e-05 1.023411750793457031e-04
1.541532786069405025e+00 -1.238584518432617188e-04 -1.178383827209472656e-04 -1.216828823089599609e-04 -1.077950000762939453e-04 -1.113414764404296875e-04 -1.283288002014160156e-04 -1.256167888641357422e-04 -1.274645328521728516e-04 -1.274943351745605469e-04 -1.151561737060546875e-04
1.547985548054793048e+00 -2.419948577880859375e-05 -2.396106719970703125e-05 -2.771615982055664062e-05 -2.229213714599609375e-05 -2.110004425048828125e-05 -3.519654273986816406e-05 -2.807378768920898438e-05 -1.952052116394042969e-05 -2.217292785644531250e-05 -2.351403236389160156e-05
1.554438310040180848e+00 1.500546932220458984e-04 1.388192176818847656e-04 1.501142978668212891e-04 1.545846462249755859e-04 1.520812511444091797e-04 1.439452171325683594e-04 1.473426818847656250e-04 1.501739025115966797e-04 1.568198204040527344e-04 1.544356346130371094e-04
1.560891072025568649e+00 -5.340576171875000000e-05 -6.285309791564941406e-05 -6.890296936035156250e-05 -6.505846977233886719e-05 -5.638599395751953125e-05 -5.620718002319335938e-05 -5.912780761718750000e-05 -5.152821540832519531e-05 -5.844235420227050781e-05 -6.279349327087402344e-05
1.567343834010956671e+00 -1.465380191802978516e-04 -1.529455184936523438e-04 -1.693964004516601562e-04 -1.537501811981201172e-04 -1.506209373474121094e-04 -1.578330993652343750e-04 -1.536607742309570312e-04 -1.533329486846923828e-04 -1.615583896636962891e-04 -1.595616340637207031e-04
1.573796595996344472e+00 1.861155033111572266e-04 1.851618289947509766e-04 1.847445964813232422e-04 1.949965953826904297e-04 1.902282238006591797e-04 1.935362815856933594e-04 1.839101314544677734e-04 1.935064792633056641e-04 1.945197582244873047e-04 1.892745494842529297e-04
1.580249357981732494e+00 -2.506375312805175781e-05 -2.601742744445800781e-05 -1.695752143859863281e-05 -2.506375312805175781e-05 -2.938508987426757812e-05 -1.454353332519531250e-05 -2.419948577880859375e-05 -1.931190490722656250e-05 -2.276897430419921875e-05 -1.537799835205078125e-05
1.586702119967120295e+00 -2.623796463012695312e-04 -2.836585044860839844e-04 -2.643167972564697266e-04 -2.792775630950927734e-04 -2.797842025756835938e-04 -2.694427967071533203e-04 -2.787113189697265625e-04 -2.780258655548095703e-04 -2.715587615966796875e-04 -2.703070640563964844e-04
1.593154881952508317e+00 2.660453319549560547e-04 2.695620059967041016e-04 2.707839012145996094e-04 2.795159816741943359e-04 2.727806568145751953e-04 2.834498882293701172e-04 2.877712249755859375e-04 2.678036689758300781e-04 2.778470516204833984e-04 2.771317958831787109e-04
1.599607643937896118e+00 4.467368125915527344e-05 5.176663398742675781e-05 2.783536911010742188e-05 4.288554191589355469e-05 4.351139068603515625e-05 4.351139068603515625e-05 3.981590270996093750e-05 3.117322921752929688e-05 3.120303153991699219e-05 4.503130912780761719e-05
1.606060405923284140e+00 -3.359019756317138672e-04 -3.339648246765136719e-04 -3.314316272735595703e-04 -3.366470336914062500e-04 -3.386437892913818359e-04 -3.253817558288574219e-04 -3.305971622467041016e-04 -3.235936164855957031e-04 -3.365874290466308594e-04 -3.352761268615722656e-04
1.612513167908671941e+00 3.270804882049560547e-04 3.165602684020996094e-04 3.235340118408203125e-04 3.298223018646240234e-04 3.177523612976074219e-04 3.114044666290283203e-04 3.188848495483398438e-04 3.233850002288818359e-04 3.172159194946289062e-04 3.167688846588134766e-04
1.618965929894059963e+00 -5.373358726501464844e-05 -2.965331077575683594e-05 -4.306435585021972656e-05 -4.130601882934570312e-05 -3.418326377868652344e-05 -3.960728645324707031e-05 -3.308057785034179688e-05 -3.904104232788085938e-05 -4.306435585021972656e-05 -3.778934478759765625e-05
1.625418691879447763e+00 -3.412663936614990234e-04 -3.429055213928222656e-04 -3.261268138885498047e-04 -3.393888473510742188e-04 -3.426373004913330078e-04 -3.367066383361816406e-04 -3.394186496734619141e-04 -3.480017185211181641e-04 -3.308355808258056641e-04 -3.286302089691162109e-04
1.631871453864835786e+00 2.994835376739501953e-04 3.021061420440673828e-04 2.992153167724609375e-04 2.985894680023193359e-04 3.025531768798828125e-04 3.025233745574951172e-04 2.968907356262207031e-04 3.059506416320800781e-04 3.119111061096191406e-04 3.034472465515136719e-04
1.638324215850223586e+00 1.472234725952148438e-05 2.881884574890136719e-05 2.148747444152832031e-05 1.594424247741699219e-05 1.239776611328125000e-05 2.154707908630371094e-05 2.816319465637207031e-05 2.470612525939941406e-05 1.192092895507812500e-05 2.104043960571289062e-05
1.644776977835611609e+00 -3.585815429687500000e-04 -3.709495067596435547e-04 -3.546476364135742188e-04 -3.553330898284912109e-04 -3.673136234283447266e-04 -3.572404384613037109e-04 -3.623962402343750000e-04 -3.674030303955078125e-04 -3.567636013031005859e-04 -3.577768802642822266e-04
1.651229739820999409e+00 3.664195537567138672e-04 3.731846809387207031e-04 3.791749477386474609e-04 3.777146339416503906e-04 3.715753555297851562e-04 3.776252269744873047e-04 3.729164600372314453e-04 3.698170185089111328e-04 3.612637519836425781e-04 3.664195537567138672e-04
1.657682501806387210e+00 -1.006126403808593750e-04 -7.894635200500488281e-05 -8.192658424377441406e-05 -7.772445678710937500e-05 -7.894635200500488281e-05 -8.827447891235351562e-05 -8.234381675720214844e-05 -8.994340896606445312e-05 -9.199976921081542969e-05 -8.428096771240234375e-05
1.664135263791775232e+00 -2.524852752685546875e-04 -2.582967281341552734e-04 -2.603530883789062500e-04 -2.516210079193115234e-04 -2.515614032745361328e-04 -2.532005310058593750e-04 -2.423226833343505859e-04 -2.445280551910400391e-04 -2.503693103790283203e-04 -2.431273460388183594e-04
1.670588025777163033e+00 3.554224967956542969e-04 3.537833690643310547e-04 3.590285778045654297e-04 3.641545772552490234e-04 3.549456596374511719e-04 3.569424152374267578e-04 3.606677055358886719e-04 3.584623336791992188e-04 3.570616245269775391e-04 3.565847873687744141e-04
1.677040787762551055e+00 -3.366172313690185547e-04 -3.296434879302978516e-04 -3.424882888793945312e-04 -3.374814987182617188e-04 -3.319680690765380859e-04 -3.276467323303222656e-04 -3.310739994049072266e-04 -3.429651260375976562e-04 -3.432929515838623047e-04 -3.302693367004394531e-04
1.683493549747938856e+00 -7.650256156921386719e-05 -9.244680404663085938e-05 -7.319450378417968750e-05 -9.164214134216308594e-05 -8.678436279296875000e-05 -7.447600364685058594e-05 -7.361173629760742188e-05 -7.802248001098632812e-05 -6.848573684692382812e-05 -7.700920104980468750e-05
1.689946311733326878e+00 5.516409873962402344e-04 5.590319633483886719e-04 5.468428134918212891e-04 5.489587783813476562e-04 5.624592304229736328e-04 5.528330802917480469e-04 5.567669868469238281e-04 5.496740341186523438e-04 5.535483360290527344e-04 5.524456501007080078e-04
1.696399073718714678e+00 -5.233287811279296875e-04 -5.092322826385498047e-04 -5.115270614624023438e-04 -5.213618278503417969e-04 -5.182325839996337891e-04 -5.266368389129638672e-04 -5.348324775695800781e-04 -5.170106887817382812e-04 -5.124807357788085938e-04 -5.255937576293945312e-04
1.702851835704102701e+00 6.935000419616699219e-05 5.927681922912597656e-05 8.189678192138671875e-05 6.830692291259765625e-05 7.298588752746582031e-05 7.382035255432128906e-05 7.730722427368164062e-05 7.963180541992187500e-05 7.143616676330566406e-05 6.553530693054199219e-05
1.709304597689490501e+00 4.438459873199462891e-04 4.583001136779785156e-04 4.361867904663085938e-04 4.399716854095458984e-04 4.541575908660888672e-04 4.349350929260253906e-04 4.398524761199951172e-04 4.440844058990478516e-04 4.418194293975830078e-04 4.276931285858154297e-04
1.715757359674878524e+00 -6.769299507141113281e-04 -6.794929504394531250e-04 -6.805360317230224609e-04 -6.853044033050537109e-04 -6.712973117828369141e-04 -6.764233112335205078e-04 -6.743073463439941406e-04 -6.827414035797119141e-04 -6.739795207977294922e-04 -6.830990314483642578e-04
1.722210121660266324e+00 2.971291542053222656e-04 2.793669700622558594e-04 2.954602241516113281e-04 2.937018871307373047e-04 2.922117710113525391e-04 2.875328063964843750e-04 2.838969230651855469e-04 2.953708171844482422e-04 2.998411655426025391e-04 2.931356430053710938e-04
1.728662883645654347e+00 4.870891571044921875e-04 4.991590976715087891e-04 4.957318305969238281e-04 4.794597625732421875e-04 4.845559597015380859e-04 4.852712154388427734e-04 4.984736442565917969e-04 4.875063896179199219e-04 4.936456680297851562e-04 4.875063896179199219e-04
1.735115645631042147e+00 -8.179247379302978516e-04 -8.174180984497070312e-04 -8.004605770111083984e-04 -8.151233196258544922e-04 -8.039474487304687500e-04 -8.106827735900878906e-04 -8.111596107482910156e-04 -8.125305175781250000e-04 -8.096694946289062500e-04 -8.246302604675292969e-04
1.741568407616429948e+00 4.184544086456298828e-04 4.143118858337402344e-04 4.229843616485595703e-04 4.185140132904052734e-04 4.080533981323242188e-04 4.265308380126953125e-04 4.187822341918945312e-04 4.194974899291992188e-04 4.263818264007568359e-04 4.359185695648193359e-04
1.748021169601817970e+00 4.354119300842285156e-04 4.537403583526611328e-04 4.477500915527343750e-04 4.555583000183105469e-04 4.424750804901123047e-04 4.404783248901367188e-04 4.647076129913330078e-04 4.504024982452392578e-04 4.459917545318603516e-04 4.548132419586181641e-04
1.754473931587205771e+00 -8.400082588195800781e-04 -8.302927017211914062e-04 -8.279979228973388672e-04 -8.301138877868652344e-04 -8.302628993988037109e-04 -8.123219013214111328e-04 -8.088052272796630859e-04 -8.208751678466796875e-04 -8.272826671600341797e-04 -8.298754692077636719e-04
1.760926693572593793e+00 4.708468914031982422e-04 4.544854164123535156e-04 4.651248455047607422e-04 4.599988460540771484e-04 4.551410675048828125e-04 4.613697528839111328e-04 4.594027996063232422e-04 4.710555076599121094e-04 4.692971706390380859e-04 4.471540451049804688e-04
1.767379455557981593e+00 3.739893436431884766e-04 3.764033317565917969e-04 3.750026226043701172e-04 3.673434257507324219e-04 3.650784492492675781e-04 3.778040409088134766e-04 3.608167171478271484e-04 3.719627857208251953e-04 3.699660301208496094e-04 3.683567047119140625e-04
1.773832217543369616e+00 -7.877349853515625000e-04 -7.938146591186523438e-04 -7.800757884979248047e-04 -7.922649383544921875e-04 -7.833838462829589844e-04 -7.872879505157470703e-04 -7.772445678710937500e-04 -7.722079753875732422e-04 -7.757246494293212891e-04 -7.921755313873291016e-04
1.780284979528757416e+00 4.988908767700195312e-04 4.969835281372070312e-04 5.061626434326171875e-04 5.096197128295898438e-04 5.000829696655273438e-04 4.976391792297363281e-04 5.133748054504394531e-04 5.003809928894042969e-04 4.956424236297607422e-04 5.005896091461181641e-04
1.786737741514145439e+00 2.171099185943603516e-04 2.430975437164306641e-04 2.389550209045410156e-04 2.418458461761474609e-04 2.299249172210693359e-04 2.181529998779296875e-04 2.341568470001220703e-04 2.322793006896972656e-04 2.272129058837890625e-04 2.304017543792724609e-04
1.793190503499533239e+00 -6.532073020935058594e-04 -6.629526615142822266e-04 -6.659626960754394531e-04 -6.558597087860107422e-04 -6.692409515380859375e-04 -6.442964076995849609e-04 -6.553530693054199219e-04 -6.532967090606689453e-04 -6.561577320098876953e-04 -6.611049175262451172e-04
1.799643265484921262e+00 4.899799823760986328e-04 4.819035530090332031e-04 4.923641681671142578e-04 4.921555519104003906e-04 4.941523075103759766e-04 4.954040050506591797e-04 4.901587963104248047e-04 4.965662956237792969e-04 4.989504814147949219e-04 4.971325397491455078e-04
1.806096027470309062e+00 3.189146518707275391e-04 3.036856651306152344e-04 3.069639205932617188e-04 3.281235694885253906e-04 3.298223018646240234e-04 3.142952919006347656e-04 3.145635128021240234e-04 3.140270709991455078e-04 3.276169300079345703e-04 3.285408020019531250e-04
1.812548789455697085e+00 -5.345046520233154297e-04 -5.393624305725097656e-04 -5.266070365905761719e-04 -5.448162555694580078e-04 -5.401074886322021484e-04 -5.283951759338378906e-04 -5.336105823516845703e-04 -5.392730236053466797e-04 -5.345046520233154297e-04 -5.383491516113281250e-04
1.819001551441084885e+00 2.782344818115234375e-04 2.728700637817382812e-04 2.896189689636230469e-04 2.756118774414062500e-04 2.903640270233154297e-04 2.752542495727539062e-04 2.789199352264404297e-04 2.795457839965820312e-04 2.833604812622070312e-04 2.714395523071289062e-04
1.825454313426472908e+00 2.194344997406005859e-04 2.214610576629638672e-04 2.099871635437011719e-04 2.211034297943115234e-04 2.137422561645507812e-04 2.117753028869628906e-04 2.240240573883056641e-04 2.203881740570068359e-04 2.207458019256591797e-04 2.150237560272216797e-04
1.831907075411860708e+00 -4.469156265258789062e-04 -4.759430885314941406e-04 -4.464983940124511719e-04 -4.604160785675048828e-04 -4.515647888183593750e-04 -4.551410675048828125e-04 -4.555881023406982422e-04 -4.535913467407226562e-04 -4.518926143646240234e-04 -4.521012306213378906e-04
1.838359837397248508e+00 1.836419105529785156e-04 1.949965953826904297e-04 1.920759677886962891e-04 1.979768276214599609e-04 1.910030841827392578e-04 1.848340034484863281e-04 2.020001411437988281e-04 2.002120018005371094e-04 2.003014087677001953e-04 1.981258392333984375e-04
1.844812599382636531e+00 1.550018787384033203e-04 1.626312732696533203e-04 1.586377620697021484e-04 1.577734947204589844e-04 1.595914363861083984e-04 1.494586467742919922e-04 1.685917377471923828e-04 1.687407493591308594e-04 1.496672630310058594e-04 1.695156097412109375e-04
1.851265361368024331e+00 -2.883672714233398438e-04 -2.741515636444091797e-04 -2.734959125518798828e-04 -2.809762954711914062e-04 -2.843439579010009766e-04 -2.688467502593994141e-04 -2.751052379608154297e-04 -2.749562263488769531e-04 -2.836585044860839844e-04 -2.742409706115722656e-04
1.857718123353412354e+00 1.061558723449707031e-04 1.068711280822753906e-04 1.060068607330322266e-04 1.019537448883056641e-04 9.459257125854492188e-05 1.091361045837402344e-04 1.052916049957275391e-04 1.106262207031250000e-04 1.027286052703857422e-04 1.081526279449462891e-04
1.864170885338800154e+00 9.608268737792968750e-05 9.128451347351074219e-05 9.974837303161621094e-05 9.745359420776367188e-05 1.027584075927734375e-04 9.888410568237304688e-05 1.044869422912597656e-04 1.106858253479003906e-04 1.141726970672607422e-04 9.945034980773925781e-05
1.870623647324188177e+00 -1.327097415924072266e-04 -1.201033592224121094e-04 -1.307129859924316406e-04 -1.273155212402343750e-04 -1.166760921478271484e-04 -1.232326030731201172e-04 -1.250803470611572266e-04 -1.268684864044189453e-04 -1.403987407684326172e-04 -1.310110092163085938e-04
1.877076409309575977e+00 4.202127456665039062e-05 2.923607826232910156e-05 3.209710121154785156e-05 1.996755599975585938e-05 3.209710121154785156e-05 2.524256706237792969e-05 3.686547279357910156e-05 3.662705421447753906e-05 3.033876419067382812e-05 3.087520599365234375e-05
1.883529171294964000e+00 1.919269561767578125e-05 1.198053359985351562e-05 2.092123031616210938e-05 2.682209014892578125e-05 2.124905586242675781e-05 1.469254493713378906e-05 2.112984657287597656e-05 3.278255462646484375e-05 2.390146255493164062e-05 1.952052116394042969e-05
1.889981933280351800e+00 -5.534291267395019531e-05 -5.298852920532226562e-05 -5.936622619628906250e-05 -5.552172660827636719e-05 -7.021427154541015625e-05 -6.285309791564941406e-05 -6.717443466186523438e-05 -5.921721458435058594e-05 -5.292892456054687500e-05 -6.011128425598144531e-05
1.896434695265739823e+00 1.388788223266601562e-05 1.895427703857421875e-05 2.178549766540527344e-05 2.163648605346679688e-05 8.851289749145507812e-06 1.537799835205078125e-05 1.335144042968750000e-05 2.464652061462402344e-05 1.582503318786621094e-05 1.481175422668457031e-05
1.902887457251127623e+00 9.894371032714843750e-06 2.136826515197753906e-05 1.403689384460449219e-05 1.791119575500488281e-05 2.554059028625488281e-05 1.770257949829101562e-05 1.946091651916503906e-05 1.049041748046875000e-05 1.999735832214355469e-05 2.035498619079589844e-05
1.909340219236515646e+00 2.580881118774414062e-05 1.522898674011230469e-05 6.198883056640625000e-06 1.171231269836425781e-05 1.594424247741699219e-05 1.096725463867187500e-05 3.218650817871093750e-06 9.536743164062500000e-06 1.290440559387207031e-05 1.934170722961425781e-05
1.915792981221903446e+00 4.613399505615234375e-05 3.239512443542480469e-05 3.564357757568359375e-05 3.835558891296386719e-05 3.522634506225585938e-05 4.234910011291503906e-05 3.254413604736328125e-05 5.146861076354980469e-05 4.217028617858886719e-05 4.416704177856445312e-05
1.922245743207291468e+00 -8.219480514526367188e-05 -8.320808410644531250e-05 -8.252263069152832031e-05 -7.435679435729980469e-05 -8.687376976013183594e-05 -8.812546730041503906e-05 -8.708238601684570312e-05 -8.362531661987304688e-05 -8.240342140197753906e-05 -8.419156074523925781e-05
1.928698505192679269e+00 4.503130912780761719e-05 4.199147224426269531e-05 4.318356513977050781e-05 4.306435585021972656e-05 3.549456596374511719e-05 3.221631050109863281e-05 4.619359970092773438e-05 4.053115844726562500e-05 3.683567047119140625e-05 4.181265830993652344e-05
1.935151267178067069e+00 9.348988533020019531e-05 1.165866851806640625e-04 9.366869926452636719e-05 9.796023368835449219e-05 1.065135002136230469e-04 9.518861770629882812e-05 9.819865226745605469e-05 1.055598258972167969e-04 1.025199890136718750e-04 1.003444194793701172e-04
1.941604029163455092e+00 -7.444620132446289062e-05 -6.347894668579101562e-05 -6.535649299621582031e-05 -5.924701690673828125e-05 -7.811188697814941406e-05 -6.812810897827148438e-05 -7.247924804687500000e-05 -6.434321403503417969e-05 -6.490945816040039062e-05 -7.572770118713378906e-05
1.948056791148842892e+00 3.731250762939453125e-05 3.117322921752929688e-05 4.696846008300781250e-05 2.896785736083984375e-05 3.474950790405273438e-05 3.194808959960937500e-05 3.793835639953613281e-05 3.755092620849609375e-05 4.172325134277343750e-05 5.388259887695312500e-05
1.954509553134230915e+00 2.548098564147949219e-05 2.697110176086425781e-05 1.811981201171875000e-05 1.871585845947265625e-05 1.689791679382324219e-05 1.686811447143554688e-05 2.682209014892578125e-05 1.147389411926269531e-05 2.345442771911621094e-05 1.677870750427246094e-05
1.960962315119618715e+00 -4.577636718750000000e-05 -3.480911254882812500e-05 -3.638863563537597656e-05 -3.653764724731445312e-05 -2.396106719970703125e-05 -3.379583358764648438e-05 -3.713369369506835938e-05 -3.033876419067382812e-05 -2.452731132507324219e-05 -4.154443740844726562e-05
1.967415077105006738e+00 2.282857894897460938e-05 1.424551010131835938e-05 3.167986869812011719e-05 1.844763755798339844e-05 2.530217170715332031e-05 1.975893974304199219e-05 3.126263618469238281e-05 3.185868263244628906e-05 2.121925354003906250e-05 7.122755050659179688e-06
1.973867839090394538e+00 5.021691322326660156e-05 3.659725189208984375e-05 3.311038017272949219e-05 3.519654273986816406e-05 4.065036773681640625e-05 4.202127456665039062e-05 4.518032073974609375e-05 3.105401992797851562e-05 3.358721733093261719e-05 4.509091377258300781e-05
1.980320601075782561e+00 -3.567337989807128906e-05 -4.330277442932128906e-05 -3.898143768310546875e-05 -3.388524055480957031e-05 -4.062056541442871094e-05 -4.720687866210937500e-05 -3.609061241149902344e-05 -4.047155380249023438e-05 -3.090500831604003906e-05 -3.334879875183105469e-05
1.986773363061170361e+00 -8.112192153930664062e-05 -7.450580596923828125e-05 -7.224082946777343750e-05 -7.486343383789062500e-05 -8.749961853027343750e-05 -8.091330528259277344e-05 -7.662177085876464844e-05 -6.806850433349609375e-05 -7.495284080505371094e-05 -7.498264312744140625e-05
1.993226125046558384e+00 8.815526962280273438e-05 9.024143218994140625e-05 9.462237358093261719e-05 9.247660636901855469e-05 9.363889694213867188e-05 9.796023368835449219e-05 8.732080459594726562e-05 8.767843246459960938e-05 9.119510650634765625e-05 1.078546047210693359e-04
1.999678887031946184e+00 7.206201553344726562e-05 6.332993507385253906e-05 7.218122482299804688e-05 6.905198097229003906e-05 7.408857345581054688e-05 7.131695747375488281e-05 6.839632987976074219e-05 6.535649299621582031e-05 6.896257400512695312e-05 7.286667823791503906e-05
2.006131649017333984e+00 -5.251169204711914062e-05 -5.114078521728515625e-05 -5.415081977844238281e-05 -5.963444709777832031e-05 -5.131959915161132812e-05 -5.164742469787597656e-05 -5.701184272766113281e-05 -5.877017974853515625e-05 -4.991888999938964844e-05 -5.745887756347656250e-05
