# Range[m] 0 1 2 3 4 5 6 7 8 9
1.800000071525573730e-01 -6.640732288360595703e-03 -6.670951843261718750e-03 -6.659656763076782227e-03 -6.636977195739746094e-03 -6.635755300521850586e-03 -6.627887487411499023e-03 -6.654560565948486328e-03 -6.657630205154418945e-03 -6.636023521423339844e-03 -6.653845310211181641e-03
1.864527691379452845e-01 2.549171447753906250e-03 2.559661865234375000e-03 2.580732107162475586e-03 2.563536167144775391e-03 2.600431442260742188e-03 2.577662467956542969e-03 2.608954906463623047e-03 2.589613199234008789e-03 2.608388662338256836e-03 2.593547105789184570e-03
1.929055311233331682e-01 3.782421350479125977e-03 3.792852163314819336e-03 3.783375024795532227e-03 3.789156675338745117e-03 3.745168447494506836e-03 3.759115934371948242e-03 3.760516643524169922e-03 3.764152526855468750e-03 3.736943006515502930e-03 3.751218318939208984e-03
1.993582931087210797e-01 -5.774706602096557617e-03 -5.769938230514526367e-03 -5.783498287200927734e-03 -5.784958600997924805e-03 -5.792975425720214844e-03 -5.778521299362182617e-03 -5.786418914794921875e-03 -5.787730216979980469e-03 -5.784839391708374023e-03 -5.788326263427734375e-03
2.058110550941089911e-01 3.426402807235717773e-03 3.431767225265502930e-03 3.437280654907226562e-03 3.435522317886352539e-03 3.471314907073974609e-03 3.440737724304199219e-03 3.469437360763549805e-03 3.457576036453247070e-03 3.478795289993286133e-03 3.451883792877197266e-03
2.122638170794968748e-01 1.043170690536499023e-03 1.057952642440795898e-03 1.033782958984375000e-03 1.076638698577880859e-03 1.045495271682739258e-03 1.049548387527465820e-03 1.051425933837890625e-03 1.048684120178222656e-03 1.017987728118896484e-03 1.065105199813842773e-03
2.187165790648847863e-01 -3.426045179367065430e-03 -3.436982631683349609e-03 -3.422230482101440430e-03 -3.441452980041503906e-03 -3.467947244644165039e-03 -3.471106290817260742e-03 -3.462731838226318359e-03 -3.440290689468383789e-03 -3.443777561187744141e-03 -3.451496362686157227e-03
2.251693410502726977e-01 3.335446119308471680e-03 3.334462642669677734e-03 3.338068723678588867e-03 3.350883722305297852e-03 3.344625234603881836e-03 3.340750932693481445e-03 3.351122140884399414e-03 3.342926502227783203e-03 3.346949815750122070e-03 3.355860710144042969e-03
2.316221030356606092e-01 -8.125305175781250000e-04 -7.949471473693847656e-04 -8.205175399780273438e-04 -7.891654968261718750e-04 -7.927715778350830078e-04 -7.987618446350097656e-04 -8.068978786468505859e-04 -8.015334606170654297e-04 -8.117556571960449219e-04 -7.897615432739257812e-04
2.380748650210485207e-01 -1.341104507446289062e-03 -1.333981752395629883e-03 -1.346528530120849609e-03 -1.355171203613281250e-03 -1.367062330245971680e-03 -1.353651285171508789e-03 -1.360982656478881836e-03 -1.355916261672973633e-03 -1.365602016448974609e-03 -1.382023096084594727e-03
2.445276270064364044e-01 1.126021146774291992e-03 1.115292310714721680e-03 1.124769449234008789e-03 1.140266656875610352e-03 1.137644052505493164e-03 1.138716936111450195e-03 1.126170158386230469e-03 1.118391752243041992e-03 1.128077507019042969e-03 1.125395298004150391e-03
2.509803889918242881e-01 1.567006111145019531e-04 1.641809940338134766e-04 1.762211322784423828e-04 1.654624938964843750e-04 1.843273639678955078e-04 1.682639122009277344e-04 1.806020736694335938e-04 1.780986785888671875e-04 1.774132251739501953e-04 1.834928989410400391e-04
2.574331509772121995e-01 -8.902251720428466797e-04 -8.903443813323974609e-04 -8.990466594696044922e-04 -8.871853351593017578e-04 -8.953809738159179688e-04 -9.017288684844970703e-04 -8.855462074279785156e-04 -8.836090564727783203e-04 -8.940696716308593750e-04 -9.118616580963134766e-04
2.638859129626001110e-01 3.322362899780273438e-04 3.085434436798095703e-04 3.100931644439697266e-04 3.110170364379882812e-04 2.919733524322509766e-04 3.155171871185302734e-04 2.904832363128662109e-04 3.039538860321044922e-04 3.093481063842773438e-04 2.930462360382080078e-04
2.703386749479880224e-01 6.896555423736572266e-04 6.799697875976562500e-04 6.936192512512207031e-04 7.016956806182861328e-04 7.143914699554443359e-04 6.960034370422363281e-04 7.109344005584716797e-04 6.964802742004394531e-04 7.040798664093017578e-04 7.015466690063476562e-04
2.767914369333759339e-01 -1.406401395797729492e-03 -1.394778490066528320e-03 -1.395076513290405273e-03 -1.386910676956176758e-03 -1.405924558639526367e-03 -1.397609710693359375e-03 -1.375764608383178711e-03 -1.404941082000732422e-03 -1.397520303726196289e-03 -1.392960548400878906e-03
2.832441989187638454e-01 7.023811340332031250e-04 6.754398345947265625e-04 6.714463233947753906e-04 6.684958934783935547e-04 6.642937660217285156e-04 6.739199161529541016e-04 6.603002548217773438e-04 6.882250308990478516e-04 6.743371486663818359e-04 6.652474403381347656e-04
2.896969609041517568e-01 7.262825965881347656e-04 7.267594337463378906e-04 7.262527942657470703e-04 7.180869579315185547e-04 7.349848747253417969e-04 7.175207138061523438e-04 7.294714450836181641e-04 7.287263870239257812e-04 7.341504096984863281e-04 7.367730140686035156e-04
2.961497228895396683e-01 -1.232326030731201172e-03 -1.226186752319335938e-03 -1.212060451507568359e-03 -1.221895217895507812e-03 -1.205772161483764648e-03 -1.234352588653564453e-03 -1.199364662170410156e-03 -1.218825578689575195e-03 -1.218557357788085938e-03 -1.206099987030029297e-03
3.026024848749275242e-01 7.539391517639160156e-04 7.565319538116455078e-04 7.376372814178466797e-04 7.326006889343261719e-04 7.192790508270263672e-04 7.254481315612792969e-04 7.250905036926269531e-04 7.313787937164306641e-04 7.284879684448242188e-04 7.300078868865966797e-04
3.090552468603154357e-01 5.441009998321533203e-04 5.425810813903808594e-04 5.357563495635986328e-04 5.455017089843750000e-04 5.545020103454589844e-04 5.350708961486816406e-04 5.287826061248779297e-04 5.356073379516601562e-04 5.566179752349853516e-04 5.452930927276611328e-04
3.155080088457033471e-01 -1.099973917007446289e-03 -1.107245683670043945e-03 -1.103848218917846680e-03 -1.094996929168701172e-03 -1.085847616195678711e-03 -1.092404127120971680e-03 -1.088619232177734375e-03 -1.089304685592651367e-03 -1.096069812774658203e-03 -1.081019639968872070e-03
3.219607708310912586e-01 7.716715335845947266e-04 7.591545581817626953e-04 7.706582546234130859e-04 7.697045803070068359e-04 7.485747337341308594e-04 7.659792900085449219e-04 7.597208023071289062e-04 7.631778717041015625e-04 7.546246051788330078e-04 7.579624652862548828e-04
3.284135328164791701e-01 3.659129142761230469e-04 3.769993782043457031e-04 3.665089607238769531e-04 3.618001937866210938e-04 3.585815429687500000e-04 3.508329391479492188e-04 3.601312637329101562e-04 3.673136234283447266e-04 3.561079502105712891e-04 3.506541252136230469e-04
3.348662948018670260e-01 -1.418113708496093750e-03 -1.432240009307861328e-03 -1.413136720657348633e-03 -1.409381628036499023e-03 -1.394689083099365234e-03 -1.415073871612548828e-03 -1.402765512466430664e-03 -1.415789127349853516e-03 -1.394450664520263672e-03 -1.405358314514160156e-03
3.413190567872549375e-01 1.189351081848144531e-03 1.210510730743408203e-03 1.186013221740722656e-03 1.181960105895996094e-03 1.192212104797363281e-03 1.198768615722656250e-03 1.202583312988281250e-03 1.203745603561401367e-03 1.204192638397216797e-03 1.191258430480957031e-03
3.477718187726428489e-01 4.440546035766601562e-06 5.066394805908203125e-06 -7.510185241699218750e-06 -2.250075340270996094e-05 -2.801418304443359375e-05 -1.966953277587890625e-05 -3.060698509216308594e-05 -2.792477607727050781e-05 -1.490116119384765625e-05 -2.014636993408203125e-05
3.542245807580307604e-01 -8.884966373443603516e-04 -9.038746356964111328e-04 -8.789002895355224609e-04 -8.924901485443115234e-04 -8.957982063293457031e-04 -8.901655673980712891e-04 -9.025335311889648438e-04 -8.990168571472167969e-04 -8.799433708190917969e-04 -8.798539638519287109e-04
3.606773427434186718e-01 1.147896051406860352e-03 1.159697771072387695e-03 1.146346330642700195e-03 1.153945922851562500e-03 1.171171665191650391e-03 1.164495944976806641e-03 1.158952713012695312e-03 1.156777143478393555e-03 1.158684492111206055e-03 1.167446374893188477e-03
3.671301047288065833e-01 -7.265508174896240234e-04 -7.289648056030273438e-04 -7.509291172027587891e-04 -7.297694683074951172e-04 -7.476508617401123047e-04 -7.430016994476318359e-04 -7.354021072387695312e-04 -7.315278053283691406e-04 -7.481873035430908203e-04 -7.427632808685302734e-04
3.735828667141944948e-01 -2.929270267486572266e-04 -2.833902835845947266e-04 -2.911984920501708984e-04 -3.010034561157226562e-04 -2.965629100799560547e-04 -2.865195274353027344e-04 -2.947449684143066406e-04 -2.960860729217529297e-04 -2.909898757934570312e-04 -3.007948398590087891e-04
3.800356286995824062e-01 1.149237155914306641e-03 1.142829656600952148e-03 1.138418912887573242e-03 1.157730817794799805e-03 1.162707805633544922e-03 1.153588294982910156e-03 1.172572374343872070e-03 1.145601272583007812e-03 1.145243644714355469e-03 1.166045665740966797e-03
3.864883906849703177e-01 -9.819865226745605469e-04 -9.818375110626220703e-04 -9.954273700714111328e-04 -9.880959987640380859e-04 -9.921789169311523438e-04 -9.942352771759033203e-04 -9.843707084655761719e-04 -9.792149066925048828e-04 -1.003086566925048828e-03 -9.805560111999511719e-04
3.929411526703582291e-01 1.460015773773193359e-04 1.428127288818359375e-04 1.430511474609375000e-04 1.315176486968994141e-04 1.285374164581298828e-04 1.379251480102539062e-04 1.296103000640869141e-04 1.266300678253173828e-04 1.276433467864990234e-04 1.258254051208496094e-04
3.993939146557460851e-01 5.397200584411621094e-04 5.467832088470458984e-04 5.427598953247070312e-04 5.531311035156250000e-04 5.469620227813720703e-04 5.461275577545166016e-04 5.516707897186279297e-04 5.452334880828857422e-04 5.367398262023925781e-04 5.528628826141357422e-04
4.058466766411339965e-01 -1.037716865539550781e-03 -1.024276018142700195e-03 -1.035898923873901367e-03 -1.024454832077026367e-03 -1.030176877975463867e-03 -1.032114028930664062e-03 -1.037299633026123047e-03 -1.042991876602172852e-03 -1.034587621688842773e-03 -1.032799482345581055e-03
4.122994386265219080e-01 6.344914436340332031e-04 6.337463855743408203e-04 6.273090839385986328e-04 6.141066551208496094e-04 6.160140037536621094e-04 6.043910980224609375e-04 6.220936775207519531e-04 6.282627582550048828e-04 6.243586540222167969e-04 6.160438060760498047e-04
4.187522006119098195e-01 3.855526447296142578e-04 3.851950168609619141e-04 3.950893878936767578e-04 3.855526447296142578e-04 3.820359706878662109e-04 3.785490989685058594e-04 3.867447376251220703e-04 3.818571567535400391e-04 3.859400749206542969e-04 3.697574138641357422e-04
4.252049625972976754e-01 -1.088380813598632812e-03 -1.076549291610717773e-03 -1.088529825210571289e-03 -1.090079545974731445e-03 -1.069605350494384766e-03 -1.081317663192749023e-03 -1.082152128219604492e-03 -1.090228557586669922e-03 -1.092612743377685547e-03 -1.078486442565917969e-03
4.316577245826856424e-01 6.863176822662353516e-04 6.822347640991210938e-04 6.766915321350097656e-04 6.665587425231933594e-04 6.727576255798339844e-04 6.670653820037841797e-04 6.750524044036865234e-04 6.685853004455566406e-04 6.664395332336425781e-04 6.823837757110595703e-04
4.381104865680734983e-01 -1.169741153717041016e-04 -1.198947429656982422e-04 -1.302361488342285156e-04 -1.316666603088378906e-04 -1.242458820343017578e-04 -1.092255115509033203e-04 -1.235306262969970703e-04 -1.208484172821044922e-04 -1.215934753417968750e-04 -1.223981380462646484e-04
4.445632485534614098e-01 -6.114840507507324219e-04 -6.115436553955078125e-04 -6.072819232940673828e-04 -5.960464477539062500e-04 -5.933642387390136719e-04 -6.032586097717285156e-04 -5.902349948883056641e-04 -6.028711795806884766e-04 -5.934238433837890625e-04 -5.913376808166503906e-04
4.510160105388493212e-01 1.041829586029052734e-03 1.050233840942382812e-03 1.043498516082763672e-03 1.036167144775390625e-03 1.035183668136596680e-03 1.046806573867797852e-03 1.035034656524658203e-03 1.039773225784301758e-03 1.031100749969482422e-03 1.032918691635131836e-03
4.574687725242372327e-01 -9.122788906097412109e-04 -9.021461009979248047e-04 -9.243488311767578125e-04 -9.262263774871826172e-04 -9.274184703826904297e-04 -9.131133556365966797e-04 -9.269714355468750000e-04 -9.140074253082275391e-04 -9.213089942932128906e-04 -9.276568889617919922e-04
4.639215345096251442e-01 -2.695918083190917969e-04 -2.763271331787109375e-04 -2.666711807250976562e-04 -2.824962139129638672e-04 -2.730488777160644531e-04 -2.765655517578125000e-04 -2.689659595489501953e-04 -2.695322036743164062e-04 -2.596974372863769531e-04 -2.599656581878662109e-04
4.703742964950130556e-01 8.711218833923339844e-04 8.759498596191406250e-04 8.763074874877929688e-04 8.807480335235595703e-04 8.762478828430175781e-04 8.728504180908203125e-04 8.733272552490234375e-04 8.786022663116455078e-04 8.773505687713623047e-04 8.761286735534667969e-04
4.768270584804009671e-01 -8.017718791961669922e-04 -7.873475551605224609e-04 -8.004307746887207031e-04 -8.044242858886718750e-04 -7.995963096618652344e-04 -8.073449134826660156e-04 -7.847547531127929688e-04 -7.945597171783447266e-04 -8.002519607543945312e-04 -7.969737052917480469e-04
4.832798204657888230e-01 2.333819866180419922e-04 2.188682556152343750e-04 2.437531948089599609e-04 2.190172672271728516e-04 2.249479293823242188e-04 2.358555793762207031e-04 2.286732196807861328e-04 2.271234989166259766e-04 2.398490905761718750e-04 2.265870571136474609e-04
4.897325824511767345e-01 4.907548427581787109e-04 5.069673061370849609e-04 5.004703998565673828e-04 5.107820034027099609e-04 4.983246326446533203e-04 5.181431770324707031e-04 5.033314228057861328e-04 4.915893077850341797e-04 4.892647266387939453e-04 5.006790161132812500e-04
4.961853444365646459e-01 -1.033544540405273438e-03 -1.051515340805053711e-03 -1.043558120727539062e-03 -1.042127609252929688e-03 -1.052975654602050781e-03 -1.031368970870971680e-03 -1.046001911163330078e-03 -1.044809818267822266e-03 -1.045525074005126953e-03 -1.043051481246948242e-03
5.026381064219525019e-01 4.622936248779296875e-04 4.460811614990234375e-04 4.636347293853759766e-04 4.466772079467773438e-04 4.514157772064208984e-04 4.531443119049072266e-04 4.454255104064941406e-04 4.559159278869628906e-04 4.550218582153320312e-04 4.470944404602050781e-04
5.090908684073405244e-01 3.356933593750000000e-04 3.531873226165771484e-04 3.537535667419433594e-04 3.469586372375488281e-04 3.583729267120361328e-04 3.619194030761718750e-04 3.570318222045898438e-04 3.566741943359375000e-04 3.547966480255126953e-04 3.609955310821533203e-04
5.155436303927283248e-01 -5.564391613006591797e-04 -5.446374416351318359e-04 -5.693733692169189453e-04 -5.401670932769775391e-04 -5.465447902679443359e-04 -5.556941032409667969e-04 -5.563795566558837891e-04 -5.726814270019531250e-04 -5.524754524230957031e-04 -5.664229393005371094e-04
5.219963923781163473e-01 2.354085445404052734e-04 2.369880676269531250e-04 2.376437187194824219e-04 2.323389053344726562e-04 2.291202545166015625e-04 2.388954162597656250e-04 2.320706844329833984e-04 2.375543117523193359e-04 2.229809761047363281e-04 2.203583717346191406e-04
5.284491543635041477e-01 1.809000968933105469e-05 3.066658973693847656e-05 2.452731132507324219e-05 3.775954246520996094e-05 4.792213439941406250e-05 3.716349601745605469e-05 4.124641418457031250e-05 3.197789192199707031e-05 2.416968345642089844e-05 4.521012306213378906e-05
5.349019163488920592e-01 -1.343190670013427734e-04 -1.278519630432128906e-04 -1.387894153594970703e-04 -1.420378684997558594e-04 -1.325905323028564453e-04 -1.306533813476562500e-04 -1.357197761535644531e-04 -1.353323459625244141e-04 -1.331269741058349609e-04 -1.331865787506103516e-04
5.413546783342799706e-01 -4.767477512359619141e-04 -4.787147045135498047e-04 -4.809498786926269531e-04 -4.861354827880859375e-04 -4.948377609252929688e-04 -4.815459251403808594e-04 -4.787743091583251953e-04 -4.819631576538085938e-04 -4.887282848358154297e-04 -4.836916923522949219e-04
5.478074403196678821e-01 1.164227724075317383e-03 1.153826713562011719e-03 1.160174608230590820e-03 1.149594783782958984e-03 1.165598630905151367e-03 1.164942979812622070e-03 1.159042119979858398e-03 1.156121492385864258e-03 1.166731119155883789e-03 1.159638166427612305e-03
5.542602023050557936e-01 -6.386637687683105469e-04 -6.071925163269042969e-04 -6.218850612640380859e-04 -6.254613399505615234e-04 -6.214380264282226562e-04 -6.370842456817626953e-04 -6.189644336700439453e-04 -6.223917007446289062e-04 -6.407797336578369141e-04 -6.144344806671142578e-04
5.607129642904437050e-01 -1.623928546905517578e-03 -1.625418663024902344e-03 -1.625508069992065430e-03 -1.640528440475463867e-03 -1.625239849090576172e-03 -1.612246036529541016e-03 -1.637667417526245117e-03 -1.641482114791870117e-03 -1.615345478057861328e-03 -1.617133617401123047e-03
5.671657262758316165e-01 3.473401069641113281e-03 3.492385149002075195e-03 3.474950790405273438e-03 3.469437360763549805e-03 3.465950489044189453e-03 3.463774919509887695e-03 3.474563360214233398e-03 3.472477197647094727e-03 3.471344709396362305e-03 3.478169441223144531e-03
5.736184882612194169e-01 -3.070920705795288086e-03 -3.066211938858032227e-03 -3.081828355789184570e-03 -3.059089183807373047e-03 -3.069996833801269531e-03 -3.078728914260864258e-03 -3.063976764678955078e-03 -3.066390752792358398e-03 -3.083646297454833984e-03 -3.061652183532714844e-03
5.800712502466074394e-01 -6.730854511260986328e-04 -6.918311119079589844e-04 -6.720721721649169922e-04 -6.893873214721679688e-04 -6.739497184753417969e-04 -6.670355796813964844e-04 -6.754398345947265625e-04 -6.590187549591064453e-04 -6.531178951263427734e-04 -6.740391254425048828e-04
5.865240122319952398e-01 5.309581756591796875e-03 5.299806594848632812e-03 5.301356315612792969e-03 5.318611860275268555e-03 5.308985710144042969e-03 5.319029092788696289e-03 5.298495292663574219e-03 5.298525094985961914e-03 5.294650793075561523e-03 5.293011665344238281e-03
5.929767742173832623e-01 -7.807254791259765625e-03 -7.814496755599975586e-03 -7.801651954650878906e-03 -7.785528898239135742e-03 -7.801979780197143555e-03 -7.787764072418212891e-03 -7.783740758895874023e-03 -7.805943489074707031e-03 -7.801532745361328125e-03 -7.794052362442016602e-03
5.994295362027710627e-01 3.808885812759399414e-03 3.791362047195434570e-03 3.823339939117431641e-03 3.760308027267456055e-03 3.789126873016357422e-03 3.802090883255004883e-03 3.784358501434326172e-03 3.781169652938842773e-03 3.815025091171264648e-03 3.784984350204467773e-03
6.058822981881590852e-01 3.845602273941040039e-03 3.837078809738159180e-03 3.821432590484619141e-03 3.844916820526123047e-03 3.868669271469116211e-03 3.891378641128540039e-03 3.870815038681030273e-03 3.855317831039428711e-03 3.811419010162353516e-03 3.874003887176513672e-03
6.123350601735468857e-01 -9.458243846893310547e-03 -9.486824274063110352e-03 -9.460538625717163086e-03 -9.495794773101806641e-03 -9.480178356170654297e-03 -9.464383125305175781e-03 -9.491503238677978516e-03 -9.458124637603759766e-03 -9.447842836380004883e-03 -9.482294321060180664e-03
6.187878221589347971e-01 1.086756587028503418e-02 1.084971427917480469e-02 1.087161898612976074e-02 1.083651185035705566e-02 1.084712147712707520e-02 1.085200905799865723e-02 1.085162162780761719e-02 1.083254814147949219e-02 1.085934042930603027e-02 1.083552837371826172e-02
6.252405841443227086e-01 -2.935051918029785156e-03 -2.892136573791503906e-03 -2.919048070907592773e-03 -2.877831459045410156e-03 -2.909332513809204102e-03 -2.913832664489746094e-03 -2.882927656173706055e-03 -2.881050109863281250e-03 -2.954244613647460938e-03 -2.883136272430419922e-03
6.316933461297106200e-01 -7.313966751098632812e-03 -7.432878017425537109e-03 -7.335722446441650391e-03 -7.339477539062500000e-03 -7.350921630859375000e-03 -7.325887680053710938e-03 -7.347881793975830078e-03 -7.331430912017822266e-03 -7.269352674484252930e-03 -7.358253002166748047e-03
6.381461081150985315e-01 1.414903998374938965e-02 1.414126157760620117e-02 1.414632797241210938e-02 1.416599750518798828e-02 1.413309574127197266e-02 1.413616538047790527e-02 1.416403055191040039e-02 1.415106654167175293e-02 1.415038108825683594e-02 1.413178443908691406e-02
6.445988701004864430e-01 -9.761482477188110352e-03 -9.724318981170654297e-03 -9.789645671844482422e-03 -9.682357311248779297e-03 -9.699702262878417969e-03 -9.707838296890258789e-03 -9.672254323959350586e-03 -9.745091199874877930e-03 -9.782195091247558594e-03 -9.727746248245239258e-03
6.510516320858743544e-01 3.372132778167724609e-04 2.804398536682128906e-04 3.239810466766357422e-04 2.534091472625732422e-04 2.877116203308105469e-04 3.145039081573486328e-04 2.613663673400878906e-04 3.084838390350341797e-04 3.517270088195800781e-04 2.577900886535644531e-04
6.575043940712622659e-01 1.127922534942626953e-02 1.132422685623168945e-02 1.127487421035766602e-02 1.130837202072143555e-02 1.127794384956359863e-02 1.129382848739624023e-02 1.129373908042907715e-02 1.128488779067993164e-02 1.126176118850708008e-02 1.128083467483520508e-02
6.639571560566501773e-01 -1.354286074638366699e-02 -1.349809765815734863e-02 -1.353484392166137695e-02 -1.348638534545898438e-02 -1.352769136428833008e-02 -1.349911093711853027e-02 -1.349788904190063477e-02 -1.350215077400207520e-02 -1.352831721305847168e-02 -1.353067159652709961e-02
6.704099180420379778e-01 7.618248462677001953e-03 7.608085870742797852e-03 7.601439952850341797e-03 7.534265518188476562e-03 7.565379142761230469e-03 7.576525211334228516e-03 7.552623748779296875e-03 7.606744766235351562e-03 7.600724697113037109e-03 7.563799619674682617e-03
6.768626800274260003e-01 4.379779100418090820e-03 4.406750202178955078e-03 4.358917474746704102e-03 4.466086626052856445e-03 4.429370164871215820e-03 4.416435956954956055e-03 4.419654607772827148e-03 4.431784152984619141e-03 4.393219947814941406e-03 4.473686218261718750e-03
6.833154420128139117e-01 -1.167413592338562012e-02 -1.167598366737365723e-02 -1.167440414428710938e-02 -1.165851950645446777e-02 -1.166540384292602539e-02 -1.165241003036499023e-02 -1.165148615837097168e-02 -1.163262128829956055e-02 -1.162704825401306152e-02 -1.166042685508728027e-02
6.897682039982017121e-01 1.072257757186889648e-02 1.072040200233459473e-02 1.070937514305114746e-02 1.069664955139160156e-02 1.068037748336791992e-02 1.070517301559448242e-02 1.070317625999450684e-02 1.071244478225708008e-02 1.072520017623901367e-02 1.069340109825134277e-02
6.962209659835896236e-01 -2.179324626922607422e-03 -2.152800559997558594e-03 -2.165138721466064453e-03 -2.104341983795166016e-03 -2.141445875167846680e-03 -2.134114503860473633e-03 -2.147048711776733398e-03 -2.148330211639404297e-03 -2.173781394958496094e-03 -2.150148153305053711e-03
7.026737279689775351e-01 -6.426692008972167969e-03 -6.460905075073242188e-03 -6.457418203353881836e-03 -6.441116333007812500e-03 -6.414592266082763672e-03 -6.433367729187011719e-03 -6.436645984649658203e-03 -6.431192159652709961e-03 -6.408333778381347656e-03 -6.450653076171875000e-03
7.091264899543654465e-01 9.031325578689575195e-03 9.034305810928344727e-03 9.040236473083496094e-03 9.026646614074707031e-03 9.052515029907226562e-03 9.036988019943237305e-03 9.002953767776489258e-03 9.046137332916259766e-03 9.039133787155151367e-03 9.028255939483642578e-03
7.155792519397533580e-01 -4.564136266708374023e-03 -4.537016153335571289e-03 -4.577219486236572266e-03 -4.554659128189086914e-03 -4.575043916702270508e-03 -4.565775394439697266e-03 -4.551887512207031250e-03 -4.585921764373779297e-03 -4.616826772689819336e-03 -4.572957754135131836e-03
7.220320139251412694e-01 -3.455758094787597656e-03 -3.505676984786987305e-03 -3.453165292739868164e-03 -3.490060567855834961e-03 -3.465771675109863281e-03 -3.487795591354370117e-03 -3.492712974548339844e-03 -3.461271524429321289e-03 -3.415256738662719727e-03 -3.465533256530761719e-03
7.284847759105291809e-01 7.161378860473632812e-03 7.185012102127075195e-03 7.180094718933105469e-03 7.175564765930175781e-03 7.171422243118286133e-03 7.170915603637695312e-03 7.172644138336181641e-03 7.177352905273437500e-03 7.156997919082641602e-03 7.164299488067626953e-03
7.349375378959170924e-01 -5.084991455078125000e-03 -5.071818828582763672e-03 -5.088239908218383789e-03 -5.067378282546997070e-03 -5.071550607681274414e-03 -5.067437887191772461e-03 -5.076527595520019531e-03 -5.085885524749755859e-03 -5.100429058074951172e-03 -5.074471235275268555e-03
7.413902998813050038e-01 -4.383325576782226562e-04 -4.647672176361083984e-04 -4.400908946990966797e-04 -4.856288433074951172e-04 -4.549920558929443359e-04 -4.633665084838867188e-04 -4.735589027404785156e-04 -4.520416259765625000e-04 -4.330575466156005859e-04 -4.512369632720947266e-04
7.478430618666929153e-01 4.583239555358886719e-03 4.595637321472167969e-03 4.553586244583129883e-03 4.588782787322998047e-03 4.582732915878295898e-03 4.571527242660522461e-03 4.593014717102050781e-03 4.590958356857299805e-03 4.560410976409912109e-03 4.574060440063476562e-03
7.542958238520808267e-01 -5.718290805816650391e-03 -5.702912807464599609e-03 -5.711376667022705078e-03 -5.686730146408081055e-03 -5.701571702957153320e-03 -5.698323249816894531e-03 -5.707502365112304688e-03 -5.708873271942138672e-03 -5.702853202819824219e-03 -5.710721015930175781e-03
7.607485858374687382e-01 2.572894096374511719e-03 2.578943967819213867e-03 2.576917409896850586e-03 2.556830644607543945e-03 2.548754215240478516e-03 2.567291259765625000e-03 2.533435821533203125e-03 2.565711736679077148e-03 2.570301294326782227e-03 2.543628215789794922e-03
7.672013478228566496e-01 1.433581113815307617e-03 1.443147659301757812e-03 1.436144113540649414e-03 1.458048820495605469e-03 1.440316438674926758e-03 1.432687044143676758e-03 1.465916633605957031e-03 1.423180103302001953e-03 1.406461000442504883e-03 1.445174217224121094e-03
7.736541098082445611e-01 -4.487663507461547852e-03 -4.520297050476074219e-03 -4.512846469879150391e-03 -4.498481750488281250e-03 -4.511326551437377930e-03 -4.516154527664184570e-03 -4.511415958404541016e-03 -4.506081342697143555e-03 -4.508942365646362305e-03 -4.491806030273437500e-03
7.801068717936323615e-01 3.567606210708618164e-03 3.565907478332519531e-03 3.573149442672729492e-03 3.549903631210327148e-03 3.574401140213012695e-03 3.558546304702758789e-03 3.562092781066894531e-03 3.537267446517944336e-03 3.580987453460693359e-03 3.571122884750366211e-03
7.865596337790202730e-01 -3.788769245147705078e-04 -3.522634506225585938e-04 -3.930628299713134766e-04 -3.889501094818115234e-04 -3.907382488250732422e-04 -4.037618637084960938e-04 -3.889501094818115234e-04 -3.955364227294921875e-04 -3.950595855712890625e-04 -3.663897514343261719e-04
7.930123957644081845e-01 -2.235680818557739258e-03 -2.246350049972534180e-03 -2.243697643280029297e-03 -2.252906560897827148e-03 -2.239167690277099609e-03 -2.229779958724975586e-03 -2.260386943817138672e-03 -2.262443304061889648e-03 -2.229869365692138672e-03 -2.241909503936767578e-03
7.994651577497960959e-01 3.144472837448120117e-03 3.159284591674804688e-03 3.150641918182373047e-03 3.149986267089843750e-03 3.153651952743530273e-03 3.154277801513671875e-03 3.159016370773315430e-03 3.150910139083862305e-03 3.142207860946655273e-03 3.147721290588378906e-03
8.059179197351840074e-01 -2.554208040237426758e-03 -2.548128366470336914e-03 -2.560019493103027344e-03 -2.573102712631225586e-03 -2.563178539276123047e-03 -2.554744482040405273e-03 -2.549976110458374023e-03 -2.569139003753662109e-03 -2.584278583526611328e-03 -2.565324306488037109e-03
8.123706817205719188e-01 -8.352100849151611328e-04 -8.273124694824218750e-04 -8.322894573211669922e-04 -8.355081081390380859e-04 -8.435249328613281250e-04 -8.292198181152343750e-04 -8.305013179779052734e-04 -8.033215999603271484e-04 -8.164048194885253906e-04 -8.209645748138427734e-04
8.188234437059598303e-01 2.463102340698242188e-03 2.462476491928100586e-03 2.459317445755004883e-03 2.473086118698120117e-03 2.474874258041381836e-03 2.473443746566772461e-03 2.476841211318969727e-03 2.469211816787719727e-03 2.452343702316284180e-03 2.468824386596679688e-03
8.252762056913477418e-01 -2.351462841033935547e-03 -2.369493246078491211e-03 -2.349138259887695312e-03 -2.352535724639892578e-03 -2.352982759475708008e-03 -2.359867095947265625e-03 -2.355217933654785156e-03 -2.363860607147216797e-03 -2.367287874221801758e-03 -2.365380525588989258e-03
8.317289676767356532e-01 -9.381771087646484375e-05 -9.539723396301269531e-05 -9.268522262573242188e-05 -1.047849655151367188e-04 -9.369850158691406250e-05 -8.580088615417480469e-05 -9.641051292419433594e-05 -1.023709774017333984e-04 -9.444355964660644531e-05 -9.608268737792968750e-05
8.381817296621235647e-01 1.742511987686157227e-03 1.734197139739990234e-03 1.722186803817749023e-03 1.738220453262329102e-03 1.743227243423461914e-03 1.736432313919067383e-03 1.716375350952148438e-03 1.727610826492309570e-03 1.730471849441528320e-03 1.739203929901123047e-03
8.446344916475114761e-01 -1.457840204238891602e-03 -1.463472843170166016e-03 -1.464009284973144531e-03 -1.470029354095458984e-03 -1.467615365982055664e-03 -1.456946134567260742e-03 -1.462161540985107422e-03 -1.458585262298583984e-03 -1.459330320358276367e-03 -1.461058855056762695e-03
8.510872536328993876e-01 5.656480789184570312e-04 5.677342414855957031e-04 5.755126476287841797e-04 5.628764629364013672e-04 5.667209625244140625e-04 5.686283111572265625e-04 5.733668804168701172e-04 5.671083927154541016e-04 5.637705326080322266e-04 5.547106266021728516e-04
8.575400156182872990e-01 7.077157497406005859e-04 6.936788558959960938e-04 7.089674472808837891e-04 7.069110870361328125e-04 7.092058658599853516e-04 7.013380527496337891e-04 7.044076919555664062e-04 6.966888904571533203e-04 7.038414478302001953e-04 6.979405879974365234e-04
8.639927776036752105e-01 -1.358002424240112305e-03 -1.357495784759521484e-03 -1.373052597045898438e-03 -1.351982355117797852e-03 -1.372933387756347656e-03 -1.358389854431152344e-03 -1.366078853607177734e-03 -1.358568668365478516e-03 -1.361012458801269531e-03 -1.353949308395385742e-03
8.704455395890630109e-01 5.380213260650634766e-04 5.169808864593505859e-04 5.280971527099609375e-04 5.205869674682617188e-04 5.140900611877441406e-04 5.204677581787109375e-04 5.236864089965820312e-04 5.267858505249023438e-04 5.263388156890869141e-04 5.102157592773437500e-04
8.768983015744509224e-01 5.026459693908691406e-04 4.999637603759765625e-04 4.933178424835205078e-04 5.057156085968017578e-04 5.030632019042968750e-04 4.940629005432128906e-04 5.046129226684570312e-04 4.940629005432128906e-04 4.912912845611572266e-04 4.889369010925292969e-04
8.833510635598388339e-01 -7.319748401641845703e-04 -7.359087467193603516e-04 -7.302761077880859375e-04 -7.367134094238281250e-04 -7.199645042419433594e-04 -7.315874099731445312e-04 -7.293522357940673828e-04 -7.353723049163818359e-04 -7.199943065643310547e-04 -7.230639457702636719e-04
8.898038255452267453e-01 7.538795471191406250e-04 7.526874542236328125e-04 7.506310939788818359e-04 7.571876049041748047e-04 7.563531398773193359e-04 7.610023021697998047e-04 7.427036762237548828e-04 7.419884204864501953e-04 7.520616054534912109e-04 7.477998733520507812e-04
8.962565875306146568e-01 -1.383423805236816406e-04 -1.367032527923583984e-04 -1.363158226013183594e-04 -1.230239868164062500e-04 -1.485347747802734375e-04 -1.370310783386230469e-04 -1.327395439147949219e-04 -1.367330551147460938e-04 -1.413822174072265625e-04 -1.380741596221923828e-04
9.027093495160025682e-01 -5.684494972229003906e-04 -5.908310413360595703e-04 -5.799829959869384766e-04 -5.876123905181884766e-04 -5.884170532226562500e-04 -5.761682987213134766e-04 -5.833208560943603516e-04 -5.783140659332275391e-04 -5.881786346435546875e-04 -5.832016468048095703e-04
9.091621115013904797e-01 8.590817451477050781e-04 8.510649204254150391e-04 8.636415004730224609e-04 8.668601512908935547e-04 8.587241172790527344e-04 8.705556392669677734e-04 8.599162101745605469e-04 8.631646633148193359e-04 8.638501167297363281e-04 8.688569068908691406e-04
9.156148734867783912e-01 -3.355741500854492188e-04 -3.345012664794921875e-04 -3.281235694885253906e-04 -3.266334533691406250e-04 -3.377199172973632812e-04 -3.377497196197509766e-04 -3.463327884674072266e-04 -3.411471843719482422e-04 -3.478825092315673828e-04 -3.401339054107666016e-04
9.220676354721663026e-01 -1.907646656036376953e-04 -1.761317253112792969e-04 -1.731812953948974609e-04 -1.931786537170410156e-04 -1.843571662902832031e-04 -1.752078533172607422e-04 -1.807510852813720703e-04 -1.845061779022216797e-04 -1.597106456756591797e-04 -1.845359802246093750e-04
9.285203974575542141e-01 4.497170448303222656e-04 4.481971263885498047e-04 4.517734050750732422e-04 4.516839981079101562e-04 4.458129405975341797e-04 4.513263702392578125e-04 4.535913467407226562e-04 4.444122314453125000e-04 4.558563232421875000e-04 4.417002201080322266e-04
9.349731594429421255e-01 -2.933442592620849609e-04 -2.942681312561035156e-04 -2.983212471008300781e-04 -2.942979335784912109e-04 -2.987682819366455078e-04 -2.842247486114501953e-04 -3.012120723724365234e-04 -2.928674221038818359e-04 -2.915561199188232422e-04 -3.062486648559570312e-04
9.414259214283300370e-01 6.714463233947753906e-05 6.908178329467773438e-05 6.133317947387695312e-05 8.440017700195312500e-05 7.259845733642578125e-05 7.668137550354003906e-05 7.903575897216796875e-05 6.797909736633300781e-05 6.550550460815429688e-05 6.347894668579101562e-05
9.478786834137179484e-01 3.669559955596923828e-04 3.769695758819580078e-04 3.730356693267822266e-04 3.762245178222656250e-04 3.636777400970458984e-04 3.716349601745605469e-04 3.764629364013671875e-04 3.794729709625244141e-04 3.715157508850097656e-04 3.679990768432617188e-04
9.543314453991058599e-01 -3.674328327178955078e-04 -3.626942634582519531e-04 -3.532767295837402344e-04 -3.690123558044433594e-04 -3.607869148254394531e-04 -3.550350666046142578e-04 -3.620386123657226562e-04 -3.649294376373291016e-04 -3.504455089569091797e-04 -3.690719604492187500e-04
9.607842073844936603e-01 -5.409121513366699219e-05 -4.258751869201660156e-05 -4.428625106811523438e-05 -4.711747169494628906e-05 -4.708766937255859375e-05 -4.526972770690917969e-05 -3.668665885925292969e-05 -4.324316978454589844e-05 -4.327297210693359375e-05 -3.865361213684082031e-05
9.672369693698815718e-01 9.709596633911132812e-05 9.623169898986816406e-05 9.784102439880371094e-05 9.596347808837890625e-05 1.010000705718994141e-04 9.959936141967773438e-05 1.112818717956542969e-04 1.017451286315917969e-04 9.632110595703125000e-05 1.030266284942626953e-04
9.736897313552694833e-01 -3.713369369506835938e-05 -3.930926322937011719e-05 -4.732608795166015625e-05 -3.120303153991699219e-05 -2.330541610717773438e-05 -3.346800804138183594e-05 -2.619624137878417969e-05 -3.445148468017578125e-05 -3.448128700256347656e-05 -2.655386924743652344e-05
9.801424933406573947e-01 -8.344650268554687500e-06 3.337860107421875000e-06 -2.622604370117187500e-06 6.914138793945312500e-06 -7.748603820800781250e-07 6.675720214843750000e-06 9.477138519287109375e-06 1.218914985656738281e-05 1.779198646545410156e-05 4.887580871582031250e-06
9.865952553260453062e-01 2.864003181457519531e-05 2.562999725341796875e-05 2.673268318176269531e-05 3.787875175476074219e-05 4.011392593383789062e-05 3.704428672790527344e-05 3.728270530700683594e-05 2.527236938476562500e-05 2.434849739074707031e-05 3.349781036376953125e-05
9.930480173114332176e-01 -2.107024192810058594e-05 -2.783536911010742188e-05 -2.381205558776855469e-05 -3.200769424438476562e-05 -1.794099807739257812e-05 -2.291798591613769531e-05 -2.327561378479003906e-05 -2.464652061462402344e-05 -2.327561378479003906e-05 -2.866983413696289062e-05
9.995007792968211291e-01 -1.256763935089111328e-04 -1.160502433776855469e-04 -1.170039176940917969e-04 -1.229345798492431641e-04 -1.295506954193115234e-04 -1.135468482971191406e-04 -1.317560672760009766e-04 -1.206398010253906250e-04 -1.274049282073974609e-04 -1.172125339508056641e-04
1.005953541282209152e+00 1.631081104278564453e-04 1.662969589233398438e-04 1.544058322906494141e-04 1.475512981414794922e-04 1.570880413055419922e-04 1.538097858428955078e-04 1.576542854309082031e-04 1.657307147979736328e-04 1.558959484100341797e-04 1.592040061950683594e-04
1.012406303267596952e+00 1.210570335388183594e-04 9.900331497192382812e-05 1.123249530792236328e-04 1.111030578613281250e-04 1.039505004882812500e-04 1.201331615447998047e-04 1.158416271209716797e-04 1.018643379211425781e-04 1.236498355865478516e-04 1.133978366851806641e-04
1.018859065252984752e+00 -2.489984035491943359e-04 -2.560317516326904297e-04 -2.431869506835937500e-04 -2.444982528686523438e-04 -2.512633800506591797e-04 -2.453625202178955078e-04 -2.573728561401367188e-04 -2.521574497222900391e-04 -2.546906471252441406e-04 -2.617537975311279297e-04
1.025311827238372775e+00 1.649558544158935547e-04 1.605153083801269531e-04 1.628398895263671875e-04 1.562535762786865234e-04 1.548826694488525391e-04 1.620054244995117188e-04 1.611113548278808594e-04 1.681447029113769531e-04 1.598894596099853516e-04 1.555681228637695312e-04
1.031764589223760797e+00 4.428625106811523438e-05 4.529953002929687500e-05 4.434585571289062500e-05 4.726648330688476562e-05 5.203485488891601562e-05 4.729628562927246094e-05 5.009770393371582031e-05 3.826618194580078125e-05 3.734230995178222656e-05 4.264712333679199219e-05
1.038217351209148598e+00 -1.496076583862304688e-04 -1.622140407562255859e-04 -1.612901687622070312e-04 -1.597404479980468750e-04 -1.490414142608642578e-04 -1.521408557891845703e-04 -1.553893089294433594e-04 -1.568198204040527344e-04 -1.592636108398437500e-04 -1.678764820098876953e-04
1.044670113194536398e+00 3.416240215301513672e-04 3.424584865570068359e-04 3.491044044494628906e-04 3.430843353271484375e-04 3.310143947601318359e-04 3.403425216674804688e-04 3.307163715362548828e-04 3.386139869689941406e-04 3.499090671539306641e-04 3.448724746704101562e-04
1.051122875179924421e+00 -2.549886703491210938e-04 -2.498030662536621094e-04 -2.572238445281982422e-04 -2.599060535430908203e-04 -2.517104148864746094e-04 -2.430975437164306641e-04 -2.583861351013183594e-04 -2.599656581878662109e-04 -2.436935901641845703e-04 -2.480149269104003906e-04
1.057575637165312221e+00 -4.839897155761718750e-05 -5.415081977844238281e-05 -4.637241363525390625e-05 -4.231929779052734375e-05 -5.489587783813476562e-05 -5.376338958740234375e-05 -4.786252975463867188e-05 -4.360079765319824219e-05 -5.602836608886718750e-05 -5.006790161132812500e-05
1.064028399150700022e+00 4.269182682037353516e-04 4.203319549560546875e-04 4.190802574157714844e-04 4.204511642456054688e-04 4.331171512603759766e-04 4.194080829620361328e-04 4.255473613739013672e-04 4.306733608245849609e-04 4.196465015411376953e-04 4.156827926635742188e-04
1.070481161136088044e+00 -7.885694503784179688e-05 -6.338953971862792969e-05 -6.622076034545898438e-05 -6.809830665588378906e-05 -7.101893424987792969e-05 -6.210803985595703125e-05 -6.267428398132324219e-05 -5.227327346801757812e-05 -7.307529449462890625e-05 -6.189942359924316406e-05
1.076933923121476067e+00 1.238882541656494141e-04 1.248717308044433594e-04 1.137256622314453125e-04 1.067221164703369141e-04 1.047551631927490234e-04 1.123547554016113281e-04 1.054704189300537109e-04 1.059174537658691406e-04 1.038610935211181641e-04 1.096129417419433594e-04
1.083386685106863867e+00 -3.638863563537597656e-05 -4.240870475769042969e-05 -3.197789192199707031e-05 -4.348158836364746094e-05 -5.903840065002441406e-05 -5.248188972473144531e-05 -3.474950790405273438e-05 -3.618001937866210938e-05 -3.314018249511718750e-05 -4.252791404724121094e-05
1.089839447092251667e+00 -3.258883953094482422e-04 -3.291368484497070312e-04 -3.180205821990966797e-04 -3.268122673034667969e-04 -3.212988376617431641e-04 -3.193318843841552734e-04 -3.149211406707763672e-04 -3.272593021392822266e-04 -3.217458724975585938e-04 -3.331005573272705078e-04
1.096292209077639690e+00 2.737045288085937500e-04 2.766251564025878906e-04 2.803206443786621094e-04 2.790689468383789062e-04 2.797842025756835938e-04 2.637803554534912109e-04 2.753138542175292969e-04 2.852976322174072266e-04 2.721548080444335938e-04 2.861022949218750000e-04
1.102744971063027712e+00 1.279413700103759766e-04 1.409947872161865234e-04 1.417696475982666016e-04 1.369416713714599609e-04 1.325905323028564453e-04 1.447498798370361328e-04 1.430809497833251953e-04 1.363158226013183594e-04 1.263022422790527344e-04 1.446902751922607422e-04
1.109197733048415513e+00 -3.173351287841796875e-04 -3.071129322052001953e-04 -3.040432929992675781e-04 -3.117918968200683594e-04 -3.221929073333740234e-04 -3.104209899902343750e-04 -3.105103969573974609e-04 -3.161132335662841797e-04 -3.023147583007812500e-04 -3.225505352020263672e-04
1.115650495033803313e+00 3.736019134521484375e-04 3.888309001922607422e-04 3.911554813385009766e-04 3.924369812011718750e-04 3.853440284729003906e-04 3.845989704132080078e-04 3.891289234161376953e-04 3.935098648071289062e-04 3.868341445922851562e-04 3.930032253265380859e-04
1.122103257019191336e+00 -1.437067985534667969e-04 -1.481771469116210938e-04 -1.512765884399414062e-04 -1.555383205413818359e-04 -1.670420169830322266e-04 -1.465678215026855469e-04 -1.523792743682861328e-04 -1.579225063323974609e-04 -1.548826694488525391e-04 -1.681745052337646484e-04
1.128556019004579358e+00 -1.487731933593750000e-04 -1.439750194549560547e-04 -1.431703567504882812e-04 -1.280009746551513672e-04 -1.418292522430419922e-04 -1.368522644042968750e-04 -1.379251480102539062e-04 -1.444518566131591797e-04 -1.291036605834960938e-04 -1.456141471862792969e-04
1.135008780989967159e+00 5.123913288116455078e-04 5.087852478027343750e-04 5.118548870086669922e-04 5.107820034027099609e-04 5.025565624237060547e-04 5.045831203460693359e-04 5.210340023040771484e-04 5.096495151519775391e-04 4.961788654327392578e-04 5.015134811401367188e-04
1.141461542975354959e+00 -3.000497817993164062e-04 -3.166496753692626953e-04 -2.935826778411865234e-04 -2.981424331665039062e-04 -2.995729446411132812e-04 -3.034770488739013672e-04 -3.045499324798583984e-04 -3.007352352142333984e-04 -2.973377704620361328e-04 -3.105700016021728516e-04
1.147914304960742982e+00 -4.607439041137695312e-05 -3.966689109802246094e-05 -4.890561103820800781e-05 -3.919005393981933594e-05 -4.082918167114257812e-05 -4.079937934875488281e-05 -4.088878631591796875e-05 -4.631280899047851562e-05 -3.987550735473632812e-05 -2.974271774291992188e-05
1.154367066946130782e+00 1.666545867919921875e-04 1.764893531799316406e-04 1.661777496337890625e-04 1.601278781890869141e-04 1.689493656158447266e-04 1.614391803741455078e-04 1.708567142486572266e-04 1.570880413055419922e-04 1.663863658905029297e-04 1.631379127502441406e-04
1.160819828931518582e+00 -2.931952476501464844e-04 -3.058612346649169922e-04 -2.883672714233398438e-04 -2.781450748443603516e-04 -2.798438072204589844e-04 -2.783238887786865234e-04 -2.845823764801025391e-04 -2.852082252502441406e-04 -2.963840961456298828e-04 -2.881586551666259766e-04
1.167272590916906605e+00 1.836717128753662109e-04 1.826882362365722656e-04 1.904368400573730469e-04 1.923143863677978516e-04 1.817643642425537109e-04 1.819729804992675781e-04 1.848042011260986328e-04 1.935660839080810547e-04 1.906752586364746094e-04 1.976788043975830078e-04
1.173725352902294627e+00 6.157159805297851562e-05 5.793571472167968750e-05 5.689263343811035156e-05 5.280971527099609375e-05 5.683302879333496094e-05 5.415081977844238281e-05 4.985928535461425781e-05 5.537271499633789062e-05 5.158782005310058594e-05 6.389617919921875000e-05
1.180178114887682428e+00 -3.303885459899902344e-04 -3.360807895660400391e-04 -3.212690353393554688e-04 -3.331601619720458984e-04 -3.502964973449707031e-04 -3.204345703125000000e-04 -3.352463245391845703e-04 -3.318190574645996094e-04 -3.288686275482177734e-04 -3.318488597869873047e-04
1.186630876873070450e+00 3.312528133392333984e-04 3.320872783660888672e-04 3.257393836975097656e-04 3.183782100677490234e-04 3.187060356140136719e-04 3.232061862945556641e-04 3.265142440795898438e-04 3.295838832855224609e-04 3.170073032379150391e-04 3.335773944854736328e-04
1.193083638858458251e+00 -1.565814018249511719e-04 -1.661777496337890625e-04 -1.505017280578613281e-04 -1.537501811981201172e-04 -1.581907272338867188e-04 -1.513957977294921875e-04 -1.482367515563964844e-04 -1.526474952697753906e-04 -1.601576805114746094e-04 -1.624226570129394531e-04
1.199536400843846051e+00 -1.368820667266845703e-04 -1.426637172698974609e-04 -1.388788223266601562e-04 -1.397430896759033203e-04 -1.388490200042724609e-04 -1.301765441894531250e-04 -1.471340656280517578e-04 -1.340508460998535156e-04 -1.566410064697265625e-04 -1.360476016998291016e-04
1.205989162829234074e+00 3.632307052612304688e-04 3.741085529327392578e-04 3.570914268493652344e-04 3.569722175598144531e-04 3.590285778045654297e-04 3.583729267120361328e-04 3.652274608612060547e-04 3.576278686523437500e-04 3.647804260253906250e-04 3.569722175598144531e-04
1.212441924814621874e+00 -3.750920295715332031e-04 -3.719627857208251953e-04 -3.677010536193847656e-04 -3.606677055358886719e-04 -3.676414489746093750e-04 -3.686547279357910156e-04 -3.647208213806152344e-04 -3.585517406463623047e-04 -3.574192523956298828e-04 -3.645122051239013672e-04
1.218894686800009897e+00 2.288818359375000000e-05 5.424022674560546875e-06 9.536743164062500000e-06 2.712011337280273438e-06 9.596347808837890625e-06 1.135468482971191406e-05 1.230835914611816406e-05 1.046061515808105469e-05 1.010298728942871094e-05 3.874301910400390625e-07
1.225347448785397697e+00 2.939701080322265625e-04 2.833306789398193359e-04 2.865791320800781250e-04 2.870857715606689453e-04 2.803802490234375000e-04 2.858638763427734375e-04 2.754032611846923828e-04 2.892017364501953125e-04 2.929866313934326172e-04 2.924799919128417969e-04
1.231800210770785720e+00 -3.179907798767089844e-04 -3.225207328796386719e-04 -3.162026405334472656e-04 -3.223121166229248047e-04 -3.202557563781738281e-04 -3.208220005035400391e-04 -3.190636634826660156e-04 -3.339052200317382812e-04 -3.149509429931640625e-04 -3.250539302825927734e-04
1.238252972756173520e+00 1.771152019500732422e-04 1.827180385589599609e-04 1.795291900634765625e-04 1.664459705352783203e-04 1.766085624694824219e-04 1.851022243499755859e-04 1.837909221649169922e-04 1.795887947082519531e-04 1.798868179321289062e-04 1.806616783142089844e-04
1.244705734741561542e+00 6.091594696044921875e-05 6.449222564697265625e-05 7.018446922302246094e-05 6.526708602905273438e-05 5.754828453063964844e-05 6.183981895446777344e-05 5.227327346801757812e-05 6.055831909179687500e-05 6.377696990966796875e-05 6.410479545593261719e-05
1.251158496726949343e+00 -2.614259719848632812e-04 -2.699792385101318359e-04 -2.686679363250732422e-04 -2.632439136505126953e-04 -2.670884132385253906e-04 -2.606213092803955078e-04 -2.686083316802978516e-04 -2.565979957580566406e-04 -2.714395523071289062e-04 -2.644360065460205078e-04
1.257611258712337365e+00 2.458095550537109375e-04 2.307891845703125000e-04 2.330839633941650391e-04 2.253651618957519531e-04 2.400279045104980469e-04 2.349019050598144531e-04 2.297461032867431641e-04 2.414584159851074219e-04 2.219676971435546875e-04 2.418756484985351562e-04
1.264064020697725166e+00 5.537271499633789062e-05 6.681680679321289062e-05 5.677342414855957031e-05 5.096197128295898438e-05 5.188584327697753906e-05 6.073713302612304688e-05 5.796551704406738281e-05 6.204843521118164062e-05 4.681944847106933594e-05 6.440281867980957031e-05
1.270516782683113188e+00 -2.225339412689208984e-04 -2.263188362121582031e-04 -2.265870571136474609e-04 -2.314448356628417969e-04 -2.185702323913574219e-04 -2.265870571136474609e-04 -2.414286136627197266e-04 -2.233982086181640625e-04 -2.211034297943115234e-04 -2.225935459136962891e-04
1.276969544668500989e+00 2.287328243255615234e-04 2.394914627075195312e-04 2.338886260986328125e-04 2.399682998657226562e-04 2.311468124389648438e-04 2.290606498718261719e-04 2.383589744567871094e-04 2.452135086059570312e-04 2.432167530059814453e-04 2.366900444030761719e-04
1.283422306653888789e+00 -8.344650268554687500e-05 -6.863474845886230469e-05 -6.550550460815429688e-05 -5.432963371276855469e-05 -7.688999176025390625e-05 -6.413459777832031250e-05 -6.204843521118164062e-05 -6.848573684692382812e-05 -7.224082946777343750e-05 -6.848573684692382812e-05
1.289875068639276812e+00 -1.116693019866943359e-04 -1.190006732940673828e-04 -1.144707202911376953e-04 -1.159012317657470703e-04 -1.140236854553222656e-04 -1.094937324523925781e-04 -1.211464405059814453e-04 -1.171529293060302734e-04 -1.178681850433349609e-04 -1.140534877777099609e-04
1.296327830624664612e+00 3.019273281097412109e-04 3.041625022888183594e-04 2.945661544799804688e-04 3.032684326171875000e-04 3.023445606231689453e-04 3.080368041992187500e-04 2.947747707366943359e-04 2.923309803009033203e-04 2.982616424560546875e-04 2.988576889038085938e-04
1.302780592610052635e+00 -2.594590187072753906e-04 -2.537965774536132812e-04 -2.530813217163085938e-04 -2.512633800506591797e-04 -2.445280551910400391e-04 -2.587735652923583984e-04 -2.490580081939697266e-04 -2.577304840087890625e-04 -2.516806125640869141e-04 -2.555251121520996094e-04
1.309233354595440435e+00 7.241964340209960938e-05 7.104873657226562500e-05 6.726384162902832031e-05 6.011128425598144531e-05 6.765127182006835938e-05 7.340312004089355469e-05 7.095932960510253906e-05 6.800889968872070312e-05 6.783008575439453125e-05 5.784630775451660156e-05
1.315686116580828458e+00 2.157688140869140625e-04 2.153217792510986328e-04 2.139508724212646484e-04 2.092421054840087891e-04 2.221763134002685547e-04 2.118349075317382812e-04 2.102255821228027344e-04 2.199709415435791016e-04 2.169907093048095703e-04 2.126097679138183594e-04
1.322138878566216258e+00 -2.393722534179687500e-04 -2.449154853820800781e-04 -2.522170543670654297e-04 -2.486407756805419922e-04 -2.379417419433593750e-04 -2.534091472625732422e-04 -2.450644969940185547e-04 -2.438127994537353516e-04 -2.488195896148681641e-04 -2.546608448028564453e-04
1.328591640551604280e+00 1.859664916992187500e-04 1.927018165588378906e-04 1.957118511199951172e-04 1.856684684753417969e-04 1.893341541290283203e-04 1.847743988037109375e-04 1.789331436157226562e-04 1.835525035858154297e-04 1.854598522186279297e-04 1.768171787261962891e-04
1.335044402536992081e+00 -2.712011337280273438e-06 -1.475214958190917969e-05 -3.576278686523437500e-06 -1.159310340881347656e-05 -1.654028892517089844e-05 -5.096197128295898438e-06 -1.278519630432128906e-05 -2.309679985046386719e-05 -1.534819602966308594e-05 -1.856684684753417969e-05
1.341497164522380103e+00 -2.252757549285888672e-04 -2.171397209167480469e-04 -2.150833606719970703e-04 -2.278685569763183594e-04 -2.144575119018554688e-04 -2.168416976928710938e-04 -2.198219299316406250e-04 -2.251863479614257812e-04 -2.231895923614501953e-04 -2.306401729583740234e-04
1.347949926507767904e+00 2.401769161224365234e-04 2.279281616210937500e-04 2.337992191314697266e-04 2.489984035491943359e-04 2.354383468627929688e-04 2.357959747314453125e-04 2.227723598480224609e-04 2.315938472747802734e-04 2.278685569763183594e-04 2.471208572387695312e-04
1.354402688493155926e+00 -6.148219108581542969e-05 -7.018446922302246094e-05 -7.262825965881347656e-05 -5.677342414855957031e-05 -6.037950515747070312e-05 -7.155537605285644531e-05 -7.295608520507812500e-05 -7.081031799316406250e-05 -7.265806198120117188e-05 -6.121397018432617188e-05
1.360855450478543727e+00 -7.125735282897949219e-05 -6.875395774841308594e-05 -6.762146949768066406e-05 -6.341934204101562500e-05 -6.532669067382812500e-05 -8.019804954528808594e-05 -6.294250488281250000e-05 -6.830692291259765625e-05 -7.158517837524414062e-05 -7.712841033935546875e-05
1.367308212463931749e+00 7.608532905578613281e-05 6.040930747985839844e-05 7.373094558715820312e-05 7.501244544982910156e-05 5.841255187988281250e-05 7.274746894836425781e-05 8.440017700195312500e-05 7.411837577819824219e-05 6.544589996337890625e-05 7.370114326477050781e-05
1.373760974449319550e+00 -1.434981822967529297e-04 -1.598298549652099609e-04 -1.513957977294921875e-04 -1.423954963684082031e-04 -1.522302627563476562e-04 -1.560151576995849609e-04 -1.561343669891357422e-04 -1.561045646667480469e-04 -1.455843448638916016e-04 -1.471638679504394531e-04
1.380213736434707350e+00 -3.504753112792968750e-05 -2.089142799377441406e-05 -5.337595939636230469e-05 -4.136562347412109375e-05 -3.913044929504394531e-05 -4.193186759948730469e-05 -3.737211227416992188e-05 -3.835558891296386719e-05 -2.491474151611328125e-05 -3.334879875183105469e-05
1.386666498420095373e+00 1.299381256103515625e-05 8.940696716308593750e-06 1.367926597595214844e-05 2.196431159973144531e-05 2.050399780273437500e-05 1.212954521179199219e-05 1.144409179687500000e-05 1.183152198791503906e-05 2.208352088928222656e-05 1.829862594604492188e-05
1.393119260405483173e+00 6.306171417236328125e-05 5.373358726501464844e-05 4.732608795166015625e-05 5.215406417846679688e-05 5.763769149780273438e-05 6.270408630371093750e-05 6.267428398132324219e-05 4.091858863830566406e-05 3.799796104431152344e-05 5.424022674560546875e-05
1.399572022390871195e+00 1.627206802368164062e-05 2.709031105041503906e-05 1.707673072814941406e-05 2.574920654296875000e-05 2.044439315795898438e-05 2.929568290710449219e-05 2.875924110412597656e-05 2.634525299072265625e-05 3.239512443542480469e-05 2.700090408325195312e-05
1.406024784376258996e+00 -4.303455352783203125e-05 -4.467368125915527344e-05 -6.037950515747070312e-05 -4.225969314575195312e-05 -5.090236663818359375e-05 -4.479289054870605469e-05 -3.758072853088378906e-05 -6.166100502014160156e-05 -4.687905311584472656e-05 -5.134940147399902344e-05
1.412477546361647018e+00 -1.971721649169921875e-04 -1.861453056335449219e-04 -1.954436302185058594e-04 -1.908838748931884766e-04 -1.867711544036865234e-04 -1.767873764038085938e-04 -1.773536205291748047e-04 -1.952350139617919922e-04 -1.874864101409912109e-04 -1.915097236633300781e-04
1.418930308347034819e+00 1.419484615325927734e-04 1.478791236877441406e-04 1.444220542907714844e-04 1.350641250610351562e-04 1.409351825714111328e-04 1.384019851684570312e-04 1.423656940460205078e-04 1.381039619445800781e-04 1.451671123504638672e-04 1.477897167205810547e-04
1.425383070332422841e+00 -1.337826251983642578e-04 -1.239478588104248047e-04 -1.401901245117187500e-04 -1.280009746551513672e-04 -1.291036605834960938e-04 -1.388192176818847656e-04 -1.281201839447021484e-04 -1.383423805236816406e-04 -1.346468925476074219e-04 -1.274645328521728516e-04
1.431835832317810642e+00 2.709031105041503906e-05 5.146861076354980469e-05 4.276633262634277344e-05 3.695487976074218750e-05 4.309415817260742188e-05 4.738569259643554688e-05 4.923343658447265625e-05 5.325675010681152344e-05 3.707408905029296875e-05 5.427002906799316406e-05
1.438288594303198664e+00 -6.219744682312011719e-05 -6.109476089477539062e-05 -6.160140037536621094e-05 -6.693601608276367188e-05 -5.972385406494140625e-05 -5.862116813659667969e-05 -5.689263343811035156e-05 -5.036592483520507812e-05 -4.792213439941406250e-05 -4.744529724121093750e-05
1.444741356288586465e+00 -1.549124717712402344e-04 -1.557469367980957031e-04 -1.672804355621337891e-04 -1.511275768280029297e-04 -1.554787158966064453e-04 -1.545846462249755859e-04 -1.509189605712890625e-04 -1.572370529174804688e-04 -1.502037048339843750e-04 -1.560151576995849609e-04
1.451194118273974487e+00 1.666545867919921875e-04 1.651048660278320312e-04 1.609921455383300781e-04 1.690685749053955078e-04 1.555085182189941406e-04 1.763105392456054688e-04 1.631081104278564453e-04 1.686513423919677734e-04 1.644492149353027344e-04 1.557171344757080078e-04
1.457646880259362288e+00 7.113814353942871094e-05 5.665421485900878906e-05 6.031990051269531250e-05 5.373358726501464844e-05 4.732608795166015625e-05 6.636977195739746094e-05 4.732608795166015625e-05 5.146861076354980469e-05 5.373358726501464844e-05 4.565715789794921875e-05
1.464099642244750310e+00 3.919005393981933594e-05 3.120303153991699219e-05 4.774332046508789062e-05 3.975629806518554688e-05 3.033876419067382812e-05 3.013014793395996094e-05 3.203749656677246094e-05 3.170967102050781250e-05 3.403425216674804688e-05 2.697110176086425781e-05
1.470552404230138110e+00 1.025199890136718750e-05 4.380941390991210938e-06 6.228685379028320312e-06 5.781650543212890625e-06 1.728534698486328125e-06 9.387731552124023438e-06 1.236796379089355469e-05 1.418590545654296875e-05 7.510185241699218750e-06 1.099705696105957031e-05
1.477005166215525911e+00 -5.427002906799316406e-05 -6.937980651855468750e-05 -7.006525993347167969e-05 -6.726384162902832031e-05 -6.723403930664062500e-05 -7.122755050659179688e-05 -7.042288780212402344e-05 -6.449222564697265625e-05 -6.434321403503417969e-05 -7.367134094238281250e-05
1.483457928200913933e+00 -2.622604370117187500e-06 -9.268522262573242188e-06 -2.488493919372558594e-05 -8.732080459594726562e-06 -2.500414848327636719e-05 -3.072619438171386719e-05 -1.710653305053710938e-05 -2.345442771911621094e-05 -1.809000968933105469e-05 -2.390146255493164062e-05
1.489910690186301734e+00 7.829070091247558594e-05 5.853176116943359375e-05 7.647275924682617188e-05 6.878376007080078125e-05 7.700920104980468750e-05 7.069110870361328125e-05 8.618831634521484375e-05 8.407235145568847656e-05 7.092952728271484375e-05 8.887052536010742188e-05
1.496363452171689756e+00 -3.096461296081542969e-05 -3.099441528320312500e-05 -2.652406692504882812e-05 -3.489851951599121094e-05 -3.331899642944335938e-05 -3.826618194580078125e-05 -3.853440284729003906e-05 -2.712011337280273438e-05 -2.464652061462402344e-05 -4.431605339050292969e-05
1.502816214157077557e+00 5.850195884704589844e-05 4.717707633972167969e-05 4.836916923522949219e-05 5.561113357543945312e-05 4.687905311584472656e-05 4.288554191589355469e-05 5.382299423217773438e-05 5.102157592773437500e-05 4.610419273376464844e-05 5.492568016052246094e-05
1.509268976142465579e+00 1.546740531921386719e-05 9.328126907348632812e-06 1.257658004760742188e-05 1.105666160583496094e-05 1.689791679382324219e-05 -1.192092895507812500e-06 -3.218650817871093750e-06 3.248453140258789062e-06 1.564621925354003906e-05 7.599592208862304688e-06
1.515721738127853380e+00 -5.078315734863281250e-05 -5.322694778442382812e-05 -3.674626350402832031e-05 -5.486607551574707031e-05 -4.547834396362304688e-05 -4.106760025024414062e-05 -4.011392593383789062e-05 -3.981590270996093750e-05 -5.227327346801757812e-05 -3.498792648315429688e-05
1.522174500113241402e+00 7.236003875732421875e-05 6.216764450073242188e-05 6.559491157531738281e-05 7.599592208862304688e-05 7.790327072143554688e-05 7.209181785583496094e-05 8.523464202880859375e-05 7.432699203491210938e-05 6.437301635742187500e-05 7.429718971252441406e-05
1.528627262098629203e+00 2.762675285339355469e-05 1.436471939086914062e-05 3.722310066223144531e-05 1.510977745056152344e-05 2.226233482360839844e-05 1.883506774902343750e-05 2.112984657287597656e-05 2.020597457885742188e-05 1.761317253112792969e-05 2.208352088928222656e-05
1.535080024084017225e+00 -8.475780487060546875e-05 -8.970499038696289062e-05 -7.706880569458007812e-05 -9.131431579589843750e-05 -8.222460746765136719e-05 -8.445978164672851562e-05 -8.597970008850097656e-05 -7.817149162292480469e-05 -8.377432823181152344e-05 -9.012222290039062500e-05
1.541532786069405025e+00 4.518032073974609375e-05 3.698468208312988281e-05 3.314018249511718750e-05 2.723932266235351562e-05 3.397464752197265625e-05 3.120303153991699219e-05 3.528594970703125000e-05 3.802776336669921875e-05 3.731250762939453125e-05 3.793835639953613281e-05
1.547985548054793048e+00 1.955032348632812500e-05 2.220273017883300781e-05 1.889467239379882812e-05 3.075599670410156250e-05 7.212162017822265625e-06 3.063678741455078125e-05 3.004074096679687500e-05 1.531839370727539062e-05 2.911686897277832031e-05 3.299117088317871094e-05
1.554438310040180848e+00 -5.215406417846679688e-05 -5.447864532470703125e-05 -4.211068153381347656e-05 -5.239248275756835938e-05 -5.677342414855957031e-05 -3.522634506225585938e-05 -5.307793617248535156e-05 -5.656480789184570312e-05 -4.452466964721679688e-05 -6.172060966491699219e-05
1.560891072025568649e+00 6.559491157531738281e-05 7.352232933044433594e-05 6.616115570068359375e-05 5.608797073364257812e-05 6.479024887084960938e-05 5.912780761718750000e-05 6.332993507385253906e-05 6.428360939025878906e-05 6.714463233947753906e-05 7.849931716918945312e-05
1.567343834010956671e+00 -5.066394805908203125e-06 -1.633167266845703125e-05 -2.452731132507324219e-05 -2.279877662658691406e-05 -2.056360244750976562e-05 -1.013278961181640625e-05 -1.081824302673339844e-05 -2.589821815490722656e-05 -1.877546310424804688e-05 -1.871585845947265625e-05
1.573796595996344472e+00 -4.228949546813964844e-05 -3.769993782043457031e-05 -4.452466964721679688e-05 -2.893805503845214844e-05 -4.875659942626953125e-05 -4.053115844726562500e-05 -3.731250762939453125e-05 -5.343556404113769531e-05 -3.698468208312988281e-05 -5.021691322326660156e-05
1.580249357981732494e+00 1.555681228637695312e-05 2.232193946838378906e-05 6.616115570068359375e-06 1.478195190429687500e-05 1.484155654907226562e-05 1.198053359985351562e-05 1.746416091918945312e-05 1.645088195800781250e-05 1.132488250732421875e-05 1.275539398193359375e-05
1.586702119967120295e+00 -2.285838127136230469e-05 -2.050399780273437500e-05 -2.369284629821777344e-05 -2.795457839965820312e-05 -2.497434616088867188e-05 -3.206729888916015625e-05 -2.047419548034667969e-05 -3.185868263244628906e-05 -2.905726432800292969e-05 -2.864003181457519531e-05
1.593154881952508317e+00 1.448392868041992188e-05 1.505017280578613281e-05 9.387731552124023438e-06 1.150369644165039062e-05 9.685754776000976562e-06 7.718801498413085938e-06 -9.834766387939453125e-07 2.324581146240234375e-06 1.710653305053710938e-05 6.675720214843750000e-06
1.599607643937896118e+00 3.388524055480957031e-05 2.178549766540527344e-05 1.797080039978027344e-05 2.831220626831054688e-05 2.825260162353515625e-05 2.661347389221191406e-05 2.917647361755371094e-05 2.479553222656250000e-05 3.245472908020019531e-05 2.709031105041503906e-05
1.606060405923284140e+00 -2.473592758178710938e-06 -1.931190490722656250e-05 -3.063678741455078125e-05 -1.585483551025390625e-05 -2.232193946838378906e-05 -2.202391624450683594e-05 -1.278519630432128906e-05 -2.351403236389160156e-05 -1.594424247741699219e-05 -1.049041748046875000e-05
1.612513167908671941e+00 -2.214312553405761719e-05 -1.341104507446289062e-05 -2.005696296691894531e-05 -1.448392868041992188e-05 -2.202391624450683594e-05 -1.621246337890625000e-05 -1.585483551025390625e-05 -1.549720764160156250e-05 -1.725554466247558594e-05 -1.391768455505371094e-05
1.618965929894059963e+00 1.898407936096191406e-05 2.643465995788574219e-05 2.664327621459960938e-05 1.716613769531250000e-05 1.204013824462890625e-05 1.692771911621093750e-05 2.047419548034667969e-05 1.314282417297363281e-05 1.916289329528808594e-05 2.115964889526367188e-05
1.625418691879447763e+00 -1.502037048339843750e-05 -1.370906829833984375e-06 -7.688999176025390625e-06 -1.141428947448730469e-05 -1.463294029235839844e-05 -1.570582389831542969e-05 -8.404254913330078125e-06 -7.033348083496093750e-06 -9.894371032714843750e-06 -7.212162017822265625e-06
1.631871453864835786e+00 6.109476089477539062e-06 -1.990795135498046875e-05 -1.135468482971191406e-05 -1.350045204162597656e-05 -4.172325134277343750e-06 -6.824731826782226562e-06 -1.579523086547851562e-05 -8.553266525268554688e-06 -8.344650268554687500e-06 -1.221895217895507812e-05
1.638324215850223586e+00 4.312396049499511719e-05 3.886222839355468750e-05 3.820657730102539062e-05 3.108382225036621094e-05 3.010034561157226562e-05 2.211332321166992188e-05 3.871321678161621094e-05 3.457069396972656250e-05 4.133582115173339844e-05 3.939867019653320312e-05
1.644776977835611609e+00 -8.761882781982421875e-06 -1.734495162963867188e-05 -1.624226570129394531e-05 -1.037120819091796875e-05 -1.993775367736816406e-05 -1.433491706848144531e-05 -1.385807991027832031e-05 -2.035498619079589844e-05 -1.904368400573730469e-05 -8.404254913330078125e-06
1.651229739820999409e+00 1.099705696105957031e-05 2.217292785644531250e-05 2.408027648925781250e-05 9.596347808837890625e-06 1.654028892517089844e-05 1.415610313415527344e-05 1.996755599975585938e-05 2.998113632202148438e-05 7.688999176025390625e-06 1.117587089538574219e-05
1.657682501806387210e+00 4.151463508605957031e-05 3.504753112792968750e-05 3.999471664428710938e-05 2.881884574890136719e-05 2.866983413696289062e-05 3.176927566528320312e-05 4.085898399353027344e-05 2.649426460266113281e-05 2.887845039367675781e-05 2.530217170715332031e-05
1.664135263791775232e+00 6.079673767089843750e-06 -1.296401023864746094e-05 1.013278961181640625e-06 4.380941390991210938e-06 2.771615982055664062e-06 2.026557922363281250e-06 1.418590545654296875e-05 -1.192092895507812500e-07 -5.006790161132812500e-06 -2.831220626831054688e-06
1.670588025777163033e+00 -3.138184547424316406e-05 -2.941489219665527344e-05 -2.744793891906738281e-05 -2.366304397583007812e-05 -2.825260162353515625e-05 -2.411007881164550781e-05 -2.810359001159667969e-05 -2.753734588623046875e-05 -3.162026405334472656e-05 -1.436471939086914062e-05
1.677040787762551055e+00 -7.808208465576171875e-05 -8.901953697204589844e-05 -8.457899093627929688e-05 -9.480118751525878906e-05 -8.416175842285156250e-05 -8.338689804077148438e-05 -8.353590965270996094e-05 -8.761882781982421875e-05 -8.860230445861816406e-05 -8.580088615417480469e-05
1.683493549747938856e+00 2.223253250122070312e-05 2.875924110412597656e-05 1.740455627441406250e-05 1.516938209533691406e-05 1.317262649536132812e-05 1.779198646545410156e-05 1.820921897888183594e-05 2.551078796386718750e-05 1.734495162963867188e-05 2.118945121765136719e-05
1.689946311733326878e+00 1.148581504821777344e-04 1.175701618194580078e-04 1.111030578613281250e-04 1.076161861419677734e-04 1.204907894134521484e-04 1.088082790374755859e-04 1.146793365478515625e-04 1.227557659149169922e-04 1.157224178314208984e-04 1.185536384582519531e-04
1.696399073718714678e+00 1.806020736694335938e-05 7.122755050659179688e-06 1.448392868041992188e-05 1.388788223266601562e-05 1.317262649536132812e-05 1.543760299682617188e-05 1.746416091918945312e-05 1.108646392822265625e-05 1.239776611328125000e-05 9.924173355102539062e-06
1.702851835704102701e+00 -1.665949821472167969e-05 -2.506375312805175781e-05 -1.958012580871582031e-05 -1.943111419677734375e-05 -4.014372825622558594e-05 -1.901388168334960938e-05 -2.154707908630371094e-05 -4.416704177856445312e-05 -2.712011337280273438e-05 -2.455711364746093750e-05
1.709304597689490501e+00 -1.412630081176757812e-05 -1.576542854309082031e-05 -5.990266799926757812e-06 -1.642107963562011719e-05 9.536743164062500000e-07 -9.566545486450195312e-06 -1.141428947448730469e-05 -6.079673767089843750e-06 8.940696716308593750e-07 -1.040101051330566406e-05
1.715757359674878524e+00 2.682209014892578125e-06 -1.966953277587890625e-06 -3.248453140258789062e-06 1.221895217895507812e-06 1.260638236999511719e-05 -2.533197402954101562e-06 6.616115570068359375e-06 -6.884336471557617188e-06 -3.099441528320312500e-06 -1.239776611328125000e-05
1.722210121660266324e+00 2.446770668029785156e-05 9.745359420776367188e-06 1.189112663269042969e-05 1.880526542663574219e-05 1.257658004760742188e-05 2.169609069824218750e-05 7.987022399902343750e-06 1.141428947448730469e-05 2.318620681762695312e-05 1.418590545654296875e-05
1.728662883645654347e+00 -1.356005668640136719e-05 -2.008676528930664062e-05 -2.858042716979980469e-05 -6.645917892456054688e-06 -1.683831214904785156e-05 -2.032518386840820312e-05 -5.066394805908203125e-06 -1.010298728942871094e-05 -7.510185241699218750e-06 3.486871719360351562e-06
1.735115645631042147e+00 3.117322921752929688e-05 4.324316978454589844e-05 3.096461296081542969e-05 3.418326377868652344e-05 2.503395080566406250e-05 3.951787948608398438e-05 1.654028892517089844e-05 1.734495162963867188e-05 1.907348632812500000e-05 2.676248550415039062e-05
1.741568407616429948e+00 1.215934753417968750e-05 1.320242881774902344e-05 1.558661460876464844e-05 9.775161743164062500e-06 6.198883056640625000e-06 7.271766662597656250e-06 1.180171966552734375e-05 1.028180122375488281e-05 3.543496131896972656e-05 1.713633537292480469e-05
1.748021169601817970e+00 -3.188848495483398438e-06 -3.188848495483398438e-06 1.174211502075195312e-05 1.466274261474609375e-05 1.040101051330566406e-05 1.397728919982910156e-05 1.874566078186035156e-05 -1.996755599975585938e-06 7.897615432739257812e-06 5.990266799926757812e-06
1.754473931587205771e+00 7.903575897216796875e-05 8.225440979003906250e-05 7.277727127075195312e-05 7.185339927673339844e-05 7.870793342590332031e-05 6.151199340820312500e-05 6.690621376037597656e-05 5.614757537841796875e-05 6.237626075744628906e-05 6.800889968872070312e-05
1.760926693572593793e+00 9.357929229736328125e-06 4.619359970092773438e-06 1.996755599975585938e-06 2.253055572509765625e-05 2.226233482360839844e-05 2.652406692504882812e-05 2.202391624450683594e-05 2.998113632202148438e-05 1.814961433410644531e-05 1.531839370727539062e-05
1.767379455557981593e+00 4.190206527709960938e-05 4.941225051879882812e-05 3.954768180847167969e-05 3.531575202941894531e-05 3.695487976074218750e-05 3.832578659057617188e-05 2.825260162353515625e-05 3.486871719360351562e-05 2.413988113403320312e-05 3.454089164733886719e-05
1.773832217543369616e+00 6.648898124694824219e-05 7.179379463195800781e-05 7.113814353942871094e-05 5.730986595153808594e-05 7.191300392150878906e-05 6.839632987976074219e-05 6.562471389770507812e-05 6.774067878723144531e-05 6.887316703796386719e-05 7.089972496032714844e-05
1.780284979528757416e+00 -5.066394805908203125e-05 -4.592537879943847656e-05 -3.546476364135742188e-05 -3.927946090698242188e-05 -3.448128700256347656e-05 -4.202127456665039062e-05 -2.494454383850097656e-05 -4.300475120544433594e-05 -2.154707908630371094e-05 -3.710389137268066406e-05
1.786737741514145439e+00 -1.137554645538330078e-04 -1.099407672882080078e-04 -1.094639301300048828e-04 -1.229941844940185547e-04 -1.336932182312011719e-04 -1.275241374969482422e-04 -1.147985458374023438e-04 -1.268982887268066406e-04 -1.247525215148925781e-04 -1.302957534790039062e-04
1.793190503499533239e+00 9.292364120483398438e-05 1.002848148345947266e-04 9.733438491821289062e-05 1.025497913360595703e-04 1.026391983032226562e-04 1.077353954315185547e-04 1.034140586853027344e-04 1.086294651031494141e-04 1.191794872283935547e-04 1.091659069061279297e-04
1.799643265484921262e+00 3.612041473388671875e-05 4.485249519348144531e-05 4.395842552185058594e-05 3.129243850708007812e-05 3.403425216674804688e-05 2.163648605346679688e-05 4.050135612487792969e-05 3.677606582641601562e-05 3.990530967712402344e-05 3.615021705627441406e-05
1.806096027470309062e+00 1.132488250732421875e-05 9.626150131225585938e-06 6.675720214843750000e-06 -5.066394805908203125e-06 -1.519918441772460938e-06 -4.261732101440429688e-06 -5.602836608886718750e-06 -1.117587089538574219e-05 -1.475214958190917969e-05 -1.272559165954589844e-05
1.812548789455697085e+00 1.179277896881103516e-04 1.255869865417480469e-04 1.237094402313232422e-04 1.235306262969970703e-04 1.185238361358642578e-04 1.312196254730224609e-04 1.456737518310546875e-04 1.333355903625488281e-04 1.423358917236328125e-04 1.375973224639892578e-04
1.819001551441084885e+00 -1.356303691864013672e-04 -1.156330108642578125e-04 -1.373291015625000000e-04 -1.302063465118408203e-04 -1.277029514312744141e-04 -1.222491264343261719e-04 -1.184642314910888672e-04 -1.330375671386718750e-04 -1.321732997894287109e-04 -1.280009746551513672e-04
1.825454313426472908e+00 2.038478851318359375e-05 2.384185791015625000e-05 2.378225326538085938e-05 2.789497375488281250e-05 2.530217170715332031e-05 3.948807716369628906e-05 4.240870475769042969e-05 2.586841583251953125e-05 1.576542854309082031e-05 2.855062484741210938e-05
1.831907075411860708e+00 6.216764450073242188e-05 6.511807441711425781e-05 5.546212196350097656e-05 6.732344627380371094e-05 6.231665611267089844e-05 5.903840065002441406e-05 5.313754081726074219e-05 6.613135337829589844e-05 6.565451622009277344e-05 6.139278411865234375e-05
1.838359837397248508e+00 -1.774132251739501953e-04 -1.742839813232421875e-04 -1.760125160217285156e-04 -1.561343669891357422e-04 -1.609921455383300781e-04 -1.789033412933349609e-04 -1.703500747680664062e-04 -1.664757728576660156e-04 -1.829862594604492188e-04 -1.796782016754150391e-04
1.844812599382636531e+00 1.956522464752197266e-04 1.854002475738525391e-04 1.826286315917968750e-04 1.743733882904052734e-04 1.749694347381591797e-04 1.866817474365234375e-04 1.767873764038085938e-04 1.751184463500976562e-04 1.886188983917236328e-04 1.734495162963867188e-04
1.851265361368024331e+00 -8.767843246459960938e-05 -7.128715515136718750e-05 -8.031725883483886719e-05 -8.416175842285156250e-05 -8.395314216613769531e-05 -8.136034011840820312e-05 -7.590651512145996094e-05 -8.034706115722656250e-05 -7.379055023193359375e-05 -7.334351539611816406e-05
1.857718123353412354e+00 -1.530647277832031250e-04 -1.420676708221435547e-04 -1.416802406311035156e-04 -1.473426818847656250e-04 -1.452565193176269531e-04 -1.444220542907714844e-04 -1.525580883026123047e-04 -1.397132873535156250e-04 -1.502633094787597656e-04 -1.482665538787841797e-04
1.864170885338800154e+00 2.345740795135498047e-04 2.423524856567382812e-04 2.258419990539550781e-04 2.233982086181640625e-04 2.434849739074707031e-04 2.421438694000244141e-04 2.226233482360839844e-04 2.302229404449462891e-04 2.341568470001220703e-04 2.386271953582763672e-04
1.870623647324188177e+00 -1.478195190429687500e-04 -1.417398452758789062e-04 -1.582503318786621094e-04 -1.671314239501953125e-04 -1.469552516937255859e-04 -1.481175422668457031e-04 -1.493096351623535156e-04 -1.487731933593750000e-04 -1.499056816101074219e-04 -1.461505889892578125e-04
1.877076409309575977e+00 -7.131695747375488281e-05 -6.628036499023437500e-05 -6.446242332458496094e-05 -5.865097045898437500e-05 -7.182359695434570312e-05 -7.000565528869628906e-05 -8.526444435119628906e-05 -5.859136581420898438e-05 -7.110834121704101562e-05 -7.265806198120117188e-05
1.883529171294964000e+00 2.151429653167724609e-04 2.183914184570312500e-04 2.196133136749267578e-04 2.131462097167968750e-04 2.190172672271728516e-04 2.219974994659423828e-04 2.232789993286132812e-04 2.103149890899658203e-04 2.045631408691406250e-04 2.129375934600830078e-04
1.889981933280351800e+00 -2.495348453521728516e-04 -2.509057521820068359e-04 -2.338588237762451172e-04 -2.415180206298828125e-04 -2.378821372985839844e-04 -2.402663230895996094e-04 -2.442002296447753906e-04 -2.361238002777099609e-04 -2.399981021881103516e-04 -2.411007881164550781e-04
1.896434695265739823e+00 4.130601882934570312e-05 3.322958946228027344e-05 3.924965858459472656e-05 3.761053085327148438e-05 5.248188972473144531e-05 4.115700721740722656e-05 4.532933235168457031e-05 4.056096076965332031e-05 4.345178604125976562e-05 3.933906555175781250e-05
1.902887457251127623e+00 1.707375049591064453e-04 1.628994941711425781e-04 1.645684242248535156e-04 1.671910285949707031e-04 1.886188983917236328e-04 1.698732376098632812e-04 1.775920391082763672e-04 1.643598079681396484e-04 1.688301563262939453e-04 1.659095287322998047e-04
1.909340219236515646e+00 -2.497732639312744141e-04 -2.411901950836181641e-04 -2.349615097045898438e-04 -2.441108226776123047e-04 -2.532601356506347656e-04 -2.461671829223632812e-04 -2.363622188568115234e-04 -2.424418926239013672e-04 -2.505183219909667969e-04 -2.505183219909667969e-04
1.915792981221903446e+00 1.339316368103027344e-04 1.492500305175781250e-04 1.385509967803955078e-04 1.271963119506835938e-04 1.414716243743896484e-04 1.502335071563720703e-04 1.421570777893066406e-04 1.387298107147216797e-04 1.473724842071533203e-04 1.381635665893554688e-04
1.922245743207291468e+00 3.436207771301269531e-05 3.582239151000976562e-05 3.582239151000976562e-05 2.798438072204589844e-05 4.538893699645996094e-05 4.634261131286621094e-05 4.914402961730957031e-05 3.880262374877929688e-05 4.556775093078613281e-05 3.987550735473632812e-05
1.928698505192679269e+00 -1.532435417175292969e-04 -1.599192619323730469e-04 -1.662671566009521484e-04 -1.561045646667480469e-04 -1.682043075561523438e-04 -1.578330993652343750e-04 -1.523196697235107422e-04 -1.536309719085693359e-04 -1.498758792877197266e-04 -1.604855060577392578e-04
1.935151267178067069e+00 2.557337284088134766e-04 2.489984035491943359e-04 2.529025077819824219e-04 2.409517765045166016e-04 2.509653568267822266e-04 2.437829971313476562e-04 2.528727054595947266e-04 2.455413341522216797e-04 2.433359622955322266e-04 2.362728118896484375e-04
1.941604029163455092e+00 -5.975365638732910156e-05 -6.359815597534179688e-05 -7.176399230957031250e-05 -5.701184272766113281e-05 -5.754828453063964844e-05 -5.471706390380859375e-05 -5.751848220825195312e-05 -6.386637687683105469e-05 -6.142258644104003906e-05 -6.404519081115722656e-05
1.948056791148842892e+00 -6.404519081115722656e-05 -6.848573684692382812e-05 -7.799267768859863281e-05 -7.641315460205078125e-05 -8.848309516906738281e-05 -7.450580596923828125e-05 -6.586313247680664062e-05 -7.975101470947265625e-05 -6.464123725891113281e-05 -7.399916648864746094e-05
1.954509553134230915e+00 1.248121261596679688e-04 1.271069049835205078e-04 1.277625560760498047e-04 1.336038112640380859e-04 1.280605792999267578e-04 1.217722892761230469e-04 1.254379749298095703e-04 1.251697540283203125e-04 1.295804977416992188e-04 1.266002655029296875e-04
1.960962315119618715e+00 -7.116794586181640625e-05 -6.911158561706542969e-05 -7.179379463195800781e-05 -6.791949272155761719e-05 -6.213784217834472656e-05 -6.771087646484375000e-05 -7.054209709167480469e-05 -7.143616676330566406e-05 -5.775690078735351562e-05 -7.614493370056152344e-05
1.967415077105006738e+00 -5.364418029785156250e-06 -1.221895217895507812e-06 -2.890825271606445312e-06 -3.188848495483398438e-06 -6.496906280517578125e-06 1.111626625061035156e-05 1.478195190429687500e-05 -1.227855682373046875e-05 8.434057235717773438e-06 6.824731826782226562e-06
1.973867839090394538e+00 1.066029071807861328e-04 1.019239425659179688e-04 1.000761985778808594e-04 1.027286052703857422e-04 9.807944297790527344e-05 8.618831634521484375e-05 1.055896282196044922e-04 1.020431518554687500e-04 8.204579353332519531e-05 8.824467658996582031e-05
1.980320601075782561e+00 -7.432699203491210938e-05 -7.516145706176757812e-05 -7.095932960510253906e-05 -8.738040924072265625e-05 -8.019804954528808594e-05 -8.109211921691894531e-05 -7.930397987365722656e-05 -8.392333984375000000e-05 -7.203221321105957031e-05 -7.951259613037109375e-05
1.986773363061170361e+00 -5.790591239929199219e-05 -5.337595939636230469e-05 -6.803870201110839844e-05 -4.097819328308105469e-05 -5.415081977844238281e-05 -6.219744682312011719e-05 -4.580616950988769531e-05 -5.573034286499023438e-05 -3.078579902648925781e-05 -3.769993782043457031e-05
1.993226125046558384e+00 1.201033592224121094e-04 1.187920570373535156e-04 1.224875450134277344e-04 1.162290573120117188e-04 1.250505447387695312e-04 1.172423362731933594e-04 1.141726970672607422e-04 1.141428947448730469e-04 1.169443130493164062e-04 1.210272312164306641e-04
1.999678887031946184e+00 2.440810203552246094e-05 9.030103683471679688e-06 1.862645149230957031e-05 1.767277717590332031e-05 2.256035804748535156e-05 2.509355545043945312e-05 1.940131187438964844e-05 3.162026405334472656e-05 3.364682197570800781e-05 2.548098564147949219e-05
2.006131649017333984e+00 -4.261732101440429688e-06 3.904104232788085938e-06 1.046061515808105469e-05 2.127885818481445312e-05 8.881092071533203125e-06 5.066394805908203125e-06 1.430511474609375000e-05 4.589557647705078125e-06 7.599592208862304688e-06 1.016259193420410156e-05
