# Range[m] 0 1 2 3 4 5 6 7 8 9
1.800000071525573730e-01 -6.646871566772460938e-03 -6.645053625106811523e-03 -6.690382957458496094e-03 -6.700277328491210938e-03 -6.695508956909179688e-03 -6.721138954162597656e-03 -6.706625223159790039e-03 -6.700545549392700195e-03 -6.658971309661865234e-03 -6.685405969619750977e-03
1.864527691379452845e-01 2.563476562500000000e-03 2.616345882415771484e-03 2.675235271453857422e-03 2.678662538528442383e-03 2.635389566421508789e-03 2.709686756134033203e-03 2.705842256546020508e-03 2.668112516403198242e-03 2.641946077346801758e-03 2.678364515304565430e-03
1.929055311233331682e-01 3.804028034210205078e-03 3.759026527404785156e-03 3.732591867446899414e-03 3.749936819076538086e-03 3.754168748855590820e-03 3.712594509124755859e-03 3.693878650665283203e-03 3.750562667846679688e-03 3.758668899536132812e-03 3.739178180694580078e-03
1.993582931087210797e-01 -5.778223276138305664e-03 -5.801081657409667969e-03 -5.789101123809814453e-03 -5.843788385391235352e-03 -5.815237760543823242e-03 -5.804151296615600586e-03 -5.794852972030639648e-03 -5.811721086502075195e-03 -5.805432796478271484e-03 -5.815953016281127930e-03
2.058110550941089911e-01 3.464639186859130859e-03 3.475695848464965820e-03 3.507375717163085938e-03 3.523260354995727539e-03 3.494501113891601562e-03 3.525882959365844727e-03 3.523051738739013672e-03 3.488421440124511719e-03 3.485202789306640625e-03 3.521680831909179688e-03
2.122638170794968748e-01 1.067757606506347656e-03 1.027852296829223633e-03 9.779632091522216797e-04 1.005470752716064453e-03 1.029133796691894531e-03 9.780526161193847656e-04 9.904801845550537109e-04 1.007407903671264648e-03 1.011699438095092773e-03 1.006990671157836914e-03
2.187165790648847863e-01 -3.462851047515869141e-03 -3.436893224716186523e-03 -3.416031599044799805e-03 -3.424078226089477539e-03 -3.419339656829833984e-03 -3.390222787857055664e-03 -3.404080867767333984e-03 -3.408968448638916016e-03 -3.428936004638671875e-03 -3.451794385910034180e-03
2.251693410502726977e-01 3.359913825988769531e-03 3.351181745529174805e-03 3.363341093063354492e-03 3.367125988006591797e-03 3.364384174346923828e-03 3.353893756866455078e-03 3.349334001541137695e-03 3.346592187881469727e-03 3.340154886245727539e-03 3.379434347152709961e-03
2.316221030356606092e-01 -8.104145526885986328e-04 -8.207261562347412109e-04 -8.396506309509277344e-04 -8.397698402404785156e-04 -8.251368999481201172e-04 -8.493661880493164062e-04 -8.420050144195556641e-04 -8.383393287658691406e-04 -8.431077003479003906e-04 -8.425414562225341797e-04
2.380748650210485207e-01 -1.378446817398071289e-03 -1.356601715087890625e-03 -1.341640949249267578e-03 -1.360744237899780273e-03 -1.352280378341674805e-03 -1.311212778091430664e-03 -1.326084136962890625e-03 -1.344144344329833984e-03 -1.343578100204467773e-03 -1.341491937637329102e-03
2.445276270064364044e-01 1.154601573944091797e-03 1.154929399490356445e-03 1.155287027359008789e-03 1.144856214523315430e-03 1.143395900726318359e-03 1.143068075180053711e-03 1.131772994995117188e-03 1.141577959060668945e-03 1.154899597167968750e-03 1.131981611251831055e-03
2.509803889918242881e-01 1.621544361114501953e-04 1.591444015502929688e-04 1.534521579742431641e-04 1.612305641174316406e-04 1.470744609832763672e-04 1.358389854431152344e-04 1.455843448638916016e-04 1.342594623565673828e-04 1.541674137115478516e-04 1.720488071441650391e-04
2.574331509772121995e-01 -9.022355079650878906e-04 -8.964836597442626953e-04 -9.084045886993408203e-04 -8.967518806457519531e-04 -8.924901485443115234e-04 -8.965432643890380859e-04 -8.959174156188964844e-04 -8.858740329742431641e-04 -9.014010429382324219e-04 -8.971691131591796875e-04
2.638859129626001110e-01 3.205537796020507812e-04 3.313422203063964844e-04 3.283023834228515625e-04 3.149807453155517578e-04 3.246665000915527344e-04 3.318488597869873047e-04 3.412663936614990234e-04 3.381967544555664062e-04 3.376305103302001953e-04 3.171563148498535156e-04
2.703386749479880224e-01 6.900429725646972656e-04 6.759464740753173828e-04 6.825923919677734375e-04 6.868839263916015625e-04 6.791651248931884766e-04 6.535053253173828125e-04 6.698071956634521484e-04 6.665587425231933594e-04 6.761550903320312500e-04 6.832480430603027344e-04
2.767914369333759339e-01 -1.379936933517456055e-03 -1.395285129547119141e-03 -1.409858465194702148e-03 -1.418918371200561523e-03 -1.385241746902465820e-03 -1.396596431732177734e-03 -1.390814781188964844e-03 -1.395344734191894531e-03 -1.395076513290405273e-03 -1.406222581863403320e-03
2.832441989187638454e-01 6.795823574066162109e-04 6.870627403259277344e-04 7.040500640869140625e-04 6.858706474304199219e-04 7.052719593048095703e-04 7.164478302001953125e-04 7.072091102600097656e-04 6.889104843139648438e-04 7.019340991973876953e-04 6.962418556213378906e-04
2.896969609041517568e-01 7.362663745880126953e-04 7.330775260925292969e-04 7.100999355316162109e-04 7.171332836151123047e-04 7.154643535614013672e-04 6.923973560333251953e-04 6.953477859497070312e-04 7.034838199615478516e-04 7.255077362060546875e-04 7.077455520629882812e-04
2.961497228895396683e-01 -1.213818788528442383e-03 -1.249223947525024414e-03 -1.233279705047607422e-03 -1.205295324325561523e-03 -1.220911741256713867e-03 -1.226007938385009766e-03 -1.222670078277587891e-03 -1.229554414749145508e-03 -1.247912645339965820e-03 -1.212239265441894531e-03
3.026024848749275242e-01 7.376670837402343750e-04 7.574856281280517578e-04 7.500052452087402344e-04 7.488131523132324219e-04 7.409751415252685547e-04 7.641613483428955078e-04 7.489919662475585938e-04 7.626116275787353516e-04 7.547736167907714844e-04 7.488727569580078125e-04
3.090552468603154357e-01 5.386471748352050781e-04 5.445778369903564453e-04 5.448162555694580078e-04 5.179941654205322266e-04 5.275905132293701172e-04 5.156993865966796875e-04 5.117654800415039062e-04 5.205571651458740234e-04 5.375444889068603516e-04 5.258321762084960938e-04
3.155080088457033471e-01 -1.089632511138916016e-03 -1.104295253753662109e-03 -1.095414161682128906e-03 -1.095652580261230469e-03 -1.093566417694091797e-03 -1.099377870559692383e-03 -1.109480857849121094e-03 -1.109838485717773438e-03 -1.095116138458251953e-03 -1.083612442016601562e-03
3.219607708310912586e-01 7.461607456207275391e-04 7.440149784088134766e-04 7.693171501159667969e-04 7.714033126831054688e-04 7.841885089874267578e-04 7.821321487426757812e-04 7.970035076141357422e-04 7.784664630889892578e-04 7.639825344085693359e-04 7.781684398651123047e-04
3.284135328164791701e-01 3.610849380493164062e-04 3.592967987060546875e-04 3.484785556793212891e-04 3.399848937988281250e-04 3.530681133270263672e-04 3.342926502227783203e-04 3.266334533691406250e-04 3.372132778167724609e-04 3.577172756195068359e-04 3.351569175720214844e-04
3.348662948018670260e-01 -1.413434743881225586e-03 -1.392871141433715820e-03 -1.410096883773803711e-03 -1.406729221343994141e-03 -1.421451568603515625e-03 -1.420408487319946289e-03 -1.409679651260375977e-03 -1.425802707672119141e-03 -1.422137022018432617e-03 -1.407414674758911133e-03
3.413190567872549375e-01 1.187056303024291992e-03 1.198619604110717773e-03 1.205652952194213867e-03 1.207172870635986328e-03 1.205384731292724609e-03 1.217156648635864258e-03 1.207202672958374023e-03 1.216381788253784180e-03 1.200050115585327148e-03 1.212239265441894531e-03
3.477718187726428489e-01 -1.969933509826660156e-05 -1.698732376098632812e-06 -3.030896186828613281e-05 -2.875924110412597656e-05 -1.230835914611816406e-05 -2.768635749816894531e-05 -3.284215927124023438e-05 -1.898407936096191406e-05 -1.552700996398925781e-05 -2.384185791015625000e-05
3.542245807580307604e-01 -8.817315101623535156e-04 -8.864104747772216797e-04 -8.790493011474609375e-04 -8.863806724548339844e-04 -8.894801139831542969e-04 -8.752644062042236328e-04 -8.742511272430419922e-04 -8.840262889862060547e-04 -8.740425109863281250e-04 -8.906722068786621094e-04
3.606773427434186718e-01 1.147598028182983398e-03 1.136422157287597656e-03 1.152217388153076172e-03 1.173347234725952148e-03 1.161873340606689453e-03 1.141935586929321289e-03 1.152157783508300781e-03 1.147121191024780273e-03 1.143366098403930664e-03 1.155436038970947266e-03
3.671301047288065833e-01 -7.469058036804199219e-04 -7.306039333343505859e-04 -7.567405700683593750e-04 -7.386207580566406250e-04 -7.371008396148681641e-04 -7.480978965759277344e-04 -7.505714893341064453e-04 -7.373690605163574219e-04 -7.395148277282714844e-04 -7.396936416625976562e-04
3.735828667141944948e-01 -2.873241901397705078e-04 -2.802014350891113281e-04 -2.891421318054199219e-04 -2.779662609100341797e-04 -2.774596214294433594e-04 -2.752542495727539062e-04 -2.757310867309570312e-04 -2.604424953460693359e-04 -2.813041210174560547e-04 -2.821981906890869141e-04
3.800356286995824062e-01 1.157969236373901367e-03 1.152336597442626953e-03 1.147747039794921875e-03 1.146376132965087891e-03 1.148372888565063477e-03 1.131445169448852539e-03 1.130461692810058594e-03 1.139730215072631836e-03 1.148015260696411133e-03 1.150548458099365234e-03
3.864883906849703177e-01 -9.882152080535888672e-04 -9.990632534027099609e-04 -9.942352771759033203e-04 -9.932219982147216797e-04 -9.838044643402099609e-04 -9.912848472595214844e-04 -9.930133819580078125e-04 -9.868443012237548828e-04 -9.912848472595214844e-04 -1.003146171569824219e-03
3.929411526703582291e-01 1.304745674133300781e-04 1.488327980041503906e-04 1.557469367980957031e-04 1.461803913116455078e-04 1.504123210906982422e-04 1.654326915740966797e-04 1.567602157592773438e-04 1.588463783264160156e-04 1.587569713592529297e-04 1.430809497833251953e-04
3.993939146557460851e-01 5.427896976470947266e-04 5.542337894439697266e-04 5.280971527099609375e-04 5.229711532592773438e-04 5.373060703277587891e-04 5.276203155517578125e-04 5.117952823638916016e-04 5.284249782562255859e-04 5.341172218322753906e-04 5.334615707397460938e-04
4.058466766411339965e-01 -1.035153865814208984e-03 -1.034587621688842773e-03 -1.045823097229003906e-03 -1.032531261444091797e-03 -1.036792993545532227e-03 -1.048862934112548828e-03 -1.044869422912597656e-03 -1.037955284118652344e-03 -1.046597957611083984e-03 -1.024007797241210938e-03
4.122994386265219080e-01 6.213784217834472656e-04 6.301105022430419922e-04 6.414949893951416016e-04 6.384253501892089844e-04 6.282329559326171875e-04 6.508231163024902344e-04 6.408989429473876953e-04 6.376802921295166016e-04 6.603598594665527344e-04 6.183981895446777344e-04
4.187522006119098195e-01 3.867745399475097656e-04 3.814101219177246094e-04 3.557801246643066406e-04 3.591477870941162109e-04 3.531873226165771484e-04 3.468096256256103516e-04 3.457069396972656250e-04 3.576576709747314453e-04 3.712475299835205078e-04 3.639161586761474609e-04
4.252049625972976754e-01 -1.090049743652343750e-03 -1.076936721801757812e-03 -1.081645488739013672e-03 -1.079976558685302734e-03 -1.094549894332885742e-03 -1.086562871932983398e-03 -1.099318265914916992e-03 -1.088589429855346680e-03 -1.094043254852294922e-03 -1.102000474929809570e-03
4.316577245826856424e-01 6.650388240814208984e-04 6.785392761230468750e-04 6.848573684692382812e-04 6.864368915557861328e-04 6.946325302124023438e-04 6.994605064392089844e-04 6.838440895080566406e-04 6.884336471557617188e-04 6.827414035797119141e-04 6.838440895080566406e-04
4.381104865680734983e-01 -1.175999641418457031e-04 -1.268088817596435547e-04 -1.384913921356201172e-04 -1.328885555267333984e-04 -1.367032527923583984e-04 -1.514256000518798828e-04 -1.486241817474365234e-04 -1.489520072937011719e-04 -1.330077648162841797e-04 -1.460313796997070312e-04
4.445632485534614098e-01 -5.978643894195556641e-04 -5.962252616882324219e-04 -5.804300308227539062e-04 -5.878210067749023438e-04 -5.889832973480224609e-04 -5.882978439331054688e-04 -5.866587162017822266e-04 -5.836486816406250000e-04 -5.934834480285644531e-04 -5.871951580047607422e-04
4.510160105388493212e-01 1.033961772918701172e-03 1.028448343276977539e-03 1.028418540954589844e-03 1.025974750518798828e-03 1.041322946548461914e-03 1.031875610351562500e-03 1.050531864166259766e-03 1.027226448059082031e-03 1.038819551467895508e-03 1.036256551742553711e-03
4.574687725242372327e-01 -9.213387966156005859e-04 -9.115040302276611328e-04 -9.310245513916015625e-04 -9.298324584960937500e-04 -9.356439113616943359e-04 -9.325742721557617188e-04 -9.304583072662353516e-04 -9.201169013977050781e-04 -9.208619594573974609e-04 -9.322464466094970703e-04
4.639215345096251442e-01 -2.699494361877441406e-04 -2.581775188446044922e-04 -2.551376819610595703e-04 -2.513229846954345703e-04 -2.542138099670410156e-04 -2.528429031372070312e-04 -2.586841583251953125e-04 -2.602636814117431641e-04 -2.508759498596191406e-04 -2.486407756805419922e-04
4.703742964950130556e-01 8.822977542877197266e-04 8.639097213745117188e-04 8.864700794219970703e-04 8.721649646759033203e-04 8.707344532012939453e-04 8.589029312133789062e-04 8.734166622161865234e-04 8.736252784729003906e-04 8.566677570343017578e-04 8.651912212371826172e-04
4.768270584804009671e-01 -7.955729961395263672e-04 -7.840692996978759766e-04 -8.066594600677490234e-04 -8.036494255065917969e-04 -7.952451705932617188e-04 -8.042156696319580078e-04 -8.049607276916503906e-04 -7.988810539245605469e-04 -8.027553558349609375e-04 -8.160173892974853516e-04
4.832798204657888230e-01 2.252459526062011719e-04 2.425312995910644531e-04 2.562105655670166016e-04 2.324581146240234375e-04 2.424418926239013672e-04 2.531111240386962891e-04 2.482235431671142578e-04 2.412497997283935547e-04 2.453029155731201172e-04 2.398788928985595703e-04
4.897325824511767345e-01 5.064904689788818359e-04 4.918873310089111328e-04 5.051493644714355469e-04 4.858374595642089844e-04 4.951059818267822266e-04 4.808604717254638672e-04 4.749894142150878906e-04 4.843771457672119141e-04 4.947185516357421875e-04 4.899799823760986328e-04
4.961853444365646459e-01 -1.046687364578247070e-03 -1.048803329467773438e-03 -1.045435667037963867e-03 -1.040875911712646484e-03 -1.038014888763427734e-03 -1.043438911437988281e-03 -1.037031412124633789e-03 -1.036673784255981445e-03 -1.044124364852905273e-03 -1.056879758834838867e-03
5.026381064219525019e-01 4.630088806152343750e-04 4.600286483764648438e-04 4.671812057495117188e-04 4.625320434570312500e-04 4.643499851226806641e-04 4.754364490509033203e-04 4.731118679046630859e-04 4.729926586151123047e-04 4.643797874450683594e-04 4.683136940002441406e-04
5.090908684073405244e-01 3.628730773925781250e-04 3.411173820495605469e-04 3.417730331420898438e-04 3.529191017150878906e-04 3.243684768676757812e-04 3.215074539184570312e-04 3.270506858825683594e-04 3.442764282226562500e-04 3.508627414703369141e-04 3.396570682525634766e-04
5.155436303927283248e-01 -5.604922771453857422e-04 -5.523860454559326172e-04 -5.393624305725097656e-04 -5.511045455932617188e-04 -5.592107772827148438e-04 -5.443096160888671875e-04 -5.450546741485595703e-04 -5.466938018798828125e-04 -5.407035350799560547e-04 -5.507171154022216797e-04
5.219963923781163473e-01 2.158582210540771484e-04 2.344846725463867188e-04 2.347230911254882812e-04 2.263188362121582031e-04 2.352595329284667969e-04 2.477169036865234375e-04 2.342760562896728516e-04 2.383291721343994141e-04 2.386569976806640625e-04 2.331733703613281250e-04
5.284491543635041477e-01 2.855062484741210938e-05 3.004074096679687500e-05 4.211068153381347656e-05 1.969933509826660156e-05 4.351139068603515625e-06 1.204013824462890625e-05 2.470612525939941406e-05 1.499056816101074219e-05 2.938508987426757812e-05 2.020597457885742188e-05
5.349019163488920592e-01 -1.224577426910400391e-04 -1.261532306671142578e-04 -1.383125782012939453e-04 -1.265406608581542969e-04 -1.290440559387207031e-04 -1.274347305297851562e-04 -1.417696475982666016e-04 -1.358091831207275391e-04 -1.374781131744384766e-04 -1.235306262969970703e-04
5.413546783342799706e-01 -4.807412624359130859e-04 -4.870295524597167969e-04 -4.802048206329345703e-04 -4.793703556060791016e-04 -4.768073558807373047e-04 -4.810988903045654297e-04 -4.677474498748779297e-04 -4.771649837493896484e-04 -4.670917987823486328e-04 -4.830956459045410156e-04
5.478074403196678821e-01 1.152127981185913086e-03 1.164078712463378906e-03 1.162111759185791016e-03 1.154363155364990234e-03 1.160085201263427734e-03 1.173615455627441406e-03 1.174420118331909180e-03 1.158475875854492188e-03 1.157760620117187500e-03 1.167118549346923828e-03
5.542602023050557936e-01 -5.992054939270019531e-04 -6.131529808044433594e-04 -6.400942802429199219e-04 -6.237328052520751953e-04 -6.313025951385498047e-04 -6.595253944396972656e-04 -6.416141986846923828e-04 -6.310939788818359375e-04 -6.247460842132568359e-04 -6.516873836517333984e-04
5.607129642904437050e-01 -1.626014709472656250e-03 -1.627057790756225586e-03 -1.593947410583496094e-03 -1.611053943634033203e-03 -1.605600118637084961e-03 -1.589357852935791016e-03 -1.597493886947631836e-03 -1.614212989807128906e-03 -1.604408025741577148e-03 -1.612544059753417969e-03
5.671657262758316165e-01 3.466457128524780273e-03 3.465265035629272461e-03 3.471642732620239258e-03 3.482639789581298828e-03 3.470212221145629883e-03 3.472149372100830078e-03 3.463804721832275391e-03 3.474742174148559570e-03 3.472328186035156250e-03 3.475487232208251953e-03
5.736184882612194169e-01 -3.041297197341918945e-03 -3.080040216445922852e-03 -3.114223480224609375e-03 -3.102183341979980469e-03 -3.090590238571166992e-03 -3.129810094833374023e-03 -3.118664026260375977e-03 -3.109544515609741211e-03 -3.083497285842895508e-03 -3.103345632553100586e-03
5.800712502466074394e-01 -6.855130195617675781e-04 -6.673932075500488281e-04 -6.297826766967773438e-04 -6.341338157653808594e-04 -6.561279296875000000e-04 -6.042420864105224609e-04 -5.752742290496826172e-04 -6.335377693176269531e-04 -6.508827209472656250e-04 -6.209313869476318359e-04
5.865240122319952398e-01 5.276203155517578125e-03 5.280315876007080078e-03 5.246400833129882812e-03 5.282908678054809570e-03 5.268633365631103516e-03 5.229026079177856445e-03 5.216717720031738281e-03 5.266457796096801758e-03 5.267888307571411133e-03 5.277752876281738281e-03
5.929767742173832623e-01 -7.770895957946777344e-03 -7.787615060806274414e-03 -7.795840501785278320e-03 -7.796704769134521484e-03 -7.800728082656860352e-03 -7.818073034286499023e-03 -7.817327976226806641e-03 -7.807701826095581055e-03 -7.786810398101806641e-03 -7.808119058609008789e-03
5.994295362027710627e-01 3.734201192855834961e-03 3.791928291320800781e-03 3.860265016555786133e-03 3.844141960144042969e-03 3.819614648818969727e-03 3.925085067749023438e-03 3.873944282531738281e-03 3.860324621200561523e-03 3.825128078460693359e-03 3.830641508102416992e-03
6.058822981881590852e-01 3.858774900436401367e-03 3.810405731201171875e-03 3.731817007064819336e-03 3.739684820175170898e-03 3.779977560043334961e-03 3.659993410110473633e-03 3.685414791107177734e-03 3.749489784240722656e-03 3.772586584091186523e-03 3.777384757995605469e-03
6.123350601735468857e-01 -9.468376636505126953e-03 -9.422242641448974609e-03 -9.370535612106323242e-03 -9.386539459228515625e-03 -9.403437376022338867e-03 -9.335070848464965820e-03 -9.336560964584350586e-03 -9.373903274536132812e-03 -9.402543306350708008e-03 -9.395271539688110352e-03
6.187878221589347971e-01 1.081287860870361328e-02 1.082381606101989746e-02 1.086777448654174805e-02 1.087450981140136719e-02 1.085236668586730957e-02 1.092571020126342773e-02 1.089125871658325195e-02 1.087626814842224121e-02 1.088190078735351562e-02 1.087704300880432129e-02
6.252405841443227086e-01 -2.844870090484619141e-03 -2.911567687988281250e-03 -3.035604953765869141e-03 -2.971023321151733398e-03 -2.941668033599853516e-03 -3.130555152893066406e-03 -3.102898597717285156e-03 -3.029078245162963867e-03 -2.966821193695068359e-03 -2.987831830978393555e-03
6.316933461297106200e-01 -7.396757602691650391e-03 -7.297307252883911133e-03 -7.215768098831176758e-03 -7.243573665618896484e-03 -7.224321365356445312e-03 -7.088124752044677734e-03 -7.075428962707519531e-03 -7.216691970825195312e-03 -7.257372140884399414e-03 -7.178276777267456055e-03
6.381461081150985315e-01 1.410120725631713867e-02 1.409235596656799316e-02 1.409178972244262695e-02 1.409348845481872559e-02 1.410746574401855469e-02 1.406794786453247070e-02 1.407611370086669922e-02 1.408943533897399902e-02 1.410552859306335449e-02 1.409894227981567383e-02
6.445988701004864430e-01 -9.606868028640747070e-03 -9.671866893768310547e-03 -9.807616472244262695e-03 -9.740561246871948242e-03 -9.733110666275024414e-03 -9.859740734100341797e-03 -9.824335575103759766e-03 -9.761571884155273438e-03 -9.721606969833374023e-03 -9.736418724060058594e-03
6.510516320858743544e-01 2.173185348510742188e-04 3.779232501983642578e-04 4.701912403106689453e-04 4.179775714874267578e-04 4.014074802398681641e-04 5.801916122436523438e-04 5.576610565185546875e-04 4.788041114807128906e-04 4.377067089080810547e-04 4.312694072723388672e-04
6.575043940712622659e-01 1.130974292755126953e-02 1.121342182159423828e-02 1.119196414947509766e-02 1.121130585670471191e-02 1.122224330902099609e-02 1.111155748367309570e-02 1.111760735511779785e-02 1.119717955589294434e-02 1.120978593826293945e-02 1.119655370712280273e-02
6.639571560566501773e-01 -1.345762610435485840e-02 -1.347768306732177734e-02 -1.350581645965576172e-02 -1.351073384284973145e-02 -1.351991295814514160e-02 -1.353362202644348145e-02 -1.350888609886169434e-02 -1.350611448287963867e-02 -1.352056860923767090e-02 -1.352351903915405273e-02
6.704099180420379778e-01 7.532536983489990234e-03 7.597684860229492188e-03 7.685065269470214844e-03 7.671564817428588867e-03 7.652223110198974609e-03 7.773369550704956055e-03 7.753908634185791016e-03 7.688879966735839844e-03 7.644474506378173828e-03 7.675796747207641602e-03
6.768626800274260003e-01 4.483848810195922852e-03 4.381775856018066406e-03 4.275709390640258789e-03 4.304200410842895508e-03 4.346817731857299805e-03 4.213184118270874023e-03 4.226267337799072266e-03 4.305928945541381836e-03 4.351079463958740234e-03 4.314333200454711914e-03
6.833154420128139117e-01 -1.164689660072326660e-02 -1.162427663803100586e-02 -1.157477498054504395e-02 -1.159873604774475098e-02 -1.161694526672363281e-02 -1.153841614723205566e-02 -1.157099008560180664e-02 -1.159021258354187012e-02 -1.161500811576843262e-02 -1.160746812820434570e-02
6.897682039982017121e-01 1.065504550933837891e-02 1.068159937858581543e-02 1.072901487350463867e-02 1.070269942283630371e-02 1.071372628211975098e-02 1.074591279029846191e-02 1.075103878974914551e-02 1.072940230369567871e-02 1.069736480712890625e-02 1.072350144386291504e-02
6.962209659835896236e-01 -2.109855413436889648e-03 -2.151429653167724609e-03 -2.234250307083129883e-03 -2.227336168289184570e-03 -2.217054367065429688e-03 -2.329826354980468750e-03 -2.290248870849609375e-03 -2.243995666503906250e-03 -2.239853143692016602e-03 -2.239137887954711914e-03
7.026737279689775351e-01 -6.458401679992675781e-03 -6.389737129211425781e-03 -6.361305713653564453e-03 -6.372928619384765625e-03 -6.396383047103881836e-03 -6.283938884735107422e-03 -6.331622600555419922e-03 -6.366193294525146484e-03 -6.377547979354858398e-03 -6.370484828948974609e-03
7.091264899543654465e-01 8.991181850433349609e-03 8.989602327346801758e-03 9.037524461746215820e-03 9.015738964080810547e-03 9.019285440444946289e-03 9.021162986755371094e-03 8.997052907943725586e-03 9.022563695907592773e-03 9.026229381561279297e-03 9.003669023513793945e-03
7.155792519397533580e-01 -4.511356353759765625e-03 -4.564523696899414062e-03 -4.601985216140747070e-03 -4.612743854522705078e-03 -4.593163728713989258e-03 -4.681527614593505859e-03 -4.682213068008422852e-03 -4.619985818862915039e-03 -4.582136869430541992e-03 -4.612535238265991211e-03
7.220320139251412694e-01 -3.523647785186767578e-03 -3.457903861999511719e-03 -3.412395715713500977e-03 -3.444075584411621094e-03 -3.470391035079956055e-03 -3.374844789505004883e-03 -3.381401300430297852e-03 -3.429830074310302734e-03 -3.467798233032226562e-03 -3.451108932495117188e-03
7.284847759105291809e-01 7.175862789154052734e-03 7.140755653381347656e-03 7.149577140808105469e-03 7.141202688217163086e-03 7.150202989578247070e-03 7.123678922653198242e-03 7.121950387954711914e-03 7.155418395996093750e-03 7.140666246414184570e-03 7.142484188079833984e-03
7.349375378959170924e-01 -5.062520503997802734e-03 -5.059391260147094727e-03 -5.118012428283691406e-03 -5.099028348922729492e-03 -5.093097686767578125e-03 -5.145400762557983398e-03 -5.170315504074096680e-03 -5.120486021041870117e-03 -5.096644163131713867e-03 -5.124092102050781250e-03
7.413902998813050038e-01 -4.933476448059082031e-04 -4.190206527709960938e-04 -3.807246685028076172e-04 -4.138648509979248047e-04 -4.086792469024658203e-04 -3.235340118408203125e-04 -3.408193588256835938e-04 -3.942847251892089844e-04 -4.078447818756103516e-04 -3.980100154876708984e-04
7.478430618666929153e-01 4.581630229949951172e-03 4.555225372314453125e-03 4.516333341598510742e-03 4.528403282165527344e-03 4.548490047454833984e-03 4.486232995986938477e-03 4.491746425628662109e-03 4.515558481216430664e-03 4.529595375061035156e-03 4.523515701293945312e-03
7.542958238520808267e-01 -5.681604146957397461e-03 -5.698621273040771484e-03 -5.707949399948120117e-03 -5.701035261154174805e-03 -5.699217319488525391e-03 -5.723655223846435547e-03 -5.697041749954223633e-03 -5.716443061828613281e-03 -5.723595619201660156e-03 -5.707383155822753906e-03
7.607485858374687382e-01 2.548784017562866211e-03 2.577900886535644531e-03 2.611458301544189453e-03 2.609789371490478516e-03 2.610862255096435547e-03 2.661406993865966797e-03 2.655833959579467773e-03 2.619296312332153320e-03 2.614647150039672852e-03 2.608656883239746094e-03
7.672013478228566496e-01 1.476913690567016602e-03 1.424908638000488281e-03 1.357227563858032227e-03 1.401364803314208984e-03 1.392126083374023438e-03 1.328378915786743164e-03 1.292884349822998047e-03 1.376122236251831055e-03 1.385152339935302734e-03 1.391172409057617188e-03
7.736541098082445611e-01 -4.495471715927124023e-03 -4.500389099121093750e-03 -4.467248916625976562e-03 -4.489958286285400391e-03 -4.484742879867553711e-03 -4.465430974960327148e-03 -4.470199346542358398e-03 -4.473417997360229492e-03 -4.472941160202026367e-03 -4.487991333007812500e-03
7.801068717936323615e-01 3.526508808135986328e-03 3.547936677932739258e-03 3.586411476135253906e-03 3.555089235305786133e-03 3.544241189956665039e-03 3.591090440750122070e-03 3.592133522033691406e-03 3.579139709472656250e-03 3.552883863449096680e-03 3.565907478332519531e-03
7.865596337790202730e-01 -3.737509250640869141e-04 -3.732740879058837891e-04 -4.252195358276367188e-04 -4.010498523712158203e-04 -4.171729087829589844e-04 -4.873573780059814453e-04 -4.536509513854980469e-04 -4.230439662933349609e-04 -4.073381423950195312e-04 -4.415214061737060547e-04
7.930123957644081845e-01 -2.250581979751586914e-03 -2.228349447250366211e-03 -2.215385437011718750e-03 -2.228170633316040039e-03 -2.220302820205688477e-03 -2.199351787567138672e-03 -2.194344997406005859e-03 -2.212494611740112305e-03 -2.220124006271362305e-03 -2.233117818832397461e-03
7.994651577497960959e-01 3.160238265991210938e-03 3.130048513412475586e-03 3.154486417770385742e-03 3.154158592224121094e-03 3.129184246063232422e-03 3.150463104248046875e-03 3.131210803985595703e-03 3.151744604110717773e-03 3.155708312988281250e-03 3.158658742904663086e-03
8.059179197351840074e-01 -2.547740936279296875e-03 -2.556681632995605469e-03 -2.581268548965454102e-03 -2.577394247055053711e-03 -2.573877573013305664e-03 -2.614557743072509766e-03 -2.584248781204223633e-03 -2.591639757156372070e-03 -2.573996782302856445e-03 -2.584844827651977539e-03
8.123706817205719188e-01 -8.804202079772949219e-04 -8.693635463714599609e-04 -8.447170257568359375e-04 -8.420646190643310547e-04 -8.575916290283203125e-04 -8.320808410644531250e-04 -8.218288421630859375e-04 -8.290112018585205078e-04 -8.455216884613037109e-04 -8.390843868255615234e-04
8.188234437059598303e-01 2.447694540023803711e-03 2.465814352035522461e-03 2.460747957229614258e-03 2.470135688781738281e-03 2.467572689056396484e-03 2.444803714752197266e-03 2.449482679367065430e-03 2.462983131408691406e-03 2.445608377456665039e-03 2.465575933456420898e-03
8.252762056913477418e-01 -2.369433641433715820e-03 -2.368092536926269531e-03 -2.367883920669555664e-03 -2.361983060836791992e-03 -2.372473478317260742e-03 -2.380371093750000000e-03 -2.388566732406616211e-03 -2.374380826950073242e-03 -2.362459897994995117e-03 -2.364009618759155273e-03
8.317289676767356532e-01 -9.712576866149902344e-05 -8.118152618408203125e-05 -6.803870201110839844e-05 -7.230043411254882812e-05 -7.116794586181640625e-05 -6.985664367675781250e-05 -6.127357482910156250e-05 -7.054209709167480469e-05 -6.961822509765625000e-05 -7.534027099609375000e-05
8.381817296621235647e-01 1.739829778671264648e-03 1.725435256958007812e-03 1.723706722259521484e-03 1.710861921310424805e-03 1.728922128677368164e-03 1.721352338790893555e-03 1.712590456008911133e-03 1.728951930999755859e-03 1.734763383865356445e-03 1.743108034133911133e-03
8.446344916475114761e-01 -1.460641622543334961e-03 -1.443594694137573242e-03 -1.464813947677612305e-03 -1.454919576644897461e-03 -1.454174518585205078e-03 -1.460611820220947266e-03 -1.459926366806030273e-03 -1.454174518585205078e-03 -1.440763473510742188e-03 -1.458466053009033203e-03
8.510872536328993876e-01 5.674958229064941406e-04 5.693733692169189453e-04 5.730986595153808594e-04 5.756616592407226562e-04 5.731880664825439453e-04 5.703568458557128906e-04 5.800724029541015625e-04 5.728006362915039062e-04 5.718767642974853516e-04 5.849301815032958984e-04
8.575400156182872990e-01 7.179379463195800781e-04 7.073879241943359375e-04 7.114112377166748047e-04 7.060170173645019531e-04 7.030963897705078125e-04 6.981492042541503906e-04 7.046461105346679688e-04 7.058680057525634766e-04 7.043182849884033203e-04 7.140636444091796875e-04
8.639927776036752105e-01 -1.353889703750610352e-03 -1.349091529846191406e-03 -1.362472772598266602e-03 -1.358956098556518555e-03 -1.360982656478881836e-03 -1.351267099380493164e-03 -1.350522041320800781e-03 -1.361161470413208008e-03 -1.348316669464111328e-03 -1.364290714263916016e-03
8.704455395890630109e-01 5.226731300354003906e-04 5.280971527099609375e-04 5.286633968353271484e-04 5.322098731994628906e-04 5.238056182861328125e-04 5.337595939636230469e-04 5.555748939514160156e-04 5.249381065368652344e-04 5.306303501129150391e-04 5.223751068115234375e-04
8.768983015744509224e-01 5.119740962982177734e-04 4.916787147521972656e-04 4.760026931762695312e-04 4.912018775939941406e-04 4.908740520477294922e-04 4.758536815643310547e-04 4.693865776062011719e-04 4.794299602508544922e-04 4.903078079223632812e-04 4.854798316955566406e-04
8.833510635598388339e-01 -7.344782352447509766e-04 -7.326900959014892578e-04 -7.227957248687744141e-04 -7.133781909942626953e-04 -7.351040840148925781e-04 -7.207393646240234375e-04 -7.275938987731933594e-04 -7.185339927673339844e-04 -7.149577140808105469e-04 -7.205903530120849609e-04
8.898038255452267453e-01 7.679462432861328125e-04 7.543861865997314453e-04 7.781684398651123047e-04 7.679164409637451172e-04 7.667541503906250000e-04 7.675588130950927734e-04 7.634162902832031250e-04 7.650256156921386719e-04 7.621347904205322266e-04 7.658302783966064453e-04
8.962565875306146568e-01 -1.423656940460205078e-04 -1.415312290191650391e-04 -1.487433910369873047e-04 -1.479089260101318359e-04 -1.376271247863769531e-04 -1.532733440399169922e-04 -1.683235168457031250e-04 -1.502931118011474609e-04 -1.436471939086914062e-04 -1.585781574249267578e-04
9.027093495160025682e-01 -5.829930305480957031e-04 -5.848109722137451172e-04 -5.810856819152832031e-04 -5.728304386138916016e-04 -5.790293216705322266e-04 -5.800724029541015625e-04 -5.708932876586914062e-04 -5.708634853363037109e-04 -5.739033222198486328e-04 -5.767345428466796875e-04
9.091621115013904797e-01 8.579194545745849609e-04 8.593499660491943359e-04 8.682310581207275391e-04 8.612871170043945312e-04 8.483231067657470703e-04 8.640587329864501953e-04 8.595585823059082031e-04 8.686482906341552734e-04 8.549690246582031250e-04 8.613169193267822266e-04
9.156148734867783912e-01 -3.375113010406494141e-04 -3.441572189331054688e-04 -3.481507301330566406e-04 -3.452599048614501953e-04 -3.501772880554199219e-04 -3.513693809509277344e-04 -3.495812416076660156e-04 -3.489553928375244141e-04 -3.502964973449707031e-04 -3.457069396972656250e-04
9.220676354721663026e-01 -1.912713050842285156e-04 -1.838505268096923828e-04 -1.833438873291015625e-04 -1.852214336395263672e-04 -1.892447471618652344e-04 -1.769661903381347656e-04 -1.676976680755615234e-04 -1.718401908874511719e-04 -1.808106899261474609e-04 -1.780390739440917969e-04
9.285203974575542141e-01 4.533529281616210938e-04 4.543066024780273438e-04 4.487037658691406250e-04 4.567205905914306641e-04 4.417002201080322266e-04 4.537105560302734375e-04 4.554390907287597656e-04 4.449188709259033203e-04 4.547238349914550781e-04 4.461407661437988281e-04
9.349731594429421255e-01 -2.918541431427001953e-04 -3.017485141754150391e-04 -2.911388874053955078e-04 -2.935826778411865234e-04 -2.959966659545898438e-04 -2.928078174591064453e-04 -3.129839897155761719e-04 -3.005564212799072266e-04 -3.041625022888183594e-04 -3.091692924499511719e-04
9.414259214283300370e-01 5.471706390380859375e-05 5.808472633361816406e-05 6.613135337829589844e-05 6.234645843505859375e-05 7.408857345581054688e-05 7.095932960510253906e-05 7.957220077514648438e-05 7.730722427368164062e-05 8.261203765869140625e-05 6.669759750366210938e-05
9.478786834137179484e-01 3.806650638580322266e-04 3.747642040252685547e-04 3.535449504852294922e-04 3.767311573028564453e-04 3.677308559417724609e-04 3.720223903656005859e-04 3.674626350402832031e-04 3.666579723358154297e-04 3.731846809387207031e-04 3.659427165985107422e-04
9.543314453991058599e-01 -3.623366355895996094e-04 -3.561973571777343750e-04 -3.735423088073730469e-04 -3.649294376373291016e-04 -3.557801246643066406e-04 -3.682672977447509766e-04 -3.643333911895751953e-04 -3.572702407836914062e-04 -3.612339496612548828e-04 -3.487467765808105469e-04
9.607842073844936603e-01 -3.650784492492675781e-05 -3.808736801147460938e-05 -3.531575202941894531e-05 -4.488229751586914062e-05 -4.619359970092773438e-05 -4.628300666809082031e-05 -4.029273986816406250e-05 -5.230307579040527344e-05 -3.701448440551757812e-05 -3.746151924133300781e-05
9.672369693698815718e-01 9.530782699584960938e-05 8.863210678100585938e-05 1.074075698852539062e-04 1.070201396942138672e-04 1.009404659271240234e-04 8.583068847656250000e-05 9.757280349731445312e-05 9.253621101379394531e-05 1.024007797241210938e-04 1.113116741180419922e-04
9.736897313552694833e-01 -4.348158836364746094e-05 -4.076957702636718750e-05 -3.388524055480957031e-05 -4.321336746215820312e-05 -3.927946090698242188e-05 -3.272294998168945312e-05 -2.676248550415039062e-05 -4.169344902038574219e-05 -3.969669342041015625e-05 -3.618001937866210938e-05
9.801424933406573947e-01 6.943941116333007812e-06 3.874301910400390625e-06 1.057982444763183594e-05 1.212954521179199219e-05 4.678964614868164062e-06 1.499056816101074219e-05 8.463859558105468750e-06 1.382827758789062500e-05 1.671910285949707031e-05 1.439452171325683594e-05
9.865952553260453062e-01 1.165270805358886719e-05 2.840161323547363281e-05 3.936886787414550781e-05 3.111362457275390625e-05 4.372000694274902344e-05 3.689527511596679688e-05 4.070997238159179688e-05 3.448128700256347656e-05 3.808736801147460938e-05 3.892183303833007812e-05
9.930480173114332176e-01 -1.794099807739257812e-05 -2.554059028625488281e-05 -2.434849739074707031e-05 -1.880526542663574219e-05 -2.083182334899902344e-05 -2.837181091308593750e-05 -1.811981201171875000e-05 -3.042817115783691406e-05 -1.901388168334960938e-05 -1.388788223266601562e-05
9.995007792968211291e-01 -1.143217086791992188e-04 -1.229941844940185547e-04 -1.198351383209228516e-04 -1.310706138610839844e-04 -1.339614391326904297e-04 -1.181662082672119141e-04 -1.225173473358154297e-04 -1.184046268463134766e-04 -1.268386840820312500e-04 -1.235604286193847656e-04
1.005953541282209152e+00 1.523494720458984375e-04 1.565814018249511719e-04 1.616477966308593750e-04 1.540482044219970703e-04 1.667141914367675781e-04 1.620054244995117188e-04 1.576244831085205078e-04 1.637041568756103516e-04 1.583695411682128906e-04 1.509487628936767578e-04
1.012406303267596952e+00 1.218616962432861328e-04 1.122951507568359375e-04 1.150071620941162109e-04 1.130700111389160156e-04 1.124739646911621094e-04 1.019239425659179688e-04 1.008510589599609375e-04 1.147389411926269531e-04 1.133978366851806641e-04 1.018047332763671875e-04
1.018859065252984752e+00 -2.553462982177734375e-04 -2.399981021881103516e-04 -2.587735652923583984e-04 -2.546310424804687500e-04 -2.570450305938720703e-04 -2.440512180328369141e-04 -2.525150775909423828e-04 -2.510249614715576172e-04 -2.430677413940429688e-04 -2.455413341522216797e-04
1.025311827238372775e+00 1.617670059204101562e-04 1.491010189056396484e-04 1.594424247741699219e-04 1.445412635803222656e-04 1.524686813354492188e-04 1.600980758666992188e-04 1.667737960815429688e-04 1.646876335144042969e-04 1.613795757293701172e-04 1.655519008636474609e-04
1.031764589223760797e+00 4.330277442932128906e-05 4.798173904418945312e-05 4.082918167114257812e-05 4.312396049499511719e-05 4.267692565917968750e-05 3.263354301452636719e-05 3.626942634582519531e-05 4.094839096069335938e-05 4.154443740844726562e-05 4.008412361145019531e-05
1.038217351209148598e+00 -1.696646213531494141e-04 -1.540482044219970703e-04 -1.577436923980712891e-04 -1.550316810607910156e-04 -1.471340656280517578e-04 -1.508295536041259766e-04 -1.529157161712646484e-04 -1.577138900756835938e-04 -1.495778560638427734e-04 -1.610219478607177734e-04
1.044670113194536398e+00 3.415346145629882812e-04 3.479123115539550781e-04 3.328323364257812500e-04 3.393590450286865234e-04 3.375411033630371094e-04 3.452599048614501953e-04 3.408193588256835938e-04 3.563761711120605469e-04 3.380477428436279297e-04 3.469288349151611328e-04
1.051122875179924421e+00 -2.408325672149658203e-04 -2.373158931732177734e-04 -2.607107162475585938e-04 -2.580583095550537109e-04 -2.596378326416015625e-04 -2.551972866058349609e-04 -2.418160438537597656e-04 -2.503395080566406250e-04 -2.545118331909179688e-04 -2.578198909759521484e-04
1.057575637165312221e+00 -4.246830940246582031e-05 -4.452466964721679688e-05 -4.318356513977050781e-05 -5.021691322326660156e-05 -3.781914710998535156e-05 -5.018711090087890625e-05 -4.619359970092773438e-05 -4.038214683532714844e-05 -3.919005393981933594e-05 -4.634261131286621094e-05
1.064028399150700022e+00 4.180967807769775391e-04 4.152953624725341797e-04 4.213452339172363281e-04 4.209578037261962891e-04 4.178881645202636719e-04 4.159808158874511719e-04 4.082918167114257812e-04 4.072189331054687500e-04 4.077553749084472656e-04 4.113316535949707031e-04
1.070481161136088044e+00 -8.499622344970703125e-05 -7.677078247070312500e-05 -7.325410842895507812e-05 -7.319450378417968750e-05 -7.441639900207519531e-05 -7.531046867370605469e-05 -7.420778274536132812e-05 -6.651878356933593750e-05 -6.607174873352050781e-05 -6.562471389770507812e-05
1.076933923121476067e+00 1.070797443389892578e-04 1.098513603210449219e-04 1.175701618194580078e-04 1.137256622314453125e-04 1.224279403686523438e-04 1.041889190673828125e-04 1.122355461120605469e-04 1.150071620941162109e-04 1.137852668762207031e-04 1.173317432403564453e-04
1.083386685106863867e+00 -3.233551979064941406e-05 -3.653764724731445312e-05 -5.921721458435058594e-05 -4.243850708007812500e-05 -4.905462265014648438e-05 -4.482269287109375000e-05 -3.808736801147460938e-05 -4.708766937255859375e-05 -3.907084465026855469e-05 -4.336237907409667969e-05
1.089839447092251667e+00 -3.289580345153808594e-04 -3.348886966705322266e-04 -3.375411033630371094e-04 -3.305375576019287109e-04 -3.395080566406250000e-04 -3.393888473510742188e-04 -3.373622894287109375e-04 -3.302693367004394531e-04 -3.304481506347656250e-04 -3.283321857452392578e-04
1.096292209077639690e+00 2.560019493103027344e-04 2.540647983551025391e-04 2.483129501342773438e-04 2.857148647308349609e-04 2.734065055847167969e-04 2.751052379608154297e-04 2.630650997161865234e-04 2.586245536804199219e-04 2.697706222534179688e-04 2.591609954833984375e-04
1.102744971063027712e+00 1.433789730072021484e-04 1.319944858551025391e-04 1.367926597595214844e-04 1.562237739562988281e-04 1.346766948699951172e-04 1.215934753417968750e-04 1.234412193298339844e-04 1.440346240997314453e-04 1.458227634429931641e-04 1.403391361236572266e-04
1.109197733048415513e+00 -3.022849559783935547e-04 -2.988278865814208984e-04 -3.060102462768554688e-04 -3.041625022888183594e-04 -3.083944320678710938e-04 -3.010332584381103516e-04 -3.128349781036376953e-04 -3.077685832977294922e-04 -3.110468387603759766e-04 -2.995133399963378906e-04
1.115650495033803313e+00 3.873407840728759766e-04 3.847777843475341797e-04 3.834366798400878906e-04 3.766119480133056641e-04 3.804266452789306641e-04 3.984570503234863281e-04 3.889203071594238281e-04 4.011392593383789062e-04 3.997981548309326172e-04 3.991723060607910156e-04
1.122103257019191336e+00 -1.354813575744628906e-04 -1.345574855804443359e-04 -1.447796821594238281e-04 -1.573860645294189453e-04 -1.475811004638671875e-04 -1.466870307922363281e-04 -1.464486122131347656e-04 -1.554787158966064453e-04 -1.471638679504394531e-04 -1.506805419921875000e-04
1.128556019004579358e+00 -1.406669616699218750e-04 -1.387894153594970703e-04 -1.364648342132568359e-04 -1.275837421417236328e-04 -1.338422298431396484e-04 -1.433789730072021484e-04 -1.365840435028076172e-04 -1.429319381713867188e-04 -1.360774040222167969e-04 -1.385211944580078125e-04
1.135008780989967159e+00 5.106031894683837891e-04 5.170404911041259766e-04 5.156397819519042969e-04 4.991590976715087891e-04 5.171298980712890625e-04 5.031824111938476562e-04 5.054175853729248047e-04 5.074739456176757812e-04 4.973709583282470703e-04 5.050003528594970703e-04
1.141461542975354959e+00 -3.003776073455810547e-04 -2.999901771545410156e-04 -3.071129322052001953e-04 -3.143846988677978516e-04 -2.959370613098144531e-04 -3.057122230529785156e-04 -3.013610839843750000e-04 -3.038048744201660156e-04 -2.954900264739990234e-04 -3.122389316558837891e-04
1.147914304960742982e+00 -3.573298454284667969e-05 -4.518032073974609375e-05 -3.087520599365234375e-05 -3.495812416076660156e-05 -3.913044929504394531e-05 -2.923607826232910156e-05 -3.600120544433593750e-05 -4.985928535461425781e-05 -3.704428672790527344e-05 -3.039836883544921875e-05
1.154367066946130782e+00 1.811385154724121094e-04 1.640021800994873047e-04 1.767277717590332031e-04 1.583993434906005859e-04 1.639723777770996094e-04 1.551210880279541016e-04 1.562535762786865234e-04 1.635849475860595703e-04 1.530945301055908203e-04 1.693665981292724609e-04
1.160819828931518582e+00 -2.753734588623046875e-04 -2.802014350891113281e-04 -2.945363521575927734e-04 -3.029704093933105469e-04 -2.865791320800781250e-04 -2.836585044860839844e-04 -2.905428409576416016e-04 -2.926588058471679688e-04 -2.920627593994140625e-04 -2.805590629577636719e-04
1.167272590916906605e+00 1.710951328277587891e-04 1.780092716217041016e-04 1.870989799499511719e-04 1.849234104156494141e-04 1.831054687500000000e-04 1.873075962066650391e-04 1.835525035858154297e-04 1.813769340515136719e-04 1.787245273590087891e-04 1.781582832336425781e-04
1.173725352902294627e+00 6.109476089477539062e-05 6.085634231567382812e-05 4.833936691284179688e-05 5.209445953369140625e-05 5.078315734863281250e-05 4.848837852478027344e-05 4.252791404724121094e-05 5.242228507995605469e-05 5.683302879333496094e-05 4.979968070983886719e-05
1.180178114887682428e+00 -3.295838832855224609e-04 -3.310441970825195312e-04 -3.349483013153076172e-04 -3.335475921630859375e-04 -3.408193588256835938e-04 -3.195405006408691406e-04 -3.242790699005126953e-04 -3.351569175720214844e-04 -3.241300582885742188e-04 -3.233850002288818359e-04
1.186630876873070450e+00 3.246665000915527344e-04 3.437101840972900391e-04 3.287494182586669922e-04 3.324747085571289062e-04 3.264248371124267578e-04 3.293156623840332031e-04 3.367662429809570312e-04 3.286004066467285156e-04 3.373026847839355469e-04 3.218054771423339844e-04
1.193083638858458251e+00 -1.547038555145263672e-04 -1.575648784637451172e-04 -1.527070999145507812e-04 -1.562535762786865234e-04 -1.464486122131347656e-04 -1.520216464996337891e-04 -1.668035984039306641e-04 -1.632273197174072266e-04 -1.643002033233642578e-04 -1.580119132995605469e-04
1.199536400843846051e+00 -1.405477523803710938e-04 -1.476407051086425781e-04 -1.387000083923339844e-04 -1.434683799743652344e-04 -1.451671123504638672e-04 -1.363456249237060547e-04 -1.414716243743896484e-04 -1.410245895385742188e-04 -1.441538333892822266e-04 -1.537203788757324219e-04
1.205989162829234074e+00 3.393590450286865234e-04 3.549456596374511719e-04 3.528296947479248047e-04 3.564953804016113281e-04 3.550946712493896484e-04 3.484785556793212891e-04 3.495812416076660156e-04 3.448426723480224609e-04 3.447234630584716797e-04 3.645718097686767578e-04
1.212441924814621874e+00 -3.654956817626953125e-04 -3.644526004791259766e-04 -3.712475299835205078e-04 -3.546476364135742188e-04 -3.684461116790771484e-04 -3.671050071716308594e-04 -3.787875175476074219e-04 -3.735721111297607422e-04 -3.696382045745849609e-04 -3.710985183715820312e-04
1.218894686800009897e+00 2.086162567138671875e-07 5.006790161132812500e-06 1.800060272216796875e-05 8.374452590942382812e-06 1.353025436401367188e-05 9.864568710327148438e-06 4.500150680541992188e-06 2.175569534301757812e-06 1.731514930725097656e-05 1.606345176696777344e-05
1.225347448785397697e+00 2.930164337158203125e-04 2.870261669158935547e-04 2.844929695129394531e-04 2.828240394592285156e-04 2.737343311309814453e-04 2.764165401458740234e-04 2.798438072204589844e-04 2.676844596862792969e-04 2.777278423309326172e-04 2.873837947845458984e-04
1.231800210770785720e+00 -3.281831741333007812e-04 -3.138482570648193359e-04 -3.225505352020263672e-04 -3.092885017395019531e-04 -3.211498260498046875e-04 -3.128945827484130859e-04 -3.125667572021484375e-04 -3.112256526947021484e-04 -3.128647804260253906e-04 -3.070235252380371094e-04
1.238252972756173520e+00 1.862645149230957031e-04 1.779198646545410156e-04 1.744329929351806641e-04 1.854896545410156250e-04 1.811683177947998047e-04 1.775324344635009766e-04 1.780390739440917969e-04 1.689791679382324219e-04 1.848042011260986328e-04 1.734495162963867188e-04
1.244705734741561542e+00 5.921721458435058594e-05 6.064772605895996094e-05 5.906820297241210938e-05 5.251169204711914062e-05 6.651878356933593750e-05 5.233287811279296875e-05 6.324052810668945312e-05 6.169080734252929688e-05 5.835294723510742188e-05 5.525350570678710938e-05
1.251158496726949343e+00 -2.566874027252197266e-04 -2.557337284088134766e-04 -2.647042274475097656e-04 -2.548396587371826172e-04 -2.662241458892822266e-04 -2.666413784027099609e-04 -2.707242965698242188e-04 -2.632737159729003906e-04 -2.593994140625000000e-04 -2.649426460266113281e-04
1.257611258712337365e+00 2.341270446777343750e-04 2.352297306060791016e-04 2.186894416809082031e-04 2.333223819732666016e-04 2.358853816986083984e-04 2.293586730957031250e-04 2.372264862060546875e-04 2.345442771911621094e-04 2.332329750061035156e-04 2.413094043731689453e-04
1.264064020697725166e+00 6.717443466186523438e-05 6.386637687683105469e-05 6.648898124694824219e-05 5.963444709777832031e-05 6.252527236938476562e-05 6.616115570068359375e-05 5.730986595153808594e-05 6.654858589172363281e-05 6.216764450073242188e-05 6.729364395141601562e-05
1.270516782683113188e+00 -2.308189868927001953e-04 -2.276599407196044922e-04 -2.236664295196533203e-04 -2.176463603973388672e-04 -2.149343490600585938e-04 -2.187490463256835938e-04 -2.287030220031738281e-04 -2.164244651794433594e-04 -2.249181270599365234e-04 -2.167820930480957031e-04
1.276969544668500989e+00 2.503097057342529297e-04 2.462267875671386719e-04 2.434253692626953125e-04 2.409815788269042969e-04 2.358257770538330078e-04 2.200901508331298828e-04 2.486705780029296875e-04 2.392530441284179688e-04 2.412497997283935547e-04 2.512037754058837891e-04
1.283422306653888789e+00 -5.987286567687988281e-05 -7.596611976623535156e-05 -6.666779518127441406e-05 -6.097555160522460938e-05 -7.879734039306640625e-05 -7.891654968261718750e-05 -6.735324859619140625e-05 -7.513165473937988281e-05 -6.952881813049316406e-05 -7.227063179016113281e-05
1.289875068639276812e+00 -1.241564750671386719e-04 -1.178979873657226562e-04 -1.173019409179687500e-04 -1.140534877777099609e-04 -1.081526279449462891e-04 -1.140832901000976562e-04 -1.085102558135986328e-04 -1.244843006134033203e-04 -1.180171966552734375e-04 -1.119375228881835938e-04
1.296327830624664612e+00 3.008842468261718750e-04 2.968907356262207031e-04 2.982318401336669922e-04 2.904832363128662109e-04 3.002583980560302734e-04 3.015100955963134766e-04 3.009140491485595703e-04 2.999007701873779297e-04 3.104209899902343750e-04 2.933740615844726562e-04
1.302780592610052635e+00 -2.537965774536132812e-04 -2.509951591491699219e-04 -2.482831478118896484e-04 -2.571642398834228516e-04 -2.464652061462402344e-04 -2.599060535430908203e-04 -2.553164958953857422e-04 -2.664923667907714844e-04 -2.446174621582031250e-04 -2.524256706237792969e-04
1.309233354595440435e+00 6.201863288879394531e-05 7.227063179016113281e-05 7.110834121704101562e-05 7.066130638122558594e-05 6.273388862609863281e-05 6.678700447082519531e-05 6.976723670959472656e-05 7.218122482299804688e-05 6.818771362304687500e-05 7.727742195129394531e-05
1.315686116580828458e+00 2.141594886779785156e-04 2.176761627197265625e-04 2.138018608093261719e-04 2.057850360870361328e-04 2.116262912750244141e-04 2.167522907257080078e-04 2.128183841705322266e-04 2.027153968811035156e-04 2.117753028869628906e-04 2.101957798004150391e-04
1.322138878566216258e+00 -2.519786357879638672e-04 -2.414882183074951172e-04 -2.472996711730957031e-04 -2.614259719848632812e-04 -2.535879611968994141e-04 -2.508163452148437500e-04 -2.486705780029296875e-04 -2.475380897521972656e-04 -2.380907535552978516e-04 -2.487897872924804688e-04
1.328591640551604280e+00 1.911818981170654297e-04 1.772642135620117188e-04 1.863241195678710938e-04 1.824796199798583984e-04 1.897513866424560547e-04 1.932978630065917969e-04 1.958012580871582031e-04 1.803040504455566406e-04 1.818239688873291016e-04 1.847147941589355469e-04
1.335044402536992081e+00 -1.585483551025390625e-05 -1.865625381469726562e-05 -1.120567321777343750e-05 -1.171231269836425781e-05 -1.353025436401367188e-05 -2.112984657287597656e-05 -2.673268318176269531e-05 -2.807378768920898438e-05 -1.436471939086914062e-05 -1.311302185058593750e-05
1.341497164522380103e+00 -2.279579639434814453e-04 -2.203583717346191406e-04 -2.217292785644531250e-04 -2.177953720092773438e-04 -2.288222312927246094e-04 -2.157688140869140625e-04 -2.219080924987792969e-04 -2.126693725585937500e-04 -2.325177192687988281e-04 -2.199113368988037109e-04
1.347949926507767904e+00 2.288520336151123047e-04 2.353489398956298828e-04 2.354979515075683594e-04 2.334117889404296875e-04 2.318322658538818359e-04 2.495348453521728516e-04 2.404153347015380859e-04 2.450048923492431641e-04 2.443790435791015625e-04 2.422034740447998047e-04
1.354402688493155926e+00 -7.146596908569335938e-05 -7.048249244689941406e-05 -5.930662155151367188e-05 -7.480382919311523438e-05 -7.069110870361328125e-05 -7.194280624389648438e-05 -7.158517837524414062e-05 -7.131695747375488281e-05 -7.110834121704101562e-05 -7.018446922302246094e-05
1.360855450478543727e+00 -6.946921348571777344e-05 -6.744265556335449219e-05 -6.133317947387695312e-05 -5.888938903808593750e-05 -6.666779518127441406e-05 -6.514787673950195312e-05 -7.832050323486328125e-05 -6.276369094848632812e-05 -6.550550460815429688e-05 -6.419420242309570312e-05
1.367308212463931749e+00 6.887316703796386719e-05 7.471442222595214844e-05 5.990266799926757812e-05 6.473064422607421875e-05 7.531046867370605469e-05 7.373094558715820312e-05 6.994605064392089844e-05 7.247924804687500000e-05 7.402896881103515625e-05 8.055567741394042969e-05
1.373760974449319550e+00 -1.547634601593017578e-04 -1.512169837951660156e-04 -1.487731933593750000e-04 -1.480281352996826172e-04 -1.511275768280029297e-04 -1.453757286071777344e-04 -1.382827758789062500e-04 -1.490414142608642578e-04 -1.445710659027099609e-04 -1.442134380340576172e-04
1.380213736434707350e+00 -2.485513687133789062e-05 -2.071261405944824219e-05 -3.248453140258789062e-05 -3.725290298461914062e-05 -3.319978713989257812e-05 -3.179907798767089844e-05 -2.503395080566406250e-05 -4.154443740844726562e-05 -3.153085708618164062e-05 -3.910064697265625000e-05
1.386666498420095373e+00 1.537799835205078125e-05 2.193450927734375000e-05 1.603364944458007812e-05 1.391768455505371094e-05 1.874566078186035156e-05 1.281499862670898438e-05 1.877546310424804688e-06 2.828240394592285156e-05 2.387166023254394531e-05 1.433491706848144531e-05
1.393119260405483173e+00 4.947185516357421875e-05 5.763769149780273438e-05 4.169344902038574219e-05 4.222989082336425781e-05 4.044175148010253906e-05 4.857778549194335938e-05 4.774332046508789062e-05 4.035234451293945312e-05 4.431605339050292969e-05 3.606081008911132812e-05
1.399572022390871195e+00 3.704428672790527344e-05 3.036856651306152344e-05 4.494190216064453125e-05 4.583597183227539062e-05 4.535913467407226562e-05 4.902482032775878906e-05 5.015730857849121094e-05 3.519654273986816406e-05 3.594160079956054688e-05 3.448128700256347656e-05
1.406024784376258996e+00 -3.463029861450195312e-05 -4.121661186218261719e-05 -3.933906555175781250e-05 -5.015730857849121094e-05 -4.205107688903808594e-05 -3.853440284729003906e-05 -3.179907798767089844e-05 -4.383921623229980469e-05 -4.675984382629394531e-05 -2.953410148620605469e-05
1.412477546361647018e+00 -1.821517944335937500e-04 -1.916289329528808594e-04 -1.824498176574707031e-04 -1.804232597351074219e-04 -1.927316188812255859e-04 -1.942515373229980469e-04 -1.924932003021240234e-04 -1.797974109649658203e-04 -1.862347126007080078e-04 -1.851916313171386719e-04
1.418930308347034819e+00 1.294612884521484375e-04 1.375079154968261719e-04 1.446902751922607422e-04 1.332461833953857422e-04 1.300871372222900391e-04 1.458525657653808594e-04 1.445412635803222656e-04 1.398921012878417969e-04 1.447796821594238281e-04 1.525878906250000000e-04
1.425383070332422841e+00 -1.363456249237060547e-04 -1.404881477355957031e-04 -1.401603221893310547e-04 -1.333951950073242188e-04 -1.263320446014404297e-04 -1.433193683624267578e-04 -1.347064971923828125e-04 -1.428723335266113281e-04 -1.363456249237060547e-04 -1.448988914489746094e-04
1.431835832317810642e+00 2.473592758178710938e-05 2.580881118774414062e-05 3.960728645324707031e-05 4.121661186218261719e-05 2.226233482360839844e-05 3.099441528320312500e-05 2.011656761169433594e-05 3.334879875183105469e-05 3.287196159362792969e-05 2.804398536682128906e-05
1.438288594303198664e+00 -6.592273712158203125e-05 -4.675984382629394531e-05 -6.362795829772949219e-05 -5.728006362915039062e-05 -4.780292510986328125e-05 -5.409121513366699219e-05 -5.388259887695312500e-05 -4.777312278747558594e-05 -5.701184272766113281e-05 -5.343556404113769531e-05
1.444741356288586465e+00 -1.702308654785156250e-04 -1.644492149353027344e-04 -1.707077026367187500e-04 -1.678466796875000000e-04 -1.691281795501708984e-04 -1.595318317413330078e-04 -1.591742038726806641e-04 -1.429021358489990234e-04 -1.527667045593261719e-04 -1.699924468994140625e-04
1.451194118273974487e+00 1.663267612457275391e-04 1.548826694488525391e-04 1.647770404815673828e-04 1.634061336517333984e-04 1.639127731323242188e-04 1.639723777770996094e-04 1.601576805114746094e-04 1.489222049713134766e-04 1.611709594726562500e-04 1.627504825592041016e-04
1.457646880259362288e+00 5.453824996948242188e-05 5.424022674560546875e-05 5.060434341430664062e-05 5.984306335449218750e-05 5.593895912170410156e-05 4.008412361145019531e-05 4.649162292480468750e-05 6.291270256042480469e-05 5.009770393371582031e-05 5.337595939636230469e-05
1.464099642244750310e+00 4.166364669799804688e-05 3.072619438171386719e-05 4.929304122924804688e-05 3.740191459655761719e-05 3.996491432189941406e-05 3.215670585632324219e-05 3.805756568908691406e-05 3.781914710998535156e-05 3.460049629211425781e-05 3.990530967712402344e-05
1.470552404230138110e+00 -1.072883605957031250e-06 4.351139068603515625e-06 9.059906005859375000e-06 1.543760299682617188e-05 1.129508018493652344e-05 2.294778823852539062e-06 5.602836608886718750e-06 1.439452171325683594e-05 1.382827758789062500e-05 2.205371856689453125e-06
1.477005166215525911e+00 -6.595253944396972656e-05 -6.425380706787109375e-05 -6.842613220214843750e-05 -7.063150405883789062e-05 -5.206465721130371094e-05 -6.067752838134765625e-05 -6.172060966491699219e-05 -6.181001663208007812e-05 -5.480647087097167969e-05 -5.686283111572265625e-05
1.483457928200913933e+00 -9.208917617797851562e-06 -1.105666160583496094e-05 -7.271766662597656250e-06 -1.332163810729980469e-05 -1.713633537292480469e-05 1.788139343261718750e-06 -7.003545761108398438e-06 -1.558661460876464844e-05 -1.585483551025390625e-05 -2.443790435791015625e-05
1.489910690186301734e+00 7.724761962890625000e-05 7.981061935424804688e-05 7.748603820800781250e-05 8.293986320495605469e-05 7.811188697814941406e-05 8.383393287658691406e-05 6.449222564697265625e-05 7.623434066772460938e-05 7.802248001098632812e-05 9.354948997497558594e-05
1.496363452171689756e+00 -3.424286842346191406e-05 -3.820657730102539062e-05 -3.930926322937011719e-05 -3.254413604736328125e-05 -3.069639205932617188e-05 -3.468990325927734375e-05 -3.498792648315429688e-05 -3.543496131896972656e-05 -3.984570503234863281e-05 -2.911686897277832031e-05
1.502816214157077557e+00 5.146861076354980469e-05 6.163120269775390625e-05 3.811717033386230469e-05 4.866719245910644531e-05 4.649162292480468750e-05 5.215406417846679688e-05 4.935264587402343750e-05 5.570054054260253906e-05 4.357099533081054688e-05 4.670023918151855469e-05
1.509268976142465579e+00 1.451373100280761719e-05 1.525878906250000000e-05 1.910328865051269531e-05 1.466274261474609375e-05 2.172589302062988281e-05 1.579523086547851562e-05 5.483627319335937500e-06 1.245737075805664062e-05 9.089708328247070312e-06 2.101063728332519531e-05
1.515721738127853380e+00 -4.824995994567871094e-05 -4.270672798156738281e-05 -4.622340202331542969e-05 -5.272030830383300781e-05 -4.795193672180175781e-05 -4.598498344421386719e-05 -4.169344902038574219e-05 -5.921721458435058594e-05 -5.340576171875000000e-05 -4.756450653076171875e-05
1.522174500113241402e+00 7.516145706176757812e-05 7.280707359313964844e-05 7.805228233337402344e-05 7.846951484680175781e-05 7.590651512145996094e-05 7.814168930053710938e-05 7.897615432739257812e-05 7.483363151550292969e-05 6.899237632751464844e-05 7.256865501403808594e-05
1.528627262098629203e+00 2.342462539672851562e-05 1.803040504455566406e-05 2.175569534301757812e-05 2.732872962951660156e-05 2.497434616088867188e-05 2.023577690124511719e-05 2.631545066833496094e-05 1.373887062072753906e-05 2.583861351013183594e-05 1.960992813110351562e-05
1.535080024084017225e+00 -8.934736251831054688e-05 -7.721781730651855469e-05 -8.857250213623046875e-05 -7.745623588562011719e-05 -8.964538574218750000e-05 -6.967782974243164062e-05 -8.597970008850097656e-05 -8.088350296020507812e-05 -8.097290992736816406e-05 -9.471178054809570312e-05
1.541532786069405025e+00 4.827976226806640625e-05 4.076957702636718750e-05 3.668665885925292969e-05 3.829598426818847656e-05 4.166364669799804688e-05 3.635883331298828125e-05 3.144145011901855469e-05 3.808736801147460938e-05 4.479289054870605469e-05 3.740191459655761719e-05
1.547985548054793048e+00 1.969933509826660156e-05 2.056360244750976562e-05 2.405047416687011719e-05 1.797080039978027344e-05 2.267956733703613281e-05 2.163648605346679688e-05 1.421570777893066406e-05 2.330541610717773438e-05 1.311302185058593750e-05 1.841783523559570312e-05
1.554438310040180848e+00 -5.161762237548828125e-05 -5.254149436950683594e-05 -4.908442497253417969e-05 -5.677342414855957031e-05 -5.841255187988281250e-05 -4.395842552185058594e-05 -5.513429641723632812e-05 -5.891919136047363281e-05 -5.105137825012207031e-05 -5.593895912170410156e-05
1.560891072025568649e+00 6.127357482910156250e-05 6.693601608276367188e-05 6.756186485290527344e-05 6.678700447082519531e-05 6.300210952758789062e-05 6.163120269775390625e-05 5.686283111572265625e-05 5.599856376647949219e-05 6.240606307983398438e-05 6.103515625000000000e-05
1.567343834010956671e+00 -2.431869506835937500e-05 -1.791119575500488281e-05 -1.841783523559570312e-05 -1.940131187438964844e-05 -1.800060272216796875e-05 -2.661347389221191406e-05 -3.376603126525878906e-05 -2.887845039367675781e-05 -1.454353332519531250e-05 -2.607703208923339844e-05
1.573796595996344472e+00 -3.942847251892089844e-05 -3.507733345031738281e-05 -4.631280899047851562e-05 -4.914402961730957031e-05 -4.938244819641113281e-05 -5.164742469787597656e-05 -3.844499588012695312e-05 -3.281235694885253906e-05 -3.370642662048339844e-05 -3.960728645324707031e-05
1.580249357981732494e+00 1.090764999389648438e-05 2.264976501464843750e-06 1.960992813110351562e-05 1.791119575500488281e-05 1.624226570129394531e-05 1.317262649536132812e-05 1.531839370727539062e-05 1.326203346252441406e-05 8.523464202880859375e-06 1.367926597595214844e-05
1.586702119967120295e+00 -3.403425216674804688e-05 -2.202391624450683594e-05 -1.573562622070312500e-05 -2.321600914001464844e-05 -2.792477607727050781e-05 -2.810359001159667969e-05 -3.555417060852050781e-05 -2.524256706237792969e-05 -3.072619438171386719e-05 -2.187490463256835938e-05
1.593154881952508317e+00 9.655952453613281250e-06 2.712011337280273438e-06 4.887580871582031250e-06 9.357929229736328125e-06 1.323223114013671875e-05 1.049041748046875000e-05 5.245208740234375000e-06 1.886487007141113281e-05 -5.364418029785156250e-07 8.076429367065429688e-06
1.599607643937896118e+00 2.336502075195312500e-05 2.220273017883300781e-05 1.570582389831542969e-05 2.929568290710449219e-05 2.124905586242675781e-05 2.259016036987304688e-05 2.425909042358398438e-05 2.467632293701171875e-05 2.944469451904296875e-05 2.896785736083984375e-05
1.606060405923284140e+00 -2.068281173706054688e-05 -1.227855682373046875e-05 -2.476572990417480469e-05 -2.148747444152832031e-05 -1.797080039978027344e-05 -1.195073127746582031e-05 -1.314282417297363281e-05 -1.600384712219238281e-05 -1.096725463867187500e-05 -9.238719940185546875e-06
1.612513167908671941e+00 -6.049871444702148438e-06 -1.883506774902343750e-05 -1.353025436401367188e-05 -9.059906005859375000e-06 -1.645088195800781250e-05 -2.539157867431640625e-05 -1.710653305053710938e-05 -1.171231269836425781e-05 -1.293420791625976562e-05 -5.751848220825195312e-06
1.618965929894059963e+00 1.534819602966308594e-05 2.560019493103027344e-05 1.439452171325683594e-05 1.513957977294921875e-05 7.063150405883789062e-06 1.937150955200195312e-05 1.475214958190917969e-05 1.868605613708496094e-05 1.078844070434570312e-05 1.111626625061035156e-05
1.625418691879447763e+00 -1.546740531921386719e-05 -8.016824722290039062e-06 -3.248453140258789062e-06 -6.556510925292968750e-06 -5.930662155151367188e-06 -3.814697265625000000e-06 -8.851289749145507812e-06 -1.019239425659179688e-05 -2.294778823852539062e-06 -1.892447471618652344e-05
1.631871453864835786e+00 -2.741813659667968750e-06 0.000000000000000000e+00 3.457069396972656250e-06 -8.434057235717773438e-06 -3.635883331298828125e-06 -9.208917617797851562e-06 -2.622604370117187500e-06 -7.390975952148437500e-06 -1.773238182067871094e-05 -1.597404479980468750e-05
1.638324215850223586e+00 3.606081008911132812e-05 4.386901855468750000e-05 3.036856651306152344e-05 3.615021705627441406e-05 3.117322921752929688e-05 3.504753112792968750e-05 3.066658973693847656e-05 4.753470420837402344e-05 3.424286842346191406e-05 3.477931022644042969e-05
1.644776977835611609e+00 -1.925230026245117188e-05 -1.019239425659179688e-05 -1.922249794006347656e-05 -1.859664916992187500e-05 -1.531839370727539062e-05 -1.305341720581054688e-05 -9.566545486450195312e-06 -7.539987564086914062e-06 -1.460313796997070312e-05 -7.688999176025390625e-06
1.651229739820999409e+00 9.089708328247070312e-06 2.604722976684570312e-05 2.759695053100585938e-05 1.886487007141113281e-05 2.169609069824218750e-05 1.403689384460449219e-05 2.163648605346679688e-05 1.540780067443847656e-05 1.373887062072753906e-05 7.748603820800781250e-06
1.657682501806387210e+00 3.394484519958496094e-05 2.259016036987304688e-05 3.358721733093261719e-05 4.088878631591796875e-05 3.653764724731445312e-05 3.215670585632324219e-05 2.819299697875976562e-05 2.688169479370117188e-05 3.972649574279785156e-05 4.240870475769042969e-05
1.664135263791775232e+00 1.028180122375488281e-05 3.695487976074218750e-06 1.013278961181640625e-06 -1.370906829833984375e-06 9.536743164062500000e-07 1.531839370727539062e-05 -4.768371582031250000e-06 6.765127182006835938e-06 2.771615982055664062e-06 1.817941665649414062e-06
1.670588025777163033e+00 -2.327561378479003906e-05 -2.285838127136230469e-05 -2.676248550415039062e-05 -3.233551979064941406e-05 -3.060698509216308594e-05 -3.048777580261230469e-05 -2.393126487731933594e-05 -1.665949821472167969e-05 -2.032518386840820312e-05 -2.205371856689453125e-05
1.677040787762551055e+00 -7.900595664978027344e-05 -9.575486183166503906e-05 -8.699297904968261719e-05 -7.697939872741699219e-05 -7.858872413635253906e-05 -8.246302604675292969e-05 -8.857250213623046875e-05 -7.733702659606933594e-05 -9.268522262573242188e-05 -9.822845458984375000e-05
1.683493549747938856e+00 1.975893974304199219e-05 2.473592758178710938e-05 1.803040504455566406e-05 2.706050872802734375e-05 3.132224082946777344e-05 2.512335777282714844e-05 1.847743988037109375e-05 2.175569534301757812e-05 1.794099807739257812e-05 2.911686897277832031e-05
1.689946311733326878e+00 1.172423362731933594e-04 1.191496849060058594e-04 1.240372657775878906e-04 1.137554645538330078e-04 1.107454299926757812e-04 1.119673252105712891e-04 1.218616962432861328e-04 1.227259635925292969e-04 1.167953014373779297e-04 1.248121261596679688e-04
1.696399073718714678e+00 1.373887062072753906e-05 1.195073127746582031e-05 9.894371032714843750e-06 -1.639127731323242188e-06 9.894371032714843750e-06 1.665949821472167969e-05 6.258487701416015625e-07 8.016824722290039062e-06 2.443790435791015625e-06 3.218650817871093750e-06
1.702851835704102701e+00 -2.199411392211914062e-05 -2.402067184448242188e-05 -3.981590270996093750e-05 -3.197789192199707031e-05 -2.679228782653808594e-05 -2.631545066833496094e-05 -3.093481063842773438e-05 -2.536177635192871094e-05 -2.780556678771972656e-05 -3.662705421447753906e-05
1.709304597689490501e+00 -5.066394805908203125e-07 -1.564621925354003906e-05 -1.105666160583496094e-05 -3.993511199951171875e-06 -2.324581146240234375e-06 -8.583068847656250000e-06 1.668930053710937500e-06 -6.198883056640625000e-06 -1.147389411926269531e-05 -1.105666160583496094e-05
1.715757359674878524e+00 4.559755325317382812e-06 -6.347894668579101562e-06 -6.079673767089843750e-06 1.281499862670898438e-06 9.089708328247070312e-06 -2.235174179077148438e-06 -1.877546310424804688e-06 -1.120567321777343750e-05 -2.473592758178710938e-06 -1.236796379089355469e-05
1.722210121660266324e+00 2.083182334899902344e-05 6.914138793945312500e-06 6.943941116333007812e-06 8.553266525268554688e-06 9.000301361083984375e-06 8.076429367065429688e-06 1.412630081176757812e-05 1.546740531921386719e-05 1.326203346252441406e-05 1.031160354614257812e-05
1.728662883645654347e+00 -2.458691596984863281e-05 -1.877546310424804688e-05 -1.803040504455566406e-05 -4.887580871582031250e-06 -1.177191734313964844e-05 -1.895427703857421875e-05 -1.436471939086914062e-05 -1.069903373718261719e-05 -2.372264862060546875e-05 -2.187490463256835938e-05
1.735115645631042147e+00 3.191828727722167969e-05 1.522898674011230469e-05 1.049041748046875000e-05 1.940131187438964844e-05 2.747774124145507812e-05 3.272294998168945312e-05 2.753734588623046875e-05 3.492832183837890625e-05 2.953410148620605469e-05 4.190206527709960938e-05
1.741568407616429948e+00 8.732080459594726562e-06 2.771615982055664062e-05 1.233816146850585938e-05 6.586313247680664062e-06 1.698732376098632812e-05 8.434057235717773438e-06 1.341104507446289062e-05 1.055002212524414062e-05 2.452731132507324219e-05 4.470348358154296875e-07
1.748021169601817970e+00 1.341104507446289062e-06 9.238719940185546875e-06 1.052021980285644531e-05 1.272559165954589844e-05 1.293420791625976562e-05 1.522898674011230469e-05 2.124905586242675781e-05 3.308057785034179688e-06 1.490116119384765625e-06 1.341104507446289062e-05
1.754473931587205771e+00 7.915496826171875000e-05 6.097555160522460938e-05 6.762146949768066406e-05 6.312131881713867188e-05 7.593631744384765625e-05 7.286667823791503906e-05 6.890296936035156250e-05 8.544325828552246094e-05 6.493926048278808594e-05 7.626414299011230469e-05
1.760926693572593793e+00 1.969933509826660156e-05 3.302097320556640625e-05 1.797080039978027344e-05 2.694129943847656250e-05 2.315640449523925781e-05 1.651048660278320312e-05 1.165270805358886719e-05 1.519918441772460938e-05 2.706050872802734375e-05 1.516938209533691406e-05
1.767379455557981593e+00 3.963708877563476562e-05 3.942847251892089844e-05 3.567337989807128906e-05 2.884864807128906250e-05 4.088878631591796875e-05 4.646182060241699219e-05 4.521012306213378906e-05 4.532933235168457031e-05 2.846121788024902344e-05 4.237890243530273438e-05
1.773832217543369616e+00 7.230043411254882812e-05 6.642937660217285156e-05 7.230043411254882812e-05 7.188320159912109375e-05 6.964802742004394531e-05 7.435679435729980469e-05 7.095932960510253906e-05 7.244944572448730469e-05 6.449222564697265625e-05 7.265806198120117188e-05
1.780284979528757416e+00 -2.998113632202148438e-05 -3.620982170104980469e-05 -2.413988113403320312e-05 -3.692507743835449219e-05 -3.954768180847167969e-05 -5.087256431579589844e-05 -5.319714546203613281e-05 -5.134940147399902344e-05 -3.746151924133300781e-05 -4.807114601135253906e-05
1.786737741514145439e+00 -1.165270805358886719e-04 -1.220107078552246094e-04 -1.191198825836181641e-04 -1.199543476104736328e-04 -1.190006732940673828e-04 -1.114010810852050781e-04 -1.267194747924804688e-04 -1.231133937835693359e-04 -1.219809055328369141e-04 -1.147985458374023438e-04
1.793190503499533239e+00 9.739398956298828125e-05 9.897351264953613281e-05 1.109242439270019531e-04 1.045465469360351562e-04 1.064538955688476562e-04 1.093149185180664062e-04 1.046657562255859375e-04 9.918212890625000000e-05 1.067519187927246094e-04 9.301304817199707031e-05
1.799643265484921262e+00 3.436207771301269531e-05 3.999471664428710938e-05 3.105401992797851562e-05 4.488229751586914062e-05 3.936886787414550781e-05 2.944469451904296875e-05 3.850460052490234375e-05 2.747774124145507812e-05 3.731250762939453125e-05 2.852082252502441406e-05
1.806096027470309062e+00 -1.430511474609375000e-06 -1.052021980285644531e-05 -4.529953002929687500e-06 -2.235174179077148438e-06 -2.562999725341796875e-06 -6.556510925292968750e-06 -1.996755599975585938e-06 3.337860107421875000e-06 2.890825271606445312e-06 -5.513429641723632812e-06
1.812548789455697085e+00 1.325905323028564453e-04 1.366734504699707031e-04 1.297593116760253906e-04 1.255869865417480469e-04 1.388192176818847656e-04 1.249611377716064453e-04 1.240670680999755859e-04 1.166462898254394531e-04 1.267492771148681641e-04 1.308023929595947266e-04
1.819001551441084885e+00 -1.274347305297851562e-04 -1.234412193298339844e-04 -1.231133937835693359e-04 -1.301467418670654297e-04 -1.353323459625244141e-04 -1.337528228759765625e-04 -1.270473003387451172e-04 -1.388490200042724609e-04 -1.316070556640625000e-04 -1.321732997894287109e-04
1.825454313426472908e+00 3.099441528320312500e-05 2.565979957580566406e-05 1.576542854309082031e-05 3.081560134887695312e-05 2.610683441162109375e-05 3.001093864440917969e-05 4.005432128906250000e-05 2.849102020263671875e-05 2.712011337280273438e-05 3.722310066223144531e-05
1.831907075411860708e+00 6.181001663208007812e-05 6.455183029174804688e-05 6.541609764099121094e-05 6.493926048278808594e-05 5.573034286499023438e-05 5.695223808288574219e-05 5.429983139038085938e-05 6.651878356933593750e-05 5.796551704406738281e-05 4.658102989196777344e-05
1.838359837397248508e+00 -1.784563064575195312e-04 -1.743435859680175781e-04 -1.676678657531738281e-04 -1.600682735443115234e-04 -1.706182956695556641e-04 -1.682639122009277344e-04 -1.727938652038574219e-04 -1.703500747680664062e-04 -1.680850982666015625e-04 -1.623630523681640625e-04
1.844812599382636531e+00 1.873672008514404297e-04 1.760721206665039062e-04 1.826882362365722656e-04 1.771450042724609375e-04 1.704692840576171875e-04 1.813173294067382812e-04 1.634657382965087891e-04 1.715719699859619141e-04 1.755654811859130859e-04 1.831650733947753906e-04
1.851265361368024331e+00 -6.729364395141601562e-05 -6.994605064392089844e-05 -6.633996963500976562e-05 -7.528066635131835938e-05 -7.539987564086914062e-05 -8.010864257812500000e-05 -9.572505950927734375e-05 -7.605552673339843750e-05 -7.605552673339843750e-05 -7.104873657226562500e-05
1.857718123353412354e+00 -1.479089260101318359e-04 -1.350939273834228516e-04 -1.431107521057128906e-04 -1.376867294311523438e-04 -1.473724842071533203e-04 -1.459419727325439453e-04 -1.415312290191650391e-04 -1.512765884399414062e-04 -1.464188098907470703e-04 -1.598894596099853516e-04
1.864170885338800154e+00 2.264380455017089844e-04 2.261698246002197266e-04 2.291500568389892578e-04 2.183318138122558594e-04 2.090036869049072266e-04 2.180635929107666016e-04 2.296268939971923828e-04 2.301037311553955078e-04 2.149343490600585938e-04 2.292692661285400391e-04
1.870623647324188177e+00 -1.392364501953125000e-04 -1.402497291564941406e-04 -1.504421234130859375e-04 -1.344382762908935547e-04 -1.465380191802978516e-04 -1.494884490966796875e-04 -1.466870307922363281e-04 -1.509487628936767578e-04 -1.364648342132568359e-04 -1.570880413055419922e-04
1.877076409309575977e+00 -7.233023643493652344e-05 -7.051229476928710938e-05 -6.169080734252929688e-05 -7.486343383789062500e-05 -6.601214408874511719e-05 -6.282329559326171875e-05 -6.768107414245605469e-05 -7.337331771850585938e-05 -7.739663124084472656e-05 -6.380677223205566406e-05
1.883529171294964000e+00 2.189874649047851562e-04 2.116262912750244141e-04 2.110004425048828125e-04 2.188086509704589844e-04 2.132356166839599609e-04 2.103745937347412109e-04 2.149641513824462891e-04 2.120733261108398438e-04 2.269148826599121094e-04 2.188980579376220703e-04
1.889981933280351800e+00 -2.320706844329833984e-04 -2.399384975433349609e-04 -2.299845218658447266e-04 -2.401471138000488281e-04 -2.407431602478027344e-04 -2.321600914001464844e-04 -2.379715442657470703e-04 -2.422034740447998047e-04 -2.425611019134521484e-04 -2.359747886657714844e-04
1.896434695265739823e+00 4.020333290100097656e-05 3.370642662048339844e-05 3.269314765930175781e-05 3.334879875183105469e-05 3.910064697265625000e-05 3.847479820251464844e-05 5.087256431579589844e-05 3.749132156372070312e-05 3.692507743835449219e-05 4.649162292480468750e-05
1.902887457251127623e+00 1.828372478485107422e-04 1.734197139739990234e-04 1.612007617950439453e-04 1.665949821472167969e-04 1.796782016754150391e-04 1.732110977172851562e-04 1.775026321411132812e-04 1.662075519561767578e-04 1.648366451263427734e-04 1.776814460754394531e-04
1.909340219236515646e+00 -2.484619617462158203e-04 -2.413094043731689453e-04 -2.467930316925048828e-04 -2.387464046478271484e-04 -2.453327178955078125e-04 -2.409219741821289062e-04 -2.379119396209716797e-04 -2.444088459014892578e-04 -2.379417419433593750e-04 -2.450942993164062500e-04
1.915792981221903446e+00 1.383423805236816406e-04 1.322925090789794922e-04 1.382827758789062500e-04 1.345276832580566406e-04 1.413822174072265625e-04 1.447796821594238281e-04 1.262426376342773438e-04 1.455247402191162109e-04 1.377463340759277344e-04 1.308321952819824219e-04
1.922245743207291468e+00 3.936886787414550781e-05 4.267692565917968750e-05 4.696846008300781250e-05 5.304813385009765625e-05 5.212426185607910156e-05 2.604722976684570312e-05 2.360343933105468750e-05 4.187226295471191406e-05 4.923343658447265625e-05 3.305077552795410156e-05
1.928698505192679269e+00 -1.585781574249267578e-04 -1.489520072937011719e-04 -1.551806926727294922e-04 -1.649558544158935547e-04 -1.599192619323730469e-04 -1.461505889892578125e-04 -1.593232154846191406e-04 -1.639425754547119141e-04 -1.649558544158935547e-04 -1.644194126129150391e-04
1.935151267178067069e+00 2.319514751434326172e-04 2.474188804626464844e-04 2.488493919372558594e-04 2.315342426300048828e-04 2.366602420806884766e-04 2.447962760925292969e-04 2.359449863433837891e-04 2.509951591491699219e-04 2.406835556030273438e-04 2.486705780029296875e-04
1.941604029163455092e+00 -6.234645843505859375e-05 -6.046891212463378906e-05 -5.897879600524902344e-05 -5.206465721130371094e-05 -5.850195884704589844e-05 -5.108118057250976562e-05 -6.932020187377929688e-05 -6.780028343200683594e-05 -4.866719245910644531e-05 -5.969405174255371094e-05
1.948056791148842892e+00 -6.863474845886230469e-05 -8.800625801086425781e-05 -7.334351539611816406e-05 -7.823109626770019531e-05 -7.492303848266601562e-05 -6.330013275146484375e-05 -6.383657455444335938e-05 -7.879734039306640625e-05 -6.476044654846191406e-05 -6.517767906188964844e-05
1.954509553134230915e+00 1.274943351745605469e-04 1.218318939208984375e-04 1.231729984283447266e-04 1.270771026611328125e-04 1.294612884521484375e-04 1.240372657775878906e-04 1.264214515686035156e-04 1.351833343505859375e-04 1.229643821716308594e-04 1.142024993896484375e-04
1.960962315119618715e+00 -5.751848220825195312e-05 -6.836652755737304688e-05 -5.540251731872558594e-05 -6.502866744995117188e-05 -6.991624832153320312e-05 -7.155537605285644531e-05 -8.660554885864257812e-05 -7.185339927673339844e-05 -7.465481758117675781e-05 -6.881356239318847656e-05
1.967415077105006738e+00 3.278255462646484375e-07 1.090764999389648438e-05 -2.175569534301757812e-06 2.205371856689453125e-06 -9.030103683471679688e-06 -2.056360244750976562e-06 -4.470348358154296875e-07 -8.285045623779296875e-06 1.728534698486328125e-06 7.748603820800781250e-07
1.973867839090394538e+00 9.387731552124023438e-05 9.998679161071777344e-05 9.575486183166503906e-05 1.053512096405029297e-04 8.949637413024902344e-05 9.930133819580078125e-05 1.029074192047119141e-04 1.110434532165527344e-04 9.071826934814453125e-05 1.019835472106933594e-04
1.980320601075782561e+00 -7.367134094238281250e-05 -7.718801498413085938e-05 -6.225705146789550781e-05 -7.134675979614257812e-05 -7.894635200500488281e-05 -7.498264312744140625e-05 -6.958842277526855469e-05 -7.143616676330566406e-05 -7.885694503784179688e-05 -7.903575897216796875e-05
1.986773363061170361e+00 -6.344914436340332031e-05 -4.592537879943847656e-05 -5.313754081726074219e-05 -4.819035530090332031e-05 -5.301833152770996094e-05 -5.495548248291015625e-05 -5.221366882324218750e-05 -5.730986595153808594e-05 -5.918741226196289062e-05 -4.890561103820800781e-05
1.993226125046558384e+00 1.090168952941894531e-04 1.110136508941650391e-04 1.113116741180419922e-04 1.019537448883056641e-04 1.188218593597412109e-04 1.155138015747070312e-04 1.083314418792724609e-04 1.220107078552246094e-04 1.233220100402832031e-04 1.193284988403320312e-04
1.999678887031946184e+00 3.409385681152343750e-05 2.178549766540527344e-05 2.822279930114746094e-05 2.953410148620605469e-05 1.785159111022949219e-05 2.235174179077148438e-05 2.396106719970703125e-05 6.198883056640625000e-06 2.780556678771972656e-05 2.318620681762695312e-05
2.006131649017333984e+00 5.602836608886718750e-06 1.102685928344726562e-05 1.180171966552734375e-05 4.112720489501953125e-06 2.533197402954101562e-06 1.072883605957031250e-05 6.079673767089843750e-06 1.913309097290039062e-05 1.752376556396484375e-05 2.104043960571289062e-05
