# Range[m] 0 1 2 3 4 5 6 7 8 9
1.800000071525573730e-01 -6.658315658569335938e-03 -6.685376167297363281e-03 -6.692528724670410156e-03 -6.681740283966064453e-03 -6.704509258270263672e-03 -6.657779216766357422e-03 -6.663173437118530273e-03 -6.682425737380981445e-03 -6.708979606628417969e-03 -6.688803434371948242e-03
1.864527691379452845e-01 2.550274133682250977e-03 2.591162919998168945e-03 2.640098333358764648e-03 2.631068229675292969e-03 2.655833959579467773e-03 2.587825059890747070e-03 2.588778734207153320e-03 2.614855766296386719e-03 2.668708562850952148e-03 2.624422311782836914e-03
1.929055311233331682e-01 3.828316926956176758e-03 3.797203302383422852e-03 3.751784563064575195e-03 3.743648529052734375e-03 3.708571195602416992e-03 3.762543201446533203e-03 3.760755062103271484e-03 3.752946853637695312e-03 3.718018531799316406e-03 3.755897283554077148e-03
1.993582931087210797e-01 -5.809426307678222656e-03 -5.796998739242553711e-03 -5.806237459182739258e-03 -5.793243646621704102e-03 -5.808234214782714844e-03 -5.790561437606811523e-03 -5.779236555099487305e-03 -5.805701017379760742e-03 -5.829423666000366211e-03 -5.778938531875610352e-03
2.058110550941089911e-01 3.414452075958251953e-03 3.449440002441406250e-03 3.482967615127563477e-03 3.454893827438354492e-03 3.484815359115600586e-03 3.455758094787597656e-03 3.456383943557739258e-03 3.462582826614379883e-03 3.504782915115356445e-03 3.472805023193359375e-03
2.122638170794968748e-01 1.095682382583618164e-03 1.095235347747802734e-03 1.015484333038330078e-03 1.039654016494750977e-03 1.019328832626342773e-03 1.050889492034912109e-03 1.035034656524658203e-03 1.040250062942504883e-03 1.031488180160522461e-03 1.049548387527465820e-03
2.187165790648847863e-01 -3.442406654357910156e-03 -3.452122211456298828e-03 -3.420442342758178711e-03 -3.440320491790771484e-03 -3.400176763534545898e-03 -3.442436456680297852e-03 -3.429502248764038086e-03 -3.432989120483398438e-03 -3.425210714340209961e-03 -3.444641828536987305e-03
2.251693410502726977e-01 3.321468830108642578e-03 3.342360258102416992e-03 3.334552049636840820e-03 3.335118293762207031e-03 3.331542015075683594e-03 3.347396850585937500e-03 3.319263458251953125e-03 3.334611654281616211e-03 3.354161977767944336e-03 3.331601619720458984e-03
2.316221030356606092e-01 -7.936358451843261719e-04 -7.926225662231445312e-04 -7.980763912200927734e-04 -8.145868778228759766e-04 -8.104443550109863281e-04 -8.085370063781738281e-04 -8.100569248199462891e-04 -8.203387260437011719e-04 -7.984042167663574219e-04 -8.081495761871337891e-04
2.380748650210485207e-01 -1.344382762908935547e-03 -1.353204250335693359e-03 -1.338332891464233398e-03 -1.359075307846069336e-03 -1.329779624938964844e-03 -1.346677541732788086e-03 -1.339524984359741211e-03 -1.329481601715087891e-03 -1.347005367279052734e-03 -1.349061727523803711e-03
2.445276270064364044e-01 1.113086938858032227e-03 1.109600067138671875e-03 1.106113195419311523e-03 1.128315925598144531e-03 1.116931438446044922e-03 1.127481460571289062e-03 1.137673854827880859e-03 1.134574413299560547e-03 1.104116439819335938e-03 1.120418310165405273e-03
2.509803889918242881e-01 1.699924468994140625e-04 1.911818981170654297e-04 1.848340034484863281e-04 1.749396324157714844e-04 1.650750637054443359e-04 1.809000968933105469e-04 1.621246337890625000e-04 1.818835735321044922e-04 1.881718635559082031e-04 1.796185970306396484e-04
2.574331509772121995e-01 -8.847713470458984375e-04 -8.762776851654052734e-04 -8.826255798339843750e-04 -8.926987648010253906e-04 -8.865296840667724609e-04 -8.895695209503173828e-04 -8.974373340606689453e-04 -8.884072303771972656e-04 -8.829832077026367188e-04 -8.930265903472900391e-04
2.638859129626001110e-01 2.964138984680175781e-04 2.928078174591064453e-04 2.959072589874267578e-04 3.150999546051025391e-04 3.309249877929687500e-04 3.124475479125976562e-04 3.124773502349853516e-04 3.212392330169677734e-04 3.030300140380859375e-04 2.935826778411865234e-04
2.703386749479880224e-01 6.978511810302734375e-04 7.011294364929199219e-04 6.847381591796875000e-04 6.757378578186035156e-04 6.713867187500000000e-04 6.990134716033935547e-04 6.787478923797607422e-04 6.847679615020751953e-04 7.043480873107910156e-04 6.996691226959228516e-04
2.767914369333759339e-01 -1.389980316162109375e-03 -1.383990049362182617e-03 -1.378387212753295898e-03 -1.389473676681518555e-03 -1.385152339935302734e-03 -1.396238803863525391e-03 -1.405417919158935547e-03 -1.402378082275390625e-03 -1.387119293212890625e-03 -1.373261213302612305e-03
2.832441989187638454e-01 6.849169731140136719e-04 6.635189056396484375e-04 6.817281246185302734e-04 7.019937038421630859e-04 6.991624832153320312e-04 6.736814975738525391e-04 6.943047046661376953e-04 6.869435310363769531e-04 6.738305091857910156e-04 6.757676601409912109e-04
2.896969609041517568e-01 7.232129573822021484e-04 7.239878177642822266e-04 6.989538669586181641e-04 7.167756557464599609e-04 7.013976573944091797e-04 7.296502590179443359e-04 7.333457469940185547e-04 7.103085517883300781e-04 7.086396217346191406e-04 7.146894931793212891e-04
2.961497228895396683e-01 -1.229256391525268555e-03 -1.200407743453979492e-03 -1.202136278152465820e-03 -1.224398612976074219e-03 -1.202791929244995117e-03 -1.218080520629882812e-03 -1.242518424987792969e-03 -1.217395067214965820e-03 -1.194328069686889648e-03 -1.202434301376342773e-03
3.026024848749275242e-01 7.482171058654785156e-04 7.247924804687500000e-04 7.532536983489990234e-04 7.532536983489990234e-04 7.500648498535156250e-04 7.585883140563964844e-04 7.547140121459960938e-04 7.434785366058349609e-04 7.403194904327392578e-04 7.411241531372070312e-04
3.090552468603154357e-01 5.248188972473144531e-04 5.367696285247802734e-04 5.165040493011474609e-04 5.328059196472167969e-04 5.234479904174804688e-04 5.341768264770507812e-04 5.412399768829345703e-04 5.259215831756591797e-04 5.160868167877197266e-04 5.267560482025146484e-04
3.155080088457033471e-01 -1.117348670959472656e-03 -1.089274883270263672e-03 -1.099586486816406250e-03 -1.100778579711914062e-03 -1.099884510040283203e-03 -1.097440719604492188e-03 -1.122206449508666992e-03 -1.102715730667114258e-03 -1.085907220840454102e-03 -1.090407371520996094e-03
3.219607708310912586e-01 7.730126380920410156e-04 7.587373256683349609e-04 7.884204387664794922e-04 7.750689983367919922e-04 7.752180099487304688e-04 7.696151733398437500e-04 7.665753364562988281e-04 7.708072662353515625e-04 7.703304290771484375e-04 7.678270339965820312e-04
3.284135328164791701e-01 3.533959388732910156e-04 3.559589385986328125e-04 3.302693367004394531e-04 3.477036952972412109e-04 3.444552421569824219e-04 3.633201122283935547e-04 3.592073917388916016e-04 3.374218940734863281e-04 3.371834754943847656e-04 3.378093242645263672e-04
3.348662948018670260e-01 -1.432061195373535156e-03 -1.419812440872192383e-03 -1.418560743331909180e-03 -1.421451568603515625e-03 -1.427203416824340820e-03 -1.413881778717041016e-03 -1.420646905899047852e-03 -1.409202814102172852e-03 -1.404196023941040039e-03 -1.412630081176757812e-03
3.413190567872549375e-01 1.206815242767333984e-03 1.214772462844848633e-03 1.218169927597045898e-03 1.217871904373168945e-03 1.222759485244750977e-03 1.213163137435913086e-03 1.193612813949584961e-03 1.205086708068847656e-03 1.211106777191162109e-03 1.203328371047973633e-03
3.477718187726428489e-01 -1.382827758789062500e-05 -2.634525299072265625e-05 -1.975893974304199219e-05 -1.853704452514648438e-05 -3.275275230407714844e-05 -1.338124275207519531e-05 -5.960464477539062500e-06 -3.349781036376953125e-05 -3.102421760559082031e-05 -2.586841583251953125e-05
3.542245807580307604e-01 -9.165108203887939453e-04 -8.994936943054199219e-04 -8.843839168548583984e-04 -8.834898471832275391e-04 -8.934140205383300781e-04 -8.884668350219726562e-04 -9.022951126098632812e-04 -9.030997753143310547e-04 -8.998215198516845703e-04 -8.867979049682617188e-04
3.606773427434186718e-01 1.165747642517089844e-03 1.186639070510864258e-03 1.163452863693237305e-03 1.165181398391723633e-03 1.167058944702148438e-03 1.175493001937866211e-03 1.151323318481445312e-03 1.160383224487304688e-03 1.183211803436279297e-03 1.169145107269287109e-03
3.671301047288065833e-01 -7.253885269165039062e-04 -7.373392581939697266e-04 -7.459521293640136719e-04 -7.454752922058105469e-04 -7.452666759490966797e-04 -7.441937923431396484e-04 -7.455348968505859375e-04 -7.463991641998291016e-04 -7.457137107849121094e-04 -7.388591766357421875e-04
3.735828667141944948e-01 -2.971887588500976562e-04 -3.093183040618896484e-04 -2.928376197814941406e-04 -2.873241901397705078e-04 -2.784132957458496094e-04 -2.890825271606445312e-04 -2.899467945098876953e-04 -2.906322479248046875e-04 -2.826750278472900391e-04 -2.861320972442626953e-04
3.800356286995824062e-01 1.145780086517333984e-03 1.159816980361938477e-03 1.153200864791870117e-03 1.137971878051757812e-03 1.137673854827880859e-03 1.148730516433715820e-03 1.124888658523559570e-03 1.163154840469360352e-03 1.164317131042480469e-03 1.161783933639526367e-03
3.864883906849703177e-01 -9.808540344238281250e-04 -9.686946868896484375e-04 -9.782612323760986328e-04 -9.904205799102783203e-04 -9.831488132476806641e-04 -9.806752204895019531e-04 -9.898543357849121094e-04 -9.917318820953369141e-04 -9.809136390686035156e-04 -9.790062904357910156e-04
3.929411526703582291e-01 1.345276832580566406e-04 1.230239868164062500e-04 1.423358917236328125e-04 1.370310783386230469e-04 1.389384269714355469e-04 1.417100429534912109e-04 1.499950885772705078e-04 1.419484615325927734e-04 1.388192176818847656e-04 1.296401023864746094e-04
3.993939146557460851e-01 5.403161048889160156e-04 5.404353141784667969e-04 5.280673503875732422e-04 5.435049533843994141e-04 5.398392677307128906e-04 5.332827568054199219e-04 5.307793617248535156e-04 5.328059196472167969e-04 5.309283733367919922e-04 5.354881286621093750e-04
4.058466766411339965e-01 -1.034319400787353516e-03 -1.027435064315795898e-03 -1.036137342453002930e-03 -1.026779413223266602e-03 -1.036077737808227539e-03 -1.047074794769287109e-03 -1.036256551742553711e-03 -1.045078039169311523e-03 -1.035600900650024414e-03 -1.026540994644165039e-03
4.122994386265219080e-01 6.274580955505371094e-04 6.203353404998779297e-04 6.262362003326416016e-04 6.270408630371093750e-04 6.301105022430419922e-04 6.005465984344482422e-04 6.338655948638916016e-04 6.324350833892822266e-04 6.319880485534667969e-04 6.237328052520751953e-04
4.187522006119098195e-01 3.820955753326416016e-04 3.896653652191162109e-04 3.624558448791503906e-04 3.752708435058593750e-04 3.667771816253662109e-04 3.856420516967773438e-04 3.773570060729980469e-04 3.618001937866210938e-04 3.609061241149902344e-04 3.693103790283203125e-04
4.252049625972976754e-01 -1.088589429855346680e-03 -1.075953245162963867e-03 -1.079887151718139648e-03 -1.085102558135986328e-03 -1.079231500625610352e-03 -1.088857650756835938e-03 -1.092374324798583984e-03 -1.080214977264404297e-03 -1.072198152542114258e-03 -1.076579093933105469e-03
4.316577245826856424e-01 6.820857524871826172e-04 6.759166717529296875e-04 6.904006004333496094e-04 6.879270076751708984e-04 6.907880306243896484e-04 6.878972053527832031e-04 6.822049617767333984e-04 6.848275661468505859e-04 6.817281246185302734e-04 6.734132766723632812e-04
4.381104865680734983e-01 -1.230835914611816406e-04 -1.234412193298339844e-04 -1.519322395324707031e-04 -1.425445079803466797e-04 -1.385509967803955078e-04 -1.451373100280761719e-04 -1.172423362731933594e-04 -1.505315303802490234e-04 -1.510083675384521484e-04 -1.281201839447021484e-04
4.445632485534614098e-01 -6.135404109954833984e-04 -6.117522716522216797e-04 -5.942583084106445312e-04 -6.006360054016113281e-04 -5.895197391510009766e-04 -5.915462970733642578e-04 -6.031692028045654297e-04 -5.921125411987304688e-04 -5.828440189361572266e-04 -5.946457386016845703e-04
4.510160105388493212e-01 1.061886548995971680e-03 1.039326190948486328e-03 1.046389341354370117e-03 1.043170690536499023e-03 1.033395528793334961e-03 1.052767038345336914e-03 1.035362482070922852e-03 1.038610935211181641e-03 1.053661108016967773e-03 1.049935817718505859e-03
4.574687725242372327e-01 -9.269714355468750000e-04 -9.351074695587158203e-04 -9.301006793975830078e-04 -9.277462959289550781e-04 -9.374618530273437500e-04 -9.288489818572998047e-04 -9.116232395172119141e-04 -9.371042251586914062e-04 -9.445846080780029297e-04 -9.286701679229736328e-04
4.639215345096251442e-01 -2.747774124145507812e-04 -2.824068069458007812e-04 -2.627074718475341797e-04 -2.671480178833007812e-04 -2.661347389221191406e-04 -2.697110176086425781e-04 -2.678036689758300781e-04 -2.720952033996582031e-04 -2.565979957580566406e-04 -2.779662609100341797e-04
4.703742964950130556e-01 8.797943592071533203e-04 8.822381496429443359e-04 8.798837661743164062e-04 8.707046508789062500e-04 8.718371391296386719e-04 8.751749992370605469e-04 8.703172206878662109e-04 8.673369884490966797e-04 8.763670921325683594e-04 8.812248706817626953e-04
4.768270584804009671e-01 -7.830858230590820312e-04 -7.976293563842773438e-04 -8.030533790588378906e-04 -7.947981357574462891e-04 -7.812380790710449219e-04 -7.991492748260498047e-04 -7.959306240081787109e-04 -8.032023906707763672e-04 -8.101165294647216797e-04 -7.999241352081298828e-04
4.832798204657888230e-01 2.282857894897460938e-04 2.164542675018310547e-04 2.388060092926025391e-04 2.400577068328857422e-04 2.439916133880615234e-04 2.338290214538574219e-04 2.384185791015625000e-04 2.320408821105957031e-04 2.357065677642822266e-04 2.170801162719726562e-04
4.897325824511767345e-01 4.984140396118164062e-04 5.035996437072753906e-04 5.008280277252197266e-04 4.927814006805419922e-04 5.066394805908203125e-04 5.057156085968017578e-04 4.857182502746582031e-04 4.930198192596435547e-04 5.016326904296875000e-04 4.994869232177734375e-04
4.961853444365646459e-01 -1.031726598739624023e-03 -1.043468713760375977e-03 -1.048505306243896484e-03 -1.038402318954467773e-03 -1.032918691635131836e-03 -1.039683818817138672e-03 -1.034587621688842773e-03 -1.039713621139526367e-03 -1.042544841766357422e-03 -1.041591167449951172e-03
5.026381064219525019e-01 4.491209983825683594e-04 4.355609416961669922e-04 4.529058933258056641e-04 4.655718803405761719e-04 4.559457302093505859e-04 4.543960094451904297e-04 4.673600196838378906e-04 4.420578479766845703e-04 4.536509513854980469e-04 4.447996616363525391e-04
5.090908684073405244e-01 3.590285778045654297e-04 3.555417060852050781e-04 3.610551357269287109e-04 3.503262996673583984e-04 3.477036952972412109e-04 3.512501716613769531e-04 3.351271152496337891e-04 3.492236137390136719e-04 3.467500209808349609e-04 3.465116024017333984e-04
5.155436303927283248e-01 -5.502700805664062500e-04 -5.490779876708984375e-04 -5.417764186859130859e-04 -5.506575107574462891e-04 -5.382299423217773438e-04 -5.525052547454833984e-04 -5.459785461425781250e-04 -5.494654178619384766e-04 -5.462467670440673828e-04 -5.473196506500244141e-04
5.219963923781163473e-01 2.332329750061035156e-04 2.038180828094482422e-04 2.259910106658935547e-04 2.435445785522460938e-04 2.321004867553710938e-04 2.270936965942382812e-04 2.478361129760742188e-04 2.290010452270507812e-04 2.273321151733398438e-04 2.183914184570312500e-04
5.284491543635041477e-01 3.224611282348632812e-05 3.182888031005859375e-05 3.203749656677246094e-05 1.814961433410644531e-05 2.560019493103027344e-05 3.340840339660644531e-05 2.646446228027343750e-05 2.115964889526367188e-05 3.173947334289550781e-05 2.309679985046386719e-05
5.349019163488920592e-01 -1.355111598968505859e-04 -1.339912414550781250e-04 -1.354217529296875000e-04 -1.352727413177490234e-04 -1.346170902252197266e-04 -1.282989978790283203e-04 -1.385509967803955078e-04 -1.335442066192626953e-04 -1.381635665893554688e-04 -1.384019851684570312e-04
5.413546783342799706e-01 -4.780292510986328125e-04 -4.807114601135253906e-04 -4.763007164001464844e-04 -4.718601703643798828e-04 -4.695057868957519531e-04 -4.819333553314208984e-04 -4.763007164001464844e-04 -4.772841930389404297e-04 -4.668235778808593750e-04 -4.869699478149414062e-04
5.478074403196678821e-01 1.154363155364990234e-03 1.157492399215698242e-03 1.162022352218627930e-03 1.162499189376831055e-03 1.168191432952880859e-03 1.168042421340942383e-03 1.159965991973876953e-03 1.152664422988891602e-03 1.164585351943969727e-03 1.164197921752929688e-03
5.542602023050557936e-01 -6.270706653594970703e-04 -6.147027015686035156e-04 -6.320774555206298828e-04 -6.270110607147216797e-04 -6.454885005950927734e-04 -6.249845027923583984e-04 -6.374716758728027344e-04 -6.286203861236572266e-04 -6.328821182250976562e-04 -6.199777126312255859e-04
5.607129642904437050e-01 -1.610785722732543945e-03 -1.639813184738159180e-03 -1.612931489944458008e-03 -1.607298851013183594e-03 -1.605004072189331055e-03 -1.629203557968139648e-03 -1.598954200744628906e-03 -1.621961593627929688e-03 -1.607358455657958984e-03 -1.619279384613037109e-03
5.671657262758316165e-01 3.469228744506835938e-03 3.471195697784423828e-03 3.476679325103759766e-03 3.470182418823242188e-03 3.493547439575195312e-03 3.461897373199462891e-03 3.463238477706909180e-03 3.475785255432128906e-03 3.475517034530639648e-03 3.488063812255859375e-03
5.736184882612194169e-01 -3.053277730941772461e-03 -3.061115741729736328e-03 -3.089576959609985352e-03 -3.095984458923339844e-03 -3.111928701400756836e-03 -3.068178892135620117e-03 -3.080874681472778320e-03 -3.100425004959106445e-03 -3.108203411102294922e-03 -3.077745437622070312e-03
5.800712502466074394e-01 -6.836354732513427734e-04 -6.893277168273925781e-04 -6.310641765594482422e-04 -6.358921527862548828e-04 -5.981624126434326172e-04 -6.644129753112792969e-04 -6.368756294250488281e-04 -6.385147571563720703e-04 -6.274878978729248047e-04 -6.336569786071777344e-04
5.865240122319952398e-01 5.311042070388793945e-03 5.303770303726196289e-03 5.259633064270019531e-03 5.264967679977416992e-03 5.270212888717651367e-03 5.281686782836914062e-03 5.296230316162109375e-03 5.310237407684326172e-03 5.274236202239990234e-03 5.269378423690795898e-03
5.929767742173832623e-01 -7.800430059432983398e-03 -7.789075374603271484e-03 -7.814705371856689453e-03 -7.808148860931396484e-03 -7.819324731826782227e-03 -7.818073034286499023e-03 -7.820069789886474609e-03 -7.816404104232788086e-03 -7.824122905731201172e-03 -7.823258638381958008e-03
5.994295362027710627e-01 3.782421350479125977e-03 3.759622573852539062e-03 3.868609666824340820e-03 3.850221633911132812e-03 3.866851329803466797e-03 3.800898790359497070e-03 3.823310136795043945e-03 3.823280334472656250e-03 3.847837448120117188e-03 3.842383623123168945e-03
6.058822981881590852e-01 3.856956958770751953e-03 3.856927156448364258e-03 3.769427537918090820e-03 3.800541162490844727e-03 3.704458475112915039e-03 3.852456808090209961e-03 3.803670406341552734e-03 3.790259361267089844e-03 3.733783960342407227e-03 3.808945417404174805e-03
6.123350601735468857e-01 -9.481251239776611328e-03 -9.500563144683837891e-03 -9.415477514266967773e-03 -9.441882371902465820e-03 -9.411692619323730469e-03 -9.431838989257812500e-03 -9.424895048141479492e-03 -9.446293115615844727e-03 -9.433090686798095703e-03 -9.441286325454711914e-03
6.187878221589347971e-01 1.085367798805236816e-02 1.083403825759887695e-02 1.089400053024291992e-02 1.089203357696533203e-02 1.091852784156799316e-02 1.088318228721618652e-02 1.087531447410583496e-02 1.088228821754455566e-02 1.088437438011169434e-02 1.087850332260131836e-02
6.252405841443227086e-01 -2.894669771194458008e-03 -2.893507480621337891e-03 -3.010392189025878906e-03 -2.981722354888916016e-03 -3.053069114685058594e-03 -2.956211566925048828e-03 -2.996832132339477539e-03 -2.978682518005371094e-03 -2.999156713485717773e-03 -2.981454133987426758e-03
6.316933461297106200e-01 -7.417857646942138672e-03 -7.438927888870239258e-03 -7.281482219696044922e-03 -7.306963205337524414e-03 -7.221877574920654297e-03 -7.308274507522583008e-03 -7.285982370376586914e-03 -7.305562496185302734e-03 -7.306993007659912109e-03 -7.261931896209716797e-03
6.381461081150985315e-01 1.415550708770751953e-02 1.415935158729553223e-02 1.413372159004211426e-02 1.414096355438232422e-02 1.410976052284240723e-02 1.413643360137939453e-02 1.411995291709899902e-02 1.415354013442993164e-02 1.412931084632873535e-02 1.413223147392272949e-02
6.445988701004864430e-01 -9.668350219726562500e-03 -9.676098823547363281e-03 -9.764403104782104492e-03 -9.767711162567138672e-03 -9.808152914047241211e-03 -9.715378284454345703e-03 -9.798109531402587891e-03 -9.774744510650634766e-03 -9.807586669921875000e-03 -9.776979684829711914e-03
6.510516320858743544e-01 2.369880676269531250e-04 2.215206623077392578e-04 3.992319107055664062e-04 3.923475742340087891e-04 4.725158214569091797e-04 3.426671028137207031e-04 3.712177276611328125e-04 3.876090049743652344e-04 4.115998744964599609e-04 3.473758697509765625e-04
6.575043940712622659e-01 1.130351424217224121e-02 1.133522391319274902e-02 1.118302345275878906e-02 1.121068000793457031e-02 1.116311550140380859e-02 1.126125454902648926e-02 1.124209165573120117e-02 1.122012734413146973e-02 1.120975613594055176e-02 1.123428344726562500e-02
6.639571560566501773e-01 -1.351523399353027344e-02 -1.354241371154785156e-02 -1.352253556251525879e-02 -1.354932785034179688e-02 -1.354643702507019043e-02 -1.355135440826416016e-02 -1.353460550308227539e-02 -1.354086399078369141e-02 -1.353684067726135254e-02 -1.351580023765563965e-02
6.704099180420379778e-01 7.573843002319335938e-03 7.568269968032836914e-03 7.679224014282226562e-03 7.668852806091308594e-03 7.709354162216186523e-03 7.621198892593383789e-03 7.649570703506469727e-03 7.669568061828613281e-03 7.692068815231323242e-03 7.658690214157104492e-03
6.768626800274260003e-01 4.421770572662353516e-03 4.476785659790039062e-03 4.274964332580566406e-03 4.333645105361938477e-03 4.278093576431274414e-03 4.412710666656494141e-03 4.358291625976562500e-03 4.344403743743896484e-03 4.314690828323364258e-03 4.353851079940795898e-03
6.833154420128139117e-01 -1.166877150535583496e-02 -1.164245605468750000e-02 -1.160141825675964355e-02 -1.161175966262817383e-02 -1.156297326087951660e-02 -1.165199279785156250e-02 -1.162233948707580566e-02 -1.161503791809082031e-02 -1.159697771072387695e-02 -1.162108778953552246e-02
6.897682039982017121e-01 1.071196794509887695e-02 1.072594523429870605e-02 1.073992252349853516e-02 1.074659824371337891e-02 1.075232028961181641e-02 1.073068380355834961e-02 1.073396205902099609e-02 1.069939136505126953e-02 1.074501872062683105e-02 1.071524620056152344e-02
6.962209659835896236e-01 -2.135038375854492188e-03 -2.153158187866210938e-03 -2.278029918670654297e-03 -2.215892076492309570e-03 -2.256780862808227539e-03 -2.189069986343383789e-03 -2.225041389465332031e-03 -2.229541540145874023e-03 -2.218902111053466797e-03 -2.204567193984985352e-03
7.026737279689775351e-01 -6.425172090530395508e-03 -6.410092115402221680e-03 -6.349623203277587891e-03 -6.373822689056396484e-03 -6.345361471176147461e-03 -6.396621465682983398e-03 -6.410002708435058594e-03 -6.365060806274414062e-03 -6.367683410644531250e-03 -6.362497806549072266e-03
7.091264899543654465e-01 9.054541587829589844e-03 9.046852588653564453e-03 9.016126394271850586e-03 9.043633937835693359e-03 9.034872055053710938e-03 9.030789136886596680e-03 9.045183658599853516e-03 9.034037590026855469e-03 9.029060602188110352e-03 9.035766124725341797e-03
7.155792519397533580e-01 -4.574000835418701172e-03 -4.572987556457519531e-03 -4.660874605178833008e-03 -4.619807004928588867e-03 -4.650980234146118164e-03 -4.624396562576293945e-03 -4.633098840713500977e-03 -4.633188247680664062e-03 -4.635661840438842773e-03 -4.617393016815185547e-03
7.220320139251412694e-01 -3.507077693939208984e-03 -3.509938716888427734e-03 -3.432601690292358398e-03 -3.446429967880249023e-03 -3.418296575546264648e-03 -3.495693206787109375e-03 -3.433644771575927734e-03 -3.452479839324951172e-03 -3.420293331146240234e-03 -3.449678421020507812e-03
7.284847759105291809e-01 7.186084985733032227e-03 7.184058427810668945e-03 7.144689559936523438e-03 7.179468870162963867e-03 7.158607244491577148e-03 7.187992334365844727e-03 7.163196802139282227e-03 7.154256105422973633e-03 7.160723209381103516e-03 7.174670696258544922e-03
7.349375378959170924e-01 -5.079627037048339844e-03 -5.080729722976684570e-03 -5.121678113937377930e-03 -5.119949579238891602e-03 -5.121827125549316406e-03 -5.108863115310668945e-03 -5.142301321029663086e-03 -5.126297473907470703e-03 -5.125105381011962891e-03 -5.104839801788330078e-03
7.413902998813050038e-01 -4.670321941375732422e-04 -4.541873931884765625e-04 -3.950595855712890625e-04 -3.960132598876953125e-04 -3.684759140014648438e-04 -4.295408725738525391e-04 -4.192590713500976562e-04 -4.193782806396484375e-04 -3.963410854339599609e-04 -4.205703735351562500e-04
7.478430618666929153e-01 4.577070474624633789e-03 4.596024751663208008e-03 4.527121782302856445e-03 4.569381475448608398e-03 4.536122083663940430e-03 4.581511020660400391e-03 4.563093185424804688e-03 4.553526639938354492e-03 4.530042409896850586e-03 4.542678594589233398e-03
7.542958238520808267e-01 -5.712360143661499023e-03 -5.706280469894409180e-03 -5.728453397750854492e-03 -5.725115537643432617e-03 -5.724370479583740234e-03 -5.703449249267578125e-03 -5.708515644073486328e-03 -5.708843469619750977e-03 -5.698800086975097656e-03 -5.724072456359863281e-03
7.607485858374687382e-01 2.580106258392333984e-03 2.567321062088012695e-03 2.605348825454711914e-03 2.581208944320678711e-03 2.610683441162109375e-03 2.585530281066894531e-03 2.586126327514648438e-03 2.604454755783081055e-03 2.633959054946899414e-03 2.593368291854858398e-03
7.672013478228566496e-01 1.437664031982421875e-03 1.434236764907836914e-03 1.375228166580200195e-03 1.377731561660766602e-03 1.351118087768554688e-03 1.418381929397583008e-03 1.397609710693359375e-03 1.391470432281494141e-03 1.377731561660766602e-03 1.388609409332275391e-03
7.736541098082445611e-01 -4.508554935455322266e-03 -4.501640796661376953e-03 -4.473447799682617188e-03 -4.488736391067504883e-03 -4.481643438339233398e-03 -4.504382610321044922e-03 -4.497647285461425781e-03 -4.492431879043579102e-03 -4.471331834793090820e-03 -4.487603902816772461e-03
7.801068717936323615e-01 3.551721572875976562e-03 3.558695316314697266e-03 3.578215837478637695e-03 3.587961196899414062e-03 3.605067729949951172e-03 3.572583198547363281e-03 3.576785326004028320e-03 3.578066825866699219e-03 3.588467836380004883e-03 3.584593534469604492e-03
7.865596337790202730e-01 -3.608167171478271484e-04 -3.629028797149658203e-04 -4.143416881561279297e-04 -3.975033760070800781e-04 -4.276931285858154297e-04 -3.946423530578613281e-04 -4.088580608367919922e-04 -4.048943519592285156e-04 -4.063248634338378906e-04 -4.172921180725097656e-04
7.930123957644081845e-01 -2.240270376205444336e-03 -2.257436513900756836e-03 -2.219676971435546875e-03 -2.241998910903930664e-03 -2.220422029495239258e-03 -2.237558364868164062e-03 -2.207189798355102539e-03 -2.230644226074218750e-03 -2.228885889053344727e-03 -2.230137586593627930e-03
7.994651577497960959e-01 3.139048814773559570e-03 3.152728080749511719e-03 3.156960010528564453e-03 3.152996301651000977e-03 3.171175718307495117e-03 3.134429454803466797e-03 3.156691789627075195e-03 3.138691186904907227e-03 3.146350383758544922e-03 3.158837556838989258e-03
8.059179197351840074e-01 -2.551615238189697266e-03 -2.554297447204589844e-03 -2.576231956481933594e-03 -2.579182386398315430e-03 -2.593219280242919922e-03 -2.567559480667114258e-03 -2.564102411270141602e-03 -2.578407526016235352e-03 -2.586096525192260742e-03 -2.582162618637084961e-03
8.123706817205719188e-01 -8.336603641510009766e-04 -8.486211299896240234e-04 -8.150637149810791016e-04 -8.031129837036132812e-04 -8.149147033691406250e-04 -8.614957332611083984e-04 -8.405745029449462891e-04 -8.049309253692626953e-04 -7.908642292022705078e-04 -8.262991905212402344e-04
8.188234437059598303e-01 2.473503351211547852e-03 2.450317144393920898e-03 2.447813749313354492e-03 2.453476190567016602e-03 2.454280853271484375e-03 2.463817596435546875e-03 2.479374408721923828e-03 2.468824386596679688e-03 2.459615468978881836e-03 2.453535795211791992e-03
8.252762056913477418e-01 -2.333521842956542969e-03 -2.350270748138427734e-03 -2.357393503189086914e-03 -2.368062734603881836e-03 -2.370446920394897461e-03 -2.371758222579956055e-03 -2.361148595809936523e-03 -2.378374338150024414e-03 -2.358227968215942383e-03 -2.353072166442871094e-03
8.317289676767356532e-01 -8.288025856018066406e-05 -1.032352447509765625e-04 -7.247924804687500000e-05 -8.144974708557128906e-05 -8.553266525268554688e-05 -8.782744407653808594e-05 -8.642673492431640625e-05 -9.244680404663085938e-05 -7.483363151550292969e-05 -8.329749107360839844e-05
8.381817296621235647e-01 1.747786998748779297e-03 1.733243465423583984e-03 1.717418432235717773e-03 1.717448234558105469e-03 1.709014177322387695e-03 1.723974943161010742e-03 1.732707023620605469e-03 1.733094453811645508e-03 1.721411943435668945e-03 1.736193895339965820e-03
8.446344916475114761e-01 -1.462429761886596680e-03 -1.463681459426879883e-03 -1.461416482925415039e-03 -1.456081867218017578e-03 -1.458436250686645508e-03 -1.466244459152221680e-03 -1.464217901229858398e-03 -1.448899507522583008e-03 -1.459598541259765625e-03 -1.469790935516357422e-03
8.510872536328993876e-01 5.599260330200195312e-04 5.592703819274902344e-04 5.734860897064208984e-04 5.734264850616455078e-04 5.778968334197998047e-04 5.753338336944580078e-04 5.767941474914550781e-04 5.759298801422119141e-04 5.743205547332763672e-04 5.770921707153320312e-04
8.575400156182872990e-01 6.989836692810058594e-04 7.114410400390625000e-04 6.971061229705810547e-04 7.023513317108154297e-04 6.940662860870361328e-04 7.053315639495849609e-04 7.087886333465576172e-04 6.883740425109863281e-04 6.988346576690673828e-04 6.984472274780273438e-04
8.639927776036752105e-01 -1.367837190628051758e-03 -1.373708248138427734e-03 -1.362323760986328125e-03 -1.355886459350585938e-03 -1.357287168502807617e-03 -1.359760761260986328e-03 -1.362323760986328125e-03 -1.372516155242919922e-03 -1.366972923278808594e-03 -1.356631517410278320e-03
8.704455395890630109e-01 5.231499671936035156e-04 5.247294902801513672e-04 5.299746990203857422e-04 5.418658256530761719e-04 5.433857440948486328e-04 5.353093147277832031e-04 5.382895469665527344e-04 5.283057689666748047e-04 5.313456058502197266e-04 5.267560482025146484e-04
8.768983015744509224e-01 4.995167255401611328e-04 4.892647266387939453e-04 4.831850528717041016e-04 4.954636096954345703e-04 4.981756210327148438e-04 4.947483539581298828e-04 4.964768886566162109e-04 4.806518554687500000e-04 4.802048206329345703e-04 4.987716674804687500e-04
8.833510635598388339e-01 -7.175207138061523438e-04 -7.358193397521972656e-04 -7.311701774597167969e-04 -7.260143756866455078e-04 -7.295012474060058594e-04 -7.137656211853027344e-04 -7.336437702178955078e-04 -7.348954677581787109e-04 -7.269680500030517578e-04 -7.175207138061523438e-04
8.898038255452267453e-01 7.530152797698974609e-04 7.584393024444580078e-04 7.621645927429199219e-04 7.553994655609130859e-04 7.608830928802490234e-04 7.638037204742431641e-04 7.675588130950927734e-04 7.676482200622558594e-04 7.609426975250244141e-04 7.627308368682861328e-04
8.962565875306146568e-01 -1.448988914489746094e-04 -1.298785209655761719e-04 -1.485049724578857422e-04 -1.542866230010986328e-04 -1.460015773773193359e-04 -1.422464847564697266e-04 -1.506209373474121094e-04 -1.486539840698242188e-04 -1.562237739562988281e-04 -1.369118690490722656e-04
9.027093495160025682e-01 -5.813241004943847656e-04 -5.840957164764404297e-04 -5.756020545959472656e-04 -5.811154842376708984e-04 -5.659461021423339844e-04 -5.778372287750244141e-04 -5.754828453063964844e-04 -5.721449851989746094e-04 -5.668103694915771484e-04 -5.856454372406005859e-04
9.091621115013904797e-01 8.517503738403320312e-04 8.606612682342529297e-04 8.686482906341552734e-04 8.631944656372070312e-04 8.687674999237060547e-04 8.691251277923583984e-04 8.555352687835693359e-04 8.556246757507324219e-04 8.622705936431884766e-04 8.657872676849365234e-04
9.156148734867783912e-01 -3.356933593750000000e-04 -3.376603126525878906e-04 -3.399550914764404297e-04 -3.454089164733886719e-04 -3.461539745330810547e-04 -3.511905670166015625e-04 -3.556013107299804688e-04 -3.449618816375732422e-04 -3.407597541809082031e-04 -3.423392772674560547e-04
9.220676354721663026e-01 -1.831054687500000000e-04 -1.772344112396240234e-04 -1.856982707977294922e-04 -1.745820045471191406e-04 -1.772046089172363281e-04 -1.761615276336669922e-04 -1.657605171203613281e-04 -1.759827136993408203e-04 -1.753866672515869141e-04 -1.743137836456298828e-04
9.285203974575542141e-01 4.486441612243652344e-04 4.590153694152832031e-04 4.550218582153320312e-04 4.472732543945312500e-04 4.560351371765136719e-04 4.566013813018798828e-04 4.442632198333740234e-04 4.523992538452148438e-04 4.500746726989746094e-04 4.449784755706787109e-04
9.349731594429421255e-01 -2.856254577636718750e-04 -2.909302711486816406e-04 -3.048181533813476562e-04 -2.959966659545898438e-04 -3.044903278350830078e-04 -2.987086772918701172e-04 -3.001689910888671875e-04 -2.947747707366943359e-04 -3.010332584381103516e-04 -3.000795841217041016e-04
9.414259214283300370e-01 6.356835365295410156e-05 6.663799285888671875e-05 7.605552673339843750e-05 7.238984107971191406e-05 7.328391075134277344e-05 7.253885269165039062e-05 6.109476089477539062e-05 5.999207496643066406e-05 6.788969039916992188e-05 7.000565528869628906e-05
9.478786834137179484e-01 3.729760646820068359e-04 3.693103790283203125e-04 3.673732280731201172e-04 3.572106361389160156e-04 3.597736358642578125e-04 3.627836704254150391e-04 3.592371940612792969e-04 3.637373447418212891e-04 3.756582736968994141e-04 3.708302974700927734e-04
9.543314453991058599e-01 -3.456771373748779297e-04 -3.644526004791259766e-04 -3.544986248016357422e-04 -3.623366355895996094e-04 -3.613829612731933594e-04 -3.660321235656738281e-04 -3.684163093566894531e-04 -3.612041473388671875e-04 -3.681182861328125000e-04 -3.638863563537597656e-04
9.607842073844936603e-01 -3.695487976074218750e-05 -3.305077552795410156e-05 -3.856420516967773438e-05 -3.591179847717285156e-05 -4.124641418457031250e-05 -4.222989082336425781e-05 -3.576278686523437500e-05 -4.583597183227539062e-05 -3.686547279357910156e-05 -3.603100776672363281e-05
9.672369693698815718e-01 9.816884994506835938e-05 9.605288505554199219e-05 9.679794311523437500e-05 9.641051292419433594e-05 1.000761985778808594e-04 9.870529174804687500e-05 1.077055931091308594e-04 8.741021156311035156e-05 1.036524772644042969e-04 1.021325588226318359e-04
9.736897313552694833e-01 -4.050135612487792969e-05 -4.649162292480468750e-05 -3.913044929504394531e-05 -3.924965858459472656e-05 -3.516674041748046875e-05 -4.044175148010253906e-05 -4.222989082336425781e-05 -3.287196159362792969e-05 -3.662705421447753906e-05 -2.840161323547363281e-05
9.801424933406573947e-01 1.558661460876464844e-05 1.162290573120117188e-06 2.294778823852539062e-05 2.354383468627929688e-05 9.536743164062500000e-06 1.701712608337402344e-05 1.007318496704101562e-05 1.585483551025390625e-05 1.215934753417968750e-05 9.506940841674804688e-06
9.865952553260453062e-01 3.248453140258789062e-05 3.120303153991699219e-05 3.075599670410156250e-05 3.436207771301269531e-05 3.740191459655761719e-05 3.015995025634765625e-05 2.989172935485839844e-05 2.378225326538085938e-05 3.367662429809570312e-05 2.622604370117187500e-05
9.930480173114332176e-01 -2.157688140869140625e-05 -1.674890518188476562e-05 -2.118945121765136719e-05 -2.396106719970703125e-05 -1.683831214904785156e-05 -1.978874206542968750e-05 -2.062320709228515625e-05 -2.974271774291992188e-05 -2.598762512207031250e-05 -2.652406692504882812e-05
9.995007792968211291e-01 -1.276135444641113281e-04 -1.289248466491699219e-04 -1.330971717834472656e-04 -1.201927661895751953e-04 -1.248419284820556641e-04 -1.246631145477294922e-04 -1.302957534790039062e-04 -1.225769519805908203e-04 -1.246035099029541016e-04 -1.216530799865722656e-04
1.005953541282209152e+00 1.593828201293945312e-04 1.586079597473144531e-04 1.504123210906982422e-04 1.574754714965820312e-04 1.523792743682861328e-04 1.547038555145263672e-04 1.582801342010498047e-04 1.420378684997558594e-04 1.516640186309814453e-04 1.555085182189941406e-04
1.012406303267596952e+00 1.112222671508789062e-04 1.124441623687744141e-04 1.090764999389648438e-04 1.249313354492187500e-04 1.029670238494873047e-04 1.213550567626953125e-04 1.145005226135253906e-04 1.128315925598144531e-04 1.129209995269775391e-04 1.210868358612060547e-04
1.018859065252984752e+00 -2.528727054595947266e-04 -2.447962760925292969e-04 -2.505183219909667969e-04 -2.416372299194335938e-04 -2.466142177581787109e-04 -2.541840076446533203e-04 -2.517998218536376953e-04 -2.448260784149169922e-04 -2.580881118774414062e-04 -2.553761005401611328e-04
1.025311827238372775e+00 1.588761806488037109e-04 1.513063907623291016e-04 1.560151576995849609e-04 1.510381698608398438e-04 1.656711101531982422e-04 1.614391803741455078e-04 1.723766326904296875e-04 1.600682735443115234e-04 1.567304134368896484e-04 1.439750194549560547e-04
1.031764589223760797e+00 4.681944847106933594e-05 3.662705421447753906e-05 4.497170448303222656e-05 5.045533180236816406e-05 4.467368125915527344e-05 4.655122756958007812e-05 4.398822784423828125e-05 5.060434341430664062e-05 5.087256431579589844e-05 4.261732101440429688e-05
1.038217351209148598e+00 -1.614987850189208984e-04 -1.701116561889648438e-04 -1.597702503204345703e-04 -1.553893089294433594e-04 -1.492500305175781250e-04 -1.574754714965820312e-04 -1.634359359741210938e-04 -1.648962497711181641e-04 -1.587569713592529297e-04 -1.550316810607910156e-04
1.044670113194536398e+00 3.471970558166503906e-04 3.453195095062255859e-04 3.418326377868652344e-04 3.336966037750244141e-04 3.362894058227539062e-04 3.463029861450195312e-04 3.505051136016845703e-04 3.343522548675537109e-04 3.372430801391601562e-04 3.329813480377197266e-04
1.051122875179924421e+00 -2.442598342895507812e-04 -2.362430095672607422e-04 -2.511143684387207031e-04 -2.538859844207763672e-04 -2.644956111907958984e-04 -2.571642398834228516e-04 -2.558529376983642578e-04 -2.618432044982910156e-04 -2.452731132507324219e-04 -2.535283565521240234e-04
1.057575637165312221e+00 -4.649162292480468750e-05 -4.610419273376464844e-05 -4.604458808898925781e-05 -5.131959915161132812e-05 -4.592537879943847656e-05 -5.063414573669433594e-05 -4.661083221435546875e-05 -5.674362182617187500e-05 -3.966689109802246094e-05 -5.054473876953125000e-05
1.064028399150700022e+00 4.213154315948486328e-04 4.129111766815185547e-04 4.188418388366699219e-04 4.120469093322753906e-04 4.300177097320556641e-04 4.232227802276611328e-04 4.305839538574218750e-04 4.287660121917724609e-04 4.234015941619873047e-04 4.203915596008300781e-04
1.070481161136088044e+00 -7.358193397521972656e-05 -5.367398262023925781e-05 -6.884336471557617188e-05 -6.237626075744628906e-05 -7.218122482299804688e-05 -4.953145980834960938e-05 -6.458163261413574219e-05 -6.127357482910156250e-05 -6.678700447082519531e-05 -6.872415542602539062e-05
1.076933923121476067e+00 1.008212566375732422e-04 1.100301742553710938e-04 1.268684864044189453e-04 1.103281974792480469e-04 1.106858253479003906e-04 1.085698604583740234e-04 1.118183135986328125e-04 1.174211502075195312e-04 1.067817211151123047e-04 1.063644886016845703e-04
1.083386685106863867e+00 -3.495812416076660156e-05 -3.242492675781250000e-05 -3.680586814880371094e-05 -4.729628562927246094e-05 -4.476308822631835938e-05 -4.202127456665039062e-05 -4.342198371887207031e-05 -5.397200584411621094e-05 -3.558397293090820312e-05 -4.279613494873046875e-05
1.089839447092251667e+00 -3.397464752197265625e-04 -3.347098827362060547e-04 -3.231167793273925781e-04 -3.342330455780029297e-04 -3.221035003662109375e-04 -3.383159637451171875e-04 -3.290176391601562500e-04 -3.231465816497802734e-04 -3.272891044616699219e-04 -3.321170806884765625e-04
1.096292209077639690e+00 2.793073654174804688e-04 2.631843090057373047e-04 2.611875534057617188e-04 2.887248992919921875e-04 2.696812152862548828e-04 2.663433551788330078e-04 2.586543560028076172e-04 2.749860286712646484e-04 2.805292606353759766e-04 2.856254577636718750e-04
1.102744971063027712e+00 1.239478588104248047e-04 1.424849033355712891e-04 1.323521137237548828e-04 1.340508460998535156e-04 1.302659511566162109e-04 1.363456249237060547e-04 1.318156719207763672e-04 1.342892646789550781e-04 1.426041126251220703e-04 1.286268234252929688e-04
1.109197733048415513e+00 -3.114044666290283203e-04 -3.097653388977050781e-04 -3.039240837097167969e-04 -3.241002559661865234e-04 -3.107190132141113281e-04 -3.061592578887939453e-04 -3.154277801513671875e-04 -3.198981285095214844e-04 -3.090798854827880859e-04 -3.162324428558349609e-04
1.115650495033803313e+00 3.921389579772949219e-04 3.943443298339843750e-04 3.941953182220458984e-04 3.863871097564697266e-04 3.878474235534667969e-04 3.907680511474609375e-04 3.931522369384765625e-04 3.983974456787109375e-04 3.973245620727539062e-04 3.987848758697509766e-04
1.122103257019191336e+00 -1.564919948577880859e-04 -1.561045646667480469e-04 -1.522898674011230469e-04 -1.716017723083496094e-04 -1.517236232757568359e-04 -1.409947872161865234e-04 -1.344382762908935547e-04 -1.549720764160156250e-04 -1.670122146606445312e-04 -1.454353332519531250e-04
1.128556019004579358e+00 -1.506805419921875000e-04 -1.356303691864013672e-04 -1.241266727447509766e-04 -1.378953456878662109e-04 -1.387000083923339844e-04 -1.266896724700927734e-04 -1.413226127624511719e-04 -1.377165317535400391e-04 -1.369714736938476562e-04 -1.451969146728515625e-04
1.135008780989967159e+00 5.079805850982666016e-04 5.003213882446289062e-04 5.067586898803710938e-04 5.116760730743408203e-04 4.978179931640625000e-04 5.103647708892822266e-04 5.059242248535156250e-04 4.989802837371826172e-04 5.021095275878906250e-04 5.035400390625000000e-04
1.141461542975354959e+00 -2.897381782531738281e-04 -3.043115139007568359e-04 -2.931952476501464844e-04 -3.094375133514404297e-04 -2.989768981933593750e-04 -3.013312816619873047e-04 -3.047883510589599609e-04 -2.992749214172363281e-04 -3.120601177215576172e-04 -3.139674663543701172e-04
1.147914304960742982e+00 -4.827976226806640625e-05 -3.015995025634765625e-05 -4.321336746215820312e-05 -3.877282142639160156e-05 -3.969669342041015625e-05 -4.866719245910644531e-05 -4.673004150390625000e-05 -4.121661186218261719e-05 -3.278255462646484375e-05 -3.603100776672363281e-05
1.154367066946130782e+00 1.785159111022949219e-04 1.736879348754882812e-04 1.634955406188964844e-04 1.642704010009765625e-04 1.570284366607666016e-04 1.744329929351806641e-04 1.667737960815429688e-04 1.623034477233886719e-04 1.663863658905029297e-04 1.659691333770751953e-04
1.160819828931518582e+00 -2.765655517578125000e-04 -2.956688404083251953e-04 -2.852380275726318359e-04 -2.813339233398437500e-04 -2.832412719726562500e-04 -2.887547016143798828e-04 -2.870857715606689453e-04 -2.909302711486816406e-04 -2.835988998413085938e-04 -2.816021442413330078e-04
1.167272590916906605e+00 1.855790615081787109e-04 1.793801784515380859e-04 1.850128173828125000e-04 1.849234104156494141e-04 1.896917819976806641e-04 1.813173294067382812e-04 1.944005489349365234e-04 1.877546310424804688e-04 1.913905143737792969e-04 1.870095729827880859e-04
1.173725352902294627e+00 4.595518112182617188e-05 6.270408630371093750e-05 4.693865776062011719e-05 5.051493644714355469e-05 6.091594696044921875e-05 5.421042442321777344e-05 4.529953002929687500e-05 5.373358726501464844e-05 5.930662155151367188e-05 5.602836608886718750e-05
1.180178114887682428e+00 -3.337562084197998047e-04 -3.369152545928955078e-04 -3.380179405212402344e-04 -3.271400928497314453e-04 -3.236830234527587891e-04 -3.334879875183105469e-04 -3.263652324676513672e-04 -3.220736980438232422e-04 -3.287792205810546875e-04 -3.421902656555175781e-04
1.186630876873070450e+00 3.353059291839599609e-04 3.273487091064453125e-04 3.343224525451660156e-04 3.314018249511718750e-04 3.304779529571533203e-04 3.193914890289306641e-04 3.293454647064208984e-04 3.269612789154052734e-04 3.294646739959716797e-04 3.314316272735595703e-04
1.193083638858458251e+00 -1.586675643920898438e-04 -1.625716686248779297e-04 -1.610219478607177734e-04 -1.575052738189697266e-04 -1.555979251861572266e-04 -1.593530178070068359e-04 -1.467764377593994141e-04 -1.511573791503906250e-04 -1.529157161712646484e-04 -1.609325408935546875e-04
1.199536400843846051e+00 -1.501142978668212891e-04 -1.514256000518798828e-04 -1.390576362609863281e-04 -1.306533813476562500e-04 -1.372098922729492188e-04 -1.495778560638427734e-04 -1.437067985534667969e-04 -1.419782638549804688e-04 -1.411736011505126953e-04 -1.451969146728515625e-04
1.205989162829234074e+00 3.449916839599609375e-04 3.460645675659179688e-04 3.568828105926513672e-04 3.474056720733642578e-04 3.546476364135742188e-04 3.686249256134033203e-04 3.505647182464599609e-04 3.485679626464843750e-04 3.536343574523925781e-04 3.508031368255615234e-04
1.212441924814621874e+00 -3.609359264373779297e-04 -3.611445426940917969e-04 -3.636181354522705078e-04 -3.633201122283935547e-04 -3.525018692016601562e-04 -3.589093685150146484e-04 -3.703832626342773438e-04 -3.586709499359130859e-04 -3.541111946105957031e-04 -3.726184368133544922e-04
1.218894686800009897e+00 5.573034286499023438e-06 3.397464752197265625e-06 7.629394531250000000e-06 8.791685104370117188e-06 2.181529998779296875e-05 -6.556510925292968750e-06 9.566545486450195312e-06 1.248717308044433594e-05 1.388788223266601562e-05 1.710653305053710938e-05
1.225347448785397697e+00 2.916753292083740234e-04 2.872943878173828125e-04 2.764463424682617188e-04 2.843737602233886719e-04 2.806186676025390625e-04 2.925395965576171875e-04 2.835094928741455078e-04 2.800822257995605469e-04 2.878606319427490234e-04 2.870857715606689453e-04
1.231800210770785720e+00 -3.219544887542724609e-04 -3.216862678527832031e-04 -3.313422203063964844e-04 -3.099143505096435547e-04 -3.166794776916503906e-04 -3.061592578887939453e-04 -3.212690353393554688e-04 -3.159642219543457031e-04 -3.265738487243652344e-04 -3.311932086944580078e-04
1.238252972756173520e+00 1.796483993530273438e-04 1.786053180694580078e-04 1.855492591857910156e-04 1.904666423797607422e-04 1.865625381469726562e-04 1.779496669769287109e-04 1.745820045471191406e-04 1.721382141113281250e-04 1.763403415679931641e-04 1.909434795379638672e-04
1.244705734741561542e+00 6.362795829772949219e-05 5.921721458435058594e-05 6.791949272155761719e-05 5.435943603515625000e-05 6.115436553955078125e-05 5.733966827392578125e-05 6.195902824401855469e-05 6.264448165893554688e-05 5.015730857849121094e-05 5.909800529479980469e-05
1.251158496726949343e+00 -2.737045288085937500e-04 -2.768933773040771484e-04 -2.651810646057128906e-04 -2.686083316802978516e-04 -2.596378326416015625e-04 -2.579987049102783203e-04 -2.704262733459472656e-04 -2.682507038116455078e-04 -2.583265304565429688e-04 -2.702772617340087891e-04
1.257611258712337365e+00 2.407431602478027344e-04 2.371370792388916016e-04 2.423524856567382812e-04 2.299249172210693359e-04 2.313256263732910156e-04 2.231895923614501953e-04 2.338290214538574219e-04 2.379119396209716797e-04 2.270340919494628906e-04 2.414286136627197266e-04
1.264064020697725166e+00 6.979703903198242188e-05 6.318092346191406250e-05 6.222724914550781250e-05 5.501508712768554688e-05 7.012486457824707031e-05 6.887316703796386719e-05 6.037950515747070312e-05 5.522370338439941406e-05 6.094574928283691406e-05 5.722045898437500000e-05
1.270516782683113188e+00 -2.340972423553466797e-04 -2.124011516571044922e-04 -2.252161502838134766e-04 -2.298057079315185547e-04 -2.138912677764892578e-04 -2.268850803375244141e-04 -2.186000347137451172e-04 -2.250671386718750000e-04 -2.242624759674072266e-04 -2.183318138122558594e-04
1.276969544668500989e+00 2.319812774658203125e-04 2.354383468627929688e-04 2.460479736328125000e-04 2.347528934478759766e-04 2.463459968566894531e-04 2.502202987670898438e-04 2.369284629821777344e-04 2.346038818359375000e-04 2.409815788269042969e-04 2.430379390716552734e-04
1.283422306653888789e+00 -7.805228233337402344e-05 -6.666779518127441406e-05 -7.790327072143554688e-05 -6.908178329467773438e-05 -5.683302879333496094e-05 -5.894899368286132812e-05 -7.146596908569335938e-05 -6.976723670959472656e-05 -6.437301635742187500e-05 -7.259845733642578125e-05
1.289875068639276812e+00 -1.026690006256103516e-04 -1.101195812225341797e-04 -1.130998134613037109e-04 -1.133680343627929688e-04 -1.099407672882080078e-04 -1.292228698730468750e-04 -1.143813133239746094e-04 -1.099705696105957031e-04 -1.086592674255371094e-04 -1.170933246612548828e-04
1.296327830624664612e+00 2.965033054351806641e-04 2.943575382232666016e-04 3.038346767425537109e-04 3.026127815246582031e-04 2.986490726470947266e-04 3.050863742828369141e-04 3.053545951843261719e-04 3.052353858947753906e-04 2.946555614471435547e-04 3.044307231903076172e-04
1.302780592610052635e+00 -2.517402172088623047e-04 -2.590119838714599609e-04 -2.518594264984130859e-04 -2.521276473999023438e-04 -2.447962760925292969e-04 -2.565085887908935547e-04 -2.537965774536132812e-04 -2.471506595611572266e-04 -2.559721469879150391e-04 -2.475976943969726562e-04
1.309233354595440435e+00 6.273388862609863281e-05 6.833672523498535156e-05 6.666779518127441406e-05 6.145238876342773438e-05 7.683038711547851562e-05 6.827712059020996094e-05 6.446242332458496094e-05 6.756186485290527344e-05 7.829070091247558594e-05 7.483363151550292969e-05
1.315686116580828458e+00 2.144575119018554688e-04 2.173781394958496094e-04 2.337694168090820312e-04 2.211332321166992188e-04 2.003610134124755859e-04 2.227127552032470703e-04 2.121031284332275391e-04 2.328157424926757812e-04 2.264976501464843750e-04 2.133548259735107422e-04
1.322138878566216258e+00 -2.583861351013183594e-04 -2.501904964447021484e-04 -2.443194389343261719e-04 -2.492666244506835938e-04 -2.343058586120605469e-04 -2.546906471252441406e-04 -2.513229846954345703e-04 -2.497434616088867188e-04 -2.417862415313720703e-04 -2.456605434417724609e-04
1.328591640551604280e+00 1.865327358245849609e-04 1.924335956573486328e-04 1.896917819976806641e-04 1.889765262603759766e-04 1.933276653289794922e-04 1.941919326782226562e-04 2.016425132751464844e-04 1.880824565887451172e-04 1.856386661529541016e-04 1.913905143737792969e-04
1.335044402536992081e+00 -1.093745231628417969e-05 -2.101063728332519531e-05 -1.683831214904785156e-05 -2.050399780273437500e-05 -1.999735832214355469e-05 -2.491474151611328125e-05 -1.996755599975585938e-05 -1.576542854309082031e-05 -1.248717308044433594e-05 -8.344650268554687500e-06
1.341497164522380103e+00 -2.206563949584960938e-04 -2.268850803375244141e-04 -2.151727676391601562e-04 -2.295970916748046875e-04 -2.147853374481201172e-04 -2.131164073944091797e-04 -2.236664295196533203e-04 -2.266466617584228516e-04 -2.224445343017578125e-04 -2.175569534301757812e-04
1.347949926507767904e+00 2.370774745941162109e-04 2.321302890777587891e-04 2.351701259613037109e-04 2.344846725463867188e-04 2.224445343017578125e-04 2.362132072448730469e-04 2.408623695373535156e-04 2.355277538299560547e-04 2.436637878417968750e-04 2.202987670898437500e-04
1.354402688493155926e+00 -6.932020187377929688e-05 -6.595253944396972656e-05 -7.146596908569335938e-05 -6.923079490661621094e-05 -6.189942359924316406e-05 -6.410479545593261719e-05 -8.121132850646972656e-05 -6.565451622009277344e-05 -6.425380706787109375e-05 -6.157159805297851562e-05
1.360855450478543727e+00 -7.602572441101074219e-05 -8.139014244079589844e-05 -6.270408630371093750e-05 -5.656480789184570312e-05 -7.072091102600097656e-05 -7.617473602294921875e-05 -6.940960884094238281e-05 -6.833672523498535156e-05 -6.794929504394531250e-05 -6.687641143798828125e-05
1.367308212463931749e+00 5.504488945007324219e-05 7.745623588562011719e-05 6.705522537231445312e-05 7.116794586181640625e-05 6.622076034545898438e-05 6.508827209472656250e-05 6.562471389770507812e-05 6.276369094848632812e-05 7.385015487670898438e-05 6.860494613647460938e-05
1.373760974449319550e+00 -1.455545425415039062e-04 -1.482367515563964844e-04 -1.464486122131347656e-04 -1.379549503326416016e-04 -1.628696918487548828e-04 -1.459419727325439453e-04 -1.535415649414062500e-04 -1.524388790130615234e-04 -1.438856124877929688e-04 -1.474916934967041016e-04
1.380213736434707350e+00 -4.622340202331542969e-05 -2.267956733703613281e-05 -4.309415817260742188e-05 -3.191828727722167969e-05 -5.307793617248535156e-05 -3.412365913391113281e-05 -3.430247306823730469e-05 -4.592537879943847656e-05 -2.974271774291992188e-05 -4.279613494873046875e-05
1.386666498420095373e+00 2.482533454895019531e-05 2.434849739074707031e-05 1.433491706848144531e-05 1.427531242370605469e-05 1.457333564758300781e-05 1.841783523559570312e-05 1.949071884155273438e-05 1.299381256103515625e-05 3.904104232788085938e-06 1.832842826843261719e-05
1.393119260405483173e+00 5.325675010681152344e-05 4.592537879943847656e-05 4.300475120544433594e-05 4.407763481140136719e-05 7.042288780212402344e-05 5.227327346801757812e-05 5.716085433959960938e-05 4.717707633972167969e-05 5.003809928894042969e-05 4.869699478149414062e-05
1.399572022390871195e+00 4.190206527709960938e-05 4.637241363525390625e-05 3.653764724731445312e-05 2.631545066833496094e-05 4.276633262634277344e-05 3.239512443542480469e-05 3.141164779663085938e-05 3.492832183837890625e-05 2.062320709228515625e-05 3.015995025634765625e-05
1.406024784376258996e+00 -4.851818084716796875e-05 -4.178285598754882812e-05 -5.945563316345214844e-05 -5.367398262023925781e-05 -4.097819328308105469e-05 -3.862380981445312500e-05 -4.303455352783203125e-05 -4.363059997558593750e-05 -4.377961158752441406e-05 -5.108118057250976562e-05
1.412477546361647018e+00 -1.770853996276855469e-04 -1.928806304931640625e-04 -1.797378063201904297e-04 -1.839995384216308594e-04 -1.881122589111328125e-04 -1.881122589111328125e-04 -1.753866672515869141e-04 -1.844763755798339844e-04 -1.957714557647705078e-04 -1.763403415679931641e-04
1.418930308347034819e+00 1.425743103027343750e-04 1.485645771026611328e-04 1.488626003265380859e-04 1.298785209655761719e-04 1.384913921356201172e-04 1.279711723327636719e-04 1.323819160461425781e-04 1.398921012878417969e-04 1.374185085296630859e-04 1.433491706848144531e-04
1.425383070332422841e+00 -1.353919506072998047e-04 -1.266896724700927734e-04 -1.340210437774658203e-04 -1.336336135864257812e-04 -1.400113105773925781e-04 -1.378357410430908203e-04 -1.375377178192138672e-04 -1.306831836700439453e-04 -1.290142536163330078e-04 -1.296997070312500000e-04
1.431835832317810642e+00 4.649162292480468750e-05 4.705786705017089844e-05 2.950429916381835938e-05 5.826354026794433594e-05 2.983212471008300781e-05 2.831220626831054688e-05 3.138184547424316406e-05 4.613399505615234375e-05 4.392862319946289062e-05 3.457069396972656250e-05
1.438288594303198664e+00 -5.379319190979003906e-05 -5.960464477539062500e-05 -4.765391349792480469e-05 -5.641579627990722656e-05 -4.774332046508789062e-05 -6.121397018432617188e-05 -6.985664367675781250e-05 -6.362795829772949219e-05 -4.932284355163574219e-05 -4.640221595764160156e-05
1.444741356288586465e+00 -1.693367958068847656e-04 -1.523196697235107422e-04 -1.524984836578369141e-04 -1.627802848815917969e-04 -1.576840877532958984e-04 -1.695454120635986328e-04 -1.726746559143066406e-04 -1.527965068817138672e-04 -1.499056816101074219e-04 -1.516342163085937500e-04
1.451194118273974487e+00 1.676976680755615234e-04 1.663565635681152344e-04 1.527965068817138672e-04 1.706480979919433594e-04 1.676678657531738281e-04 1.664757728576660156e-04 1.694262027740478516e-04 1.531541347503662109e-04 1.644790172576904297e-04 1.538693904876708984e-04
1.457646880259362288e+00 6.270408630371093750e-05 4.532933235168457031e-05 5.540251731872558594e-05 4.595518112182617188e-05 5.272030830383300781e-05 5.832314491271972656e-05 4.976987838745117188e-05 5.570054054260253906e-05 5.346536636352539062e-05 6.115436553955078125e-05
1.464099642244750310e+00 3.400444984436035156e-05 3.358721733093261719e-05 2.962350845336914062e-05 4.020333290100097656e-05 4.106760025024414062e-05 4.249811172485351562e-05 3.677606582641601562e-05 4.586577415466308594e-05 3.445148468017578125e-05 3.403425216674804688e-05
1.470552404230138110e+00 7.569789886474609375e-06 7.450580596923828125e-06 1.147389411926269531e-05 1.490116119384765625e-06 1.341104507446289062e-06 1.016259193420410156e-05 4.678964614868164062e-06 7.599592208862304688e-06 6.288290023803710938e-06 1.645088195800781250e-05
1.477005166215525911e+00 -6.365776062011718750e-05 -7.152557373046875000e-05 -6.589293479919433594e-05 -6.771087646484375000e-05 -5.668401718139648438e-05 -5.951523780822753906e-05 -6.318092346191406250e-05 -6.169080734252929688e-05 -6.744265556335449219e-05 -7.012486457824707031e-05
1.483457928200913933e+00 -1.963973045349121094e-05 -1.436471939086914062e-05 -2.416968345642089844e-05 -1.746416091918945312e-05 -1.394748687744140625e-05 -1.034140586853027344e-05 -1.367926597595214844e-05 -2.953410148620605469e-05 -1.591444015502929688e-05 -2.378225326538085938e-05
1.489910690186301734e+00 7.149577140808105469e-05 6.937980651855468750e-05 7.757544517517089844e-05 7.581710815429687500e-05 7.852911949157714844e-05 8.028745651245117188e-05 7.653236389160156250e-05 7.951259613037109375e-05 8.004903793334960938e-05 7.179379463195800781e-05
1.496363452171689756e+00 -3.376603126525878906e-05 -4.324316978454589844e-05 -3.540515899658203125e-05 -4.819035530090332031e-05 -4.279613494873046875e-05 -3.382563591003417969e-05 -3.272294998168945312e-05 -4.059076309204101562e-05 -3.299117088317871094e-05 -2.205371856689453125e-05
1.502816214157077557e+00 5.125999450683593750e-05 5.510449409484863281e-05 5.084276199340820312e-05 6.559491157531738281e-05 5.462765693664550781e-05 4.586577415466308594e-05 5.140900611877441406e-05 4.452466964721679688e-05 6.401538848876953125e-05 5.930662155151367188e-05
1.509268976142465579e+00 2.035498619079589844e-05 1.010298728942871094e-05 2.440810203552246094e-05 4.857778549194335938e-06 7.420778274536132812e-06 1.800060272216796875e-05 5.722045898437500000e-06 -3.874301910400390625e-07 9.179115295410156250e-06 1.221895217895507812e-05
1.515721738127853380e+00 -4.965066909790039062e-05 -4.005432128906250000e-05 -5.179643630981445312e-05 -3.877282142639160156e-05 -5.149841308593750000e-05 -3.415346145629882812e-05 -4.529953002929687500e-05 -4.985928535461425781e-05 -2.777576446533203125e-05 -4.211068153381347656e-05
1.522174500113241402e+00 7.256865501403808594e-05 6.872415542602539062e-05 8.320808410644531250e-05 7.393956184387207031e-05 7.629394531250000000e-05 7.662177085876464844e-05 6.589293479919433594e-05 8.362531661987304688e-05 7.483363151550292969e-05 7.393956184387207031e-05
1.528627262098629203e+00 1.350045204162597656e-05 2.470612525939941406e-05 2.279877662658691406e-05 2.586841583251953125e-05 2.542138099670410156e-05 2.458691596984863281e-05 2.485513687133789062e-05 1.800060272216796875e-05 2.005696296691894531e-05 2.092123031616210938e-05
1.535080024084017225e+00 -8.758902549743652344e-05 -8.746981620788574219e-05 -8.422136306762695312e-05 -9.095668792724609375e-05 -8.988380432128906250e-05 -7.864832878112792969e-05 -9.089708328247070312e-05 -8.612871170043945312e-05 -7.957220077514648438e-05 -7.963180541992187500e-05
1.541532786069405025e+00 3.671646118164062500e-05 4.664063453674316406e-05 4.175305366516113281e-05 3.746151924133300781e-05 3.230571746826171875e-05 4.395842552185058594e-05 3.603100776672363281e-05 4.240870475769042969e-05 3.606081008911132812e-05 4.780292510986328125e-05
1.547985548054793048e+00 2.175569534301757812e-05 2.184510231018066406e-05 1.403689384460449219e-05 2.089142799377441406e-05 2.661347389221191406e-05 1.856684684753417969e-05 2.360343933105468750e-05 2.819299697875976562e-05 2.890825271606445312e-05 2.363324165344238281e-05
1.554438310040180848e+00 -5.006790161132812500e-05 -5.468726158142089844e-05 -4.699826240539550781e-05 -5.647540092468261719e-05 -5.465745925903320312e-05 -5.716085433959960938e-05 -5.722045898437500000e-05 -5.653500556945800781e-05 -6.258487701416015625e-05 -5.173683166503906250e-05
1.560891072025568649e+00 6.499886512756347656e-05 5.912780761718750000e-05 6.985664367675781250e-05 6.592273712158203125e-05 5.730986595153808594e-05 6.154179573059082031e-05 5.757808685302734375e-05 6.222724914550781250e-05 6.890296936035156250e-05 5.939602851867675781e-05
1.567343834010956671e+00 -1.618266105651855469e-05 -2.115964889526367188e-05 -1.439452171325683594e-05 -1.391768455505371094e-05 -1.317262649536132812e-05 -1.442432403564453125e-05 -1.248717308044433594e-05 -1.397728919982910156e-05 -2.223253250122070312e-05 -1.639127731323242188e-05
1.573796595996344472e+00 -5.123019218444824219e-05 -3.486871719360351562e-05 -6.070733070373535156e-05 -4.637241363525390625e-05 -4.267692565917968750e-05 -3.400444984436035156e-05 -4.640221595764160156e-05 -4.717707633972167969e-05 -4.613399505615234375e-05 -4.306435585021972656e-05
1.580249357981732494e+00 1.680850982666015625e-05 1.588463783264160156e-05 7.152557373046875000e-06 9.179115295410156250e-06 9.208917617797851562e-06 1.770257949829101562e-05 1.105666160583496094e-05 1.668930053710937500e-05 6.496906280517578125e-06 9.506940841674804688e-06
1.586702119967120295e+00 -2.112984657287597656e-05 -3.033876419067382812e-05 -2.440810203552246094e-05 -2.861022949218750000e-05 -3.141164779663085938e-05 -2.759695053100585938e-05 -2.020597457885742188e-05 -3.013014793395996094e-05 -2.533197402954101562e-05 -1.150369644165039062e-05
1.593154881952508317e+00 1.236796379089355469e-05 1.257658004760742188e-05 2.115964889526367188e-06 7.331371307373046875e-06 8.344650268554687500e-06 4.440546035766601562e-06 8.761882781982421875e-06 1.034140586853027344e-05 1.212954521179199219e-05 -2.592802047729492188e-06
1.599607643937896118e+00 2.104043960571289062e-05 3.299117088317871094e-05 3.412365913391113281e-05 2.506375312805175781e-05 2.127885818481445312e-05 2.452731132507324219e-05 3.051757812500000000e-05 3.570318222045898438e-05 3.892183303833007812e-05 2.592802047729492188e-05
1.606060405923284140e+00 -1.144409179687500000e-05 -2.741813659667968750e-05 -1.388788223266601562e-05 -1.758337020874023438e-05 -1.743435859680175781e-05 -2.148747444152832031e-05 -1.996755599975585938e-05 -2.297759056091308594e-05 -1.841783523559570312e-05 -9.179115295410156250e-06
1.612513167908671941e+00 -7.331371307373046875e-06 -1.922249794006347656e-05 -1.662969589233398438e-05 -1.367926597595214844e-05 1.877546310424804688e-06 -9.775161743164062500e-06 -2.083182334899902344e-05 -2.056360244750976562e-05 -8.463859558105468750e-06 -1.570582389831542969e-05
1.618965929894059963e+00 1.397728919982910156e-05 2.717971801757812500e-05 1.966953277587890625e-05 1.588463783264160156e-05 1.388788223266601562e-05 2.512335777282714844e-05 2.616643905639648438e-05 2.253055572509765625e-05 9.089708328247070312e-06 2.214312553405761719e-05
1.625418691879447763e+00 -6.467103958129882812e-06 -9.208917617797851562e-06 -1.555681228637695312e-05 -1.293420791625976562e-05 -1.317262649536132812e-05 -6.705522537231445312e-06 -1.320242881774902344e-05 -1.603364944458007812e-05 -8.940696716308593750e-06 -1.540780067443847656e-05
1.631871453864835786e+00 -7.152557373046875000e-06 -5.513429641723632812e-06 -1.099705696105957031e-05 -5.066394805908203125e-07 -1.937150955200195312e-06 -2.235174179077148438e-06 1.192092895507812500e-07 -1.478195190429687500e-05 -5.573034286499023438e-06 -1.141428947448730469e-05
1.638324215850223586e+00 3.951787948608398438e-05 4.163384437561035156e-05 3.880262374877929688e-05 3.224611282348632812e-05 3.808736801147460938e-05 3.191828727722167969e-05 4.202127456665039062e-05 2.938508987426757812e-05 3.859400749206542969e-05 3.397464752197265625e-05
1.644776977835611609e+00 -1.761317253112792969e-05 -1.347064971923828125e-05 -1.549720764160156250e-05 -1.466274261474609375e-05 -2.148747444152832031e-05 -7.927417755126953125e-06 -1.832842826843261719e-05 -1.114606857299804688e-05 -1.379847526550292969e-05 -2.148747444152832031e-05
1.651229739820999409e+00 1.326203346252441406e-05 2.226233482360839844e-05 2.345442771911621094e-05 8.940696716308593750e-06 2.518296241760253906e-05 2.124905586242675781e-05 1.582503318786621094e-05 9.298324584960937500e-06 5.722045898437500000e-06 1.850724220275878906e-05
1.657682501806387210e+00 2.589821815490722656e-05 3.120303153991699219e-05 2.732872962951660156e-05 3.752112388610839844e-05 3.260374069213867188e-05 3.260374069213867188e-05 2.968311309814453125e-05 4.079937934875488281e-05 3.367662429809570312e-05 2.768635749816894531e-05
1.664135263791775232e+00 -4.321336746215820312e-06 5.125999450683593750e-06 3.874301910400390625e-06 -7.390975952148437500e-06 1.320242881774902344e-05 -3.844499588012695312e-06 9.089708328247070312e-06 1.209974288940429688e-05 4.887580871582031250e-06 6.854534149169921875e-06
1.670588025777163033e+00 -2.378225326538085938e-05 -2.220273017883300781e-05 -2.634525299072265625e-05 -1.639127731323242188e-05 -2.107024192810058594e-05 -2.849102020263671875e-05 -2.664327621459960938e-05 -3.796815872192382812e-05 -3.093481063842773438e-05 -1.865625381469726562e-05
1.677040787762551055e+00 -8.904933929443359375e-05 -7.790327072143554688e-05 -8.419156074523925781e-05 -8.434057235717773438e-05 -7.295608520507812500e-05 -8.466839790344238281e-05 -9.045004844665527344e-05 -7.638335227966308594e-05 -8.714199066162109375e-05 -8.705258369445800781e-05
1.683493549747938856e+00 1.841783523559570312e-05 2.640485763549804688e-05 1.767277717590332031e-05 2.461671829223632812e-05 1.382827758789062500e-05 1.859664916992187500e-05 2.884864807128906250e-05 1.686811447143554688e-05 1.546740531921386719e-05 3.278255462646484375e-05
1.689946311733326878e+00 1.212954521179199219e-04 1.066625118255615234e-04 1.126527786254882812e-04 1.236200332641601562e-04 1.127719879150390625e-04 1.140534877777099609e-04 1.197159290313720703e-04 1.191198825836181641e-04 1.151561737060546875e-04 1.155436038970947266e-04
1.696399073718714678e+00 1.090764999389648438e-05 9.238719940185546875e-07 1.493096351623535156e-05 1.192092895507812500e-06 -5.066394805908203125e-07 1.323223114013671875e-05 3.337860107421875000e-06 3.665685653686523438e-06 1.013278961181640625e-05 1.138448715209960938e-05
1.702851835704102701e+00 -1.949071884155273438e-05 -3.516674041748046875e-05 -2.363324165344238281e-05 -2.577900886535644531e-05 -3.513693809509277344e-05 -2.920627593994140625e-05 -4.085898399353027344e-05 -2.744793891906738281e-05 -2.697110176086425781e-05 -2.437829971313476562e-05
1.709304597689490501e+00 -1.156330108642578125e-05 -1.111626625061035156e-05 -1.141428947448730469e-05 8.046627044677734375e-07 -1.779198646545410156e-05 -2.357363700866699219e-05 -1.314282417297363281e-05 -7.569789886474609375e-06 -1.180171966552734375e-05 -1.430511474609375000e-05
1.715757359674878524e+00 2.980232238769531250e-06 2.384185791015625000e-06 5.930662155151367188e-06 -4.887580871582031250e-06 -5.960464477539062500e-06 -1.877546310424804688e-06 2.264976501464843750e-06 -2.771615982055664062e-06 -1.770257949829101562e-05 -9.536743164062500000e-07
1.722210121660266324e+00 1.755356788635253906e-05 1.090764999389648438e-05 1.233816146850585938e-05 1.356005668640136719e-05 8.493661880493164062e-06 8.016824722290039062e-06 9.983777999877929688e-06 -2.980232238769531250e-07 1.659989356994628906e-05 1.356005668640136719e-05
1.728662883645654347e+00 -1.600384712219238281e-05 -2.092123031616210938e-05 -2.160668373107910156e-05 -1.540780067443847656e-05 -1.412630081176757812e-05 -7.361173629760742188e-06 -2.115964889526367188e-05 -1.528859138488769531e-05 -2.208352088928222656e-05 -1.987814903259277344e-05
1.735115645631042147e+00 3.772974014282226562e-05 3.516674041748046875e-05 3.433227539062500000e-05 4.270672798156738281e-05 3.081560134887695312e-05 2.428889274597167969e-05 3.737211227416992188e-05 3.528594970703125000e-05 4.950165748596191406e-05 4.929304122924804688e-05
1.741568407616429948e+00 1.841783523559570312e-05 1.657009124755859375e-05 9.387731552124023438e-06 1.129508018493652344e-05 1.043081283569335938e-05 1.963973045349121094e-05 1.391768455505371094e-05 1.376867294311523438e-05 1.168251037597656250e-05 1.358985900878906250e-05
1.748021169601817970e+00 1.770257949829101562e-05 1.677870750427246094e-05 5.364418029785156250e-07 7.599592208862304688e-06 1.502037048339843750e-05 9.626150131225585938e-06 1.350045204162597656e-05 8.642673492431640625e-06 2.473592758178710938e-06 2.145767211914062500e-06
1.754473931587205771e+00 8.031725883483886719e-05 7.578730583190917969e-05 8.174777030944824219e-05 7.623434066772460938e-05 7.387995719909667969e-05 8.141994476318359375e-05 8.815526962280273438e-05 8.815526962280273438e-05 7.346272468566894531e-05 8.884072303771972656e-05
1.760926693572593793e+00 1.999735832214355469e-05 9.924173355102539062e-06 1.505017280578613281e-05 7.480382919311523438e-06 2.950429916381835938e-06 1.558661460876464844e-05 1.078844070434570312e-05 2.548098564147949219e-05 1.472234725952148438e-05 1.430511474609375000e-05
1.767379455557981593e+00 3.406405448913574219e-05 2.846121788024902344e-05 3.126263618469238281e-05 3.978610038757324219e-05 3.364682197570800781e-05 4.124641418457031250e-05 4.917383193969726562e-05 5.057454109191894531e-05 4.696846008300781250e-05 4.801154136657714844e-05
1.773832217543369616e+00 5.820393562316894531e-05 6.061792373657226562e-05 7.086992263793945312e-05 6.946921348571777344e-05 6.675720214843750000e-05 6.875395774841308594e-05 6.687641143798828125e-05 6.720423698425292969e-05 7.042288780212402344e-05 6.738305091857910156e-05
1.780284979528757416e+00 -5.036592483520507812e-05 -3.963708877563476562e-05 -4.178285598754882812e-05 -4.673004150390625000e-05 -3.746151924133300781e-05 -2.697110176086425781e-05 -3.808736801147460938e-05 -4.470348358154296875e-05 -3.665685653686523438e-05 -5.021691322326660156e-05
1.786737741514145439e+00 -1.206099987030029297e-04 -1.102089881896972656e-04 -1.040101051330566406e-04 -1.132488250732421875e-04 -1.237988471984863281e-04 -1.223683357238769531e-04 -1.391768455505371094e-04 -1.150369644165039062e-04 -1.242756843566894531e-04 -1.267790794372558594e-04
1.793190503499533239e+00 9.471178054809570312e-05 1.046955585479736328e-04 1.009404659271240234e-04 9.810924530029296875e-05 1.018047332763671875e-04 1.014173030853271484e-04 9.819865226745605469e-05 1.006722450256347656e-04 9.959936141967773438e-05 9.989738464355468750e-05
1.799643265484921262e+00 3.266334533691406250e-05 3.096461296081542969e-05 1.516938209533691406e-05 3.173947334289550781e-05 3.835558891296386719e-05 2.571940422058105469e-05 3.370642662048339844e-05 3.069639205932617188e-05 3.567337989807128906e-05 3.594160079956054688e-05
1.806096027470309062e+00 -1.010298728942871094e-05 -3.874301910400390625e-06 6.407499313354492188e-06 2.145767211914062500e-06 -6.109476089477539062e-06 5.513429641723632812e-06 -3.993511199951171875e-06 5.155801773071289062e-06 -3.933906555175781250e-06 -5.453824996948242188e-06
1.812548789455697085e+00 1.293420791625976562e-04 1.215934753417968750e-04 1.246333122253417969e-04 1.329779624938964844e-04 1.312494277954101562e-04 1.369714736938476562e-04 1.219511032104492188e-04 1.226067543029785156e-04 1.290440559387207031e-04 1.221895217895507812e-04
1.819001551441084885e+00 -1.198351383209228516e-04 -1.160800457000732422e-04 -1.131892204284667969e-04 -1.400113105773925781e-04 -1.314878463745117188e-04 -1.270473003387451172e-04 -1.230239868164062500e-04 -1.363456249237060547e-04 -1.296699047088623047e-04 -1.248419284820556641e-04
1.825454313426472908e+00 2.154707908630371094e-05 3.471970558166503906e-05 2.789497375488281250e-05 3.850460052490234375e-05 3.057718276977539062e-05 1.859664916992187500e-05 2.792477607727050781e-05 2.104043960571289062e-05 3.004074096679687500e-05 2.014636993408203125e-05
1.831907075411860708e+00 7.787346839904785156e-05 7.387995719909667969e-05 6.261467933654785156e-05 6.431341171264648438e-05 4.574656486511230469e-05 6.970763206481933594e-05 6.061792373657226562e-05 6.604194641113281250e-05 5.835294723510742188e-05 5.751848220825195312e-05
1.838359837397248508e+00 -1.670122146606445312e-04 -1.746416091918945312e-04 -1.684129238128662109e-04 -1.531839370727539062e-04 -1.648962497711181641e-04 -1.709461212158203125e-04 -1.734793186187744141e-04 -1.724064350128173828e-04 -1.683533191680908203e-04 -1.754462718963623047e-04
1.844812599382636531e+00 1.801550388336181641e-04 1.755952835083007812e-04 1.864135265350341797e-04 1.812279224395751953e-04 1.844167709350585938e-04 1.899600028991699219e-04 1.801252365112304688e-04 1.859366893768310547e-04 1.706182956695556641e-04 1.786351203918457031e-04
1.851265361368024331e+00 -7.557868957519531250e-05 -7.674098014831542969e-05 -7.316470146179199219e-05 -8.147954940795898438e-05 -8.997321128845214844e-05 -6.747245788574218750e-05 -6.529688835144042969e-05 -7.969141006469726562e-05 -7.542967796325683594e-05 -8.279085159301757812e-05
1.857718123353412354e+00 -1.405775547027587891e-04 -1.456141471862792969e-04 -1.429915428161621094e-04 -1.505017280578613281e-04 -1.475512981414794922e-04 -1.569986343383789062e-04 -1.414120197296142578e-04 -1.544952392578125000e-04 -1.518428325653076172e-04 -1.463592052459716797e-04
1.864170885338800154e+00 2.336502075195312500e-04 2.310574054718017578e-04 2.329945564270019531e-04 2.237856388092041016e-04 2.308487892150878906e-04 2.281963825225830078e-04 2.335309982299804688e-04 2.318024635314941406e-04 2.326965332031250000e-04 2.374947071075439453e-04
1.870623647324188177e+00 -1.549422740936279297e-04 -1.482963562011718750e-04 -1.388788223266601562e-04 -1.522004604339599609e-04 -1.598596572875976562e-04 -1.559853553771972656e-04 -1.404285430908203125e-04 -1.449286937713623047e-04 -1.472532749176025391e-04 -1.419484615325927734e-04
1.877076409309575977e+00 -6.288290023803710938e-05 -6.154179573059082031e-05 -6.124377250671386719e-05 -5.897879600524902344e-05 -6.493926048278808594e-05 -7.340312004089355469e-05 -6.175041198730468750e-05 -7.528066635131835938e-05 -6.145238876342773438e-05 -7.086992263793945312e-05
1.883529171294964000e+00 2.175569534301757812e-04 2.262294292449951172e-04 2.090632915496826172e-04 2.182126045227050781e-04 2.231895923614501953e-04 2.216100692749023438e-04 2.149045467376708984e-04 2.156198024749755859e-04 2.148747444152832031e-04 2.224445343017578125e-04
1.889981933280351800e+00 -2.316832542419433594e-04 -2.487003803253173828e-04 -2.394616603851318359e-04 -2.293884754180908203e-04 -2.292096614837646484e-04 -2.488493919372558594e-04 -2.437531948089599609e-04 -2.341270446777343750e-04 -2.438426017761230469e-04 -2.379715442657470703e-04
1.896434695265739823e+00 4.312396049499511719e-05 4.586577415466308594e-05 4.893541336059570312e-05 5.558133125305175781e-05 4.720687866210937500e-05 4.860758781433105469e-05 4.097819328308105469e-05 4.985928535461425781e-05 5.128979682922363281e-05 3.930926322937011719e-05
1.902887457251127623e+00 1.720488071441650391e-04 1.761317253112792969e-04 1.717507839202880859e-04 1.805722713470458984e-04 1.563131809234619141e-04 1.626014709472656250e-04 1.718699932098388672e-04 1.662671566009521484e-04 1.722574234008789062e-04 1.596510410308837891e-04
1.909340219236515646e+00 -2.397894859313964844e-04 -2.460479736328125000e-04 -2.486705780029296875e-04 -2.447068691253662109e-04 -2.403557300567626953e-04 -2.419650554656982422e-04 -2.404451370239257812e-04 -2.532005310058593750e-04 -2.462267875671386719e-04 -2.366006374359130859e-04
1.915792981221903446e+00 1.485645771026611328e-04 1.389980316162109375e-04 1.319348812103271484e-04 1.412630081176757812e-04 1.592040061950683594e-04 1.443922519683837891e-04 1.457333564758300781e-04 1.519620418548583984e-04 1.472830772399902344e-04 1.376867294311523438e-04
1.922245743207291468e+00 3.510713577270507812e-05 3.814697265625000000e-05 3.534555435180664062e-05 3.454089164733886719e-05 4.300475120544433594e-05 3.880262374877929688e-05 4.142522811889648438e-05 2.896785736083984375e-05 3.498792648315429688e-05 2.619624137878417969e-05
1.928698505192679269e+00 -1.479387283325195312e-04 -1.597404479980468750e-04 -1.553297042846679688e-04 -1.461505889892578125e-04 -1.526474952697753906e-04 -1.515150070190429688e-04 -1.609325408935546875e-04 -1.603066921234130859e-04 -1.532137393951416016e-04 -1.678466796875000000e-04
1.935151267178067069e+00 2.456307411193847656e-04 2.431571483612060547e-04 2.442002296447753906e-04 2.457201480865478516e-04 2.475976943969726562e-04 2.574622631072998047e-04 2.418458461761474609e-04 2.525746822357177734e-04 2.513229846954345703e-04 2.452731132507324219e-04
1.941604029163455092e+00 -6.219744682312011719e-05 -6.869435310363769531e-05 -5.853176116943359375e-05 -6.660819053649902344e-05 -5.844235420227050781e-05 -6.976723670959472656e-05 -6.675720214843750000e-05 -6.172060966491699219e-05 -6.422400474548339844e-05 -6.502866744995117188e-05
1.948056791148842892e+00 -7.125735282897949219e-05 -6.708502769470214844e-05 -5.343556404113769531e-05 -7.450580596923828125e-05 -6.881356239318847656e-05 -7.030367851257324219e-05 -5.757808685302734375e-05 -5.835294723510742188e-05 -7.483363151550292969e-05 -5.990266799926757812e-05
1.954509553134230915e+00 1.316666603088378906e-04 1.149773597717285156e-04 1.321434974670410156e-04 1.337230205535888672e-04 1.150369644165039062e-04 1.184344291687011719e-04 1.139342784881591797e-04 1.286566257476806641e-04 1.191794872283935547e-04 1.330673694610595703e-04
1.960962315119618715e+00 -6.249547004699707031e-05 -8.761882781982421875e-05 -6.610155105590820312e-05 -6.172060966491699219e-05 -7.000565528869628906e-05 -7.298588752746582031e-05 -7.203221321105957031e-05 -6.702542304992675781e-05 -6.702542304992675781e-05 -6.988644599914550781e-05
1.967415077105006738e+00 2.115964889526367188e-06 3.725290298461914062e-06 -4.768371582031250000e-07 -2.533197402954101562e-06 -7.092952728271484375e-06 -1.043081283569335938e-05 -1.043081283569335938e-06 8.374452590942382812e-06 -4.887580871582031250e-06 5.334615707397460938e-06
1.973867839090394538e+00 9.450316429138183594e-05 1.067817211151123047e-04 8.964538574218750000e-05 1.024901866912841797e-04 1.070797443389892578e-04 1.043975353240966797e-04 9.068846702575683594e-05 1.014471054077148438e-04 1.057684421539306641e-04 9.790062904357910156e-05
1.980320601075782561e+00 -7.122755050659179688e-05 -7.429718971252441406e-05 -8.115172386169433594e-05 -8.186697959899902344e-05 -8.404254913330078125e-05 -6.839632987976074219e-05 -7.826089859008789062e-05 -8.422136306762695312e-05 -7.569789886474609375e-05 -7.742643356323242188e-05
1.986773363061170361e+00 -5.209445953369140625e-05 -5.704164505004882812e-05 -4.613399505615234375e-05 -4.926323890686035156e-05 -5.760788917541503906e-05 -4.193186759948730469e-05 -6.234645843505859375e-05 -4.458427429199218750e-05 -4.366040229797363281e-05 -4.255771636962890625e-05
1.993226125046558384e+00 1.201927661895751953e-04 1.142919063568115234e-04 1.237690448760986328e-04 1.227855682373046875e-04 1.137554645538330078e-04 1.176297664642333984e-04 1.182854175567626953e-04 1.260936260223388672e-04 1.185536384582519531e-04 1.109540462493896484e-04
1.999678887031946184e+00 1.397728919982910156e-05 1.198053359985351562e-05 1.862645149230957031e-05 2.562999725341796875e-05 6.437301635742187500e-06 1.481175422668457031e-05 1.227855682373046875e-05 2.050399780273437500e-05 1.898407936096191406e-05 2.157688140869140625e-05
2.006131649017333984e+00 1.561641693115234375e-05 1.984834671020507812e-05 1.278519630432128906e-05 6.288290023803710938e-06 2.861022949218750000e-06 2.196431159973144531e-05 8.523464202880859375e-06 1.627206802368164062e-05 8.523464202880859375e-06 1.090764999389648438e-05
