#Range[m] 0 1 2 3 4 5 6 7 8 9
1.800000071525573730e-01 -6.540507078170776367e-03 -6.565004587173461914e-03 -6.547957658767700195e-03 -6.546199321746826172e-03 -6.554514169692993164e-03 -6.558954715728759766e-03 -6.612002849578857422e-03 -6.625413894653320312e-03 -6.549984216690063477e-03 -6.640374660491943359e-03
1.864527691379452845e-01 2.109199762344360352e-03 2.119004726409912109e-03 2.108126878738403320e-03 2.141714096069335938e-03 2.161234617233276367e-03 2.196013927459716797e-03 2.286940813064575195e-03 2.300918102264404297e-03 2.119541168212890625e-03 2.275288105010986328e-03
1.929055311233331682e-01 4.338651895523071289e-03 4.335999488830566406e-03 4.344254732131958008e-03 4.334509372711181641e-03 4.261732101440429688e-03 4.251450300216674805e-03 4.191100597381591797e-03 4.184752702713012695e-03 4.297614097595214844e-03 4.201740026473999023e-03
1.993582931087210797e-01 -5.857765674591064453e-03 -5.884796380996704102e-03 -5.874276161193847656e-03 -5.858123302459716797e-03 -5.876004695892333984e-03 -5.863755941390991211e-03 -5.852997303009033203e-03 -5.878329277038574219e-03 -5.877286195755004883e-03 -5.891919136047363281e-03
2.058110550941089911e-01 2.818942070007324219e-03 2.813845872879028320e-03 2.809137105941772461e-03 2.813100814819335938e-03 2.830237150192260742e-03 2.863079309463500977e-03 2.959281206130981445e-03 2.949208021163940430e-03 2.813696861267089844e-03 2.931475639343261719e-03
2.122638170794968748e-01 2.367734909057617188e-03 2.377867698669433594e-03 2.353549003601074219e-03 2.345323562622070312e-03 2.318263053894042969e-03 2.307623624801635742e-03 2.241104841232299805e-03 2.230674028396606445e-03 2.355039119720458984e-03 2.247095108032226562e-03
2.187165790648847863e-01 -4.693537950515747070e-03 -4.693418741226196289e-03 -4.672527313232421875e-03 -4.690796136856079102e-03 -4.660785198211669922e-03 -4.672884941101074219e-03 -4.644155502319335938e-03 -4.659533500671386719e-03 -4.700809717178344727e-03 -4.633724689483642578e-03
2.251693410502726977e-01 3.635555505752563477e-03 3.629744052886962891e-03 3.616243600845336914e-03 3.616243600845336914e-03 3.652632236480712891e-03 3.658711910247802734e-03 3.712743520736694336e-03 3.705680370330810547e-03 3.629297018051147461e-03 3.687709569931030273e-03
2.316221030356606092e-01 1.463204622268676758e-03 1.462489366531372070e-03 1.466602087020874023e-03 1.447319984436035156e-03 1.436740159988403320e-03 1.432120800018310547e-03 1.347243785858154297e-03 1.343071460723876953e-03 1.467257738113403320e-03 1.366019248962402344e-03
2.380748650210485207e-01 -4.915505647659301758e-03 -4.911303520202636719e-03 -4.900038242340087891e-03 -4.897117614746093750e-03 -4.910230636596679688e-03 -4.901558160781860352e-03 -4.878014326095581055e-03 -4.898756742477416992e-03 -4.900097846984863281e-03 -4.877656698226928711e-03
2.445276270064364044e-01 3.638446331024169922e-03 3.583341836929321289e-03 3.620475530624389648e-03 3.655672073364257812e-03 3.670513629913330078e-03 3.704041242599487305e-03 3.771573305130004883e-03 3.753632307052612305e-03 3.615319728851318359e-03 3.749996423721313477e-03
2.509803889918242881e-01 2.103805541992187500e-03 2.103596925735473633e-03 2.103447914123535156e-03 2.078354358673095703e-03 2.053737640380859375e-03 2.051085233688354492e-03 1.918196678161621094e-03 1.935094594955444336e-03 2.138853073120117188e-03 1.940667629241943359e-03
2.574331509772121995e-01 -7.668733596801757812e-03 -7.655948400497436523e-03 -7.648020982742309570e-03 -7.656723260879516602e-03 -7.644832134246826172e-03 -7.650703191757202148e-03 -7.619380950927734375e-03 -7.636666297912597656e-03 -7.669866085052490234e-03 -7.644355297088623047e-03
2.638859129626001110e-01 8.431643247604370117e-03 8.417963981628417969e-03 8.431345224380493164e-03 8.462637662887573242e-03 8.482605218887329102e-03 8.495599031448364258e-03 8.611947298049926758e-03 8.594989776611328125e-03 8.405923843383789062e-03 8.604645729064941406e-03
2.703386749479880224e-01 -1.334190368652343750e-03 -1.348853111267089844e-03 -1.344591379165649414e-03 -1.370638608932495117e-03 -1.420468091964721680e-03 -1.456528902053833008e-03 -1.688867807388305664e-03 -1.704394817352294922e-03 -1.323491334915161133e-03 -1.681327819824218750e-03
2.767914369333759339e-01 -8.829295635223388672e-03 -8.854269981384277344e-03 -8.827626705169677734e-03 -8.828252553939819336e-03 -8.777916431427001953e-03 -8.745074272155761719e-03 -8.543491363525390625e-03 -8.573830127716064453e-03 -8.857965469360351562e-03 -8.598774671554565430e-03
2.832441989187638454e-01 1.490840315818786621e-02 1.490616798400878906e-02 1.490816473960876465e-02 1.491624116897583008e-02 1.491892337799072266e-02 1.491194963455200195e-02 1.492318511009216309e-02 1.492673158645629883e-02 1.491093635559082031e-02 1.491498947143554688e-02
2.896969609041517568e-01 -1.061561703681945801e-02 -1.064604520797729492e-02 -1.065504550933837891e-02 -1.069015264511108398e-02 -1.072868704795837402e-02 -1.074618101119995117e-02 -1.103493571281433105e-02 -1.101976633071899414e-02 -1.058915257453918457e-02 -1.100996136665344238e-02
2.961497228895396683e-01 -1.326709985733032227e-03 -1.337528228759765625e-03 -1.345336437225341797e-03 -1.298010349273681641e-03 -1.145184040069580078e-03 -1.145631074905395508e-03 -6.948411464691162109e-04 -7.055997848510742188e-04 -1.384764909744262695e-03 -8.264780044555664062e-04
3.026024848749275242e-01 1.303464174270629883e-02 1.309752464294433594e-02 1.300865411758422852e-02 1.300248503684997559e-02 1.293945312500000000e-02 1.288878917694091797e-02 1.252979040145874023e-02 1.254847645759582520e-02 1.305747032165527344e-02 1.257652044296264648e-02
3.090552468603154357e-01 -2.169114351272583008e-02 -2.170631289482116699e-02 -2.170905470848083496e-02 -2.171739935874938965e-02 -2.169659733772277832e-02 -2.172857522964477539e-02 -2.178400754928588867e-02 -2.176898717880249023e-02 -2.169314026832580566e-02 -2.176690101623535156e-02
3.155080088457033471e-01 1.207616925239562988e-02 1.211279630661010742e-02 1.208540797233581543e-02 1.218417286872863770e-02 1.226726174354553223e-02 1.227962970733642578e-02 1.275378465652465820e-02 1.272371411323547363e-02 1.204144954681396484e-02 1.265540719032287598e-02
3.219607708310912586e-01 5.362510681152343750e-03 5.459219217300415039e-03 5.355417728424072266e-03 5.167990922927856445e-03 5.108565092086791992e-03 5.013614892959594727e-03 4.589647054672241211e-03 4.561156034469604492e-03 5.413025617599487305e-03 4.567503929138183594e-03
3.284135328164791701e-01 -2.212172746658325195e-02 -2.212497591972351074e-02 -2.211457490921020508e-02 -2.207955718040466309e-02 -2.202758193016052246e-02 -2.201524376869201660e-02 -2.175712585449218750e-02 -2.176809310913085938e-02 -2.219784259796142578e-02 -2.180764079093933105e-02
3.348662948018670260e-01 2.288421988487243652e-02 2.287071943283081055e-02 2.290657162666320801e-02 2.292802929878234863e-02 2.300405502319335938e-02 2.298310399055480957e-02 2.325090765953063965e-02 2.327102422714233398e-02 2.285417914390563965e-02 2.322092652320861816e-02
3.413190567872549375e-01 -1.002755761146545410e-02 -9.982585906982421875e-03 -1.001566648483276367e-02 -1.016855239868164062e-02 -1.023977994918823242e-02 -1.030507683753967285e-02 -1.077023148536682129e-02 -1.074010133743286133e-02 -9.941130876541137695e-03 -1.070103049278259277e-02
3.477718187726428489e-01 -1.269564032554626465e-02 -1.265975832939147949e-02 -1.267343759536743164e-02 -1.259008049964904785e-02 -1.248842477798461914e-02 -1.242321729660034180e-02 -1.194825768470764160e-02 -1.191443204879760742e-02 -1.267269253730773926e-02 -1.196065545082092285e-02
3.542245807580307604e-01 2.428168058395385742e-02 2.424937486648559570e-02 2.427464723587036133e-02 2.428370714187622070e-02 2.424496412277221680e-02 2.425688505172729492e-02 2.409568428993225098e-02 2.412894368171691895e-02 2.424967288970947266e-02 2.411928772926330566e-02
3.606773427434186718e-01 -1.962634921073913574e-02 -1.959225535392761230e-02 -1.960515975952148438e-02 -1.968637108802795410e-02 -1.970681548118591309e-02 -1.976764202117919922e-02 -2.003839612007141113e-02 -2.003225684165954590e-02 -1.958650350570678711e-02 -2.000358700752258301e-02
3.671301047288065833e-01 7.853209972381591797e-04 8.127689361572265625e-04 8.544027805328369141e-04 9.308457374572753906e-04 9.683668613433837891e-04 1.024693250656127930e-03 1.470446586608886719e-03 1.482725143432617188e-03 7.655024528503417969e-04 1.459956169128417969e-03
3.735828667141944948e-01 1.499220728874206543e-02 1.496672630310058594e-02 1.496812701225280762e-02 1.491004228591918945e-02 1.486906409263610840e-02 1.483705639839172363e-02 1.448306441307067871e-02 1.447010040283203125e-02 1.498371362686157227e-02 1.453590393066406250e-02
3.800356286995824062e-01 -1.868599653244018555e-02 -1.866397261619567871e-02 -1.867637038230895996e-02 -1.867166161537170410e-02 -1.863488554954528809e-02 -1.865056157112121582e-02 -1.859617233276367188e-02 -1.858478784561157227e-02 -1.864650845527648926e-02 -1.857778429985046387e-02
3.864883906849703177e-01 9.805202484130859375e-03 9.796679019927978516e-03 9.807348251342773438e-03 9.861052036285400391e-03 9.921491146087646484e-03 9.934723377227783203e-03 1.024922728538513184e-02 1.023471355438232422e-02 9.793996810913085938e-03 1.019150018692016602e-02
3.929411526703582291e-01 5.745112895965576172e-03 5.718737840652465820e-03 5.717098712921142578e-03 5.658686161041259766e-03 5.611956119537353516e-03 5.577862262725830078e-03 5.251854658126831055e-03 5.286335945129394531e-03 5.730807781219482422e-03 5.307942628860473633e-03
3.993939146557460851e-01 -1.369929313659667969e-02 -1.367679238319396973e-02 -1.366013288497924805e-02 -1.363947987556457520e-02 -1.362201571464538574e-02 -1.360759139060974121e-02 -1.351189613342285156e-02 -1.349529623985290527e-02 -1.367089152336120605e-02 -1.349884271621704102e-02
4.058466766411339965e-01 1.037609577178955078e-02 1.034545898437500000e-02 1.039019227027893066e-02 1.042932271957397461e-02 1.043823361396789551e-02 1.047292351722717285e-02 1.060950756072998047e-02 1.058915257453918457e-02 1.036167144775390625e-02 1.055729389190673828e-02
4.122994386265219080e-01 1.379668712615966797e-03 1.364380121231079102e-03 1.329094171524047852e-03 1.305103302001953125e-03 1.249432563781738281e-03 1.239448785781860352e-03 9.873211383819580078e-04 9.907186031341552734e-04 1.379102468490600586e-03 1.039028167724609375e-03
4.187522006119098195e-01 -8.542984724044799805e-03 -8.560538291931152344e-03 -8.545458316802978516e-03 -8.489608764648437500e-03 -8.475810289382934570e-03 -8.446067571640014648e-03 -8.328974246978759766e-03 -8.314877748489379883e-03 -8.550822734832763672e-03 -8.348971605300903320e-03
4.252049625972976754e-01 8.833020925521850586e-03 8.833497762680053711e-03 8.830517530441284180e-03 8.833378553390502930e-03 8.834034204483032227e-03 8.859366178512573242e-03 8.923798799514770508e-03 8.920431137084960938e-03 8.809059858322143555e-03 8.924484252929687500e-03
4.316577245826856424e-01 -2.059489488601684570e-03 -2.048939466476440430e-03 -2.064973115921020508e-03 -2.109408378601074219e-03 -2.145320177078247070e-03 -2.172678709030151367e-03 -2.343446016311645508e-03 -2.359300851821899414e-03 -2.074748277664184570e-03 -2.323567867279052734e-03
4.381104865680734983e-01 -5.116820335388183594e-03 -5.121082067489624023e-03 -5.108267068862915039e-03 -5.076855421066284180e-03 -5.046427249908447266e-03 -5.032777786254882812e-03 -4.892289638519287109e-03 -4.888951778411865234e-03 -5.113005638122558594e-03 -4.897534847259521484e-03
4.445632485534614098e-01 7.961809635162353516e-03 7.979631423950195312e-03 7.948100566864013672e-03 7.959872484207153320e-03 7.977604866027832031e-03 7.971823215484619141e-03 7.974356412887573242e-03 7.971346378326416016e-03 7.952690124511718750e-03 7.961481809616088867e-03
4.510160105388493212e-01 -4.264742136001586914e-03 -4.251062870025634766e-03 -4.249513149261474609e-03 -4.288405179977416992e-03 -4.326045513153076172e-03 -4.324376583099365234e-03 -4.457175731658935547e-03 -4.456460475921630859e-03 -4.265069961547851562e-03 -4.410058259963989258e-03
4.574687725242372327e-01 -1.178830862045288086e-03 -1.198649406433105469e-03 -1.165062189102172852e-03 -1.168161630630493164e-03 -1.131713390350341797e-03 -1.099407672882080078e-03 -9.486675262451171875e-04 -9.688138961791992188e-04 -1.177251338958740234e-03 -9.552836418151855469e-04
4.639215345096251442e-01 5.474865436553955078e-03 5.465984344482421875e-03 5.472838878631591797e-03 5.465477705001831055e-03 5.483716726303100586e-03 5.461245775222778320e-03 5.415380001068115234e-03 5.407661199569702148e-03 5.487561225891113281e-03 5.408942699432373047e-03
4.703742964950130556e-01 -4.139304161071777344e-03 -4.122644662857055664e-03 -4.130929708480834961e-03 -4.149943590164184570e-03 -4.164457321166992188e-03 -4.136949777603149414e-03 -4.208415746688842773e-03 -4.205375909805297852e-03 -4.109114408493041992e-03 -4.196017980575561523e-03
4.768270584804009671e-01 3.335177898406982422e-04 3.277361392974853516e-04 3.539323806762695312e-04 3.646016120910644531e-04 3.632009029388427734e-04 3.922283649444580078e-04 4.634261131286621094e-04 4.882216453552246094e-04 3.265738487243652344e-04 4.843473434448242188e-04
4.832798204657888230e-01 3.191292285919189453e-03 3.185093402862548828e-03 3.183901309967041016e-03 3.178894519805908203e-03 3.179758787155151367e-03 3.175646066665649414e-03 3.099888563156127930e-03 3.115147352218627930e-03 3.187745809555053711e-03 3.108888864517211914e-03
4.897325824511767345e-01 -3.220677375793457031e-03 -3.193587064743041992e-03 -3.215074539184570312e-03 -3.207921981811523438e-03 -3.233850002288818359e-03 -3.231137990951538086e-03 -3.239899873733520508e-03 -3.256410360336303711e-03 -3.212362527847290039e-03 -3.244280815124511719e-03
4.961853444365646459e-01 7.423460483551025391e-04 7.425844669342041016e-04 7.426440715789794922e-04 7.798969745635986328e-04 7.651150226593017578e-04 7.713735103607177734e-04 8.120238780975341797e-04 8.140504360198974609e-04 7.392764091491699219e-04 8.351802825927734375e-04
5.026381064219525019e-01 1.635432243347167969e-03 1.629859209060668945e-03 1.626163721084594727e-03 1.627743244171142578e-03 1.616060733795166016e-03 1.610606908798217773e-03 1.569569110870361328e-03 1.570701599121093750e-03 1.616120338439941406e-03 1.574337482452392578e-03
5.090908684073405244e-01 -1.718401908874511719e-03 -1.701653003692626953e-03 -1.715153455734252930e-03 -1.726508140563964844e-03 -1.727432012557983398e-03 -1.721292734146118164e-03 -1.732379198074340820e-03 -1.742601394653320312e-03 -1.710683107376098633e-03 -1.742452383041381836e-03
5.155436303927283248e-01 5.055665969848632812e-04 5.082190036773681641e-04 5.030333995819091797e-04 5.119144916534423828e-04 5.153119564056396484e-04 5.282163619995117188e-04 5.558431148529052734e-04 5.470514297485351562e-04 5.200803279876708984e-04 5.583167076110839844e-04
5.219963923781163473e-01 1.300036907196044922e-03 1.301139593124389648e-03 1.284569501876831055e-03 1.298636198043823242e-03 1.283705234527587891e-03 1.287400722503662109e-03 1.276969909667968750e-03 1.264959573745727539e-03 1.284718513488769531e-03 1.255661249160766602e-03
5.284491543635041477e-01 -1.650363206863403320e-03 -1.657158136367797852e-03 -1.639932394027709961e-03 -1.648426055908203125e-03 -1.651525497436523438e-03 -1.638233661651611328e-03 -1.655042171478271484e-03 -1.661479473114013672e-03 -1.653224229812622070e-03 -1.647859811782836914e-03
5.349019163488920592e-01 4.629492759704589844e-04 4.428327083587646484e-04 4.509687423706054688e-04 4.470348358154296875e-04 4.625320434570312500e-04 4.642009735107421875e-04 4.986524581909179688e-04 4.987120628356933594e-04 4.629194736480712891e-04 5.012154579162597656e-04
5.413546783342799706e-01 1.409024000167846680e-03 1.409918069839477539e-03 1.396209001541137695e-03 1.413911581039428711e-03 1.420319080352783203e-03 1.411795616149902344e-03 1.376569271087646484e-03 1.386284828186035156e-03 1.405507326126098633e-03 1.382231712341308594e-03
5.478074403196678821e-01 -1.599729061126708984e-03 -1.581430435180664062e-03 -1.587867736816406250e-03 -1.588314771652221680e-03 -1.601457595825195312e-03 -1.585900783538818359e-03 -1.608043909072875977e-03 -1.607000827789306641e-03 -1.566886901855468750e-03 -1.605272293090820312e-03
5.542602023050557936e-01 3.244578838348388672e-04 3.214180469512939453e-04 3.266930580139160156e-04 3.392696380615234375e-04 3.376901149749755859e-04 3.470778465270996094e-04 3.849864006042480469e-04 3.824532032012939453e-04 3.264248371124267578e-04 3.694295883178710938e-04
5.607129642904437050e-01 1.029580831527709961e-03 1.034647226333618164e-03 1.032292842864990234e-03 1.038968563079833984e-03 1.029968261718750000e-03 1.022875308990478516e-03 1.006186008453369141e-03 1.006901264190673828e-03 1.048296689987182617e-03 1.009434461593627930e-03
5.671657262758316165e-01 -1.758515834808349609e-03 -1.750290393829345703e-03 -1.752197742462158203e-03 -1.752436161041259766e-03 -1.757502555847167969e-03 -1.760065555572509766e-03 -1.755625009536743164e-03 -1.756846904754638672e-03 -1.764953136444091797e-03 -1.769989728927612305e-03
5.736184882612194169e-01 1.013398170471191406e-03 1.006245613098144531e-03 1.015931367874145508e-03 1.013994216918945312e-03 1.028835773468017578e-03 1.034855842590332031e-03 1.055985689163208008e-03 1.048415899276733398e-03 1.012742519378662109e-03 1.045852899551391602e-03
5.800712502466074394e-01 9.369850158691406250e-04 9.472966194152832031e-04 9.446740150451660156e-04 9.327232837677001953e-04 9.249448776245117188e-04 9.172856807708740234e-04 8.865892887115478516e-04 8.828043937683105469e-04 9.357333183288574219e-04 8.869171142578125000e-04
5.865240122319952398e-01 -1.934945583343505859e-03 -1.935213804244995117e-03 -1.940220594406127930e-03 -1.936197280883789062e-03 -1.942545175552368164e-03 -1.937419176101684570e-03 -1.925677061080932617e-03 -1.926124095916748047e-03 -1.944601535797119141e-03 -1.946270465850830078e-03
5.929767742173832623e-01 1.174151897430419922e-03 1.161694526672363281e-03 1.173943281173706055e-03 1.158207654953002930e-03 1.169115304946899414e-03 1.189410686492919922e-03 1.208305358886718750e-03 1.219153404235839844e-03 1.161694526672363281e-03 1.220852136611938477e-03
5.994295362027710627e-01 4.286468029022216797e-04 4.335343837738037109e-04 4.221498966217041016e-04 4.113316535949707031e-04 4.247426986694335938e-04 4.056692123413085938e-04 3.837943077087402344e-04 3.820359706878662109e-04 4.496574401855468750e-04 3.845393657684326172e-04
6.058822981881590852e-01 -1.507669687271118164e-03 -1.525700092315673828e-03 -1.517295837402343750e-03 -1.514136791229248047e-03 -1.514643430709838867e-03 -1.508504152297973633e-03 -1.486092805862426758e-03 -1.485615968704223633e-03 -1.528352499008178711e-03 -1.495808362960815430e-03
6.123350601735468857e-01 1.832604408264160156e-03 1.812398433685302734e-03 1.829147338867187500e-03 1.814335584640502930e-03 1.807630062103271484e-03 1.813620328903198242e-03 1.824975013732910156e-03 1.828551292419433594e-03 1.818150281906127930e-03 1.820683479309082031e-03
6.187878221589347971e-01 -5.103349685668945312e-04 -4.990696907043457031e-04 -5.039274692535400391e-04 -5.074441432952880859e-04 -5.118846893310546875e-04 -5.206763744354248047e-04 -5.556344985961914062e-04 -5.581378936767578125e-04 -4.922747611999511719e-04 -5.566477775573730469e-04
6.252405841443227086e-01 -1.345068216323852539e-03 -1.345425844192504883e-03 -1.335054636001586914e-03 -1.326858997344970703e-03 -1.330256462097167969e-03 -1.319050788879394531e-03 -1.285046339035034180e-03 -1.300930976867675781e-03 -1.331120729446411133e-03 -1.307189464569091797e-03
6.316933461297106200e-01 1.686811447143554688e-03 1.697599887847900391e-03 1.689970493316650391e-03 1.693993806838989258e-03 1.701354980468750000e-03 1.702010631561279297e-03 1.703411340713500977e-03 1.700490713119506836e-03 1.684963703155517578e-03 1.701712608337402344e-03
6.381461081150985315e-01 -6.909966468811035156e-04 -6.816983222961425781e-04 -6.986260414123535156e-04 -6.989538669586181641e-04 -7.028579711914062500e-04 -7.053315639495849609e-04 -7.333159446716308594e-04 -7.332563400268554688e-04 -6.875991821289062500e-04 -7.244646549224853516e-04
6.445988701004864430e-01 -6.354749202728271484e-04 -6.254017353057861328e-04 -6.214678287506103516e-04 -6.174743175506591797e-04 -6.160736083984375000e-04 -6.183683872222900391e-04 -5.857348442077636719e-04 -5.787909030914306641e-04 -6.324350833892822266e-04 -5.912780761718750000e-04
6.510516320858743544e-01 1.224458217620849609e-03 1.219928264617919922e-03 1.224994659423828125e-03 1.227229833602905273e-03 1.212477684020996094e-03 1.216351985931396484e-03 1.210272312164306641e-03 1.212656497955322266e-03 1.222610473632812500e-03 1.204520463943481445e-03
6.575043940712622659e-01 -1.063764095306396484e-03 -1.058787107467651367e-03 -1.061290502548217773e-03 -1.051843166351318359e-03 -1.051157712936401367e-03 -1.051425933837890625e-03 -1.080870628356933594e-03 -1.076310873031616211e-03 -1.055300235748291016e-03 -1.072257757186889648e-03
6.639571560566501773e-01 -1.622736454010009766e-04 -1.554489135742187500e-04 -1.584291458129882812e-04 -1.603364944458007812e-04 -1.482069492340087891e-04 -1.421272754669189453e-04 -1.240968704223632812e-04 -1.087188720703125000e-04 -1.685619354248046875e-04 -1.219511032104492188e-04
6.704099180420379778e-01 1.077979803085327148e-03 1.077324151992797852e-03 1.066565513610839844e-03 1.084655523300170898e-03 1.074969768524169922e-03 1.062422990798950195e-03 1.068472862243652344e-03 1.059472560882568359e-03 1.075804233551025391e-03 1.060038805007934570e-03
6.768626800274260003e-01 -8.275210857391357422e-04 -8.262693881988525391e-04 -8.262991905212402344e-04 -8.302628993988037109e-04 -8.215904235839843750e-04 -8.130669593811035156e-04 -8.397400379180908203e-04 -8.279979228973388672e-04 -8.223652839660644531e-04 -8.324682712554931641e-04
6.833154420128139117e-01 5.114078521728515625e-05 5.871057510375976562e-05 6.192922592163085938e-05 6.482005119323730469e-05 7.331371307373046875e-05 6.642937660217285156e-05 8.565187454223632812e-05 8.592009544372558594e-05 6.225705146789550781e-05 7.590651512145996094e-05
6.897682039982017121e-01 4.498362541198730469e-04 4.382133483886718750e-04 4.446506500244140625e-04 4.349052906036376953e-04 4.416108131408691406e-04 4.387497901916503906e-04 4.199743270874023438e-04 4.146397113800048828e-04 4.446208477020263672e-04 4.271864891052246094e-04
6.962209659835896236e-01 -7.372200489044189453e-04 -7.441937923431396484e-04 -7.354319095611572266e-04 -7.500350475311279297e-04 -7.536113262176513672e-04 -7.513463497161865234e-04 -7.446706295013427734e-04 -7.513463497161865234e-04 -7.489323616027832031e-04 -7.365345954895019531e-04
7.026737279689775351e-01 3.779530525207519531e-04 3.654062747955322266e-04 3.854334354400634766e-04 3.810524940490722656e-04 3.778338432312011719e-04 3.665983676910400391e-04 3.896951675415039062e-04 3.898739814758300781e-04 3.691613674163818359e-04 3.852546215057373047e-04
7.091264899543654465e-01 4.331767559051513672e-04 4.445016384124755859e-04 4.454553127288818359e-04 4.215836524963378906e-04 4.329383373260498047e-04 4.315972328186035156e-04 4.174411296844482422e-04 4.133880138397216797e-04 4.359185695648193359e-04 4.051327705383300781e-04
7.155792519397533580e-01 -9.049475193023681641e-04 -8.943974971771240234e-04 -8.884370326995849609e-04 -8.924007415771484375e-04 -8.905827999114990234e-04 -8.959174156188964844e-04 -8.774697780609130859e-04 -8.840858936309814453e-04 -8.921623229980468750e-04 -8.924901485443115234e-04
7.220320139251412694e-01 3.762543201446533203e-04 3.810822963714599609e-04 3.795921802520751953e-04 3.819763660430908203e-04 3.852248191833496094e-04 3.952980041503906250e-04 4.074275493621826172e-04 4.060566425323486328e-04 3.878176212310791016e-04 4.133880138397216797e-04
7.284847759105291809e-01 2.035200595855712891e-04 2.086758613586425781e-04 1.964271068572998047e-04 1.990795135498046875e-04 1.974701881408691406e-04 1.968443393707275391e-04 1.865625381469726562e-04 1.803636550903320312e-04 2.042353153228759766e-04 1.860857009887695312e-04
7.349375378959170924e-01 -4.304647445678710938e-04 -4.272758960723876953e-04 -4.313588142395019531e-04 -4.249513149261474609e-04 -4.287064075469970703e-04 -4.284083843231201172e-04 -4.337131977081298828e-04 -4.180669784545898438e-04 -4.236102104187011719e-04 -4.272162914276123047e-04
7.413902998813050038e-01 5.772709846496582031e-04 5.823075771331787109e-04 5.882382392883300781e-04 5.986988544464111328e-04 6.043612957000732422e-04 5.790889263153076172e-04 5.913674831390380859e-04 5.856156349182128906e-04 5.739927291870117188e-04 5.804598331451416016e-04
7.478430618666929153e-01 -4.348158836364746094e-04 -4.396140575408935547e-04 -4.440844058990478516e-04 -4.519522190093994141e-04 -4.513561725616455078e-04 -4.543364048004150391e-04 -4.701316356658935547e-04 -4.768967628479003906e-04 -4.268586635589599609e-04 -4.659295082092285156e-04
7.542958238520808267e-01 -5.339086055755615234e-04 -5.442202091217041016e-04 -5.360245704650878906e-04 -5.331039428710937500e-04 -5.335211753845214844e-04 -5.142986774444580078e-04 -5.134940147399902344e-04 -5.188882350921630859e-04 -5.358457565307617188e-04 -5.130469799041748047e-04
7.607485858374687382e-01 8.572638034820556641e-04 8.618831634521484375e-04 8.567869663238525391e-04 8.688271045684814453e-04 8.630454540252685547e-04 8.568763732910156250e-04 8.527338504791259766e-04 8.624196052551269531e-04 8.525848388671875000e-04 8.668899536132812500e-04
7.672013478228566496e-01 -1.064538955688476562e-04 -1.002252101898193359e-04 -1.141130924224853516e-04 -1.086294651031494141e-04 -1.097023487091064453e-04 -1.201629638671875000e-04 -1.197755336761474609e-04 -1.221299171447753906e-04 -1.071989536285400391e-04 -1.315176486968994141e-04
7.736541098082445611e-01 8.863210678100585938e-05 8.928775787353515625e-05 9.012222290039062500e-05 8.979439735412597656e-05 9.033083915710449219e-05 8.749961853027343750e-05 1.009702682495117188e-04 1.096129417419433594e-04 8.481740951538085938e-05 9.995698928833007812e-05
7.801068717936323615e-01 2.940297126770019531e-04 3.011822700500488281e-04 3.125071525573730469e-04 2.930760383605957031e-04 3.127455711364746094e-04 2.908706665039062500e-04 3.041625022888183594e-04 2.988278865814208984e-04 2.831518650054931641e-04 2.938807010650634766e-04
7.865596337790202730e-01 -2.937018871307373047e-04 -2.831220626831054688e-04 -2.670884132385253906e-04 -2.745091915130615234e-04 -2.880990505218505859e-04 -2.867281436920166016e-04 -2.942681312561035156e-04 -2.827048301696777344e-04 -2.845823764801025391e-04 -2.947151660919189453e-04
7.930123957644081845e-01 5.364418029785156250e-04 5.257427692413330078e-04 5.308389663696289062e-04 5.399882793426513672e-04 5.346834659576416016e-04 5.422830581665039062e-04 5.428194999694824219e-04 5.424320697784423828e-04 5.298554897308349609e-04 5.346238613128662109e-04
7.994651577497960959e-01 9.897351264953613281e-05 9.244680404663085938e-05 9.584426879882812500e-05 9.503960609436035156e-05 9.098649024963378906e-05 9.098649024963378906e-05 8.469820022583007812e-05 8.782744407653808594e-05 9.739398956298828125e-05 8.365511894226074219e-05
8.059179197351840074e-01 -8.441507816314697266e-04 -8.645653724670410156e-04 -8.673667907714843750e-04 -8.740425109863281250e-04 -8.625090122222900391e-04 -8.677542209625244141e-04 -8.751451969146728516e-04 -8.802711963653564453e-04 -8.620917797088623047e-04 -8.603334426879882812e-04
8.123706817205719188e-01 7.715821266174316406e-05 8.583068847656250000e-05 1.166164875030517578e-04 1.079142093658447266e-04 7.787346839904785156e-05 9.739398956298828125e-05 9.354948997497558594e-05 9.652972221374511719e-05 9.533762931823730469e-05 9.199976921081542969e-05
8.188234437059598303e-01 3.762245178222656250e-04 3.808140754699707031e-04 3.696084022521972656e-04 3.845989704132080078e-04 3.925859928131103516e-04 3.876984119415283203e-04 3.822445869445800781e-04 3.856718540191650391e-04 3.904700279235839844e-04 3.869235515594482422e-04
8.252762056913477418e-01 -5.842149257659912109e-04 -5.746781826019287109e-04 -5.975067615509033203e-04 -5.937516689300537109e-04 -5.834996700286865234e-04 -5.878210067749023438e-04 -5.769729614257812500e-04 -5.859732627868652344e-04 -5.894005298614501953e-04 -5.818307399749755859e-04
8.317289676767356532e-01 -4.479289054870605469e-05 -4.616379737854003906e-05 -4.595518112182617188e-05 -4.744529724121093750e-05 -4.705786705017089844e-05 -4.628300666809082031e-05 -5.668401718139648438e-05 -3.647804260253906250e-05 -5.275011062622070312e-05 -4.270672798156738281e-05
8.381817296621235647e-01 3.296136856079101562e-04 3.403723239898681641e-04 3.169775009155273438e-04 3.369450569152832031e-04 3.339052200317382812e-04 3.336966037750244141e-04 3.254413604736328125e-04 3.129243850708007812e-04 3.435909748077392578e-04 3.255903720855712891e-04
8.446344916475114761e-01 -1.064538955688476562e-04 -1.079440116882324219e-04 -1.154541969299316406e-04 -1.152157783508300781e-04 -1.126527786254882812e-04 -1.046657562255859375e-04 -9.414553642272949219e-05 -9.164214134216308594e-05 -1.146793365478515625e-04 -8.499622344970703125e-05
8.510872536328993876e-01 1.881122589111328125e-04 1.912117004394531250e-04 1.873970031738281250e-04 1.858472824096679688e-04 1.936852931976318359e-04 1.921057701110839844e-04 1.963376998901367188e-04 1.952648162841796875e-04 1.804530620574951172e-04 1.975297927856445312e-04
8.575400156182872990e-01 -1.370310783386230469e-04 -1.325011253356933594e-04 -1.465976238250732422e-04 -1.330971717834472656e-04 -1.465082168579101562e-04 -1.236796379089355469e-04 -1.350343227386474609e-04 -1.391768455505371094e-04 -1.431405544281005859e-04 -1.254975795745849609e-04
8.639927776036752105e-01 -9.950995445251464844e-05 -1.015067100524902344e-04 -9.065866470336914062e-05 -1.032054424285888672e-04 -9.009242057800292969e-05 -1.072883605957031250e-04 -8.818507194519042969e-05 -9.620189666748046875e-05 -8.621811866760253906e-05 -9.578466415405273438e-05
8.704455395890630109e-01 -2.732872962951660156e-05 -1.809000968933105469e-05 -3.442168235778808594e-05 -3.549456596374511719e-05 -3.826618194580078125e-05 -3.483891487121582031e-05 -4.190206527709960938e-05 -4.592537879943847656e-05 -2.375245094299316406e-05 -4.059076309204101562e-05
8.768983015744509224e-01 -1.430213451385498047e-04 -1.393258571624755859e-04 -1.570284366607666016e-04 -1.421570777893066406e-04 -1.422166824340820312e-04 -1.398324966430664062e-04 -1.417696475982666016e-04 -1.321136951446533203e-04 -1.401305198669433594e-04 -1.379251480102539062e-04
8.833510635598388339e-01 2.890229225158691406e-04 3.002882003784179688e-04 2.995431423187255859e-04 3.061890602111816406e-04 3.065168857574462891e-04 3.051161766052246094e-04 2.991557121276855469e-04 3.190934658050537109e-04 3.022551536560058594e-04 3.068447113037109375e-04
8.898038255452267453e-01 2.801418304443359375e-06 -3.784894943237304688e-06 4.619359970092773438e-06 -4.649162292480468750e-06 7.480382919311523438e-06 9.864568710327148438e-06 1.847743988037109375e-06 -2.741813659667968750e-06 7.271766662597656250e-06 1.072883605957031250e-05
8.962565875306146568e-01 -2.313256263732910156e-04 -2.230107784271240234e-04 -2.187490463256835938e-04 -2.248287200927734375e-04 -2.214908599853515625e-04 -2.179145812988281250e-04 -2.081096172332763672e-04 -2.111494541168212891e-04 -2.223551273345947266e-04 -2.236366271972656250e-04
9.027093495160025682e-01 2.039968967437744141e-04 2.279579639434814453e-04 2.169907093048095703e-04 2.173483371734619141e-04 2.104640007019042969e-04 2.028942108154296875e-04 2.184808254241943359e-04 2.088248729705810547e-04 2.132356166839599609e-04 2.081990242004394531e-04
9.091621115013904797e-01 -8.150935173034667969e-05 -8.314847946166992188e-05 -8.693337440490722656e-05 -8.490681648254394531e-05 -7.781386375427246094e-05 -8.666515350341796875e-05 -9.214878082275390625e-05 -9.527802467346191406e-05 -9.313225746154785156e-05 -8.851289749145507812e-05
9.156148734867783912e-01 8.255243301391601562e-05 7.811188697814941406e-05 8.413195610046386719e-05 9.641051292419433594e-05 7.581710815429687500e-05 8.442997932434082031e-05 9.411573410034179688e-05 9.277462959289550781e-05 9.128451347351074219e-05 8.621811866760253906e-05
9.220676354721663026e-01 4.708766937255859375e-05 5.945563316345214844e-05 3.427267074584960938e-05 3.552436828613281250e-05 2.071261405944824219e-05 2.777576446533203125e-05 3.305077552795410156e-05 2.551078796386718750e-05 4.139542579650878906e-05 3.373622894287109375e-05
9.285203974575542141e-01 -1.761019229888916016e-04 -1.758635044097900391e-04 -1.761913299560546875e-04 -1.722872257232666016e-04 -1.792609691619873047e-04 -1.819729804992675781e-04 -1.625120639801025391e-04 -1.708865165710449219e-04 -1.816749572753906250e-04 -1.629292964935302734e-04
9.349731594429421255e-01 1.742541790008544922e-04 1.746118068695068359e-04 1.840591430664062500e-04 1.755654811859130859e-04 1.749694347381591797e-04 1.676678657531738281e-04 1.703202724456787109e-04 1.756548881530761719e-04 1.797378063201904297e-04 1.809298992156982422e-04
9.414259214283300370e-01 -1.149177551269531250e-04 -1.040697097778320312e-04 -1.150965690612792969e-04 -1.142919063568115234e-04 -1.010000705718994141e-04 -1.075863838195800781e-04 -1.230239868164062500e-04 -1.003146171569824219e-04 -1.158416271209716797e-04 -1.208484172821044922e-04
9.478786834137179484e-01 8.267164230346679688e-05 8.061528205871582031e-05 8.353590965270996094e-05 7.545948028564453125e-05 9.050965309143066406e-05 7.969141006469726562e-05 9.346008300781250000e-05 8.633732795715332031e-05 7.736682891845703125e-05 9.271502494812011719e-05
9.543314453991058599e-01 3.948807716369628906e-05 3.728270530700683594e-05 3.862380981445312500e-05 3.054738044738769531e-05 3.826618194580078125e-05 4.103779792785644531e-05 2.643465995788574219e-05 3.343820571899414062e-05 3.731250762939453125e-05 3.725290298461914062e-05
9.607842073844936603e-01 -1.977384090423583984e-04 -1.979768276214599609e-04 -2.062916755676269531e-04 -1.904368400573730469e-04 -2.020895481109619141e-04 -2.015531063079833984e-04 -2.149641513824462891e-04 -2.063214778900146484e-04 -2.046525478363037109e-04 -2.045631408691406250e-04
9.672369693698815718e-01 1.186728477478027344e-04 1.114904880523681641e-04 1.212060451507568359e-04 1.055002212524414062e-04 1.061260700225830078e-04 1.180469989776611328e-04 1.168549060821533203e-04 1.150965690612792969e-04 1.114308834075927734e-04 1.125037670135498047e-04
9.736897313552694833e-01 -4.366040229797363281e-05 -3.099441528320312500e-05 -3.427267074584960938e-05 -2.941489219665527344e-05 -3.102421760559082031e-05 -4.249811172485351562e-05 -3.898143768310546875e-05 -3.340840339660644531e-05 -4.562735557556152344e-05 -4.360079765319824219e-05
9.801424933406573947e-01 -2.127885818481445312e-05 -2.440810203552246094e-05 -2.342462539672851562e-05 -2.330541610717773438e-05 -1.922249794006347656e-05 -1.931190490722656250e-05 -1.367926597595214844e-05 -3.087520599365234375e-05 -2.586841583251953125e-05 -1.034140586853027344e-05
9.865952553260453062e-01 7.319450378417968750e-05 7.125735282897949219e-05 7.161498069763183594e-05 7.003545761108398438e-05 7.367134094238281250e-05 7.626414299011230469e-05 6.514787673950195312e-05 6.988644599914550781e-05 7.092952728271484375e-05 7.066130638122558594e-05
9.930480173114332176e-01 -8.857250213623046875e-05 -1.028776168823242188e-04 -9.724497795104980469e-05 -1.007914543151855469e-04 -8.329749107360839844e-05 -8.749961853027343750e-05 -9.006261825561523438e-05 -8.291006088256835938e-05 -9.343028068542480469e-05 -8.094310760498046875e-05
9.995007792968211291e-01 5.823373794555664062e-05 6.005167961120605469e-05 4.777312278747558594e-05 5.164742469787597656e-05 4.723668098449707031e-05 4.884600639343261719e-05 5.665421485900878906e-05 5.823373794555664062e-05 4.598498344421386719e-05 5.912780761718750000e-05
1.005953541282209152e+00 2.810359001159667969e-05 1.609325408935546875e-05 2.756714820861816406e-05 3.442168235778808594e-05 1.797080039978027344e-05 1.445412635803222656e-05 2.554059028625488281e-05 2.539157867431640625e-05 2.199411392211914062e-05 1.788139343261718750e-05
1.012406303267596952e+00 -1.353025436401367188e-05 -1.144409179687500000e-05 -8.016824722290039062e-06 -8.523464202880859375e-06 -9.238719940185546875e-07 -1.060962677001953125e-05 -2.652406692504882812e-06 -6.377696990966796875e-06 -9.894371032714843750e-06 -1.528859138488769531e-05
1.018859065252984752e+00 4.190206527709960938e-05 4.732608795166015625e-05 4.625320434570312500e-05 5.155801773071289062e-05 3.588199615478515625e-05 4.795193672180175781e-05 4.941225051879882812e-05 4.711747169494628906e-05 4.133582115173339844e-05 4.303455352783203125e-05
1.025311827238372775e+00 -6.213784217834472656e-05 -7.110834121704101562e-05 -6.136298179626464844e-05 -6.207823753356933594e-05 -6.705522537231445312e-05 -6.932020187377929688e-05 -7.289648056030273438e-05 -6.282329559326171875e-05 -7.858872413635253906e-05 -6.800889968872070312e-05
1.031764589223760797e+00 4.467368125915527344e-05 3.847479820251464844e-05 3.567337989807128906e-05 4.190206527709960938e-05 5.385279655456542969e-05 5.075335502624511719e-05 4.041194915771484375e-05 4.422664642333984375e-05 5.510449409484863281e-05 5.981326103210449219e-05
1.038217351209148598e+00 4.461407661437988281e-05 5.149841308593750000e-05 5.686283111572265625e-05 4.607439041137695312e-05 5.117058753967285156e-05 4.297494888305664062e-05 3.927946090698242188e-05 4.076957702636718750e-05 3.868341445922851562e-05 4.291534423828125000e-05
1.044670113194536398e+00 2.968311309814453125e-05 4.076957702636718750e-05 4.261732101440429688e-05 3.474950790405273438e-05 3.513693809509277344e-05 3.257393836975097656e-05 3.507733345031738281e-05 3.674626350402832031e-05 2.428889274597167969e-05 2.911686897277832031e-05
1.051122875179924421e+00 -8.827447891235351562e-05 -8.299946784973144531e-05 -8.419156074523925781e-05 -8.493661880493164062e-05 -9.876489639282226562e-05 -9.399652481079101562e-05 -1.039803028106689453e-04 -9.551644325256347656e-05 -8.866190910339355469e-05 -8.890032768249511719e-05
1.057575637165312221e+00 -2.764761447906494141e-04 -3.005266189575195312e-04 -2.969801425933837891e-04 -2.790987491607666016e-04 -2.858042716979980469e-04 -2.983212471008300781e-04 -2.856552600860595703e-04 -2.945065498352050781e-04 -2.810955047607421875e-04 -2.904832363128662109e-04
1.064028399150700022e+00 1.063048839569091797e-04 1.253187656402587891e-04 1.227557659149169922e-04 1.291930675506591797e-04 1.262724399566650391e-04 1.470446586608886719e-04 1.192390918731689453e-04 1.269876956939697266e-04 1.326501369476318359e-04 1.382231712341308594e-04
1.070481161136088044e+00 -2.788305282592773438e-04 -2.618432044982910156e-04 -2.625286579132080078e-04 -2.636313438415527344e-04 -2.762079238891601562e-04 -2.753436565399169922e-04 -2.735853195190429688e-04 -2.727210521697998047e-04 -2.675652503967285156e-04 -2.727508544921875000e-04
1.076933923121476067e+00 -8.985400199890136719e-05 -8.347630500793457031e-05 -9.492039680480957031e-05 -8.273124694824218750e-05 -9.173154830932617188e-05 -7.781386375427246094e-05 -8.210539817810058594e-05 -8.994340896606445312e-05 -9.676814079284667969e-05 -8.684396743774414062e-05
1.083386685106863867e+00 1.716613769531250000e-04 1.583099365234375000e-04 1.596808433532714844e-04 1.603364944458007812e-04 1.663863658905029297e-04 1.634955406188964844e-04 1.685917377471923828e-04 1.588463783264160156e-04 1.557469367980957031e-04 1.453757286071777344e-04
1.089839447092251667e+00 -4.544854164123535156e-05 -4.377961158752441406e-05 -5.304813385009765625e-05 -5.543231964111328125e-05 -4.443526268005371094e-05 -5.444884300231933594e-05 -4.860758781433105469e-05 -5.185604095458984375e-05 -4.494190216064453125e-05 -5.707144737243652344e-05
1.096292209077639690e+00 1.001656055450439453e-04 1.002252101898193359e-04 9.903311729431152344e-05 9.790062904357910156e-05 1.090764999389648438e-04 9.155273437500000000e-05 1.186132431030273438e-04 1.070797443389892578e-04 1.004040241241455078e-04 1.114308834075927734e-04
1.102744971063027712e+00 -2.284646034240722656e-04 -2.282857894897460938e-04 -2.395212650299072266e-04 -2.390444278717041016e-04 -2.438127994537353516e-04 -2.336204051971435547e-04 -2.380907535552978516e-04 -2.354681491851806641e-04 -2.373158931732177734e-04 -2.222061157226562500e-04
1.109197733048415513e+00 -2.616643905639648438e-05 -2.777576446533203125e-05 -2.920627593994140625e-05 -4.878640174865722656e-05 -2.884864807128906250e-05 -2.473592758178710938e-05 -3.546476364135742188e-05 -5.108118057250976562e-05 -4.148483276367187500e-05 -2.509355545043945312e-05
1.115650495033803313e+00 -1.820325851440429688e-04 -1.813471317291259766e-04 -1.952052116394042969e-04 -1.854896545410156250e-04 -1.888871192932128906e-04 -1.775622367858886719e-04 -1.828968524932861328e-04 -1.785159111022949219e-04 -1.869499683380126953e-04 -1.794397830963134766e-04
1.122103257019191336e+00 -1.227557659149169922e-04 -1.114308834075927734e-04 -1.059174537658691406e-04 -9.882450103759765625e-05 -1.115500926971435547e-04 -1.262426376342773438e-04 -1.204013824462890625e-04 -1.027882099151611328e-04 -1.241862773895263672e-04 -1.126825809478759766e-04
1.128556019004579358e+00 1.093149185180664062e-04 1.063942909240722656e-04 1.118183135986328125e-04 1.209378242492675781e-04 1.139342784881591797e-04 1.163184642791748047e-04 9.512901306152343750e-05 9.652972221374511719e-05 1.243650913238525391e-04 1.171529293060302734e-04
1.135008780989967159e+00 -2.922713756561279297e-04 -2.861917018890380859e-04 -2.886652946472167969e-04 -2.866685390472412109e-04 -2.824962139129638672e-04 -2.832412719726562500e-04 -2.906322479248046875e-04 -2.786815166473388672e-04 -2.869665622711181641e-04 -2.890825271606445312e-04
1.141461542975354959e+00 5.441904067993164062e-05 6.952881813049316406e-05 6.952881813049316406e-05 6.020069122314453125e-05 6.884336471557617188e-05 6.705522537231445312e-05 6.657838821411132812e-05 6.693601608276367188e-05 5.641579627990722656e-05 6.112456321716308594e-05
1.147914304960742982e+00 2.700090408325195312e-04 2.606511116027832031e-04 2.540349960327148438e-04 2.627372741699218750e-04 2.613365650177001953e-04 2.593398094177246094e-04 2.538859844207763672e-04 2.507567405700683594e-04 2.568066120147705078e-04 2.464950084686279297e-04
1.154367066946130782e+00 -2.351105213165283203e-04 -2.364516258239746094e-04 -2.233684062957763672e-04 -2.318918704986572266e-04 -2.235174179077148438e-04 -2.358853816986083984e-04 -2.293586730957031250e-04 -2.124309539794921875e-04 -2.252757549285888672e-04 -2.048909664154052734e-04
1.160819828931518582e+00 2.800822257995605469e-04 2.892315387725830078e-04 2.762079238891601562e-04 2.868473529815673828e-04 2.759397029876708984e-04 2.892613410949707031e-04 2.937912940979003906e-04 2.858042716979980469e-04 2.852678298950195312e-04 2.746284008026123047e-04
1.167272590916906605e+00 -7.641315460205078125e-05 -7.432699203491210938e-05 -6.508827209472656250e-05 -6.571412086486816406e-05 -6.240606307983398438e-05 -5.835294723510742188e-05 -7.900595664978027344e-05 -7.483363151550292969e-05 -6.124377250671386719e-05 -7.694959640502929688e-05
1.173725352902294627e+00 -2.341568470001220703e-04 -2.401173114776611328e-04 -2.282559871673583984e-04 -2.293884754180908203e-04 -2.289116382598876953e-04 -2.355873584747314453e-04 -2.342760562896728516e-04 -2.234876155853271484e-04 -2.380609512329101562e-04 -2.281963825225830078e-04
1.180178114887682428e+00 4.304349422454833984e-04 4.217028617858886719e-04 4.305541515350341797e-04 4.206001758575439453e-04 4.288852214813232422e-04 4.239380359649658203e-04 4.211962223052978516e-04 4.176497459411621094e-04 4.129409790039062500e-04 4.227459430694580078e-04
1.186630876873070450e+00 -2.447366714477539062e-04 -2.358853816986083984e-04 -2.491474151611328125e-04 -2.527236938476562500e-04 -2.537071704864501953e-04 -2.566874027252197266e-04 -2.513825893402099609e-04 -2.630054950714111328e-04 -2.484023571014404297e-04 -2.648532390594482422e-04
1.193083638858458251e+00 1.920461654663085938e-04 1.962780952453613281e-04 1.944601535797119141e-04 1.953244209289550781e-04 2.095401287078857422e-04 2.000033855438232422e-04 2.200901508331298828e-04 2.238750457763671875e-04 2.086460590362548828e-04 2.132356166839599609e-04
1.199536400843846051e+00 2.430677413940429688e-04 2.447664737701416016e-04 2.349615097045898438e-04 2.383291721343994141e-04 2.330839633941650391e-04 2.317428588867187500e-04 2.251267433166503906e-04 2.316236495971679688e-04 2.546906471252441406e-04 2.304613590240478516e-04
1.205989162829234074e+00 -4.260540008544921875e-04 -4.217624664306640625e-04 -4.242062568664550781e-04 -4.188120365142822266e-04 -4.241466522216796875e-04 -4.146695137023925781e-04 -4.120767116546630859e-04 -4.138946533203125000e-04 -4.235208034515380859e-04 -4.071593284606933594e-04
1.212441924814621874e+00 3.446638584136962891e-04 3.509521484375000000e-04 3.452003002166748047e-04 3.474056720733642578e-04 3.422200679779052734e-04 3.504455089569091797e-04 3.467500209808349609e-04 3.547370433807373047e-04 3.539621829986572266e-04 3.705024719238281250e-04
1.218894686800009897e+00 1.874566078186035156e-05 2.112984657287597656e-05 1.364946365356445312e-05 1.728534698486328125e-05 1.275539398193359375e-05 1.275539398193359375e-05 1.204013824462890625e-05 1.281499862670898438e-05 3.680586814880371094e-05 1.421570777893066406e-05
1.225347448785397697e+00 -2.061426639556884766e-04 -2.086758613586425781e-04 -2.074539661407470703e-04 -2.046227455139160156e-04 -1.989901065826416016e-04 -1.964271068572998047e-04 -1.947581768035888672e-04 -1.878142356872558594e-04 -2.033710479736328125e-04 -1.999139785766601562e-04
1.231800210770785720e+00 2.200603485107421875e-04 2.125203609466552734e-04 2.102255821228027344e-04 2.018511295318603516e-04 2.186298370361328125e-04 2.192556858062744141e-04 2.110898494720458984e-04 2.110898494720458984e-04 2.027153968811035156e-04 2.210438251495361328e-04
1.238252972756173520e+00 -1.766681671142578125e-04 -1.688897609710693359e-04 -1.728534698486328125e-04 -1.696944236755371094e-04 -1.615583896636962891e-04 -1.715123653411865234e-04 -1.673698425292968750e-04 -1.740455627441406250e-04 -1.709461212158203125e-04 -1.753568649291992188e-04
1.244705734741561542e+00 -2.884864807128906250e-05 -1.728534698486328125e-05 -2.646446228027343750e-05 -2.995133399963378906e-05 -2.053380012512207031e-05 -1.505017280578613281e-05 -9.983777999877929688e-06 -1.898407936096191406e-05 -2.017617225646972656e-05 -2.253055572509765625e-05
1.251158496726949343e+00 1.006722450256347656e-04 9.694695472717285156e-05 9.793043136596679688e-05 1.073777675628662109e-04 1.076161861419677734e-04 1.083612442016601562e-04 9.387731552124023438e-05 1.019537448883056641e-04 1.060366630554199219e-04 9.700655937194824219e-05
1.257611258712337365e+00 -7.247924804687500000e-05 -7.185339927673339844e-05 -7.754564285278320312e-05 -7.438659667968750000e-05 -8.004903793334960938e-05 -7.516145706176757812e-05 -7.250905036926269531e-05 -7.715821266174316406e-05 -8.478760719299316406e-05 -7.966160774230957031e-05
1.264064020697725166e+00 -1.472234725952148438e-05 -6.854534149169921875e-06 -2.267956733703613281e-05 -2.560019493103027344e-05 -2.673268318176269531e-05 -2.935528755187988281e-05 -2.679228782653808594e-05 -1.206994056701660156e-05 -1.674890518188476562e-05 -2.995133399963378906e-05
1.270516782683113188e+00 -3.111362457275390625e-05 -3.328919410705566406e-05 -2.691149711608886719e-05 -3.132224082946777344e-05 -2.917647361755371094e-05 -2.202391624450683594e-05 -2.804398536682128906e-05 -2.714991569519042969e-05 -2.384185791015625000e-05 -2.267956733703613281e-05
1.276969544668500989e+00 -2.670288085937500000e-05 -2.133846282958984375e-05 -1.743435859680175781e-05 -1.943111419677734375e-05 -2.399086952209472656e-05 -1.442432403564453125e-05 -2.142786979675292969e-05 -1.952052116394042969e-05 -1.916289329528808594e-05 -3.024935722351074219e-05
1.283422306653888789e+00 -3.841519355773925781e-05 -4.473328590393066406e-05 -3.337860107421875000e-05 -3.600120544433593750e-05 -4.139542579650878906e-05 -3.924965858459472656e-05 -3.367662429809570312e-05 -4.258751869201660156e-05 -4.625320434570312500e-05 -5.531311035156250000e-05
1.289875068639276812e+00 1.225471496582031250e-04 1.215338706970214844e-04 1.188516616821289062e-04 1.241266727447509766e-04 1.178681850433349609e-04 1.204013824462890625e-04 1.179873943328857422e-04 1.168847084045410156e-04 1.257956027984619141e-04 1.258850097656250000e-04
1.296327830624664612e+00 -3.951787948608398438e-05 -3.987550735473632812e-05 -4.169344902038574219e-05 -3.662705421447753906e-05 -3.248453140258789062e-05 -3.212690353393554688e-05 -4.926323890686035156e-05 -4.220008850097656250e-05 -3.334879875183105469e-05 -2.983212471008300781e-05
1.302780592610052635e+00 -6.487965583801269531e-05 -6.294250488281250000e-05 -6.222724914550781250e-05 -6.806850433349609375e-05 -5.805492401123046875e-05 -4.494190216064453125e-05 -6.461143493652343750e-05 -5.182623863220214844e-05 -6.672739982604980469e-05 -5.355477333068847656e-05
1.309233354595440435e+00 9.584426879882812500e-05 1.176595687866210938e-04 1.090466976165771484e-04 1.069605350494384766e-04 1.092255115509033203e-04 1.043677330017089844e-04 9.906291961669921875e-05 1.026093959808349609e-04 1.004040241241455078e-04 1.012086868286132812e-04
1.315686116580828458e+00 -1.083314418792724609e-04 -1.077950000762939453e-04 -1.166164875030517578e-04 -1.030564308166503906e-04 -1.181364059448242188e-04 -9.194016456604003906e-05 -9.730458259582519531e-05 -9.939074516296386719e-05 -1.064538955688476562e-04 -1.240074634552001953e-04
1.322138878566216258e+00 5.814433097839355469e-05 6.252527236938476562e-05 6.136298179626464844e-05 5.611777305603027344e-05 6.651878356933593750e-05 7.224082946777343750e-05 6.642937660217285156e-05 7.086992263793945312e-05 6.237626075744628906e-05 8.323788642883300781e-05
1.328591640551604280e+00 4.863739013671875000e-05 6.011128425598144531e-05 6.619095802307128906e-05 5.322694778442382812e-05 6.380677223205566406e-05 5.492568016052246094e-05 5.495548248291015625e-05 5.227327346801757812e-05 5.584955215454101562e-05 5.376338958740234375e-05
1.335044402536992081e+00 -1.876056194305419922e-04 -1.847445964813232422e-04 -1.702010631561279297e-04 -1.915097236633300781e-04 -1.858770847320556641e-04 -1.726746559143066406e-04 -1.927316188812255859e-04 -1.891553401947021484e-04 -1.876354217529296875e-04 -1.971423625946044922e-04
1.341497164522380103e+00 1.374185085296630859e-04 1.473426818847656250e-04 1.430809497833251953e-04 1.416504383087158203e-04 1.494586467742919922e-04 1.465082168579101562e-04 1.432001590728759766e-04 1.481175422668457031e-04 1.397132873535156250e-04 1.497268676757812500e-04
1.347949926507767904e+00 -1.192092895507812500e-05 -1.981854438781738281e-05 -1.576542854309082031e-05 -1.722574234008789062e-05 -1.659989356994628906e-05 -1.981854438781738281e-05 -5.364418029785156250e-06 -2.801418304443359375e-05 -1.838803291320800781e-05 -2.560019493103027344e-05
1.354402688493155926e+00 -3.367662429809570312e-05 -4.053115844726562500e-05 -2.843141555786132812e-05 -3.400444984436035156e-05 -4.544854164123535156e-05 -4.485249519348144531e-05 -4.667043685913085938e-05 -2.896785736083984375e-05 -5.075335502624511719e-05 -4.056096076965332031e-05
1.360855450478543727e+00 7.435679435729980469e-05 9.098649024963378906e-05 7.843971252441406250e-05 9.509921073913574219e-05 8.678436279296875000e-05 8.440017700195312500e-05 8.025765419006347656e-05 7.414817810058593750e-05 7.683038711547851562e-05 9.077787399291992188e-05
1.367308212463931749e+00 -8.928775787353515625e-05 -9.617209434509277344e-05 -9.536743164062500000e-05 -8.553266525268554688e-05 -9.390711784362792969e-05 -1.012682914733886719e-04 -9.387731552124023438e-05 -9.125471115112304688e-05 -8.577108383178710938e-05 -7.954239845275878906e-05
1.373760974449319550e+00 5.647540092468261719e-05 5.522370338439941406e-05 5.429983139038085938e-05 6.699562072753906250e-05 5.245208740234375000e-05 5.665421485900878906e-05 6.517767906188964844e-05 6.306171417236328125e-05 6.279349327087402344e-05 5.862116813659667969e-05
1.380213736434707350e+00 1.048147678375244141e-04 1.023709774017333984e-04 9.688735008239746094e-05 9.867548942565917969e-05 9.527802467346191406e-05 1.078844070434570312e-04 8.466839790344238281e-05 9.280443191528320312e-05 1.064240932464599609e-04 9.101629257202148438e-05
1.386666498420095373e+00 -3.197789192199707031e-05 -5.930662155151367188e-06 -1.823902130126953125e-05 -1.332163810729980469e-05 -2.244114875793457031e-05 -1.925230026245117188e-05 -2.753734588623046875e-05 -8.195638656616210938e-06 -1.719594001770019531e-05 -2.866983413696289062e-05
1.393119260405483173e+00 2.440810203552246094e-05 2.074241638183593750e-05 2.866983413696289062e-05 2.321600914001464844e-05 2.345442771911621094e-05 1.969933509826660156e-05 1.984834671020507812e-05 2.849102020263671875e-05 1.841783523559570312e-05 3.278255462646484375e-05
1.399572022390871195e+00 -3.191828727722167969e-05 -2.706050872802734375e-05 -2.518296241760253906e-05 -3.740191459655761719e-05 -2.345442771911621094e-05 -2.655386924743652344e-05 -2.360343933105468750e-05 -2.470612525939941406e-05 -2.878904342651367188e-05 -3.674626350402832031e-05
1.406024784376258996e+00 4.050135612487792969e-05 4.038214683532714844e-05 5.751848220825195312e-05 3.787875175476074219e-05 4.675984382629394531e-05 4.062056541442871094e-05 4.422664642333984375e-05 4.062056541442871094e-05 4.932284355163574219e-05 2.938508987426757812e-05
1.412477546361647018e+00 -6.589293479919433594e-05 -5.036592483520507812e-05 -5.653500556945800781e-05 -7.009506225585937500e-05 -5.918741226196289062e-05 -6.252527236938476562e-05 -5.599856376647949219e-05 -6.002187728881835938e-05 -6.410479545593261719e-05 -6.756186485290527344e-05
1.418930308347034819e+00 5.421042442321777344e-05 6.064772605895996094e-05 4.830956459045410156e-05 4.261732101440429688e-05 4.762411117553710938e-05 4.160404205322265625e-05 4.968047142028808594e-05 4.595518112182617188e-05 5.200505256652832031e-05 4.562735557556152344e-05
1.425383070332422841e+00 4.172325134277343750e-07 9.566545486450195312e-06 7.778406143188476562e-06 1.817941665649414062e-06 5.334615707397460938e-06 8.970499038696289062e-06 3.278255462646484375e-07 -6.556510925292968750e-07 1.430511474609375000e-05 -9.238719940185546875e-07
1.431835832317810642e+00 -3.036856651306152344e-05 -3.308057785034179688e-05 -2.801418304443359375e-05 -3.129243850708007812e-05 -4.026293754577636719e-05 -2.226233482360839844e-05 -2.706050872802734375e-05 -1.662969589233398438e-05 -3.105401992797851562e-05 -2.494454383850097656e-05
1.438288594303198664e+00 2.232193946838378906e-05 1.347064971923828125e-05 4.589557647705078125e-06 1.192092895507812500e-05 2.068281173706054688e-05 2.315640449523925781e-05 2.303719520568847656e-05 2.667307853698730469e-05 1.165270805358886719e-05 1.314282417297363281e-05
1.444741356288586465e+00 -8.234381675720214844e-05 -7.763504981994628906e-05 -8.732080459594726562e-05 -9.000301361083984375e-05 -8.025765419006347656e-05 -8.490681648254394531e-05 -8.946657180786132812e-05 -8.493661880493164062e-05 -7.003545761108398438e-05 -9.134411811828613281e-05
1.451194118273974487e+00 9.921193122863769531e-05 1.043975353240966797e-04 1.112818717956542969e-04 1.070499420166015625e-04 1.037418842315673828e-04 1.157224178314208984e-04 1.076757907867431641e-04 1.050233840942382812e-04 9.673833847045898438e-05 1.087486743927001953e-04
1.457646880259362288e+00 5.692243576049804688e-06 -1.466274261474609375e-05 1.728534698486328125e-06 -6.675720214843750000e-06 3.814697265625000000e-06 1.579523086547851562e-06 -1.144409179687500000e-05 -9.804964065551757812e-06 -3.844499588012695312e-06 -5.304813385009765625e-06
1.464099642244750310e+00 -3.936886787414550781e-05 -6.833672523498535156e-05 -5.301833152770996094e-05 -5.480647087097167969e-05 -6.133317947387695312e-05 -4.723668098449707031e-05 -4.923343658447265625e-05 -5.373358726501464844e-05 -4.661083221435546875e-05 -4.678964614868164062e-05
1.470552404230138110e+00 1.557469367980957031e-04 1.539885997772216797e-04 1.530051231384277344e-04 1.489520072937011719e-04 1.459121704101562500e-04 1.467764377593994141e-04 1.508593559265136719e-04 1.506805419921875000e-04 1.508295536041259766e-04 1.510977745056152344e-04
1.477005166215525911e+00 -1.907050609588623047e-04 -1.861751079559326172e-04 -1.790821552276611328e-04 -1.853108406066894531e-04 -1.822113990783691406e-04 -1.843273639678955078e-04 -2.019405364990234375e-04 -1.922249794006347656e-04 -1.847445964813232422e-04 -1.934766769409179688e-04
1.483457928200913933e+00 6.455183029174804688e-05 6.291270256042480469e-05 7.230043411254882812e-05 7.754564285278320312e-05 7.408857345581054688e-05 6.949901580810546875e-05 8.305907249450683594e-05 7.793307304382324219e-05 6.771087646484375000e-05 7.385015487670898438e-05
1.489910690186301734e+00 1.646280288696289062e-04 1.580119132995605469e-04 1.382827758789062500e-04 1.501739025115966797e-04 1.457035541534423828e-04 1.489222049713134766e-04 1.372694969177246094e-04 1.418888568878173828e-04 1.498162746429443359e-04 1.425445079803466797e-04
1.496363452171689756e+00 -3.022551536560058594e-04 -2.908408641815185547e-04 -2.933740615844726562e-04 -2.910494804382324219e-04 -2.918839454650878906e-04 -2.920329570770263672e-04 -2.928674221038818359e-04 -2.954304218292236328e-04 -2.982914447784423828e-04 -3.005862236022949219e-04
1.502816214157077557e+00 2.509653568267822266e-04 2.599060535430908203e-04 2.590119838714599609e-04 2.613663673400878906e-04 2.482831478118896484e-04 2.467930316925048828e-04 2.515912055969238281e-04 2.526044845581054688e-04 2.531111240386962891e-04 2.556443214416503906e-04
1.509268976142465579e+00 7.152557373046875000e-07 -1.966953277587890625e-06 6.049871444702148438e-06 1.192092895507812500e-07 7.927417755126953125e-06 5.304813385009765625e-06 -1.126527786254882812e-05 -8.940696716308593750e-06 2.205371856689453125e-06 -1.928210258483886719e-05
1.515721738127853380e+00 -2.654790878295898438e-04 -2.507269382476806641e-04 -2.663433551788330078e-04 -2.483427524566650391e-04 -2.578198909759521484e-04 -2.561509609222412109e-04 -2.476871013641357422e-04 -2.495348453521728516e-04 -2.658367156982421875e-04 -2.508461475372314453e-04
1.522174500113241402e+00 4.062354564666748047e-04 3.954470157623291016e-04 3.944635391235351562e-04 3.940463066101074219e-04 3.794431686401367188e-04 3.948509693145751953e-04 3.950297832489013672e-04 3.862380981445312500e-04 4.047453403472900391e-04 4.018843173980712891e-04
1.528627262098629203e+00 -1.718699932098388672e-04 -1.843571662902832031e-04 -1.659095287322998047e-04 -1.788139343261718750e-04 -1.867711544036865234e-04 -1.879632472991943359e-04 -1.947283744812011719e-04 -1.790821552276611328e-04 -1.666247844696044922e-04 -1.947581768035888672e-04
1.535080024084017225e+00 -1.421570777893066406e-04 -1.451969146728515625e-04 -1.372396945953369141e-04 -1.339316368103027344e-04 -1.272261142730712891e-04 -1.332759857177734375e-04 -1.128613948822021484e-04 -1.313090324401855469e-04 -1.344084739685058594e-04 -1.239180564880371094e-04
1.541532786069405025e+00 3.241598606109619141e-04 3.284215927124023438e-04 3.238022327423095703e-04 3.216564655303955078e-04 3.308057785034179688e-04 3.161430358886718750e-04 3.101229667663574219e-04 3.258585929870605469e-04 3.236830234527587891e-04 3.185272216796875000e-04
1.547985548054793048e+00 -2.898573875427246094e-04 -2.872347831726074219e-04 -2.815723419189453125e-04 -2.949535846710205078e-04 -2.958774566650390625e-04 -2.883672714233398438e-04 -2.864897251129150391e-04 -2.872049808502197266e-04 -2.939403057098388672e-04 -2.945363521575927734e-04
1.554438310040180848e+00 1.835823059082031250e-05 1.657009124755859375e-05 6.854534149169921875e-06 1.460313796997070312e-05 1.549720764160156250e-05 2.238154411315917969e-05 2.196431159973144531e-05 2.110004425048828125e-05 5.632638931274414062e-06 2.011656761169433594e-05
1.560891072025568649e+00 2.547502517700195312e-04 2.538263797760009766e-04 2.675056457519531250e-04 2.503991127014160156e-04 2.479255199432373047e-04 2.536475658416748047e-04 2.558529376983642578e-04 2.409517765045166016e-04 2.429187297821044922e-04 2.449452877044677734e-04
1.567343834010956671e+00 -3.132224082946777344e-04 -3.123879432678222656e-04 -3.118515014648437500e-04 -3.180503845214843750e-04 -3.231465816497802734e-04 -3.125965595245361328e-04 -3.119111061096191406e-04 -3.176033496856689453e-04 -3.231167793273925781e-04 -3.184974193572998047e-04
1.573796595996344472e+00 6.353855133056640625e-05 6.511807441711425781e-05 6.824731826782226562e-05 7.426738739013671875e-05 7.012486457824707031e-05 7.316470146179199219e-05 8.568167686462402344e-05 8.431077003479003906e-05 6.386637687683105469e-05 7.912516593933105469e-05
1.580249357981732494e+00 2.009868621826171875e-04 2.007484436035156250e-04 1.977086067199707031e-04 1.895427703857421875e-04 2.070069313049316406e-04 1.942515373229980469e-04 1.937448978424072266e-04 1.874268054962158203e-04 2.059340476989746094e-04 1.880824565887451172e-04
1.586702119967120295e+00 -3.496408462524414062e-04 -3.475844860076904297e-04 -3.561675548553466797e-04 -3.496110439300537109e-04 -3.486573696136474609e-04 -3.467500209808349609e-04 -3.560781478881835938e-04 -3.519058227539062500e-04 -3.653466701507568359e-04 -3.459751605987548828e-04
1.593154881952508317e+00 1.757442951202392578e-04 1.671910285949707031e-04 1.918375492095947266e-04 1.795887947082519531e-04 1.752078533172607422e-04 1.778900623321533203e-04 1.807212829589843750e-04 1.841187477111816406e-04 1.707971096038818359e-04 1.878142356872558594e-04
1.599607643937896118e+00 1.847147941589355469e-04 1.746416091918945312e-04 1.852512359619140625e-04 1.695156097412109375e-04 1.878440380096435547e-04 1.727938652038574219e-04 1.555681228637695312e-04 1.619458198547363281e-04 1.678168773651123047e-04 1.527070999145507812e-04
1.606060405923284140e+00 -4.082024097442626953e-04 -4.063248634338378906e-04 -4.151761531829833984e-04 -4.044771194458007812e-04 -4.090964794158935547e-04 -4.126727581024169922e-04 -4.166066646575927734e-04 -4.001855850219726562e-04 -4.042983055114746094e-04 -4.133880138397216797e-04
1.612513167908671941e+00 3.762841224670410156e-04 3.728270530700683594e-04 3.709495067596435547e-04 3.712773323059082031e-04 3.639459609985351562e-04 3.746747970581054688e-04 3.800094127655029297e-04 3.784596920013427734e-04 3.724694252014160156e-04 3.868937492370605469e-04
1.618965929894059963e+00 -7.686018943786621094e-05 -7.748603820800781250e-05 -7.578730583190917969e-05 -7.596611976623535156e-05 -6.806850433349609375e-05 -8.112192153930664062e-05 -8.776783943176269531e-05 -8.949637413024902344e-05 -7.015466690063476562e-05 -9.289383888244628906e-05
1.625418691879447763e+00 -3.634095191955566406e-04 -3.468692302703857422e-04 -3.483593463897705078e-04 -3.556013107299804688e-04 -3.599822521209716797e-04 -3.615319728851318359e-04 -3.362596035003662109e-04 -3.501772880554199219e-04 -3.597438335418701172e-04 -3.381073474884033203e-04
1.631871453864835786e+00 4.528164863586425781e-04 4.599094390869140625e-04 4.588067531585693359e-04 4.589855670928955078e-04 4.615485668182373047e-04 4.635453224182128906e-04 4.674196243286132812e-04 4.577338695526123047e-04 4.569888114929199219e-04 4.736185073852539062e-04
1.638324215850223586e+00 -2.440810203552246094e-04 -2.323687076568603516e-04 -2.472698688507080078e-04 -2.416670322418212891e-04 -2.413690090179443359e-04 -2.516806125640869141e-04 -2.623796463012695312e-04 -2.668797969818115234e-04 -2.352297306060791016e-04 -2.631843090057373047e-04
1.644776977835611609e+00 -1.597702503204345703e-04 -1.607239246368408203e-04 -1.640319824218750000e-04 -1.689493656158447266e-04 -1.687407493591308594e-04 -1.609325408935546875e-04 -1.454651355743408203e-04 -1.592636108398437500e-04 -1.737177371978759766e-04 -1.597106456756591797e-04
1.651229739820999409e+00 4.783868789672851562e-04 4.879534244537353516e-04 4.771947860717773438e-04 4.886090755462646484e-04 4.647970199584960938e-04 4.771649837493896484e-04 4.734396934509277344e-04 4.610121250152587891e-04 4.739165306091308594e-04 4.828870296478271484e-04
1.657682501806387210e+00 -3.666579723358154297e-04 -3.671050071716308594e-04 -3.771781921386718750e-04 -3.728866577148437500e-04 -3.690719604492187500e-04 -3.796517848968505859e-04 -3.776848316192626953e-04 -3.764927387237548828e-04 -3.702342510223388672e-04 -3.743171691894531250e-04
1.664135263791775232e+00 2.542138099670410156e-05 2.026557922363281250e-05 1.740455627441406250e-05 2.238154411315917969e-05 4.100799560546875000e-05 2.443790435791015625e-05 4.866719245910644531e-05 3.597140312194824219e-05 2.011656761169433594e-05 4.103779792785644531e-05
1.670588025777163033e+00 2.737045288085937500e-04 2.578496932983398438e-04 2.669990062713623047e-04 2.614855766296386719e-04 2.488791942596435547e-04 2.571940422058105469e-04 2.659857273101806641e-04 2.647936344146728516e-04 2.607405185699462891e-04 2.591609954833984375e-04
1.677040787762551055e+00 -4.367232322692871094e-04 -4.349946975708007812e-04 -4.300773143768310547e-04 -4.417896270751953125e-04 -4.518926143646240234e-04 -4.425644874572753906e-04 -4.358291625976562500e-04 -4.239678382873535156e-04 -4.342198371887207031e-04 -4.451870918273925781e-04
1.683493549747938856e+00 1.347661018371582031e-04 1.449882984161376953e-04 1.341402530670166016e-04 1.365244388580322266e-04 1.262426376342773438e-04 1.469850540161132812e-04 1.512765884399414062e-04 1.407563686370849609e-04 1.411736011505126953e-04 1.391470432281494141e-04
1.689946311733326878e+00 2.877712249755859375e-04 2.889931201934814453e-04 2.777874469757080078e-04 2.854764461517333984e-04 2.813935279846191406e-04 2.880692481994628906e-04 2.777576446533203125e-04 2.672672271728515625e-04 2.970397472381591797e-04 2.924799919128417969e-04
1.696399073718714678e+00 -2.875924110412597656e-04 -2.923309803009033203e-04 -2.941489219665527344e-04 -2.907216548919677734e-04 -2.886652946472167969e-04 -3.001391887664794922e-04 -2.931058406829833984e-04 -2.951025962829589844e-04 -2.750754356384277344e-04 -2.852678298950195312e-04
1.702851835704102701e+00 1.273751258850097656e-04 1.478493213653564453e-04 1.334249973297119141e-04 1.346468925476074219e-04 1.355111598968505859e-04 1.455843448638916016e-04 1.441538333892822266e-04 1.464188098907470703e-04 1.359879970550537109e-04 1.352727413177490234e-04
1.709304597689490501e+00 6.923079490661621094e-05 8.851289749145507812e-05 7.921457290649414062e-05 8.845329284667968750e-05 9.024143218994140625e-05 8.699297904968261719e-05 8.314847946166992188e-05 8.109211921691894531e-05 8.472800254821777344e-05 6.505846977233886719e-05
1.715757359674878524e+00 -2.545118331909179688e-04 -2.534091472625732422e-04 -2.467036247253417969e-04 -2.449750900268554688e-04 -2.520084381103515625e-04 -2.658963203430175781e-04 -2.633929252624511719e-04 -2.422332763671875000e-04 -2.581775188446044922e-04 -2.460777759552001953e-04
1.722210121660266324e+00 2.255141735076904297e-04 2.321898937225341797e-04 2.332329750061035156e-04 2.316534519195556641e-04 2.284944057464599609e-04 2.317428588867187500e-04 2.444088459014892578e-04 2.365112304687500000e-04 2.314746379852294922e-04 2.306103706359863281e-04
1.728662883645654347e+00 -1.579523086547851562e-06 -2.980232238769531250e-08 1.221895217895507812e-06 -7.957220077514648438e-06 -6.854534149169921875e-06 -1.013278961181640625e-06 3.278255462646484375e-06 -1.001358032226562500e-05 -1.055002212524414062e-05 -1.013278961181640625e-06
1.735115645631042147e+00 -1.351237297058105469e-04 -1.422464847564697266e-04 -1.412928104400634766e-04 -1.552402973175048828e-04 -1.376867294311523438e-04 -1.360177993774414062e-04 -1.437067985534667969e-04 -1.302361488342285156e-04 -1.406371593475341797e-04 -1.491904258728027344e-04
1.741568407616429948e+00 2.349615097045898438e-04 2.420544624328613281e-04 2.324581146240234375e-04 2.282857894897460938e-04 2.318620681762695312e-04 2.309381961822509766e-04 2.328455448150634766e-04 2.350807189941406250e-04 2.217292785644531250e-04 2.336204051971435547e-04
1.748021169601817970e+00 -6.708502769470214844e-05 -5.626678466796875000e-05 -6.598234176635742188e-05 -6.398558616638183594e-05 -6.064772605895996094e-05 -7.158517837524414062e-05 -7.006525993347167969e-05 -7.298588752746582031e-05 -7.334351539611816406e-05 -6.893277168273925781e-05
1.754473931587205771e+00 1.516938209533691406e-05 2.178549766540527344e-05 1.049041748046875000e-05 9.387731552124023438e-06 1.913309097290039062e-05 1.198053359985351562e-05 2.691149711608886719e-05 1.189112663269042969e-05 1.174211502075195312e-05 1.522898674011230469e-05
1.760926693572593793e+00 1.574456691741943359e-04 1.614093780517578125e-04 1.646876335144042969e-04 1.533627510070800781e-04 1.633167266845703125e-04 1.443326473236083984e-04 1.463890075683593750e-04 1.583695411682128906e-04 1.546740531921386719e-04 1.544356346130371094e-04
1.767379455557981593e+00 -8.416175842285156250e-05 -9.736418724060058594e-05 -8.907914161682128906e-05 -8.344650268554687500e-05 -8.040666580200195312e-05 -8.612871170043945312e-05 -8.970499038696289062e-05 -9.095668792724609375e-05 -7.149577140808105469e-05 -8.934736251831054688e-05
1.773832217543369616e+00 8.100271224975585938e-05 8.520483970642089844e-05 8.597970008850097656e-05 7.826089859008789062e-05 7.051229476928710938e-05 8.305907249450683594e-05 8.442997932434082031e-05 1.007020473480224609e-04 7.393956184387207031e-05 9.047985076904296875e-05
1.780284979528757416e+00 5.394220352172851562e-05 3.665685653686523438e-05 3.689527511596679688e-05 4.234910011291503906e-05 4.094839096069335938e-05 4.273653030395507812e-05 4.714727401733398438e-05 5.355477333068847656e-05 5.346536636352539062e-05 3.403425216674804688e-05
1.786737741514145439e+00 -1.816749572753906250e-04 -1.569688320159912109e-04 -1.633465290069580078e-04 -1.688301563262939453e-04 -1.777708530426025391e-04 -1.758337020874023438e-04 -1.738071441650390625e-04 -1.703202724456787109e-04 -1.741051673889160156e-04 -1.634061336517333984e-04
1.793190503499533239e+00 7.462501525878906250e-05 8.317828178405761719e-05 7.733702659606933594e-05 8.592009544372558594e-05 7.408857345581054688e-05 7.319450378417968750e-05 8.344650268554687500e-05 9.223818778991699219e-05 7.137656211853027344e-05 8.454918861389160156e-05
1.799643265484921262e+00 1.301169395446777344e-04 1.255571842193603516e-04 1.371502876281738281e-04 1.367032527923583984e-04 1.305639743804931641e-04 1.336336135864257812e-04 1.215636730194091797e-04 1.290142536163330078e-04 1.266002655029296875e-04 1.245737075805664062e-04
1.806096027470309062e+00 -4.360079765319824219e-05 -5.045533180236816406e-05 -5.215406417846679688e-05 -4.929304122924804688e-05 -6.473064422607421875e-05 -5.078315734863281250e-05 -4.938244819641113281e-05 -3.886222839355468750e-05 -4.684925079345703125e-05 -5.733966827392578125e-05
1.812548789455697085e+00 8.752942085266113281e-05 8.499622344970703125e-05 9.432435035705566406e-05 8.931756019592285156e-05 7.888674736022949219e-05 9.346008300781250000e-05 8.660554885864257812e-05 8.946657180786132812e-05 8.815526962280273438e-05 9.870529174804687500e-05
1.819001551441084885e+00 -6.914138793945312500e-06 -1.102685928344726562e-06 1.937150955200195312e-06 4.768371582031250000e-06 1.490116119384765625e-06 -1.129508018493652344e-05 1.072883605957031250e-06 -5.304813385009765625e-06 9.238719940185546875e-07 -1.490116119384765625e-06
1.825454313426472908e+00 -9.077787399291992188e-05 -8.931756019592285156e-05 -8.791685104370117188e-05 -8.028745651245117188e-05 -7.134675979614257812e-05 -7.668137550354003906e-05 -8.332729339599609375e-05 -7.686018943786621094e-05 -8.612871170043945312e-05 -8.735060691833496094e-05
1.831907075411860708e+00 6.300210952758789062e-05 6.663799285888671875e-05 4.437565803527832031e-05 6.613135337829589844e-05 5.462765693664550781e-05 5.397200584411621094e-05 5.057454109191894531e-05 5.584955215454101562e-05 6.106495857238769531e-05 5.725026130676269531e-05
1.838359837397248508e+00 -2.217292785644531250e-05 -1.391768455505371094e-05 -1.677870750427246094e-05 -2.920627593994140625e-05 -2.795457839965820312e-05 -1.713633537292480469e-05 -3.308057785034179688e-05 -2.309679985046386719e-05 -2.312660217285156250e-05 -2.744793891906738281e-05
1.844812599382636531e+00 -2.411007881164550781e-05 -9.506940841674804688e-06 -1.084804534912109375e-05 -1.198053359985351562e-05 -1.797080039978027344e-05 -2.053380012512207031e-05 -2.047419548034667969e-05 -3.308057785034179688e-06 -1.308321952819824219e-05 -1.329183578491210938e-05
1.851265361368024331e+00 4.920363426208496094e-05 3.597140312194824219e-05 4.738569259643554688e-05 4.765391349792480469e-05 3.969669342041015625e-05 5.179643630981445312e-05 4.208087921142578125e-05 3.662705421447753906e-05 4.741549491882324219e-05 3.874301910400390625e-05
1.857718123353412354e+00 -7.331371307373046875e-05 -6.726384162902832031e-05 -6.097555160522460938e-05 -5.978345870971679688e-05 -7.063150405883789062e-05 -6.484985351562500000e-05 -6.666779518127441406e-05 -6.881356239318847656e-05 -6.332993507385253906e-05 -7.137656211853027344e-05
1.864170885338800154e+00 1.448392868041992188e-05 2.604722976684570312e-05 2.112984657287597656e-05 3.057718276977539062e-05 2.688169479370117188e-05 1.761317253112792969e-05 2.765655517578125000e-05 1.797080039978027344e-05 3.114342689514160156e-05 2.607703208923339844e-05
1.870623647324188177e+00 3.543496131896972656e-05 3.039836883544921875e-05 3.165006637573242188e-05 2.515316009521484375e-05 3.275275230407714844e-05 3.704428672790527344e-05 2.145767211914062500e-05 3.862380981445312500e-05 3.358721733093261719e-05 3.951787948608398438e-05
1.877076409309575977e+00 -6.267428398132324219e-05 -6.648898124694824219e-05 -7.414817810058593750e-05 -6.189942359924316406e-05 -7.349252700805664062e-05 -6.970763206481933594e-05 -6.815791130065917969e-05 -6.952881813049316406e-05 -8.225440979003906250e-05 -8.261203765869140625e-05
1.883529171294964000e+00 2.539157867431640625e-05 3.606081008911132812e-05 2.756714820861816406e-05 3.489851951599121094e-05 3.227591514587402344e-05 4.011392593383789062e-05 3.489851951599121094e-05 3.951787948608398438e-05 5.570054054260253906e-05 2.816319465637207031e-05
1.889981933280351800e+00 -2.625584602355957031e-05 -1.865625381469726562e-05 -2.107024192810058594e-05 -2.670288085937500000e-05 -2.619624137878417969e-05 -2.411007881164550781e-05 -3.114342689514160156e-05 -2.893805503845214844e-05 -2.014636993408203125e-05 -3.030896186828613281e-05
1.896434695265739823e+00 -3.948807716369628906e-05 -4.300475120544433594e-05 -3.695487976074218750e-05 -4.804134368896484375e-05 -4.279613494873046875e-05 -4.386901855468750000e-05 -3.552436828613281250e-05 -4.911422729492187500e-05 -4.494190216064453125e-05 -3.495812416076660156e-05
1.902887457251127623e+00 7.236003875732421875e-05 7.119774818420410156e-05 6.797909736633300781e-05 7.030367851257324219e-05 7.227063179016113281e-05 6.797909736633300781e-05 6.520748138427734375e-05 7.572770118713378906e-05 6.556510925292968750e-05 7.224082946777343750e-05
1.909340219236515646e+00 -4.288554191589355469e-05 -4.017353057861328125e-05 -3.203749656677246094e-05 -4.100799560546875000e-05 -2.557039260864257812e-05 -3.388524055480957031e-05 -4.202127456665039062e-05 -2.571940422058105469e-05 -3.343820571899414062e-05 -3.460049629211425781e-05
1.915792981221903446e+00 -8.791685104370117188e-06 -5.185604095458984375e-06 1.728534698486328125e-06 -4.053115844726562500e-06 2.205371856689453125e-06 -1.877546310424804688e-06 6.556510925292968750e-07 -4.291534423828125000e-06 5.036592483520507812e-06 -5.155801773071289062e-06
1.922245743207291468e+00 3.725290298461914062e-05 4.374980926513671875e-05 3.796815872192382812e-05 4.950165748596191406e-05 4.839897155761718750e-05 4.842877388000488281e-05 4.026293754577636719e-05 3.620982170104980469e-05 3.054738044738769531e-05 4.875659942626953125e-05
1.928698505192679269e+00 -3.322958946228027344e-05 -3.412365913391113281e-05 -1.630187034606933594e-05 -3.162026405334472656e-05 -4.002451896667480469e-05 -3.221631050109863281e-05 -2.369284629821777344e-05 -3.030896186828613281e-05 -2.586841583251953125e-05 -3.516674041748046875e-05
1.935151267178067069e+00 6.502866744995117188e-05 6.899237632751464844e-05 6.759166717529296875e-05 7.018446922302246094e-05 5.877017974853515625e-05 6.783008575439453125e-05 7.399916648864746094e-05 6.571412086486816406e-05 7.322430610656738281e-05 5.811452865600585938e-05
1.941604029163455092e+00 1.448392868041992188e-05 2.178549766540527344e-05 1.996755599975585938e-05 6.675720214843750000e-06 7.212162017822265625e-06 1.913309097290039062e-05 1.949071884155273438e-05 2.250075340270996094e-05 1.147389411926269531e-05 1.329183578491210938e-05
1.948056791148842892e+00 -4.240870475769042969e-05 -2.720952033996582031e-05 -2.104043960571289062e-05 -3.460049629211425781e-05 -3.376603126525878906e-05 -3.293156623840332031e-05 -3.743171691894531250e-05 -2.244114875793457031e-05 -2.178549766540527344e-05 -2.291798591613769531e-05
1.954509553134230915e+00 7.659196853637695312e-06 -1.105666160583496094e-05 -8.136034011840820312e-06 -1.728534698486328125e-05 -5.483627319335937500e-06 4.261732101440429688e-06 -2.682209014892578125e-06 1.907348632812500000e-05 3.993511199951171875e-06 -5.215406417846679688e-06
1.960962315119618715e+00 3.996491432189941406e-05 3.576278686523437500e-05 3.540515899658203125e-05 3.808736801147460938e-05 4.586577415466308594e-05 3.936886787414550781e-05 3.382563591003417969e-05 4.643201828002929688e-05 3.945827484130859375e-05 4.076957702636718750e-05
1.967415077105006738e+00 -3.033876419067382812e-05 -3.099441528320312500e-05 -2.914667129516601562e-05 -3.686547279357910156e-05 -2.276897430419921875e-05 -3.221631050109863281e-05 -2.869963645935058594e-05 -3.492832183837890625e-05 -2.089142799377441406e-05 -2.780556678771972656e-05
1.973867839090394538e+00 3.331899642944335938e-05 2.476572990417480469e-05 2.402067184448242188e-05 2.738833427429199219e-05 2.181529998779296875e-05 2.697110176086425781e-05 3.618001937866210938e-05 3.489851951599121094e-05 3.376603126525878906e-05 2.205371856689453125e-05
1.980320601075782561e+00 8.940696716308593750e-08 1.579523086547851562e-06 9.536743164062500000e-07 1.314282417297363281e-05 1.445412635803222656e-05 1.087784767150878906e-05 6.109476089477539062e-06 5.662441253662109375e-07 5.066394805908203125e-06 -5.364418029785156250e-07
1.986773363061170361e+00 -7.817149162292480469e-05 -8.115172386169433594e-05 -8.198618888854980469e-05 -8.001923561096191406e-05 -9.146332740783691406e-05 -8.380413055419921875e-05 -7.966160774230957031e-05 -8.317828178405761719e-05 -8.770823478698730469e-05 -8.338689804077148438e-05
1.993226125046558384e+00 6.869435310363769531e-05 5.987286567687988281e-05 6.675720214843750000e-05 6.762146949768066406e-05 7.259845733642578125e-05 7.104873657226562500e-05 7.325410842895507812e-05 6.762146949768066406e-05 5.805492401123046875e-05 7.748603820800781250e-05
1.999678887031946184e+00 8.198618888854980469e-05 8.106231689453125000e-05 9.292364120483398438e-05 8.866190910339355469e-05 8.371472358703613281e-05 8.186697959899902344e-05 8.797645568847656250e-05 7.739663124084472656e-05 8.210539817810058594e-05 7.718801498413085938e-05
2.006131649017333984e+00 -2.196431159973144531e-05 -3.963708877563476562e-05 -3.516674041748046875e-05 -4.848837852478027344e-05 -3.740191459655761719e-05 -3.543496131896972656e-05 -3.099441528320312500e-05 -3.442168235778808594e-05 -3.701448440551757812e-05 -4.532933235168457031e-05
