#Range[m] 0 1 2 3 4 5 6 7 8 9
1.800000071525573730e-01 -4.674097895622253418e-02 -4.660052061080932617e-02 -4.676729440689086914e-02 -4.693248867988586426e-02 -4.695659875869750977e-02 -4.692474007606506348e-02 -4.679834842681884766e-02 -4.694151878356933594e-02 -4.699963331222534180e-02 -4.722127318382263184e-02
1.864527691379452845e-01 3.549775481224060059e-02 3.531420230865478516e-02 3.536102175712585449e-02 3.534695506095886230e-02 3.552737832069396973e-02 3.551161289215087891e-02 3.552332520484924316e-02 3.538471460342407227e-02 3.544840216636657715e-02 3.516063094139099121e-02
1.929055311233331682e-01 1.042401790618896484e-02 1.048243045806884766e-02 1.044753193855285645e-02 1.060453057289123535e-02 1.040822267532348633e-02 1.039525866508483887e-02 1.035580039024353027e-02 1.050040125846862793e-02 1.047340035438537598e-02 1.089960336685180664e-02
1.993582931087210797e-01 -2.337789535522460938e-02 -2.331376075744628906e-02 -2.336746454238891602e-02 -2.337181568145751953e-02 -2.339625358581542969e-02 -2.334582805633544922e-02 -2.333420515060424805e-02 -2.334383130073547363e-02 -2.338862419128417969e-02 -2.347052097320556641e-02
2.058110550941089911e-01 3.330856561660766602e-03 3.252238035202026367e-03 3.253757953643798828e-03 3.267168998718261719e-03 3.369122743606567383e-03 3.351241350173950195e-03 3.332316875457763672e-03 3.303855657577514648e-03 3.313302993774414062e-03 3.200799226760864258e-03
2.122638170794968748e-01 7.111042737960815430e-03 7.127553224563598633e-03 7.111251354217529297e-03 7.030189037322998047e-03 7.046431303024291992e-03 6.950289011001586914e-03 7.077753543853759766e-03 7.014095783233642578e-03 7.040530443191528320e-03 7.110297679901123047e-03
2.187165790648847863e-01 7.066190242767333984e-03 7.068544626235961914e-03 7.059186697006225586e-03 7.180422544479370117e-03 7.086008787155151367e-03 7.194072008132934570e-03 7.088482379913330078e-03 7.151842117309570312e-03 7.095873355865478516e-03 7.106035947799682617e-03
2.251693410502726977e-01 -1.491567492485046387e-02 -1.495781540870666504e-02 -1.491338014602661133e-02 -1.487591862678527832e-02 -1.486921310424804688e-02 -1.493930816650390625e-02 -1.492998003959655762e-02 -1.486045122146606445e-02 -1.488068699836730957e-02 -1.481091976165771484e-02
2.316221030356606092e-01 -6.388038396835327148e-03 -6.368041038513183594e-03 -6.418228149414062500e-03 -6.543517112731933594e-03 -6.406277418136596680e-03 -6.532818078994750977e-03 -6.394326686859130859e-03 -6.509453058242797852e-03 -6.414502859115600586e-03 -6.585597991943359375e-03
2.380748650210485207e-01 2.516719698905944824e-02 2.517732977867126465e-02 2.514007687568664551e-02 2.511557936668395996e-02 2.513694763183593750e-02 2.514830231666564941e-02 2.517440915107727051e-02 2.515038847923278809e-02 2.513858675956726074e-02 2.509522438049316406e-02
2.445276270064364044e-01 -9.292483329772949219e-03 -9.188175201416015625e-03 -9.104162454605102539e-03 -9.014993906021118164e-03 -9.156674146652221680e-03 -9.103059768676757812e-03 -9.196490049362182617e-03 -9.037822484970092773e-03 -9.106159210205078125e-03 -8.902728557586669922e-03
2.509803889918242881e-01 -2.554205060005187988e-02 -2.555590867996215820e-02 -2.562889456748962402e-02 -2.572408318519592285e-02 -2.564010024070739746e-02 -2.569615840911865234e-02 -2.557504177093505859e-02 -2.569463849067687988e-02 -2.568200230598449707e-02 -2.577778697013854980e-02
2.574331509772121995e-01 2.734789252281188965e-02 2.734911441802978516e-02 2.727067470550537109e-02 2.717947959899902344e-02 2.723157405853271484e-02 2.719685435295104980e-02 2.729281783103942871e-02 2.717015147209167480e-02 2.715647220611572266e-02 2.696621417999267578e-02
2.638859129626001110e-01 6.350427865982055664e-03 6.436347961425781250e-03 6.534606218338012695e-03 6.707549095153808594e-03 6.456375122070312500e-03 6.505846977233886719e-03 6.356120109558105469e-03 6.623566150665283203e-03 6.511956453323364258e-03 6.832122802734375000e-03
2.703386749479880224e-01 -3.701412677764892578e-02 -3.699830174446105957e-02 -3.700977563858032227e-02 -3.705930709838867188e-02 -3.701260685920715332e-02 -3.705430030822753906e-02 -3.698739409446716309e-02 -3.703835606575012207e-02 -3.706526756286621094e-02 -3.708690404891967773e-02
2.767914369333759339e-01 1.795870065689086914e-02 1.794397830963134766e-02 1.789057254791259766e-02 1.778966188430786133e-02 1.798203587532043457e-02 1.784321665763854980e-02 1.804295182228088379e-02 1.774689555168151855e-02 1.785400509834289551e-02 1.750832796096801758e-02
2.832441989187638454e-01 2.111434936523437500e-02 2.116549015045166016e-02 2.122423052787780762e-02 2.135637402534484863e-02 2.117279171943664551e-02 2.130976319313049316e-02 2.114716172218322754e-02 2.135348320007324219e-02 2.124926447868347168e-02 2.153804898262023926e-02
2.896969609041517568e-01 -3.237777948379516602e-02 -3.233852982521057129e-02 -3.230580687522888184e-02 -3.227087855339050293e-02 -3.233969211578369141e-02 -3.235092759132385254e-02 -3.234806656837463379e-02 -3.228861093521118164e-02 -3.231999278068542480e-02 -3.223910927772521973e-02
2.961497228895396683e-01 1.465499401092529297e-03 1.468330621719360352e-03 1.378536224365234375e-03 1.173973083496093750e-03 1.359194517135620117e-03 1.269757747650146484e-03 1.453191041946411133e-03 1.252174377441406250e-03 1.398444175720214844e-03 1.048356294631958008e-03
3.026024848749275242e-01 2.618414163589477539e-02 2.617880702018737793e-02 2.626612782478332520e-02 2.632951736450195312e-02 2.625340223312377930e-02 2.627128362655639648e-02 2.625852823257446289e-02 2.633103728294372559e-02 2.626743912696838379e-02 2.643111348152160645e-02
3.090552468603154357e-01 -2.092024683952331543e-02 -2.083772420883178711e-02 -2.083948254585266113e-02 -2.070888876914978027e-02 -2.085667848587036133e-02 -2.078911662101745605e-02 -2.085834741592407227e-02 -2.077385783195495605e-02 -2.087634801864624023e-02 -2.063709497451782227e-02
3.155080088457033471e-01 -1.291140913963317871e-02 -1.297548413276672363e-02 -1.304781436920166016e-02 -1.314756274223327637e-02 -1.304239034652709961e-02 -1.305943727493286133e-02 -1.297372579574584961e-02 -1.313000917434692383e-02 -1.303684711456298828e-02 -1.325920224189758301e-02
3.219607708310912586e-01 2.486854791641235352e-02 2.488219738006591797e-02 2.487519383430480957e-02 2.484920620918273926e-02 2.485814690589904785e-02 2.482214570045471191e-02 2.485191822052001953e-02 2.483543753623962402e-02 2.486684918403625488e-02 2.483808994293212891e-02
3.284135328164791701e-01 -4.518508911132812500e-03 -4.431724548339843750e-03 -4.394859075546264648e-03 -4.266440868377685547e-03 -4.439473152160644531e-03 -4.360944032669067383e-03 -4.448860883712768555e-03 -4.327952861785888672e-03 -4.381388425827026367e-03 -4.198193550109863281e-03
3.348662948018670260e-01 -1.827478408813476562e-02 -1.824101805686950684e-02 -1.829215884208679199e-02 -1.833671331405639648e-02 -1.829442381858825684e-02 -1.830968260765075684e-02 -1.826021075248718262e-02 -1.831302046775817871e-02 -1.826649904251098633e-02 -1.837146282196044922e-02
3.413190567872549375e-01 1.258322596549987793e-02 1.250854134559631348e-02 1.252657175064086914e-02 1.244047284126281738e-02 1.253911852836608887e-02 1.247766613960266113e-02 1.252990961074829102e-02 1.248171925544738770e-02 1.251685619354248047e-02 1.240465044975280762e-02
3.477718187726428489e-01 8.793234825134277344e-03 8.822470903396606445e-03 8.801549673080444336e-03 8.886128664016723633e-03 8.807837963104248047e-03 8.845835924148559570e-03 8.776247501373291016e-03 8.855998516082763672e-03 8.848875761032104492e-03 8.939146995544433594e-03
3.542245807580307604e-01 -1.315030455589294434e-02 -1.314920186996459961e-02 -1.315858960151672363e-02 -1.310053467750549316e-02 -1.313903927803039551e-02 -1.312372088432312012e-02 -1.315087080001831055e-02 -1.309043169021606445e-02 -1.312270760536193848e-02 -1.306128501892089844e-02
3.606773427434186718e-01 -1.582980155944824219e-03 -1.586794853210449219e-03 -1.641452312469482422e-03 -1.672297716140747070e-03 -1.596927642822265625e-03 -1.650899648666381836e-03 -1.598417758941650391e-03 -1.685202121734619141e-03 -1.636505126953125000e-03 -1.745253801345825195e-03
3.671301047288065833e-01 1.239010691642761230e-02 1.241394877433776855e-02 1.239877939224243164e-02 1.239091157913208008e-02 1.240098476409912109e-02 1.239219307899475098e-02 1.240935921669006348e-02 1.238521933555603027e-02 1.237305998802185059e-02 1.239898800849914551e-02
3.735828667141944948e-01 -3.129094839096069336e-03 -3.115504980087280273e-03 -3.070950508117675781e-03 -3.005653619766235352e-03 -3.055512905120849609e-03 -3.021299839019775391e-03 -3.086060285568237305e-03 -3.010004758834838867e-03 -3.072649240493774414e-03 -2.979069948196411133e-03
3.800356286995824062e-01 -1.005065441131591797e-02 -1.007387042045593262e-02 -1.007527112960815430e-02 -1.012486219406127930e-02 -1.009562611579895020e-02 -1.012739539146423340e-02 -1.007741689682006836e-02 -1.013067364692687988e-02 -1.010817289352416992e-02 -1.014822721481323242e-02
3.864883906849703177e-01 8.382588624954223633e-03 8.385121822357177734e-03 8.350074291229248047e-03 8.330494165420532227e-03 8.358299732208251953e-03 8.331716060638427734e-03 8.385032415390014648e-03 8.338630199432373047e-03 8.380979299545288086e-03 8.269846439361572266e-03
3.929411526703582291e-01 7.110446691513061523e-03 7.142603397369384766e-03 7.178843021392822266e-03 7.215440273284912109e-03 7.202088832855224609e-03 7.209300994873046875e-03 7.140308618545532227e-03 7.216125726699829102e-03 7.177203893661499023e-03 7.254421710968017578e-03
3.993939146557460851e-01 -1.149141788482666016e-02 -1.148343086242675781e-02 -1.144799590110778809e-02 -1.146036386489868164e-02 -1.147964596748352051e-02 -1.148137450218200684e-02 -1.148897409439086914e-02 -1.146963238716125488e-02 -1.146870851516723633e-02 -1.143583655357360840e-02
4.058466766411339965e-01 -1.469910144805908203e-03 -1.474946737289428711e-03 -1.533955335617065430e-03 -1.578956842422485352e-03 -1.503914594650268555e-03 -1.523166894912719727e-03 -1.474022865295410156e-03 -1.549065113067626953e-03 -1.533806324005126953e-03 -1.649469137191772461e-03
4.122994386265219080e-01 1.175275444984436035e-02 1.172086596488952637e-02 1.173964142799377441e-02 1.175588369369506836e-02 1.176181435585021973e-02 1.176279783248901367e-02 1.175454258918762207e-02 1.174765825271606445e-02 1.175084710121154785e-02 1.173427700996398926e-02
4.187522006119098195e-01 -3.508031368255615234e-03 -3.456741571426391602e-03 -3.450334072113037109e-03 -3.408581018447875977e-03 -3.521949052810668945e-03 -3.496885299682617188e-03 -3.518253564834594727e-03 -3.441542387008666992e-03 -3.474771976470947266e-03 -3.371626138687133789e-03
4.252049625972976754e-01 -1.250809431076049805e-02 -1.249524950981140137e-02 -1.252150535583496094e-02 -1.250976324081420898e-02 -1.251196861267089844e-02 -1.248911023139953613e-02 -1.247522234916687012e-02 -1.250374317169189453e-02 -1.252618432044982910e-02 -1.256144046783447266e-02
4.316577245826856424e-01 9.970039129257202148e-03 9.953677654266357422e-03 9.950250387191772461e-03 9.879946708679199219e-03 9.963065385818481445e-03 9.886026382446289062e-03 1.000282168388366699e-02 9.864807128906250000e-03 9.918332099914550781e-03 9.822189807891845703e-03
4.381104865680734983e-01 8.205771446228027344e-03 8.236020803451538086e-03 8.272945880889892578e-03 8.312970399856567383e-03 8.238643407821655273e-03 8.279621601104736328e-03 8.214771747589111328e-03 8.313775062561035156e-03 8.256405591964721680e-03 8.383423089981079102e-03
4.445632485534614098e-01 -1.768726110458374023e-02 -1.766791939735412598e-02 -1.768058538436889648e-02 -1.761734485626220703e-02 -1.765772700309753418e-02 -1.757866144180297852e-02 -1.767566800117492676e-02 -1.761078834533691406e-02 -1.765120029449462891e-02 -1.762226223945617676e-02
4.510160105388493212e-01 2.952069044113159180e-03 2.956241369247436523e-03 2.911955118179321289e-03 2.771109342575073242e-03 2.904176712036132812e-03 2.754181623458862305e-03 2.924919128417968750e-03 2.783447504043579102e-03 2.896666526794433594e-03 2.739429473876953125e-03
4.574687725242372327e-01 1.664057374000549316e-02 1.668724417686462402e-02 1.669558882713317871e-02 1.677370071411132812e-02 1.667439937591552734e-02 1.675963401794433594e-02 1.668769121170043945e-02 1.678806543350219727e-02 1.672798395156860352e-02 1.678499579429626465e-02
4.639215345096251442e-01 -1.816374063491821289e-02 -1.813676953315734863e-02 -1.813226938247680664e-02 -1.804596185684204102e-02 -1.811760663986206055e-02 -1.805251836776733398e-02 -1.810362935066223145e-02 -1.805046200752258301e-02 -1.812759041786193848e-02 -1.798370480537414551e-02
4.703742964950130556e-01 -7.033109664916992188e-03 -7.079690694808959961e-03 -7.142663002014160156e-03 -7.261633872985839844e-03 -7.151544094085693359e-03 -7.230222225189208984e-03 -7.099270820617675781e-03 -7.272124290466308594e-03 -7.156819105148315430e-03 -7.337331771850585938e-03
4.768270584804009671e-01 2.409151196479797363e-02 2.410402894020080566e-02 2.408820390701293945e-02 2.410712838172912598e-02 2.407515048980712891e-02 2.412199974060058594e-02 2.408006787300109863e-02 2.412250638008117676e-02 2.410256862640380859e-02 2.406710386276245117e-02
4.832798204657888230e-01 -1.244795322418212891e-02 -1.243636012077331543e-02 -1.237246394157409668e-02 -1.221722364425659180e-02 -1.237705349922180176e-02 -1.232507824897766113e-02 -1.239088177680969238e-02 -1.227828860282897949e-02 -1.235347986221313477e-02 -1.214206218719482422e-02
4.897325824511767345e-01 -1.599925756454467773e-02 -1.594299077987670898e-02 -1.598516106605529785e-02 -1.611503958702087402e-02 -1.607328653335571289e-02 -1.615276932716369629e-02 -1.601770520210266113e-02 -1.614084839820861816e-02 -1.603904366493225098e-02 -1.624643802642822266e-02
4.961853444365646459e-01 2.315011620521545410e-02 2.312278747558593750e-02 2.310112118721008301e-02 2.308422327041625977e-02 2.311435341835021973e-02 2.313753962516784668e-02 2.312204241752624512e-02 2.312177419662475586e-02 2.311280369758605957e-02 2.302473783493041992e-02
5.026381064219525019e-01 -3.669321537017822266e-03 -3.646582365036010742e-03 -3.680109977722167969e-03 -3.492921590805053711e-03 -3.609448671340942383e-03 -3.597259521484375000e-03 -3.688603639602661133e-03 -3.539234399795532227e-03 -3.580003976821899414e-03 -3.347456455230712891e-03
5.090908684073405244e-01 -1.733866333961486816e-02 -1.729357242584228516e-02 -1.732808351516723633e-02 -1.738056540489196777e-02 -1.735717058181762695e-02 -1.739677786827087402e-02 -1.729130744934082031e-02 -1.740866899490356445e-02 -1.737526059150695801e-02 -1.744869351387023926e-02
5.155436303927283248e-01 1.660263538360595703e-02 1.654693484306335449e-02 1.655369997024536133e-02 1.652976870536804199e-02 1.659449934959411621e-02 1.656287908554077148e-02 1.657703518867492676e-02 1.652556657791137695e-02 1.655900478363037109e-02 1.646119356155395508e-02
5.219963923781163473e-01 2.402842044830322266e-03 2.430498600006103516e-03 2.492934465408325195e-03 2.562671899795532227e-03 2.480417490005493164e-03 2.475321292877197266e-03 2.431511878967285156e-03 2.522289752960205078e-03 2.481549978256225586e-03 2.627462148666381836e-03
5.284491543635041477e-01 -1.447856426239013672e-02 -1.446008682250976562e-02 -1.448255777359008789e-02 -1.454803347587585449e-02 -1.450008153915405273e-02 -1.451671123504638672e-02 -1.448261737823486328e-02 -1.451563835144042969e-02 -1.450297236442565918e-02 -1.454916596412658691e-02
5.349019163488920592e-01 9.308099746704101562e-03 9.276837110519409180e-03 9.252250194549560547e-03 9.239166975021362305e-03 9.273648262023925781e-03 9.303778409957885742e-03 9.267807006835937500e-03 9.247839450836181641e-03 9.262830018997192383e-03 9.192407131195068359e-03
5.413546783342799706e-01 5.368053913116455078e-03 5.381733179092407227e-03 5.400538444519042969e-03 5.463480949401855469e-03 5.358129739761352539e-03 5.390167236328125000e-03 5.361169576644897461e-03 5.404055118560791016e-03 5.383878946304321289e-03 5.477309226989746094e-03
5.478074403196678821e-01 -8.365929126739501953e-03 -8.369565010070800781e-03 -8.386880159378051758e-03 -8.363336324691772461e-03 -8.395791053771972656e-03 -8.351564407348632812e-03 -8.368313312530517578e-03 -8.363127708435058594e-03 -8.370518684387207031e-03 -8.349567651748657227e-03
5.542602023050557936e-01 3.326237201690673828e-04 2.792775630950927734e-04 2.740621566772460938e-04 2.765357494354248047e-04 3.157854080200195312e-04 3.233850002288818359e-04 3.236830234527587891e-04 2.967119216918945312e-04 3.072023391723632812e-04 2.608895301818847656e-04
5.607129642904437050e-01 5.957871675491333008e-03 5.947619676589965820e-03 5.960166454315185547e-03 5.937993526458740234e-03 5.939632654190063477e-03 5.922675132751464844e-03 5.919694900512695312e-03 5.923658609390258789e-03 5.935639142990112305e-03 5.967408418655395508e-03
5.671657262758316165e-01 -1.830875873565673828e-03 -1.841425895690917969e-03 -1.810818910598754883e-03 -1.792073249816894531e-03 -1.797080039978027344e-03 -1.789927482604980469e-03 -1.820951700210571289e-03 -1.780539751052856445e-03 -1.806318759918212891e-03 -1.775026321411132812e-03
5.736184882612194169e-01 -3.894269466400146484e-03 -3.900885581970214844e-03 -3.911584615707397461e-03 -3.908276557922363281e-03 -3.889113664627075195e-03 -3.884375095367431641e-03 -3.888189792633056641e-03 -3.917902708053588867e-03 -3.904372453689575195e-03 -3.922909498214721680e-03
5.800712502466074394e-01 2.809107303619384766e-03 2.806961536407470703e-03 2.796798944473266602e-03 2.757579088211059570e-03 2.777606248855590820e-03 2.751171588897705078e-03 2.783715724945068359e-03 2.744972705841064453e-03 2.778172492980957031e-03 2.747088670730590820e-03
5.865240122319952398e-01 3.304928541183471680e-03 3.306567668914794922e-03 3.297954797744750977e-03 3.333300352096557617e-03 3.320068120956420898e-03 3.318876028060913086e-03 3.311097621917724609e-03 3.331065177917480469e-03 3.311365842819213867e-03 3.336876630783081055e-03
5.929767742173832623e-01 -5.062639713287353516e-03 -5.051970481872558594e-03 -5.044728517532348633e-03 -5.024075508117675781e-03 -5.027711391448974609e-03 -5.029439926147460938e-03 -5.028188228607177734e-03 -5.037099123001098633e-03 -5.017518997192382812e-03 -5.008429288864135742e-03
5.994295362027710627e-01 -1.328855752944946289e-03 -1.332342624664306641e-03 -1.371353864669799805e-03 -1.391172409057617188e-03 -1.375734806060791016e-03 -1.373738050460815430e-03 -1.355975866317749023e-03 -1.385957002639770508e-03 -1.357376575469970703e-03 -1.410216093063354492e-03
6.058822981881590852e-01 6.724923849105834961e-03 6.715655326843261719e-03 6.727635860443115234e-03 6.751418113708496094e-03 6.706118583679199219e-03 6.749659776687622070e-03 6.719827651977539062e-03 6.739974021911621094e-03 6.730377674102783203e-03 6.732732057571411133e-03
6.123350601735468857e-01 -4.190325736999511719e-03 -4.185229539871215820e-03 -4.148125648498535156e-03 -4.121780395507812500e-03 -4.169046878814697266e-03 -4.177570343017578125e-03 -4.168927669525146484e-03 -4.144728183746337891e-03 -4.163831472396850586e-03 -4.093945026397705078e-03
6.187878221589347971e-01 -4.314899444580078125e-03 -4.315406084060668945e-03 -4.339337348937988281e-03 -4.386514425277709961e-03 -4.312187433242797852e-03 -4.355400800704956055e-03 -4.315495491027832031e-03 -4.356175661087036133e-03 -4.340350627899169922e-03 -4.359334707260131836e-03
6.252405841443227086e-01 6.320387125015258789e-03 6.338715553283691406e-03 6.349444389343261719e-03 6.305515766143798828e-03 6.345480680465698242e-03 6.314724683761596680e-03 6.331861019134521484e-03 6.323575973510742188e-03 6.324231624603271484e-03 6.289422512054443359e-03
6.316933461297106200e-01 -1.254677772521972656e-04 -7.337331771850585938e-05 -7.015466690063476562e-05 -4.103779792785644531e-05 -6.565451622009277344e-05 -5.963444709777832031e-05 -7.936358451843261719e-05 -4.532933235168457031e-05 -6.911158561706542969e-05 -7.033348083496093750e-06
6.381461081150985315e-01 -6.351977586746215820e-03 -6.352335214614868164e-03 -6.358683109283447266e-03 -6.349653005599975586e-03 -6.344497203826904297e-03 -6.375700235366821289e-03 -6.354779005050659180e-03 -6.354838609695434570e-03 -6.362974643707275391e-03 -6.358832120895385742e-03
6.445988701004864430e-01 3.744542598724365234e-03 3.758490085601806641e-03 3.719329833984375000e-03 3.713876008987426758e-03 3.693640232086181641e-03 3.695160150527954102e-03 3.735393285751342773e-03 3.700047731399536133e-03 3.722876310348510742e-03 3.649294376373291016e-03
6.510516320858743544e-01 2.621322870254516602e-03 2.625316381454467773e-03 2.653688192367553711e-03 2.658814191818237305e-03 2.632468938827514648e-03 2.638906240463256836e-03 2.621740102767944336e-03 2.670764923095703125e-03 2.651035785675048828e-03 2.697527408599853516e-03
6.575043940712622659e-01 -5.544453859329223633e-03 -5.549430847167968750e-03 -5.541056394577026367e-03 -5.544632673263549805e-03 -5.556702613830566406e-03 -5.538135766983032227e-03 -5.551993846893310547e-03 -5.543142557144165039e-03 -5.552977323532104492e-03 -5.533218383789062500e-03
6.639571560566501773e-01 9.249150753021240234e-04 9.204447269439697266e-04 8.993744850158691406e-04 8.944869041442871094e-04 9.241998195648193359e-04 8.986592292785644531e-04 9.193718433380126953e-04 8.815824985504150391e-04 8.945763111114501953e-04 8.566081523895263672e-04
6.704099180420379778e-01 4.185199737548828125e-03 4.169940948486328125e-03 4.209816455841064453e-03 4.192918539047241211e-03 4.188150167465209961e-03 4.183739423751831055e-03 4.170536994934082031e-03 4.211127758026123047e-03 4.195600748062133789e-03 4.216432571411132812e-03
6.768626800274260003e-01 -3.233045339584350586e-03 -3.195017576217651367e-03 -3.212749958038330078e-03 -3.188908100128173828e-03 -3.222316503524780273e-03 -3.202438354492187500e-03 -3.226101398468017578e-03 -3.202766180038452148e-03 -3.193855285644531250e-03 -3.183901309967041016e-03
6.833154420128139117e-01 -1.618355512619018555e-03 -1.626372337341308594e-03 -1.629531383514404297e-03 -1.661419868469238281e-03 -1.636713743209838867e-03 -1.647144556045532227e-03 -1.630038022994995117e-03 -1.650452613830566406e-03 -1.628518104553222656e-03 -1.666188240051269531e-03
6.897682039982017121e-01 3.458291292190551758e-03 3.467887639999389648e-03 3.451764583587646484e-03 3.449112176895141602e-03 3.454715013504028320e-03 3.464758396148681641e-03 3.459960222244262695e-03 3.463387489318847656e-03 3.467261791229248047e-03 3.468573093414306641e-03
6.962209659835896236e-01 -5.224049091339111328e-04 -5.026161670684814453e-04 -4.944503307342529297e-04 -4.943013191223144531e-04 -5.128383636474609375e-04 -5.007386207580566406e-04 -5.139708518981933594e-04 -5.001127719879150391e-04 -5.167126655578613281e-04 -4.908144474029541016e-04
7.026737279689775351e-01 -2.547085285186767578e-03 -2.577871084213256836e-03 -2.584576606750488281e-03 -2.571314573287963867e-03 -2.578198909759521484e-03 -2.561300992965698242e-03 -2.565145492553710938e-03 -2.570092678070068359e-03 -2.579092979431152344e-03 -2.577483654022216797e-03
7.091264899543654465e-01 1.490592956542968750e-03 1.470416784286499023e-03 1.452207565307617188e-03 1.456767320632934570e-03 1.470595598220825195e-03 1.451939344406127930e-03 1.458972692489624023e-03 1.461803913116455078e-03 1.447439193725585938e-03 1.457035541534423828e-03
7.155792519397533580e-01 1.968085765838623047e-03 1.976162195205688477e-03 1.994103193283081055e-03 2.000689506530761719e-03 1.991719007492065430e-03 1.982510089874267578e-03 1.963615417480468750e-03 1.990169286727905273e-03 1.993954181671142578e-03 2.001017332077026367e-03
7.220320139251412694e-01 -2.348184585571289062e-03 -2.360552549362182617e-03 -2.346247434616088867e-03 -2.324253320693969727e-03 -2.317816019058227539e-03 -2.312093973159790039e-03 -2.339959144592285156e-03 -2.321302890777587891e-03 -2.336740493774414062e-03 -2.325177192687988281e-03
7.284847759105291809e-01 -5.211532115936279297e-04 -5.356669425964355469e-04 -5.454719066619873047e-04 -5.410313606262207031e-04 -5.392134189605712891e-04 -5.438029766082763672e-04 -5.447268486022949219e-04 -5.471706390380859375e-04 -5.357563495635986328e-04 -5.747377872467041016e-04
7.349375378959170924e-01 3.045231103897094727e-03 3.048300743103027344e-03 3.047198057174682617e-03 3.045588731765747070e-03 3.063559532165527344e-03 3.036975860595703125e-03 3.053814172744750977e-03 3.053963184356689453e-03 3.037512302398681641e-03 3.026694059371948242e-03
7.413902998813050038e-01 -1.235544681549072266e-03 -1.224756240844726562e-03 -1.208007335662841797e-03 -1.193851232528686523e-03 -1.221507787704467773e-03 -1.203507184982299805e-03 -1.216799020767211914e-03 -1.193523406982421875e-03 -1.186877489089965820e-03 -1.178413629531860352e-03
7.478430618666929153e-01 -2.407968044281005859e-03 -2.415955066680908203e-03 -2.416491508483886719e-03 -2.434164285659790039e-03 -2.414554357528686523e-03 -2.428203821182250977e-03 -2.402216196060180664e-03 -2.439975738525390625e-03 -2.424031496047973633e-03 -2.430051565170288086e-03
7.542958238520808267e-01 2.621382474899291992e-03 2.608388662338256836e-03 2.610921859741210938e-03 2.584308385848999023e-03 2.618461847305297852e-03 2.609640359878540039e-03 2.628505229949951172e-03 2.599239349365234375e-03 2.603650093078613281e-03 2.599149942398071289e-03
7.607485858374687382e-01 3.477036952972412109e-04 3.469586372375488281e-04 3.458857536315917969e-04 3.730058670043945312e-04 3.602802753448486328e-04 3.814697265625000000e-04 3.683269023895263672e-04 3.674328327178955078e-04 3.511607646942138672e-04 3.865659236907958984e-04
7.672013478228566496e-01 -2.614557743072509766e-03 -2.603471279144287109e-03 -2.588212490081787109e-03 -2.586245536804199219e-03 -2.599924802780151367e-03 -2.600610256195068359e-03 -2.606451511383056641e-03 -2.617299556732177734e-03 -2.615630626678466797e-03 -2.613127231597900391e-03
7.736541098082445611e-01 1.912474632263183594e-03 1.895397901535034180e-03 1.910924911499023438e-03 1.909762620925903320e-03 1.898229122161865234e-03 1.900643110275268555e-03 1.907706260681152344e-03 1.904368400573730469e-03 1.900941133499145508e-03 1.871913671493530273e-03
7.801068717936323615e-01 1.578152179718017578e-03 1.596897840499877930e-03 1.597255468368530273e-03 1.618355512619018555e-03 1.616835594177246094e-03 1.600354909896850586e-03 1.594871282577514648e-03 1.607328653335571289e-03 1.603305339813232422e-03 1.618921756744384766e-03
7.865596337790202730e-01 -2.092421054840087891e-03 -2.102285623550415039e-03 -2.086013555526733398e-03 -2.105146646499633789e-03 -2.107620239257812500e-03 -2.109438180923461914e-03 -2.111315727233886719e-03 -2.117246389389038086e-03 -2.115964889526367188e-03 -2.100884914398193359e-03
7.930123957644081845e-01 6.707012653350830078e-04 6.837248802185058594e-04 6.521642208099365234e-04 6.512105464935302734e-04 6.531178951263427734e-04 6.579458713531494141e-04 6.565153598785400391e-04 6.478130817413330078e-04 6.483793258666992188e-04 6.297826766967773438e-04
7.994651577497960959e-01 1.545369625091552734e-03 1.549035310745239258e-03 1.564621925354003906e-03 1.566559076309204102e-03 1.557737588882446289e-03 1.563489437103271484e-03 1.556128263473510742e-03 1.557409763336181641e-03 1.572638750076293945e-03 1.570820808410644531e-03
8.059179197351840074e-01 -1.474112272262573242e-03 -1.470655202865600586e-03 -1.468092203140258789e-03 -1.459419727325439453e-03 -1.474797725677490234e-03 -1.466572284698486328e-03 -1.482784748077392578e-03 -1.472055912017822266e-03 -1.450151205062866211e-03 -1.451969146728515625e-03
8.123706817205719188e-01 -7.623136043548583984e-04 -7.674694061279296875e-04 -7.587969303131103516e-04 -7.805228233337402344e-04 -7.677078247070312500e-04 -7.598102092742919922e-04 -7.477104663848876953e-04 -7.645189762115478516e-04 -7.700622081756591797e-04 -7.919967174530029297e-04
8.188234437059598303e-01 1.405000686645507812e-03 1.414537429809570312e-03 1.399278640747070312e-03 1.399606466293334961e-03 1.410275697708129883e-03 1.384019851684570312e-03 1.400470733642578125e-03 1.386255025863647461e-03 1.379549503326416016e-03 1.385569572448730469e-03
8.252762056913477418e-01 -3.282129764556884766e-04 -3.268718719482421875e-04 -3.160238265991210938e-04 -3.165900707244873047e-04 -3.152191638946533203e-04 -2.970695495605468750e-04 -3.068149089813232422e-04 -3.200173377990722656e-04 -3.174841403961181641e-04 -3.247857093811035156e-04
8.317289676767356532e-01 -1.090645790100097656e-03 -1.078128814697265625e-03 -1.087844371795654297e-03 -1.080542802810668945e-03 -1.080840826034545898e-03 -1.069754362106323242e-03 -1.076728105545043945e-03 -1.081645488739013672e-03 -1.071125268936157227e-03 -1.088708639144897461e-03
8.381817296621235647e-01 6.532371044158935547e-04 6.310641765594482422e-04 6.398856639862060547e-04 6.344020366668701172e-04 6.617307662963867188e-04 6.319582462310791016e-04 6.518661975860595703e-04 6.365478038787841797e-04 6.496012210845947266e-04 6.428062915802001953e-04
8.446344916475114761e-01 6.399750709533691406e-04 6.444156169891357422e-04 6.368160247802734375e-04 6.334781646728515625e-04 6.478130817413330078e-04 6.385147571563720703e-04 6.435811519622802734e-04 6.326138973236083984e-04 6.363093852996826172e-04 6.450712680816650391e-04
8.510872536328993876e-01 -3.990828990936279297e-04 -3.884732723236083984e-04 -3.958344459533691406e-04 -4.031360149383544922e-04 -3.942847251892089844e-04 -3.982484340667724609e-04 -4.000067710876464844e-04 -3.936588764190673828e-04 -3.976523876190185547e-04 -3.897845745086669922e-04
8.575400156182872990e-01 -5.663633346557617188e-04 -5.786418914794921875e-04 -5.717873573303222656e-04 -5.721747875213623047e-04 -5.791485309600830078e-04 -5.662441253662109375e-04 -5.750358104705810547e-04 -5.809962749481201172e-04 -5.718171596527099609e-04 -5.857944488525390625e-04
8.639927776036752105e-01 4.367828369140625000e-04 4.358589649200439453e-04 4.412531852722167969e-04 4.246830940246582031e-04 4.373788833618164062e-04 4.344284534454345703e-04 4.450082778930664062e-04 4.343092441558837891e-04 4.331171512603759766e-04 4.248023033142089844e-04
8.704455395890630109e-01 1.752674579620361328e-04 1.760423183441162109e-04 1.776218414306640625e-04 1.944005489349365234e-04 1.899003982543945312e-04 1.747906208038330078e-04 1.656115055084228516e-04 1.850128173828125000e-04 1.854002475738525391e-04 1.990497112274169922e-04
8.768983015744509224e-01 -8.049309253692626953e-04 -8.037388324737548828e-04 -7.954239845275878906e-04 -8.116662502288818359e-04 -8.050799369812011719e-04 -8.043050765991210938e-04 -8.090138435363769531e-04 -8.019804954528808594e-04 -7.996261119842529297e-04 -8.001923561096191406e-04
8.833510635598388339e-01 3.723800182342529297e-04 3.702938556671142578e-04 3.670454025268554688e-04 3.588497638702392578e-04 3.598928451538085938e-04 3.637969493865966797e-04 3.694295883178710938e-04 3.613829612731933594e-04 3.650188446044921875e-04 3.730952739715576172e-04
8.898038255452267453e-01 7.394850254058837891e-04 7.291734218597412109e-04 7.337927818298339844e-04 7.333457469940185547e-04 7.344484329223632812e-04 7.461607456207275391e-04 7.275342941284179688e-04 7.328093051910400391e-04 7.278919219970703125e-04 7.341802120208740234e-04
8.962565875306146568e-01 -8.338689804077148438e-04 -8.405447006225585938e-04 -8.327364921569824219e-04 -8.293390274047851562e-04 -8.387267589569091797e-04 -8.230507373809814453e-04 -8.225440979003906250e-04 -8.216798305511474609e-04 -8.267760276794433594e-04 -8.290410041809082031e-04
9.027093495160025682e-01 -2.833604812622070312e-04 -2.813339233398437500e-04 -2.803206443786621094e-04 -2.780854701995849609e-04 -2.825260162353515625e-04 -2.865195274353027344e-04 -2.807378768920898438e-04 -2.803206443786621094e-04 -2.762973308563232422e-04 -2.933740615844726562e-04
9.091621115013904797e-01 8.530914783477783203e-04 8.375048637390136719e-04 8.372068405151367188e-04 8.445084095001220703e-04 8.341073989868164062e-04 8.412301540374755859e-04 8.527040481567382812e-04 8.405148983001708984e-04 8.486807346343994141e-04 8.598566055297851562e-04
9.156148734867783912e-01 -1.903176307678222656e-04 -1.806020736694335938e-04 -1.841187477111816406e-04 -1.724064350128173828e-04 -1.841485500335693359e-04 -1.776814460754394531e-04 -1.785755157470703125e-04 -1.776814460754394531e-04 -1.846551895141601562e-04 -1.778006553649902344e-04
9.220676354721663026e-01 -5.534887313842773438e-04 -5.599260330200195312e-04 -5.652904510498046875e-04 -5.588531494140625000e-04 -5.486905574798583984e-04 -5.451738834381103516e-04 -5.472004413604736328e-04 -5.570054054260253906e-04 -5.574822425842285156e-04 -5.564987659454345703e-04
9.285203974575542141e-01 3.707408905029296875e-04 3.773868083953857422e-04 3.651678562164306641e-04 3.684461116790771484e-04 3.756284713745117188e-04 3.815293312072753906e-04 3.788769245147705078e-04 3.745555877685546875e-04 3.685057163238525391e-04 3.759860992431640625e-04
9.349731594429421255e-01 3.361701965332031250e-04 3.321170806884765625e-04 3.330707550048828125e-04 3.280937671661376953e-04 3.457665443420410156e-04 3.340542316436767578e-04 3.458261489868164062e-04 3.388226032257080078e-04 3.253519535064697266e-04 3.415346145629882812e-04
9.414259214283300370e-01 -5.241632461547851562e-04 -5.229413509368896484e-04 -5.198121070861816406e-04 -5.241632461547851562e-04 -5.214214324951171875e-04 -5.085766315460205078e-04 -5.258023738861083984e-04 -5.311667919158935547e-04 -5.169510841369628906e-04 -5.168318748474121094e-04
9.478786834137179484e-01 -1.877546310424804688e-05 -1.773238182067871094e-05 -3.480911254882812500e-05 -1.981854438781738281e-05 -2.363324165344238281e-05 -3.090500831604003906e-05 -1.531839370727539062e-05 -2.920627593994140625e-05 -1.770257949829101562e-05 -2.595782279968261719e-05
9.543314453991058599e-01 6.298422813415527344e-04 6.400942802429199219e-04 6.278455257415771484e-04 6.417930126190185547e-04 6.355047225952148438e-04 6.273090839385986328e-04 6.299316883087158203e-04 6.245076656341552734e-04 6.397962570190429688e-04 6.246566772460937500e-04
9.607842073844936603e-01 -3.051161766052246094e-04 -2.977848052978515625e-04 -3.079473972320556641e-04 -3.008246421813964844e-04 -3.035068511962890625e-04 -3.033876419067382812e-04 -3.137886524200439453e-04 -3.003478050231933594e-04 -2.903640270233154297e-04 -2.992749214172363281e-04
9.672369693698815718e-01 -5.517601966857910156e-04 -5.611181259155273438e-04 -5.706250667572021484e-04 -5.696415901184082031e-04 -5.750656127929687500e-04 -5.690157413482666016e-04 -5.692839622497558594e-04 -5.692839622497558594e-04 -5.667209625244140625e-04 -5.659759044647216797e-04
9.736897313552694833e-01 5.542635917663574219e-04 5.607008934020996094e-04 5.545020103454589844e-04 5.564689636230468750e-04 5.512833595275878906e-04 5.480945110321044922e-04 5.503296852111816406e-04 5.487501621246337891e-04 5.555748939514160156e-04 5.587339401245117188e-04
9.801424933406573947e-01 2.835988998413085938e-04 2.818703651428222656e-04 2.766549587249755859e-04 2.739131450653076172e-04 2.776682376861572266e-04 2.847313880920410156e-04 2.755522727966308594e-04 2.860128879547119141e-04 2.781152725219726562e-04 2.950727939605712891e-04
9.865952553260453062e-01 -6.889700889587402344e-04 -6.772875785827636719e-04 -6.825923919677734375e-04 -6.879568099975585938e-04 -6.820857524871826172e-04 -6.780326366424560547e-04 -6.833672523498535156e-04 -6.838142871856689453e-04 -6.807148456573486328e-04 -6.869435310363769531e-04
9.930480173114332176e-01 1.073479652404785156e-04 1.089572906494140625e-04 1.019239425659179688e-04 1.088976860046386719e-04 1.175403594970703125e-04 1.111924648284912109e-04 1.160204410552978516e-04 1.071095466613769531e-04 9.676814079284667969e-05 1.000165939331054688e-04
9.995007792968211291e-01 6.068646907806396484e-04 5.951523780822753906e-04 6.049573421478271484e-04 6.058812141418457031e-04 6.007850170135498047e-04 5.905628204345703125e-04 6.047189235687255859e-04 6.070137023925781250e-04 5.960464477539062500e-04 6.025135517120361328e-04
1.005953541282209152e+00 -4.800558090209960938e-04 -4.730522632598876953e-04 -4.798471927642822266e-04 -4.753172397613525391e-04 -4.894435405731201172e-04 -4.760622978210449219e-04 -4.808604717254638672e-04 -4.858970642089843750e-04 -4.838705062866210938e-04 -4.747211933135986328e-04
1.012406303267596952e+00 -3.453195095062255859e-04 -3.530383110046386719e-04 -3.519058227539062500e-04 -3.555119037628173828e-04 -3.558099269866943359e-04 -3.612935543060302734e-04 -3.544986248016357422e-04 -3.484785556793212891e-04 -3.490447998046875000e-04 -3.495812416076660156e-04
1.018859065252984752e+00 7.743537425994873047e-04 7.869303226470947266e-04 7.670521736145019531e-04 7.673799991607666016e-04 7.835328578948974609e-04 7.603168487548828125e-04 7.725954055786132812e-04 7.772743701934814453e-04 7.780492305755615234e-04 7.742941379547119141e-04
1.025311827238372775e+00 -1.530945301055908203e-04 -1.471936702728271484e-04 -1.437067985534667969e-04 -1.376867294311523438e-04 -1.489818096160888672e-04 -1.362264156341552734e-04 -1.426935195922851562e-04 -1.387894153594970703e-04 -1.436173915863037109e-04 -1.419484615325927734e-04
1.031764589223760797e+00 -7.463693618774414062e-04 -7.610023021697998047e-04 -7.521808147430419922e-04 -7.613301277160644531e-04 -7.653832435607910156e-04 -7.697641849517822266e-04 -7.607638835906982422e-04 -7.606744766235351562e-04 -7.496178150177001953e-04 -7.486045360565185547e-04
1.038217351209148598e+00 5.981326103210449219e-04 5.984306335449218750e-04 5.960762500762939453e-04 5.873441696166992188e-04 5.740225315093994141e-04 5.913674831390380859e-04 5.891025066375732422e-04 5.770325660705566406e-04 5.913376808166503906e-04 5.781054496765136719e-04
1.044670113194536398e+00 6.043314933776855469e-04 6.120800971984863281e-04 6.020069122314453125e-04 6.074607372283935547e-04 6.019175052642822266e-04 6.020069122314453125e-04 5.919635295867919922e-04 6.089806556701660156e-04 6.127059459686279297e-04 6.071031093597412109e-04
1.051122875179924421e+00 -8.088052272796630859e-04 -8.066594600677490234e-04 -8.044838905334472656e-04 -8.210539817810058594e-04 -8.088052272796630859e-04 -7.969737052917480469e-04 -8.090436458587646484e-04 -8.099973201751708984e-04 -8.172690868377685547e-04 -7.958710193634033203e-04
1.057575637165312221e+00 -2.640783786773681641e-04 -2.439022064208984375e-04 -2.529919147491455078e-04 -2.575814723968505859e-04 -2.574622631072998047e-04 -2.649128437042236328e-04 -2.626180648803710938e-04 -2.645850181579589844e-04 -2.613961696624755859e-04 -2.751648426055908203e-04
1.064028399150700022e+00 7.607936859130859375e-04 7.428526878356933594e-04 7.402300834655761719e-04 7.565021514892578125e-04 7.552504539489746094e-04 7.483661174774169922e-04 7.509887218475341797e-04 7.423758506774902344e-04 7.462501525878906250e-04 7.533133029937744141e-04
1.070481161136088044e+00 -6.622970104217529297e-04 -6.476938724517822266e-04 -6.352365016937255859e-04 -6.393492221832275391e-04 -6.322562694549560547e-04 -6.408691406250000000e-04 -6.468296051025390625e-04 -6.480216979980468750e-04 -6.396174430847167969e-04 -6.382465362548828125e-04
1.076933923121476067e+00 -9.888410568237304688e-05 -1.010298728942871094e-04 -9.867548942565917969e-05 -9.375810623168945312e-05 -1.020729541778564453e-04 -1.139640808105468750e-04 -8.705258369445800781e-05 -1.053214073181152344e-04 -1.055002212524414062e-04 -1.007914543151855469e-04
1.083386685106863867e+00 8.089840412139892578e-04 8.122622966766357422e-04 8.046329021453857422e-04 8.137524127960205078e-04 8.081495761871337891e-04 8.186995983123779297e-04 8.098483085632324219e-04 8.192956447601318359e-04 8.115470409393310547e-04 8.031427860260009766e-04
1.089839447092251667e+00 -6.420314311981201172e-04 -6.538033485412597656e-04 -6.515979766845703125e-04 -6.449520587921142578e-04 -6.339550018310546875e-04 -6.285309791564941406e-04 -6.574094295501708984e-04 -6.376206874847412109e-04 -6.407499313354492188e-04 -6.419122219085693359e-04
1.096292209077639690e+00 -5.748271942138671875e-04 -5.823075771331787109e-04 -5.747973918914794922e-04 -5.773901939392089844e-04 -5.642473697662353516e-04 -5.621910095214843750e-04 -5.661547183990478516e-04 -5.897283554077148438e-04 -5.636215209960937500e-04 -5.688965320587158203e-04
1.102744971063027712e+00 4.408359527587890625e-04 4.215836524963378906e-04 4.310309886932373047e-04 4.212558269500732422e-04 4.376769065856933594e-04 4.290342330932617188e-04 4.198253154754638672e-04 4.330873489379882812e-04 4.330873489379882812e-04 4.188716411590576172e-04
1.109197733048415513e+00 1.044869422912597656e-04 1.105964183807373047e-04 1.134276390075683594e-04 1.206099987030029297e-04 1.088380813598632812e-04 1.002848148345947266e-04 1.086592674255371094e-04 1.114606857299804688e-04 1.212954521179199219e-04 1.044869422912597656e-04
1.115650495033803313e+00 -1.029849052429199219e-03 -1.037389039993286133e-03 -1.045048236846923828e-03 -1.040101051330566406e-03 -1.038432121276855469e-03 -1.044631004333496094e-03 -1.042664051055908203e-03 -1.042991876602172852e-03 -1.052170991897583008e-03 -1.047730445861816406e-03
1.122103257019191336e+00 2.075731754302978516e-04 1.941621303558349609e-04 1.552999019622802734e-04 1.648068428039550781e-04 1.611411571502685547e-04 1.495778560638427734e-04 1.418292522430419922e-04 1.282691955566406250e-04 1.524984836578369141e-04 1.422762870788574219e-04
1.128556019004579358e+00 5.529820919036865234e-04 5.524754524230957031e-04 5.570352077484130859e-04 5.514323711395263672e-04 5.589127540588378906e-04 5.510449409484863281e-04 5.593001842498779297e-04 5.473196506500244141e-04 5.465447902679443359e-04 5.673766136169433594e-04
1.135008780989967159e+00 -8.370280265808105469e-04 -8.250176906585693359e-04 -8.397400379180908203e-04 -8.367300033569335938e-04 -8.464455604553222656e-04 -8.377134799957275391e-04 -8.510649204254150391e-04 -8.393824100494384766e-04 -8.514523506164550781e-04 -8.425712585449218750e-04
1.141461542975354959e+00 -1.014769077301025391e-04 -1.068711280822753906e-04 -1.157224178314208984e-04 -1.210272312164306641e-04 -1.126229763031005859e-04 -1.136958599090576172e-04 -1.185238361358642578e-04 -1.088380813598632812e-04 -1.040995121002197266e-04 -1.157224178314208984e-04
1.147914304960742982e+00 7.919371128082275391e-04 7.585585117340087891e-04 7.776319980621337891e-04 7.767081260681152344e-04 7.853806018829345703e-04 7.809698581695556641e-04 7.935166358947753906e-04 7.944703102111816406e-04 7.838606834411621094e-04 7.709860801696777344e-04
1.154367066946130782e+00 -3.236532211303710938e-04 -3.312826156616210938e-04 -3.148615360260009766e-04 -3.387629985809326172e-04 -3.176331520080566406e-04 -3.129541873931884766e-04 -3.119111061096191406e-04 -3.251135349273681641e-04 -3.202259540557861328e-04 -3.126263618469238281e-04
1.160819828931518582e+00 -3.966391086578369141e-04 -3.934204578399658203e-04 -3.955662250518798828e-04 -3.980994224548339844e-04 -4.036426544189453125e-04 -3.931224346160888672e-04 -4.021525382995605469e-04 -4.026293754577636719e-04 -3.971755504608154297e-04 -4.021525382995605469e-04
1.167272590916906605e+00 5.335211753845214844e-04 5.218684673309326172e-04 5.447566509246826172e-04 5.248486995697021484e-04 5.311071872711181641e-04 5.252063274383544922e-04 5.418956279754638672e-04 5.321800708770751953e-04 5.258321762084960938e-04 5.312263965606689453e-04
1.173725352902294627e+00 6.854534149169921875e-05 5.728006362915039062e-05 6.946921348571777344e-05 6.979703903198242188e-05 6.327033042907714844e-05 6.061792373657226562e-05 6.625056266784667969e-05 7.969141006469726562e-05 6.258487701416015625e-05 6.482005119323730469e-05
1.180178114887682428e+00 -5.642175674438476562e-04 -5.604922771453857422e-04 -5.519092082977294922e-04 -5.766153335571289062e-04 -5.716979503631591797e-04 -5.731880664825439453e-04 -5.724430084228515625e-04 -5.750358104705810547e-04 -5.767047405242919922e-04 -5.640983581542968750e-04
1.186630876873070450e+00 3.090798854827880859e-04 3.015697002410888672e-04 3.039538860321044922e-04 3.074109554290771484e-04 2.970397472381591797e-04 3.105103969573974609e-04 3.124177455902099609e-04 3.091394901275634766e-04 2.986192703247070312e-04 3.002285957336425781e-04
1.193083638858458251e+00 4.201531410217285156e-04 4.105567932128906250e-04 4.168152809143066406e-04 4.170238971710205078e-04 4.107058048248291016e-04 4.031062126159667969e-04 4.160702228546142578e-04 4.284381866455078125e-04 4.085898399353027344e-04 4.165470600128173828e-04
1.199536400843846051e+00 -3.676116466522216797e-04 -3.855526447296142578e-04 -3.598928451538085938e-04 -3.719329833984375000e-04 -3.670454025268554688e-04 -3.561675548553466797e-04 -3.531873226165771484e-04 -3.623366355895996094e-04 -3.661513328552246094e-04 -3.657937049865722656e-04
1.205989162829234074e+00 -1.403689384460449219e-04 -1.513957977294921875e-04 -1.431703567504882812e-04 -1.360476016998291016e-04 -1.445710659027099609e-04 -1.548528671264648438e-04 -1.452863216400146484e-04 -1.520216464996337891e-04 -1.497268676757812500e-04 -1.523494720458984375e-04
1.212441924814621874e+00 4.605948925018310547e-04 4.507899284362792969e-04 4.686415195465087891e-04 4.594027996063232422e-04 4.568099975585937500e-04 4.547834396362304688e-04 4.633069038391113281e-04 4.643201828002929688e-04 4.636049270629882812e-04 4.656910896301269531e-04
1.218894686800009897e+00 -5.424022674560546875e-06 -1.412630081176757812e-05 -1.373887062072753906e-05 -9.179115295410156250e-06 -1.245737075805664062e-05 -1.797080039978027344e-05 -1.901388168334960938e-05 -2.664327621459960938e-05 -1.522898674011230469e-05 -1.400709152221679688e-05
1.225347448785397697e+00 -3.175139427185058594e-04 -3.131926059722900391e-04 -3.238916397094726562e-04 -3.268122673034667969e-04 -3.291368484497070312e-04 -3.194510936737060547e-04 -3.179311752319335938e-04 -3.216862678527832031e-04 -3.198385238647460938e-04 -3.192126750946044922e-04
1.231800210770785720e+00 3.268420696258544922e-04 3.353953361511230469e-04 3.207623958587646484e-04 3.223717212677001953e-04 3.300607204437255859e-04 3.340542316436767578e-04 3.343820571899414062e-04 3.191232681274414062e-04 3.320872783660888672e-04 3.193914890289306641e-04
1.238252972756173520e+00 8.150935173034667969e-05 8.645653724670410156e-05 7.534027099609375000e-05 7.846951484680175781e-05 7.399916648864746094e-05 7.423758506774902344e-05 6.738305091857910156e-05 8.028745651245117188e-05 7.677078247070312500e-05 8.037686347961425781e-05
1.244705734741561542e+00 -3.190338611602783203e-04 -3.055632114410400391e-04 -3.214776515960693359e-04 -3.157854080200195312e-04 -3.136694431304931641e-04 -3.148019313812255859e-04 -3.232359886169433594e-04 -3.158748149871826172e-04 -3.248453140258789062e-04 -3.122985363006591797e-04
1.251158496726949343e+00 8.693337440490722656e-05 8.845329284667968750e-05 8.103251457214355469e-05 8.171796798706054688e-05 8.064508438110351562e-05 7.745623588562011719e-05 9.065866470336914062e-05 7.259845733642578125e-05 7.626414299011230469e-05 8.127093315124511719e-05
1.257611258712337365e+00 2.388358116149902344e-04 2.305209636688232422e-04 2.345442771911621094e-04 2.476274967193603516e-04 2.434849739074707031e-04 2.411603927612304688e-04 2.336204051971435547e-04 2.355873584747314453e-04 2.472698688507080078e-04 2.311170101165771484e-04
1.264064020697725166e+00 -2.075135707855224609e-04 -2.084970474243164062e-04 -2.059340476989746094e-04 -1.939237117767333984e-04 -2.056062221527099609e-04 -2.000629901885986328e-04 -2.101361751556396484e-04 -2.084970474243164062e-04 -2.058744430541992188e-04 -1.959800720214843750e-04
1.270516782683113188e+00 -1.980066299438476562e-04 -2.001523971557617188e-04 -2.146065235137939453e-04 -2.053380012512207031e-04 -2.085566520690917969e-04 -2.143383026123046875e-04 -2.064108848571777344e-04 -2.157390117645263672e-04 -2.022683620452880859e-04 -2.074539661407470703e-04
1.276969544668500989e+00 2.564489841461181641e-04 2.416372299194335938e-04 2.500116825103759766e-04 2.432167530059814453e-04 2.479851245880126953e-04 2.287924289703369141e-04 2.464652061462402344e-04 2.476274967193603516e-04 2.456605434417724609e-04 2.482235431671142578e-04
1.283422306653888789e+00 7.757544517517089844e-05 7.078051567077636719e-05 6.607174873352050781e-05 8.028745651245117188e-05 6.115436553955078125e-05 7.307529449462890625e-05 7.003545761108398438e-05 7.486343383789062500e-05 6.920099258422851562e-05 6.940960884094238281e-05
1.289875068639276812e+00 -3.090202808380126953e-04 -3.014206886291503906e-04 -3.050863742828369141e-04 -3.147125244140625000e-04 -2.981722354888916016e-04 -3.077089786529541016e-04 -3.081262111663818359e-04 -3.142058849334716797e-04 -3.081560134887695312e-04 -3.164708614349365234e-04
1.296327830624664612e+00 1.858174800872802734e-04 1.801252365112304688e-04 1.879632472991943359e-04 1.799166202545166016e-04 1.791119575500488281e-04 1.829564571380615234e-04 1.879036426544189453e-04 1.827776432037353516e-04 1.868903636932373047e-04 1.832842826843261719e-04
1.302780592610052635e+00 1.764595508575439453e-04 1.776814460754394531e-04 1.706182956695556641e-04 1.877844333648681641e-04 1.756250858306884766e-04 1.904666423797607422e-04 1.814365386962890625e-04 1.822113990783691406e-04 1.790821552276611328e-04 1.847743988037109375e-04
1.309233354595440435e+00 -3.989040851593017578e-04 -3.990530967712402344e-04 -3.933608531951904297e-04 -3.925561904907226562e-04 -3.926753997802734375e-04 -4.034042358398437500e-04 -4.005134105682373047e-04 -4.007220268249511719e-04 -4.135370254516601562e-04 -4.008114337921142578e-04
1.315686116580828458e+00 1.638233661651611328e-04 1.479983329772949219e-04 1.484751701354980469e-04 1.516938209533691406e-04 1.610219478607177734e-04 1.415014266967773438e-04 1.415312290191650391e-04 1.558363437652587891e-04 1.542568206787109375e-04 1.429617404937744141e-04
1.322138878566216258e+00 2.494156360626220703e-04 2.622306346893310547e-04 2.731680870056152344e-04 2.649426460266113281e-04 2.596676349639892578e-04 2.732872962951660156e-04 2.568066120147705078e-04 2.574026584625244141e-04 2.651214599609375000e-04 2.660453319549560547e-04
1.328591640551604280e+00 -3.282427787780761719e-04 -3.276467323303222656e-04 -3.195106983184814453e-04 -3.273189067840576172e-04 -3.325343132019042969e-04 -3.255903720855712891e-04 -3.300309181213378906e-04 -3.204345703125000000e-04 -3.258883953094482422e-04 -3.242492675781250000e-04
1.335044402536992081e+00 -4.711747169494628906e-05 -4.675984382629394531e-05 -3.233551979064941406e-05 -3.018975257873535156e-05 -3.346800804138183594e-05 -3.713369369506835938e-05 -4.592537879943847656e-05 -4.377961158752441406e-05 -4.568696022033691406e-05 -3.397464752197265625e-05
1.341497164522380103e+00 3.052949905395507812e-04 3.129243850708007812e-04 3.042221069335937500e-04 3.058314323425292969e-04 3.207921981811523438e-04 3.153979778289794922e-04 3.191828727722167969e-04 3.044307231903076172e-04 3.120005130767822266e-04 3.198981285095214844e-04
1.347949926507767904e+00 -1.775026321411132812e-04 -1.799166202545166016e-04 -1.774430274963378906e-04 -1.603662967681884766e-04 -1.744329929351806641e-04 -1.810789108276367188e-04 -1.673400402069091797e-04 -1.781880855560302734e-04 -1.738369464874267578e-04 -1.628100872039794922e-04
1.354402688493155926e+00 -5.522370338439941406e-05 -4.085898399353027344e-05 -4.619359970092773438e-05 -4.315376281738281250e-05 -4.681944847106933594e-05 -3.656744956970214844e-05 -3.778934478759765625e-05 -4.491209983825683594e-05 -4.205107688903808594e-05 -4.890561103820800781e-05
1.360855450478543727e+00 2.113282680511474609e-04 1.993477344512939453e-04 2.118051052093505859e-04 2.229511737823486328e-04 2.125203609466552734e-04 2.073645591735839844e-04 2.073049545288085938e-04 2.099871635437011719e-04 1.983642578125000000e-04 2.075433731079101562e-04
1.367308212463931749e+00 -2.560019493103027344e-04 -2.440810203552246094e-04 -2.427697181701660156e-04 -2.412199974060058594e-04 -2.541840076446533203e-04 -2.512633800506591797e-04 -2.513229846954345703e-04 -2.524554729461669922e-04 -2.500116825103759766e-04 -2.363026142120361328e-04
1.373760974449319550e+00 -3.874301910400390625e-05 -1.794099807739257812e-05 -3.951787948608398438e-05 -2.303719520568847656e-05 -1.591444015502929688e-05 -2.822279930114746094e-05 -2.667307853698730469e-05 -2.571940422058105469e-05 -2.577900886535644531e-05 -2.729892730712890625e-05
1.380213736434707350e+00 1.698732376098632812e-04 1.600384712219238281e-04 1.543760299682617188e-04 1.526772975921630859e-04 1.564919948577880859e-04 1.605153083801269531e-04 1.506805419921875000e-04 1.652836799621582031e-04 1.752972602844238281e-04 1.516044139862060547e-04
1.386666498420095373e+00 -6.633996963500976562e-05 -6.249547004699707031e-05 -6.523728370666503906e-05 -6.642937660217285156e-05 -7.036328315734863281e-05 -5.662441253662109375e-05 -5.823373794555664062e-05 -6.607174873352050781e-05 -5.739927291870117188e-05 -6.911158561706542969e-05
1.393119260405483173e+00 5.555152893066406250e-05 6.076693534851074219e-05 5.936622619628906250e-05 6.806850433349609375e-05 6.479024887084960938e-05 5.581974983215332031e-05 5.909800529479980469e-05 5.286931991577148438e-05 5.444884300231933594e-05 5.111098289489746094e-05
1.399572022390871195e+00 1.383721828460693359e-04 1.333653926849365234e-04 1.345574855804443359e-04 1.360476016998291016e-04 1.543462276458740234e-04 1.540482044219970703e-04 1.422166824340820312e-04 1.368224620819091797e-04 1.465082168579101562e-04 1.454353332519531250e-04
1.406024784376258996e+00 5.847215652465820312e-05 4.509091377258300781e-05 6.031990051269531250e-05 5.868077278137207031e-05 4.720687866210937500e-05 6.225705146789550781e-05 5.459785461425781250e-05 5.301833152770996094e-05 5.987286567687988281e-05 6.470084190368652344e-05
1.412477546361647018e+00 -2.246201038360595703e-04 -2.214312553405761719e-04 -2.198517322540283203e-04 -2.122223377227783203e-04 -2.241432666778564453e-04 -2.177953720092773438e-04 -2.151429653167724609e-04 -2.158880233764648438e-04 -2.291500568389892578e-04 -2.227723598480224609e-04
1.418930308347034819e+00 2.524256706237792969e-05 3.597140312194824219e-05 2.753734588623046875e-05 1.928210258483886719e-05 2.413988113403320312e-05 2.649426460266113281e-05 2.363324165344238281e-05 2.202391624450683594e-05 2.279877662658691406e-05 2.223253250122070312e-05
1.425383070332422841e+00 1.827180385589599609e-04 1.907348632812500000e-04 1.931190490722656250e-04 1.916289329528808594e-04 1.935064792633056641e-04 1.781582832336425781e-04 1.894831657409667969e-04 1.878738403320312500e-04 1.851320266723632812e-04 1.879632472991943359e-04
1.431835832317810642e+00 -5.897879600524902344e-05 -5.468726158142089844e-05 -6.049871444702148438e-05 -6.425380706787109375e-05 -5.581974983215332031e-05 -5.251169204711914062e-05 -6.282329559326171875e-05 -6.902217864990234375e-05 -5.945563316345214844e-05 -5.224347114562988281e-05
1.438288594303198664e+00 -1.739561557769775391e-04 -1.834332942962646484e-04 -1.823306083679199219e-04 -1.651942729949951172e-04 -1.813769340515136719e-04 -1.716017723083496094e-04 -1.903176307678222656e-04 -1.877546310424804688e-04 -1.749694347381591797e-04 -1.779794692993164062e-04
1.444741356288586465e+00 1.371800899505615234e-04 1.191794872283935547e-04 1.357197761535644531e-04 1.276433467864990234e-04 1.169741153717041016e-04 1.287162303924560547e-04 1.356303691864013672e-04 1.243352890014648438e-04 1.301467418670654297e-04 1.318752765655517578e-04
1.451194118273974487e+00 1.017749309539794922e-04 9.867548942565917969e-05 9.971857070922851562e-05 9.870529174804687500e-05 1.053214073181152344e-04 1.017451286315917969e-04 1.081526279449462891e-04 1.017749309539794922e-04 1.103281974792480469e-04 1.032650470733642578e-04
1.457646880259362288e+00 -8.922815322875976562e-05 -9.903311729431152344e-05 -9.331107139587402344e-05 -9.375810623168945312e-05 -1.018941402435302734e-04 -8.332729339599609375e-05 -9.307265281677246094e-05 -8.690357208251953125e-05 -9.623169898986816406e-05 -9.712576866149902344e-05
1.464099642244750310e+00 1.772046089172363281e-04 1.707077026367187500e-04 1.689791679382324219e-04 1.679658889770507812e-04 1.877546310424804688e-04 1.752674579620361328e-04 1.845061779022216797e-04 1.737177371978759766e-04 1.882910728454589844e-04 1.694560050964355469e-04
1.470552404230138110e+00 4.529953002929687500e-05 3.680586814880371094e-05 2.434849739074707031e-05 3.340840339660644531e-05 4.929304122924804688e-05 4.404783248901367188e-05 5.915760993957519531e-05 4.830956459045410156e-05 3.972649574279785156e-05 3.337860107421875000e-05
1.477005166215525911e+00 -1.781284809112548828e-04 -1.732110977172851562e-04 -1.756250858306884766e-04 -1.730322837829589844e-04 -1.465678215026855469e-04 -1.693665981292724609e-04 -1.618862152099609375e-04 -1.683533191680908203e-04 -1.713335514068603516e-04 -1.633763313293457031e-04
1.483457928200913933e+00 9.953975677490234375e-06 -5.960464477539062500e-07 2.622604370117187500e-06 2.592802047729492188e-06 9.059906005859375000e-06 1.257658004760742188e-05 1.427531242370605469e-05 -7.748603820800781250e-06 4.589557647705078125e-06 1.788139343261718750e-07
1.489910690186301734e+00 1.679658889770507812e-04 1.606941223144531250e-04 1.593828201293945312e-04 1.673698425292968750e-04 1.614391803741455078e-04 1.545548439025878906e-04 1.623630523681640625e-04 1.775622367858886719e-04 1.623034477233886719e-04 1.742839813232421875e-04
1.496363452171689756e+00 -1.267790794372558594e-04 -1.257061958312988281e-04 -1.279413700103759766e-04 -1.302063465118408203e-04 -1.196265220642089844e-04 -1.295804977416992188e-04 -1.238286495208740234e-04 -1.303553581237792969e-04 -1.284182071685791016e-04 -1.234710216522216797e-04
1.502816214157077557e+00 -3.799796104431152344e-05 -4.339218139648437500e-05 -4.041194915771484375e-05 -3.865361213684082031e-05 -3.796815872192382812e-05 -3.311038017272949219e-05 -2.968311309814453125e-05 -4.106760025024414062e-05 -5.164742469787597656e-05 -4.154443740844726562e-05
1.509268976142465579e+00 1.179575920104980469e-04 1.291036605834960938e-04 1.419484615325927734e-04 1.254677772521972656e-04 1.243054866790771484e-04 1.128315925598144531e-04 1.344084739685058594e-04 1.296401023864746094e-04 1.285672187805175781e-04 1.214742660522460938e-04
1.515721738127853380e+00 -4.363059997558593750e-05 -4.437565803527832031e-05 -4.294514656066894531e-05 -4.819035530090332031e-05 -5.382299423217773438e-05 -5.474686622619628906e-05 -5.024671554565429688e-05 -5.179643630981445312e-05 -3.632903099060058594e-05 -5.871057510375976562e-05
1.522174500113241402e+00 -6.133317947387695312e-05 -7.063150405883789062e-05 -5.930662155151367188e-05 -6.547570228576660156e-05 -7.057189941406250000e-05 -6.395578384399414062e-05 -6.103515625000000000e-05 -8.001923561096191406e-05 -6.610155105590820312e-05 -5.650520324707031250e-05
1.528627262098629203e+00 1.083910465240478516e-04 1.083016395568847656e-04 1.159608364105224609e-04 1.105368137359619141e-04 1.117885112762451172e-04 1.081526279449462891e-04 1.060068607330322266e-04 1.125931739807128906e-04 1.099407672882080078e-04 1.214742660522460938e-04
1.535080024084017225e+00 -3.263354301452636719e-05 -4.121661186218261719e-05 -2.092123031616210938e-05 -1.886487007141113281e-05 -2.557039260864257812e-05 -2.959370613098144531e-05 -2.655386924743652344e-05 -2.413988113403320312e-05 -3.165006637573242188e-05 -1.826882362365722656e-05
1.541532786069405025e+00 -1.265406608581542969e-04 -1.137852668762207031e-04 -1.056492328643798828e-04 -1.267492771148681641e-04 -1.126527786254882812e-04 -1.215934753417968750e-04 -1.216232776641845703e-04 -1.090764999389648438e-04 -1.239180564880371094e-04 -1.202523708343505859e-04
1.547985548054793048e+00 1.122653484344482422e-04 1.060962677001953125e-04 1.027286052703857422e-04 1.091659069061279297e-04 1.099109649658203125e-04 1.128911972045898438e-04 1.030266284942626953e-04 9.915232658386230469e-05 1.005232334136962891e-04 9.438395500183105469e-05
1.554438310040180848e+00 2.285838127136230469e-05 7.629394531250000000e-06 2.107024192810058594e-05 2.947449684143066406e-05 1.612305641174316406e-05 1.809000968933105469e-05 2.476572990417480469e-05 2.428889274597167969e-05 2.866983413696289062e-05 1.031160354614257812e-05
1.560891072025568649e+00 -5.823373794555664062e-05 -6.398558616638183594e-05 -6.598234176635742188e-05 -6.148219108581542969e-05 -6.633996963500976562e-05 -5.611777305603027344e-05 -5.519390106201171875e-05 -5.081295967102050781e-05 -6.103515625000000000e-05 -5.856156349182128906e-05
1.567343834010956671e+00 -1.260638236999511719e-05 -6.288290023803710938e-06 -6.616115570068359375e-06 -1.195073127746582031e-05 3.725290298461914062e-06 -1.636147499084472656e-05 -6.049871444702148438e-06 2.294778823852539062e-06 -5.483627319335937500e-06 -9.208917617797851562e-06
1.573796595996344472e+00 2.083182334899902344e-05 2.124905586242675781e-05 2.804398536682128906e-05 3.674626350402832031e-05 3.045797348022460938e-05 2.470612525939941406e-05 2.193450927734375000e-05 3.832578659057617188e-05 3.296136856079101562e-05 2.858042716979980469e-05
1.580249357981732494e+00 -1.502037048339843750e-05 -1.034140586853027344e-05 -1.245737075805664062e-05 -2.980232238769531250e-08 -1.391768455505371094e-05 -1.567602157592773438e-05 -7.063150405883789062e-06 -5.125999450683593750e-06 -1.341104507446289062e-05 -1.201033592224121094e-05
1.586702119967120295e+00 -4.225969314575195312e-05 -5.346536636352539062e-05 -4.637241363525390625e-05 -5.450844764709472656e-05 -4.798173904418945312e-05 -4.974007606506347656e-05 -4.747509956359863281e-05 -5.146861076354980469e-05 -5.125999450683593750e-05 -5.179643630981445312e-05
1.593154881952508317e+00 2.306699752807617188e-05 1.809000968933105469e-05 2.080202102661132812e-05 1.186132431030273438e-05 2.169609069824218750e-05 2.324581146240234375e-05 2.136826515197753906e-05 2.610683441162109375e-05 2.562999725341796875e-05 2.595782279968261719e-05
1.599607643937896118e+00 6.538629531860351562e-05 6.714463233947753906e-05 6.526708602905273438e-05 6.747245788574218750e-05 5.486607551574707031e-05 7.072091102600097656e-05 6.899237632751464844e-05 8.511543273925781250e-05 6.428360939025878906e-05 6.476044654846191406e-05
1.606060405923284140e+00 -4.324316978454589844e-05 -3.457069396972656250e-05 -4.208087921142578125e-05 -4.547834396362304688e-05 -4.020333290100097656e-05 -4.750490188598632812e-05 -4.264712333679199219e-05 -4.452466964721679688e-05 -4.577636718750000000e-05 -4.842877388000488281e-05
1.612513167908671941e+00 -8.162856101989746094e-05 -8.800625801086425781e-05 -8.255243301391601562e-05 -9.369850158691406250e-05 -8.431077003479003906e-05 -8.618831634521484375e-05 -8.419156074523925781e-05 -8.702278137207031250e-05 -8.597970008850097656e-05 -8.958578109741210938e-05
1.618965929894059963e+00 1.068711280822753906e-04 1.076459884643554688e-04 1.209080219268798828e-04 1.091063022613525391e-04 1.136660575866699219e-04 1.136064529418945312e-04 1.101493835449218750e-04 1.125633716583251953e-04 1.249909400939941406e-04 1.091957092285156250e-04
1.625418691879447763e+00 4.583597183227539062e-05 3.880262374877929688e-05 4.133582115173339844e-05 2.539157867431640625e-05 4.306435585021972656e-05 3.716349601745605469e-05 3.838539123535156250e-05 3.975629806518554688e-05 3.746151924133300781e-05 4.196166992187500000e-05
1.631871453864835786e+00 -1.781582832336425781e-04 -1.945197582244873047e-04 -1.938045024871826172e-04 -1.859664916992187500e-04 -1.860857009887695312e-04 -1.882612705230712891e-04 -1.801848411560058594e-04 -1.899003982543945312e-04 -1.876354217529296875e-04 -1.925826072692871094e-04
1.638324215850223586e+00 1.412630081176757812e-04 1.430809497833251953e-04 1.432299613952636719e-04 1.375377178192138672e-04 1.426935195922851562e-04 1.398921012878417969e-04 1.449286937713623047e-04 1.476407051086425781e-04 1.431703567504882812e-04 1.400411128997802734e-04
1.644776977835611609e+00 1.118481159210205078e-04 1.393258571624755859e-04 1.217126846313476562e-04 1.184344291687011719e-04 1.131892204284667969e-04 1.088976860046386719e-04 1.121461391448974609e-04 1.190602779388427734e-04 1.256465911865234375e-04 1.289248466491699219e-04
1.651229739820999409e+00 -2.486109733581542969e-04 -2.626180648803710938e-04 -2.465844154357910156e-04 -2.616941928863525391e-04 -2.500414848327636719e-04 -2.468228340148925781e-04 -2.580583095550537109e-04 -2.549886703491210938e-04 -2.553761005401611328e-04 -2.610981464385986328e-04
1.657682501806387210e+00 1.344978809356689453e-04 1.387000083923339844e-04 1.564919948577880859e-04 1.437962055206298828e-04 1.476705074310302734e-04 1.420974731445312500e-04 1.386702060699462891e-04 1.358687877655029297e-04 1.401007175445556641e-04 1.405179500579833984e-04
1.664135263791775232e+00 2.371668815612792969e-04 2.317130565643310547e-04 2.294480800628662109e-04 2.365410327911376953e-04 2.234876155853271484e-04 2.354681491851806641e-04 2.278983592987060547e-04 2.344846725463867188e-04 2.386271953582763672e-04 2.342462539672851562e-04
1.670588025777163033e+00 -3.327429294586181641e-04 -3.233253955841064453e-04 -3.228485584259033203e-04 -3.217160701751708984e-04 -3.257393836975097656e-04 -3.284811973571777344e-04 -3.250837326049804688e-04 -3.261864185333251953e-04 -3.224611282348632812e-04 -3.328919410705566406e-04
1.677040787762551055e+00 1.665949821472167969e-05 2.828240394592285156e-05 4.151463508605957031e-05 1.966953277587890625e-05 2.187490463256835938e-05 2.402067184448242188e-05 2.565979957580566406e-05 2.229213714599609375e-05 2.381205558776855469e-05 3.075599670410156250e-05
1.683493549747938856e+00 2.983212471008300781e-04 3.050565719604492188e-04 2.993047237396240234e-04 2.993345260620117188e-04 3.005564212799072266e-04 2.918243408203125000e-04 2.869367599487304688e-04 3.089904785156250000e-04 3.070831298828125000e-04 2.954304218292236328e-04
1.689946311733326878e+00 -1.921653747558593750e-04 -2.074837684631347656e-04 -2.069771289825439453e-04 -1.966655254364013672e-04 -1.967251300811767578e-04 -1.978874206542968750e-04 -2.079308032989501953e-04 -2.023279666900634766e-04 -2.100467681884765625e-04 -2.022981643676757812e-04
1.696399073718714678e+00 7.990002632141113281e-05 7.963180541992187500e-05 6.660819053649902344e-05 7.244944572448730469e-05 7.101893424987792969e-05 7.677078247070312500e-05 6.583333015441894531e-05 6.866455078125000000e-05 7.659196853637695312e-05 8.124113082885742188e-05
1.702851835704102701e+00 1.854896545410156250e-04 1.912415027618408203e-04 1.792609691619873047e-04 1.946985721588134766e-04 1.885890960693359375e-04 1.888871192932128906e-04 1.828670501708984375e-04 1.887679100036621094e-04 1.858472824096679688e-04 1.932382583618164062e-04
1.709304597689490501e+00 -2.016723155975341797e-04 -2.098083496093750000e-04 -2.211928367614746094e-04 -2.154111862182617188e-04 -2.110600471496582031e-04 -2.133846282958984375e-04 -2.090930938720703125e-04 -2.098381519317626953e-04 -2.186894416809082031e-04 -1.964271068572998047e-04
1.715757359674878524e+00 -5.990266799926757812e-06 -1.925230026245117188e-05 -1.281499862670898438e-05 -1.880526542663574219e-05 -1.132488250732421875e-05 -2.229213714599609375e-05 -8.761882781982421875e-06 -2.202391624450683594e-05 -5.483627319335937500e-06 -2.261996269226074219e-05
1.722210121660266324e+00 1.826286315917968750e-04 1.812875270843505859e-04 1.814067363739013672e-04 1.898705959320068359e-04 1.778900623321533203e-04 1.775324344635009766e-04 1.808106899261474609e-04 1.733601093292236328e-04 1.836121082305908203e-04 1.693964004516601562e-04
1.728662883645654347e+00 -1.180171966552734375e-04 -1.220703125000000000e-04 -1.165568828582763672e-04 -1.222491264343261719e-04 -1.097917556762695312e-04 -1.199245452880859375e-04 -1.159906387329101562e-04 -1.089572906494140625e-04 -1.323521137237548828e-04 -1.241266727447509766e-04
1.735115645631042147e+00 3.695487976074218750e-06 -4.082918167114257812e-06 -5.334615707397460938e-06 -3.963708877563476562e-06 -1.192092895507812500e-07 -2.235174179077148438e-06 -5.900859832763671875e-06 -1.162290573120117188e-06 -1.788139343261718750e-06 -2.950429916381835938e-06
1.741568407616429948e+00 1.015663146972656250e-04 1.087784767150878906e-04 1.117885112762451172e-04 1.159012317657470703e-04 1.012682914733886719e-04 1.000761985778808594e-04 1.037418842315673828e-04 1.061260700225830078e-04 1.125335693359375000e-04 1.007318496704101562e-04
1.748021169601817970e+00 -3.606081008911132812e-05 -4.765391349792480469e-05 -5.489587783813476562e-05 -5.912780761718750000e-05 -4.100799560546875000e-05 -4.875659942626953125e-05 -4.163384437561035156e-05 -4.476308822631835938e-05 -4.959106445312500000e-05 -4.050135612487792969e-05
1.754473931587205771e+00 9.804964065551757812e-05 9.486079216003417969e-05 9.092688560485839844e-05 9.223818778991699219e-05 9.429454803466796875e-05 8.693337440490722656e-05 8.553266525268554688e-05 8.678436279296875000e-05 8.711218833923339844e-05 8.133053779602050781e-05
1.760926693572593793e+00 -1.543760299682617188e-05 -3.457069396972656250e-06 -2.273917198181152344e-05 -5.990266799926757812e-06 -8.493661880493164062e-06 -9.626150131225585938e-06 -9.983777999877929688e-06 -9.804964065551757812e-06 -3.188848495483398438e-06 -1.105666160583496094e-05
1.767379455557981593e+00 2.425909042358398438e-05 8.136034011840820312e-06 5.781650543212890625e-06 1.138448715209960938e-05 1.439452171325683594e-05 1.189112663269042969e-05 2.086162567138671875e-07 4.231929779052734375e-06 1.528859138488769531e-05 1.716613769531250000e-05
1.773832217543369616e+00 9.509921073913574219e-05 1.018941402435302734e-04 1.043677330017089844e-04 9.074807167053222656e-05 9.936094284057617188e-05 1.089274883270263672e-04 9.563565254211425781e-05 9.733438491821289062e-05 8.919835090637207031e-05 1.009404659271240234e-04
1.780284979528757416e+00 -1.079440116882324219e-04 -1.089870929718017578e-04 -1.144707202911376953e-04 -1.153945922851562500e-04 -1.164674758911132812e-04 -1.054108142852783203e-04 -1.099109649658203125e-04 -1.050531864166259766e-04 -1.124739646911621094e-04 -1.066029071807861328e-04
1.786737741514145439e+00 -6.094574928283691406e-05 -7.230043411254882812e-05 -7.218122482299804688e-05 -7.152557373046875000e-05 -6.327033042907714844e-05 -7.286667823791503906e-05 -6.431341171264648438e-05 -5.525350570678710938e-05 -6.085634231567382812e-05 -6.264448165893554688e-05
1.793190503499533239e+00 1.523494720458984375e-04 1.494288444519042969e-04 1.504123210906982422e-04 1.479685306549072266e-04 1.493692398071289062e-04 1.568496227264404297e-04 1.529157161712646484e-04 1.570880413055419922e-04 1.441240310668945312e-04 1.490414142608642578e-04
1.799643265484921262e+00 -7.349252700805664062e-05 -7.531046867370605469e-05 -7.143616676330566406e-05 -7.799267768859863281e-05 -8.147954940795898438e-05 -7.641315460205078125e-05 -6.845593452453613281e-05 -7.274746894836425781e-05 -7.840991020202636719e-05 -8.165836334228515625e-05
1.806096027470309062e+00 2.387166023254394531e-05 2.765655517578125000e-05 1.361966133117675781e-05 1.844763755798339844e-05 1.984834671020507812e-05 1.823902130126953125e-05 3.024935722351074219e-05 1.543760299682617188e-05 9.566545486450195312e-06 1.987814903259277344e-05
1.812548789455697085e+00 1.892447471618652344e-04 1.870393753051757812e-04 2.019405364990234375e-04 1.971125602722167969e-04 1.871287822723388672e-04 1.974403858184814453e-04 1.902282238006591797e-04 1.950562000274658203e-04 1.901984214782714844e-04 1.885890960693359375e-04
1.819001551441084885e+00 -1.751184463500976562e-04 -1.807212829589843750e-04 -1.779794692993164062e-04 -1.763403415679931641e-04 -1.743137836456298828e-04 -1.811683177947998047e-04 -1.743137836456298828e-04 -1.800358295440673828e-04 -1.782178878784179688e-04 -1.806318759918212891e-04
1.825454313426472908e+00 -3.761053085327148438e-05 -2.399086952209472656e-05 -2.411007881164550781e-05 -3.644824028015136719e-05 -3.257393836975097656e-05 -2.774596214294433594e-05 -3.489851951599121094e-05 -3.954768180847167969e-05 -3.463029861450195312e-05 -2.625584602355957031e-05
1.831907075411860708e+00 1.637637615203857422e-04 1.714527606964111328e-04 1.589357852935791016e-04 1.786649227142333984e-04 1.749396324157714844e-04 1.679658889770507812e-04 1.736283302307128906e-04 1.708269119262695312e-04 1.730322837829589844e-04 1.659095287322998047e-04
1.838359837397248508e+00 -1.540780067443847656e-04 -1.517832279205322266e-04 -1.496374607086181641e-04 -1.478493213653564453e-04 -1.479089260101318359e-04 -1.527369022369384766e-04 -1.460611820220947266e-04 -1.378357410430908203e-04 -1.571476459503173828e-04 -1.505315303802490234e-04
1.844812599382636531e+00 -2.762675285339355469e-05 -2.831220626831054688e-05 -2.172589302062988281e-05 -2.348423004150390625e-05 -1.868605613708496094e-05 -2.470612525939941406e-05 -9.804964065551757812e-06 -1.645088195800781250e-05 -2.673268318176269531e-05 -3.072619438171386719e-05
1.851265361368024331e+00 1.490712165832519531e-04 1.547336578369140625e-04 1.576542854309082031e-04 1.477897167205810547e-04 1.467168331146240234e-04 1.680254936218261719e-04 1.527369022369384766e-04 1.486837863922119141e-04 1.589357852935791016e-04 1.482367515563964844e-04
1.857718123353412354e+00 -1.241564750671386719e-04 -1.219511032104492188e-04 -1.192390918731689453e-04 -1.234412193298339844e-04 -1.170039176940917969e-04 -1.235306262969970703e-04 -1.239776611328125000e-04 -1.331567764282226562e-04 -1.289844512939453125e-04 -1.221001148223876953e-04
1.864170885338800154e+00 -5.787611007690429688e-05 -4.589557647705078125e-05 -3.454089164733886719e-05 -4.944205284118652344e-05 -5.725026130676269531e-05 -4.878640174865722656e-05 -6.097555160522460938e-05 -4.643201828002929688e-05 -5.999207496643066406e-05 -5.447864532470703125e-05
1.870623647324188177e+00 1.531243324279785156e-04 1.367032527923583984e-04 1.398026943206787109e-04 1.389384269714355469e-04 1.468360424041748047e-04 1.366138458251953125e-04 1.532137393951416016e-04 1.360774040222167969e-04 1.427531242370605469e-04 1.390874385833740234e-04
1.877076409309575977e+00 -8.648633956909179688e-05 -8.940696716308593750e-05 -8.198618888854980469e-05 -8.559226989746093750e-05 -8.508563041687011719e-05 -9.235739707946777344e-05 -8.627772331237792969e-05 -8.660554885864257812e-05 -8.782744407653808594e-05 -8.773803710937500000e-05
1.883529171294964000e+00 -8.392333984375000000e-05 -9.956955909729003906e-05 -8.600950241088867188e-05 -8.702278137207031250e-05 -7.688999176025390625e-05 -8.600950241088867188e-05 -7.250905036926269531e-05 -7.936358451843261719e-05 -8.293986320495605469e-05 -8.162856101989746094e-05
1.889981933280351800e+00 8.219480514526367188e-05 8.189678192138671875e-05 9.787082672119140625e-05 7.644295692443847656e-05 8.109211921691894531e-05 8.100271224975585938e-05 8.228421211242675781e-05 8.174777030944824219e-05 8.663535118103027344e-05 8.600950241088867188e-05
1.896434695265739823e+00 -1.445412635803222656e-05 -1.153349876403808594e-05 -2.512335777282714844e-05 -2.193450927734375000e-05 -6.139278411865234375e-06 -2.843141555786132812e-05 -3.388524055480957031e-05 -1.451373100280761719e-05 -1.814961433410644531e-05 -2.446770668029785156e-05
1.902887457251127623e+00 -4.485249519348144531e-05 -4.401803016662597656e-05 -4.893541336059570312e-05 -3.907084465026855469e-05 -4.589557647705078125e-05 -4.398822784423828125e-05 -4.553794860839843750e-05 -4.661083221435546875e-05 -4.181265830993652344e-05 -2.983212471008300781e-05
1.909340219236515646e+00 4.896521568298339844e-05 3.638863563537597656e-05 5.087256431579589844e-05 4.094839096069335938e-05 5.027651786804199219e-05 4.148483276367187500e-05 3.367662429809570312e-05 3.337860107421875000e-05 4.237890243530273438e-05 4.783272743225097656e-05
1.915792981221903446e+00 2.369284629821777344e-05 2.831220626831054688e-05 3.325939178466796875e-05 4.008412361145019531e-05 3.445148468017578125e-05 4.100799560546875000e-05 3.352761268615722656e-05 3.880262374877929688e-05 4.324316978454589844e-05 4.047155380249023438e-05
1.922245743207291468e+00 -4.023313522338867188e-05 -5.143880844116210938e-05 -4.789233207702636719e-05 -5.668401718139648438e-05 -3.999471664428710938e-05 -4.521012306213378906e-05 -5.841255187988281250e-05 -5.021691322326660156e-05 -5.406141281127929688e-05 -4.106760025024414062e-05
1.928698505192679269e+00 -1.072883605957031250e-06 1.430511474609375000e-06 -1.460313796997070312e-06 1.817941665649414062e-06 -8.940696716308593750e-06 -2.592802047729492188e-06 -2.950429916381835938e-06 -7.301568984985351562e-06 -6.914138793945312500e-06 -1.588463783264160156e-05
1.935151267178067069e+00 1.119375228881835938e-04 1.049935817718505859e-04 1.004934310913085938e-04 1.079142093658447266e-04 1.005530357360839844e-04 1.013875007629394531e-04 9.956955909729003906e-05 9.992718696594238281e-05 9.989738464355468750e-05 9.375810623168945312e-05
1.941604029163455092e+00 -1.409649848937988281e-05 -1.862645149230957031e-05 -1.570582389831542969e-05 -7.390975952148437500e-06 -1.630187034606933594e-05 -7.808208465576171875e-06 -1.290440559387207031e-05 -1.847743988037109375e-05 -1.659989356994628906e-05 -1.773238182067871094e-05
1.948056791148842892e+00 -4.309415817260742188e-05 -6.344914436340332031e-05 -5.111098289489746094e-05 -4.440546035766601562e-05 -4.178285598754882812e-05 -4.291534423828125000e-05 -5.093216896057128906e-05 -4.151463508605957031e-05 -3.215670585632324219e-05 -4.675984382629394531e-05
1.954509553134230915e+00 1.636147499084472656e-05 1.466274261474609375e-05 1.400709152221679688e-05 9.357929229736328125e-06 1.552700996398925781e-05 2.148747444152832031e-05 2.226233482360839844e-05 1.567602157592773438e-05 5.424022674560546875e-06 2.372264862060546875e-05
1.960962315119618715e+00 6.848573684692382812e-05 5.707144737243652344e-05 7.244944572448730469e-05 5.286931991577148438e-05 4.807114601135253906e-05 5.710124969482421875e-05 5.891919136047363281e-05 5.519390106201171875e-05 6.777048110961914062e-05 6.633996963500976562e-05
1.967415077105006738e+00 -6.988644599914550781e-05 -6.836652755737304688e-05 -6.824731826782226562e-05 -7.608532905578613281e-05 -6.189942359924316406e-05 -6.049871444702148438e-05 -7.253885269165039062e-05 -7.110834121704101562e-05 -6.482005119323730469e-05 -6.946921348571777344e-05
1.973867839090394538e+00 2.211332321166992188e-05 1.037120819091796875e-05 6.973743438720703125e-06 1.204013824462890625e-05 2.413988113403320312e-06 1.612305641174316406e-05 1.278519630432128906e-05 1.320242881774902344e-05 9.745359420776367188e-06 1.609325408935546875e-06
1.980320601075782561e+00 6.440281867980957031e-05 6.619095802307128906e-05 6.845593452453613281e-05 7.721781730651855469e-05 6.648898124694824219e-05 6.294250488281250000e-05 7.328391075134277344e-05 6.768107414245605469e-05 6.783008575439453125e-05 6.875395774841308594e-05
1.986773363061170361e+00 -1.481473445892333984e-04 -1.481473445892333984e-04 -1.475214958190917969e-04 -1.492798328399658203e-04 -1.408457756042480469e-04 -1.453161239624023438e-04 -1.623034477233886719e-04 -1.451075077056884766e-04 -1.435279846191406250e-04 -1.572668552398681641e-04
1.993226125046558384e+00 2.634525299072265625e-05 3.364682197570800781e-05 1.209974288940429688e-05 2.768635749816894531e-05 2.339482307434082031e-05 2.214312553405761719e-05 2.309679985046386719e-05 1.594424247741699219e-05 1.776218414306640625e-05 1.704692840576171875e-05
1.999678887031946184e+00 1.820325851440429688e-04 1.812577247619628906e-04 1.768469810485839844e-04 1.812577247619628906e-04 1.795291900634765625e-04 1.805722713470458984e-04 1.781582832336425781e-04 1.763999462127685547e-04 1.644194126129150391e-04 1.733303070068359375e-04
2.006131649017333984e+00 -1.032650470733642578e-04 -8.445978164672851562e-05 -9.402632713317871094e-05 -8.478760719299316406e-05 -9.414553642272949219e-05 -8.040666580200195312e-05 -9.313225746154785156e-05 -8.860230445861816406e-05 -9.369850158691406250e-05 -9.939074516296386719e-05
