# Range[m] 0 1 2 3 4 5 6 7 8 9
1.800000071525573730e-01 -6.451159715652465820e-03 -6.472647190093994141e-03 -6.456404924392700195e-03 -6.451964378356933594e-03 -6.477296352386474609e-03 -6.492793560028076172e-03 -6.467491388320922852e-03 -6.471306085586547852e-03 -6.483554840087890625e-03 -6.485551595687866211e-03
1.864527691379452845e-01 2.359837293624877930e-03 2.358406782150268555e-03 2.385109663009643555e-03 2.404570579528808594e-03 2.376973628997802734e-03 2.355575561523437500e-03 2.366751432418823242e-03 2.361148595809936523e-03 2.362906932830810547e-03 2.377152442932128906e-03
1.929055311233331682e-01 3.872960805892944336e-03 3.868728876113891602e-03 3.848582506179809570e-03 3.852695226669311523e-03 3.870517015457153320e-03 3.882855176925659180e-03 3.860533237457275391e-03 3.867626190185546875e-03 3.859728574752807617e-03 3.830641508102416992e-03
1.993582931087210797e-01 -5.689471960067749023e-03 -5.713760852813720703e-03 -5.725681781768798828e-03 -5.748063325881958008e-03 -5.744308233261108398e-03 -5.761325359344482422e-03 -5.730301141738891602e-03 -5.729854106903076172e-03 -5.722939968109130859e-03 -5.724638700485229492e-03
2.058110550941089911e-01 3.354787826538085938e-03 3.345251083374023438e-03 3.378927707672119141e-03 3.365606069564819336e-03 3.360748291015625000e-03 3.352671861648559570e-03 3.344804048538208008e-03 3.336846828460693359e-03 3.359347581863403320e-03 3.366082906723022461e-03
2.122638170794968748e-01 1.073718070983886719e-03 1.106828451156616211e-03 1.068085432052612305e-03 1.100838184356689453e-03 1.147866249084472656e-03 1.151800155639648438e-03 1.117289066314697266e-03 1.143217086791992188e-03 1.112252473831176758e-03 1.087456941604614258e-03
2.187165790648847863e-01 -3.410577774047851562e-03 -3.436625003814697266e-03 -3.406554460525512695e-03 -3.445595502853393555e-03 -3.473311662673950195e-03 -3.509134054183959961e-03 -3.453522920608520508e-03 -3.414243459701538086e-03 -3.441959619522094727e-03 -3.420770168304443359e-03
2.251693410502726977e-01 3.301441669464111328e-03 3.304392099380493164e-03 3.284692764282226562e-03 3.307968378067016602e-03 3.304392099380493164e-03 3.312945365905761719e-03 3.292739391326904297e-03 3.288030624389648438e-03 3.297567367553710938e-03 3.297150135040283203e-03
2.316221030356606092e-01 -7.793009281158447266e-04 -7.575750350952148438e-04 -7.797181606292724609e-04 -7.425248622894287109e-04 -7.321238517761230469e-04 -7.291734218597412109e-04 -7.607340812683105469e-04 -7.588267326354980469e-04 -7.514357566833496094e-04 -7.708966732025146484e-04
2.380748650210485207e-01 -1.335352659225463867e-03 -1.350075006484985352e-03 -1.345336437225341797e-03 -1.364737749099731445e-03 -1.358300447463989258e-03 -1.367568969726562500e-03 -1.372367143630981445e-03 -1.338928937911987305e-03 -1.342624425888061523e-03 -1.333385705947875977e-03
2.445276270064364044e-01 1.104980707168579102e-03 1.095563173294067383e-03 1.103132963180541992e-03 1.092255115509033203e-03 1.080930233001708984e-03 1.073479652404785156e-03 1.079291105270385742e-03 1.067280769348144531e-03 1.066297292709350586e-03 1.095205545425415039e-03
2.509803889918242881e-01 2.052485942840576172e-04 2.136826515197753906e-04 2.115666866302490234e-04 2.270936965942382812e-04 2.152323722839355469e-04 2.393424510955810547e-04 2.193450927734375000e-04 2.113282680511474609e-04 2.106130123138427734e-04 2.046525478363037109e-04
2.574331509772121995e-01 -8.620321750640869141e-04 -8.525550365447998047e-04 -8.575916290283203125e-04 -8.480548858642578125e-04 -8.334219455718994141e-04 -8.414983749389648438e-04 -8.557736873626708984e-04 -8.304715156555175781e-04 -8.448660373687744141e-04 -8.406937122344970703e-04
2.638859129626001110e-01 2.114474773406982422e-04 1.996159553527832031e-04 2.049207687377929688e-04 1.749396324157714844e-04 1.664757728576660156e-04 1.640617847442626953e-04 1.821815967559814453e-04 1.994371414184570312e-04 1.848638057708740234e-04 1.989305019378662109e-04
2.703386749479880224e-01 8.117854595184326172e-04 8.184313774108886719e-04 8.171498775482177734e-04 8.348226547241210938e-04 8.236467838287353516e-04 8.454024791717529297e-04 8.197128772735595703e-04 8.146464824676513672e-04 7.990002632141113281e-04 8.047521114349365234e-04
2.767914369333759339e-01 -1.398205757141113281e-03 -1.393020153045654297e-03 -1.400113105773925781e-03 -1.394540071487426758e-03 -1.377314329147338867e-03 -1.363843679428100586e-03 -1.369714736938476562e-03 -1.363962888717651367e-03 -1.369506120681762695e-03 -1.399129629135131836e-03
2.832441989187638454e-01 5.070269107818603516e-04 4.886984825134277344e-04 5.109608173370361328e-04 4.888176918029785156e-04 4.737973213195800781e-04 4.574358463287353516e-04 4.836320877075195312e-04 4.842281341552734375e-04 4.975795745849609375e-04 5.016326904296875000e-04
2.896969609041517568e-01 1.015454530715942383e-03 1.015305519104003906e-03 1.012027263641357422e-03 1.010388135910034180e-03 9.911656379699707031e-04 9.986460208892822266e-04 1.004695892333984375e-03 9.960234165191650391e-04 9.820461273193359375e-04 9.960830211639404297e-04
2.961497228895396683e-01 -1.458793878555297852e-03 -1.436889171600341797e-03 -1.458108425140380859e-03 -1.416593790054321289e-03 -1.407235860824584961e-03 -1.414835453033447266e-03 -1.424491405487060547e-03 -1.416265964508056641e-03 -1.430958509445190430e-03 -1.440793275833129883e-03
3.026024848749275242e-01 7.961392402648925781e-04 7.942020893096923828e-04 7.824897766113281250e-04 7.907450199127197266e-04 7.665157318115234375e-04 7.657706737518310547e-04 8.033812046051025391e-04 7.970035076141357422e-04 8.002519607543945312e-04 8.101165294647216797e-04
3.090552468603154357e-01 7.736980915069580078e-04 7.732808589935302734e-04 7.701516151428222656e-04 7.588267326354980469e-04 7.714331150054931641e-04 7.716417312622070312e-04 7.641017436981201172e-04 7.660984992980957031e-04 7.475614547729492188e-04 7.581412792205810547e-04
3.155080088457033471e-01 -1.436024904251098633e-03 -1.421570777893066406e-03 -1.422852277755737305e-03 -1.404315233230590820e-03 -1.414954662322998047e-03 -1.414537429809570312e-03 -1.417517662048339844e-03 -1.421809196472167969e-03 -1.401811838150024414e-03 -1.427024602890014648e-03
3.219607708310912586e-01 1.015812158584594727e-03 1.017183065414428711e-03 1.012355089187622070e-03 1.007735729217529297e-03 1.003831624984741211e-03 1.014024019241333008e-03 1.015663146972656250e-03 1.008242368698120117e-03 1.010298728942871094e-03 1.024037599563598633e-03
3.284135328164791701e-01 3.367662429809570312e-04 3.476440906524658203e-04 3.438591957092285156e-04 3.214478492736816406e-04 3.384649753570556641e-04 3.204345703125000000e-04 3.304183483123779297e-04 3.422796726226806641e-04 3.289878368377685547e-04 3.292262554168701172e-04
3.348662948018670260e-01 -1.661986112594604492e-03 -1.661449670791625977e-03 -1.652061939239501953e-03 -1.643687486648559570e-03 -1.646846532821655273e-03 -1.655191183090209961e-03 -1.651167869567871094e-03 -1.662373542785644531e-03 -1.669108867645263672e-03 -1.641124486923217773e-03
3.413190567872549375e-01 1.535415649414062500e-03 1.542419195175170898e-03 1.535743474960327148e-03 1.555830240249633789e-03 1.541644334793090820e-03 1.537263393402099609e-03 1.550883054733276367e-03 1.532971858978271484e-03 1.544028520584106445e-03 1.538932323455810547e-03
3.477718187726428489e-01 -2.669692039489746094e-04 -2.554059028625488281e-04 -2.752542495727539062e-04 -2.810060977935791016e-04 -2.655386924743652344e-04 -2.767145633697509766e-04 -2.577006816864013672e-04 -2.614259719848632812e-04 -2.668797969818115234e-04 -2.838373184204101562e-04
3.542245807580307604e-01 -8.542835712432861328e-04 -8.583366870880126953e-04 -8.486807346343994141e-04 -8.617043495178222656e-04 -8.663833141326904297e-04 -8.735060691833496094e-04 -8.612871170043945312e-04 -8.756518363952636719e-04 -8.694827556610107422e-04 -8.704960346221923828e-04
3.606773427434186718e-01 1.383125782012939453e-03 1.375764608383178711e-03 1.381695270538330078e-03 1.399964094161987305e-03 1.408100128173828125e-03 1.406222581863403320e-03 1.383423805236816406e-03 1.385390758514404297e-03 1.398324966430664062e-03 1.376181840896606445e-03
3.671301047288065833e-01 -1.084804534912109375e-03 -1.086533069610595703e-03 -1.088529825210571289e-03 -1.089423894882202148e-03 -1.070976257324218750e-03 -1.061409711837768555e-03 -1.082926988601684570e-03 -1.056045293807983398e-03 -1.061499118804931641e-03 -1.068472862243652344e-03
3.735828667141944948e-01 2.861022949218750000e-06 -1.323223114013671875e-05 5.692243576049804688e-06 -2.926588058471679688e-05 -3.293156623840332031e-05 -2.172589302062988281e-05 -1.344084739685058594e-05 -1.427531242370605469e-05 -1.221895217895507812e-05 -4.082918167114257812e-06
3.800356286995824062e-01 1.031547784805297852e-03 1.052796840667724609e-03 1.047253608703613281e-03 1.059383153915405273e-03 1.058429479598999023e-03 1.069217920303344727e-03 1.044869422912597656e-03 1.048207283020019531e-03 1.048296689987182617e-03 1.028984785079956055e-03
3.864883906849703177e-01 -1.141726970672607422e-03 -1.128822565078735352e-03 -1.148194074630737305e-03 -1.128494739532470703e-03 -1.129239797592163086e-03 -1.132249832153320312e-03 -1.138359308242797852e-03 -1.117527484893798828e-03 -1.128017902374267578e-03 -1.122444868087768555e-03
3.929411526703582291e-01 3.745853900909423828e-04 3.702640533447265625e-04 3.723204135894775391e-04 3.586113452911376953e-04 3.484487533569335938e-04 3.427863121032714844e-04 3.631412982940673828e-04 3.505051136016845703e-04 3.574490547180175781e-04 3.673136234283447266e-04
3.993939146557460851e-01 3.597736358642578125e-04 3.653168678283691406e-04 3.737509250640869141e-04 3.777444362640380859e-04 3.673732280731201172e-04 3.765225410461425781e-04 3.712177276611328125e-04 3.673434257507324219e-04 3.511011600494384766e-04 3.580451011657714844e-04
4.058466766411339965e-01 -9.931921958923339844e-04 -9.963810443878173828e-04 -9.944438934326171875e-04 -9.933412075042724609e-04 -9.734928607940673828e-04 -9.770989418029785156e-04 -9.910464286804199219e-04 -9.934902191162109375e-04 -9.820461273193359375e-04 -9.888112545013427734e-04
4.122994386265219080e-01 7.162392139434814453e-04 7.026493549346923828e-04 7.206201553344726562e-04 6.914138793945312500e-04 6.920695304870605469e-04 6.948113441467285156e-04 7.024407386779785156e-04 7.121562957763671875e-04 7.004737854003906250e-04 7.184147834777832031e-04
4.187522006119098195e-01 2.690851688385009766e-04 2.872943878173828125e-04 2.576410770416259766e-04 2.652704715728759766e-04 2.678334712982177734e-04 2.704858779907226562e-04 2.574026584625244141e-04 2.879500389099121094e-04 2.587437629699707031e-04 2.656280994415283203e-04
4.252049625972976754e-01 -1.008331775665283203e-03 -1.004397869110107422e-03 -1.004964113235473633e-03 -9.873509407043457031e-04 -9.953379631042480469e-04 -9.849369525909423828e-04 -9.816884994506835938e-04 -9.953975677490234375e-04 -9.918808937072753906e-04 -9.804069995880126953e-04
4.316577245826856424e-01 6.384551525115966797e-04 6.451010704040527344e-04 6.541013717651367188e-04 6.394684314727783203e-04 6.526410579681396484e-04 6.422102451324462891e-04 6.537139415740966797e-04 6.580948829650878906e-04 6.574392318725585938e-04 6.575286388397216797e-04
4.381104865680734983e-01 -1.512765884399414062e-04 -1.489520072937011719e-04 -1.655817031860351562e-04 -1.641213893890380859e-04 -1.671314239501953125e-04 -1.589059829711914062e-04 -1.603960990905761719e-04 -1.595318317413330078e-04 -1.648366451263427734e-04 -1.494884490966796875e-04
4.445632485534614098e-01 -5.480051040649414062e-04 -5.700290203094482422e-04 -5.459189414978027344e-04 -5.545020103454589844e-04 -5.594193935394287109e-04 -5.602538585662841797e-04 -5.547702312469482422e-04 -5.621612071990966797e-04 -5.595088005065917969e-04 -5.524754524230957031e-04
4.510160105388493212e-01 1.026690006256103516e-03 1.020133495330810547e-03 1.018881797790527344e-03 1.032680273056030273e-03 1.029044389724731445e-03 1.038968563079833984e-03 1.036763191223144531e-03 1.035749912261962891e-03 1.034557819366455078e-03 1.027882099151611328e-03
4.574687725242372327e-01 -9.708106517791748047e-04 -9.441375732421875000e-04 -9.500086307525634766e-04 -9.788870811462402344e-04 -9.636282920837402344e-04 -9.637176990509033203e-04 -9.612143039703369141e-04 -9.534060955047607422e-04 -9.679794311523437500e-04 -9.621679782867431641e-04
4.639215345096251442e-01 -1.804530620574951172e-04 -1.818239688873291016e-04 -1.807510852813720703e-04 -1.740753650665283203e-04 -1.744329929351806641e-04 -1.848042011260986328e-04 -1.683235168457031250e-04 -1.734793186187744141e-04 -1.776814460754394531e-04 -1.704096794128417969e-04
4.703742964950130556e-01 8.218288421630859375e-04 8.227825164794921875e-04 8.247792720794677734e-04 8.312761783599853516e-04 8.265674114227294922e-04 8.343160152435302734e-04 8.307695388793945312e-04 8.258521556854248047e-04 8.331537246704101562e-04 8.255243301391601562e-04
4.768270584804009671e-01 -8.160471916198730469e-04 -8.216798305511474609e-04 -8.279383182525634766e-04 -8.319616317749023438e-04 -8.374750614166259766e-04 -8.281171321868896484e-04 -8.361935615539550781e-04 -8.248686790466308594e-04 -8.206963539123535156e-04 -8.265674114227294922e-04
4.832798204657888230e-01 3.668665885925292969e-04 3.651380538940429688e-04 3.744363784790039062e-04 3.605186939239501953e-04 3.604590892791748047e-04 3.615319728851318359e-04 3.499686717987060547e-04 3.623366355895996094e-04 3.621280193328857422e-04 3.692805767059326172e-04
4.897325824511767345e-01 3.817379474639892578e-04 4.058182239532470703e-04 3.781914710998535156e-04 4.033446311950683594e-04 3.980994224548339844e-04 4.124045372009277344e-04 4.026889801025390625e-04 3.972947597503662109e-04 3.930628299713134766e-04 3.780424594879150391e-04
4.961853444365646459e-01 -1.056462526321411133e-03 -1.062512397766113281e-03 -1.049429178237915039e-03 -1.059234142303466797e-03 -1.058161258697509766e-03 -1.036614179611206055e-03 -1.033395528793334961e-03 -1.038521528244018555e-03 -1.048892736434936523e-03 -1.053005456924438477e-03
5.026381064219525019e-01 6.433725357055664062e-04 6.361007690429687500e-04 6.276071071624755859e-04 6.200969219207763672e-04 6.273984909057617188e-04 6.145834922790527344e-04 6.271302700042724609e-04 6.182491779327392578e-04 6.331503391265869141e-04 6.307661533355712891e-04
5.090908684073405244e-01 1.941323280334472656e-04 2.017617225646972656e-04 1.988112926483154297e-04 1.950562000274658203e-04 2.112686634063720703e-04 2.150535583496093750e-04 1.945197582244873047e-04 2.013146877288818359e-04 1.915395259857177734e-04 1.982152462005615234e-04
5.155436303927283248e-01 -6.664693355560302734e-04 -6.649196147918701172e-04 -6.746649742126464844e-04 -6.664991378784179688e-04 -6.673038005828857422e-04 -6.841123104095458984e-04 -6.603896617889404297e-04 -6.654858589172363281e-04 -6.779134273529052734e-04 -6.641149520874023438e-04
5.219963923781163473e-01 6.873309612274169922e-04 6.794035434722900391e-04 6.854236125946044922e-04 6.766915321350097656e-04 6.777942180633544922e-04 6.696879863739013672e-04 6.854832172393798828e-04 6.890892982482910156e-04 6.762146949768066406e-04 7.014274597167968750e-04
5.284491543635041477e-01 -4.007220268249511719e-04 -4.025399684906005859e-04 -4.152059555053710938e-04 -3.963410854339599609e-04 -4.045963287353515625e-04 -4.202723503112792969e-04 -4.077255725860595703e-04 -4.160404205322265625e-04 -4.126131534576416016e-04 -4.152059555053710938e-04
5.349019163488920592e-01 -2.322793006896972656e-04 -2.410411834716796875e-04 -2.375841140747070312e-04 -2.408027648925781250e-04 -2.425909042358398438e-04 -2.475082874298095703e-04 -2.250373363494873047e-04 -2.374053001403808594e-04 -2.320110797882080078e-04 -2.397000789642333984e-04
5.413546783342799706e-01 7.903277873992919922e-04 7.930696010589599609e-04 7.818639278411865234e-04 7.867217063903808594e-04 7.865130901336669922e-04 7.896423339843750000e-04 7.795095443725585938e-04 7.793009281158447266e-04 7.851421833038330078e-04 7.786452770233154297e-04
5.478074403196678821e-01 -4.170238971710205078e-04 -4.107058048248291016e-04 -4.050433635711669922e-04 -4.080533981323242188e-04 -4.148185253143310547e-04 -4.131197929382324219e-04 -4.076957702636718750e-04 -4.008412361145019531e-04 -4.013478755950927734e-04 -4.047155380249023438e-04
5.542602023050557936e-01 -1.204013824462890625e-04 -1.093745231628417969e-04 -1.016557216644287109e-04 -9.247660636901855469e-05 -9.945034980773925781e-05 -9.325146675109863281e-05 -1.051723957061767578e-04 -1.089870929718017578e-04 -1.178681850433349609e-04 -9.506940841674804688e-05
5.607129642904437050e-01 3.593266010284423828e-04 3.629326820373535156e-04 3.581345081329345703e-04 3.589987754821777344e-04 3.523528575897216797e-04 3.628432750701904297e-04 3.526806831359863281e-04 3.647804260253906250e-04 3.560781478881835938e-04 3.596544265747070312e-04
5.671657262758316165e-01 -5.086064338684082031e-04 -5.057454109191894531e-04 -5.137026309967041016e-04 -5.033016204833984375e-04 -5.202293395996093750e-04 -5.093216896057128906e-04 -5.087256431579589844e-04 -5.082786083221435547e-04 -5.176365375518798828e-04 -5.083680152893066406e-04
5.736184882612194169e-01 3.557205200195312500e-04 3.482997417449951172e-04 3.514587879180908203e-04 3.459155559539794922e-04 3.532171249389648438e-04 3.552734851837158203e-04 3.434121608734130859e-04 3.547966480255126953e-04 3.425776958465576172e-04 3.484487533569335938e-04
5.800712502466074394e-01 2.902448177337646484e-04 2.988874912261962891e-04 2.827346324920654297e-04 3.091394901275634766e-04 3.061890602111816406e-04 3.017783164978027344e-04 3.032088279724121094e-04 2.997815608978271484e-04 2.982020378112792969e-04 3.012716770172119141e-04
5.865240122319952398e-01 -5.781650543212890625e-04 -5.781650543212890625e-04 -5.958080291748046875e-04 -5.848407745361328125e-04 -5.925893783569335938e-04 -5.856156349182128906e-04 -5.855560302734375000e-04 -5.845129489898681641e-04 -5.802810192108154297e-04 -5.785226821899414062e-04
5.929767742173832623e-01 2.453923225402832031e-04 2.351999282836914062e-04 2.434849739074707031e-04 2.334117889404296875e-04 2.508461475372314453e-04 2.349913120269775391e-04 2.293288707733154297e-04 2.372562885284423828e-04 2.306699752807617188e-04 2.297759056091308594e-04
5.994295362027710627e-01 1.000463962554931641e-04 1.013576984405517578e-04 9.071826934814453125e-05 1.066029071807861328e-04 1.053512096405029297e-04 1.183748245239257812e-04 1.100897789001464844e-04 1.152753829956054688e-04 1.151859760284423828e-04 1.021325588226318359e-04
6.058822981881590852e-01 -1.825988292694091797e-04 -1.984834671020507812e-04 -2.001225948333740234e-04 -1.807212829589843750e-04 -2.031028270721435547e-04 -1.915693283081054688e-04 -2.011060714721679688e-04 -1.767873764038085938e-04 -2.089440822601318359e-04 -1.773536205291748047e-04
6.123350601735468857e-01 3.583729267120361328e-04 3.623664379119873047e-04 3.543794155120849609e-04 3.459751605987548828e-04 3.651976585388183594e-04 3.637373447418212891e-04 3.525316715240478516e-04 3.515183925628662109e-04 3.577470779418945312e-04 3.577470779418945312e-04
6.187878221589347971e-01 -1.885890960693359375e-04 -1.783967018127441406e-04 -1.903176307678222656e-04 -1.870691776275634766e-04 -1.770853996276855469e-04 -1.825392246246337891e-04 -1.981258392333984375e-04 -1.887381076812744141e-04 -1.976191997528076172e-04 -1.894831657409667969e-04
6.252405841443227086e-01 -2.791583538055419922e-04 -2.719163894653320312e-04 -2.548098564147949219e-04 -2.743899822235107422e-04 -2.709031105041503906e-04 -2.642869949340820312e-04 -2.714097499847412109e-04 -2.695024013519287109e-04 -2.708137035369873047e-04 -2.689063549041748047e-04
6.316933461297106200e-01 2.560317516326904297e-04 2.535581588745117188e-04 2.698004245758056641e-04 2.632141113281250000e-04 2.557039260864257812e-04 2.612173557281494141e-04 2.586841583251953125e-04 2.592206001281738281e-04 2.558231353759765625e-04 2.549886703491210938e-04
6.381461081150985315e-01 4.586577415466308594e-05 5.102157592773437500e-05 5.188584327697753906e-05 5.322694778442382812e-05 5.823373794555664062e-05 4.801154136657714844e-05 5.567073822021484375e-05 5.006790161132812500e-05 4.470348358154296875e-05 5.173683166503906250e-05
6.445988701004864430e-01 -1.105368137359619141e-04 -1.083910465240478516e-04 -1.009106636047363281e-04 -1.046955585479736328e-04 -9.092688560485839844e-05 -9.298324584960937500e-05 -8.985400199890136719e-05 -1.000165939331054688e-04 -9.953975677490234375e-05 -9.664893150329589844e-05
6.510516320858743544e-01 3.361701965332031250e-05 4.044175148010253906e-05 3.984570503234863281e-05 4.544854164123535156e-05 4.473328590393066406e-05 2.807378768920898438e-05 4.157423973083496094e-05 4.318356513977050781e-05 3.787875175476074219e-05 4.422664642333984375e-05
6.575043940712622659e-01 -1.021325588226318359e-04 -1.140832901000976562e-04 -9.691715240478515625e-05 -9.801983833312988281e-05 -8.934736251831054688e-05 -9.894371032714843750e-05 -1.022815704345703125e-04 -1.062452793121337891e-04 -1.104176044464111328e-04 -9.751319885253906250e-05
6.639571560566501773e-01 -6.437301635742187500e-05 -7.158517837524414062e-05 -7.241964340209960938e-05 -6.186962127685546875e-05 -6.493926048278808594e-05 -7.009506225585937500e-05 -6.639957427978515625e-05 -7.933378219604492188e-05 -7.918477058410644531e-05 -7.629394531250000000e-05
6.704099180420379778e-01 2.155303955078125000e-04 2.219378948211669922e-04 2.160072326660156250e-04 2.228021621704101562e-04 2.155900001525878906e-04 2.131760120391845703e-04 2.182126045227050781e-04 2.269446849822998047e-04 2.275407314300537109e-04 2.307891845703125000e-04
6.768626800274260003e-01 8.046627044677734375e-06 9.417533874511718750e-06 1.785159111022949219e-05 1.937150955200195312e-05 -2.384185791015625000e-07 1.755356788635253906e-05 3.695487976074218750e-06 1.740455627441406250e-05 1.114606857299804688e-05 6.347894668579101562e-06
6.833154420128139117e-01 -2.011656761169433594e-04 -1.965165138244628906e-04 -1.980364322662353516e-04 -1.963675022125244141e-04 -1.893937587738037109e-04 -1.903176307678222656e-04 -2.013146877288818359e-04 -1.955628395080566406e-04 -1.971125602722167969e-04 -1.956820487976074219e-04
6.897682039982017121e-01 6.547570228576660156e-05 6.386637687683105469e-05 5.692243576049804688e-05 6.270408630371093750e-05 6.094574928283691406e-05 6.628036499023437500e-05 6.070733070373535156e-05 6.577372550964355469e-05 5.739927291870117188e-05 6.228685379028320312e-05
6.962209659835896236e-01 7.763504981994628906e-05 7.504224777221679688e-05 8.285045623779296875e-05 7.721781730651855469e-05 8.103251457214355469e-05 7.423758506774902344e-05 6.887316703796386719e-05 8.514523506164550781e-05 8.484721183776855469e-05 8.660554885864257812e-05
7.026737279689775351e-01 -4.562735557556152344e-05 -4.854798316955566406e-05 -3.629922866821289062e-05 -3.942847251892089844e-05 -4.190206527709960938e-05 -4.222989082336425781e-05 -4.422664642333984375e-05 -4.738569259643554688e-05 -4.258751869201660156e-05 -4.804134368896484375e-05
7.091264899543654465e-01 1.027286052703857422e-04 9.587407112121582031e-05 9.593367576599121094e-05 9.962916374206542969e-05 7.897615432739257812e-05 8.627772331237792969e-05 8.833408355712890625e-05 9.840726852416992188e-05 9.545683860778808594e-05 1.064836978912353516e-04
7.155792519397533580e-01 8.630752563476562500e-05 9.855628013610839844e-05 9.369850158691406250e-05 9.113550186157226562e-05 1.013576984405517578e-04 9.202957153320312500e-05 9.942054748535156250e-05 9.766221046447753906e-05 9.512901306152343750e-05 9.652972221374511719e-05
7.220320139251412694e-01 -4.374086856842041016e-04 -4.339516162872314453e-04 -4.375278949737548828e-04 -4.284381866455078125e-04 -4.496872425079345703e-04 -4.481375217437744141e-04 -4.455745220184326172e-04 -4.366636276245117188e-04 -4.528760910034179688e-04 -4.459023475646972656e-04
7.284847759105291809e-01 3.325641155242919922e-04 3.176033496856689453e-04 3.415942192077636719e-04 3.401041030883789062e-04 3.434121608734130859e-04 3.238320350646972656e-04 3.401935100555419922e-04 3.291368484497070312e-04 3.348588943481445312e-04 3.296434879302978516e-04
7.349375378959170924e-01 7.134377956390380859e-04 7.274448871612548828e-04 7.093846797943115234e-04 7.029473781585693359e-04 7.086694240570068359e-04 7.086992263793945312e-04 6.990432739257812500e-04 6.967782974243164062e-04 7.088780403137207031e-04 6.936490535736083984e-04
7.413902998813050038e-01 -1.148998737335205078e-03 -1.167327165603637695e-03 -1.166164875030517578e-03 -1.179814338684082031e-03 -1.162856817245483398e-03 -1.170486211776733398e-03 -1.167118549346923828e-03 -1.157581806182861328e-03 -1.165509223937988281e-03 -1.158088445663452148e-03
7.478430618666929153e-01 6.113648414611816406e-04 6.041526794433593750e-04 6.136596202850341797e-04 6.075501441955566406e-04 6.130635738372802734e-04 6.002485752105712891e-04 5.911886692047119141e-04 6.097555160522460938e-04 6.156861782073974609e-04 6.110370159149169922e-04
7.542958238520808267e-01 2.476572990417480469e-04 2.522468566894531250e-04 2.480745315551757812e-04 2.421140670776367188e-04 2.474784851074218750e-04 2.669990062713623047e-04 2.454519271850585938e-04 2.575218677520751953e-04 2.394914627075195312e-04 2.256333827972412109e-04
7.607485858374687382e-01 -2.016872167587280273e-03 -2.033412456512451172e-03 -2.033174037933349609e-03 -2.014219760894775391e-03 -2.033412456512451172e-03 -2.032518386840820312e-03 -2.036482095718383789e-03 -2.012312412261962891e-03 -2.020984888076782227e-03 -2.001553773880004883e-03
7.672013478228566496e-01 2.961695194244384766e-03 2.967327833175659180e-03 2.971172332763671875e-03 2.964586019515991211e-03 2.966821193695068359e-03 2.971708774566650391e-03 2.965182065963745117e-03 2.970993518829345703e-03 2.971738576889038086e-03 2.971738576889038086e-03
7.736541098082445611e-01 -1.037448644638061523e-03 -1.003175973892211914e-03 -1.033633947372436523e-03 -1.027375459671020508e-03 -1.007318496704101562e-03 -1.010805368423461914e-03 -1.032829284667968750e-03 -1.022726297378540039e-03 -1.020461320877075195e-03 -1.043945550918579102e-03
7.801068717936323615e-01 -1.873850822448730469e-03 -1.897573471069335938e-03 -1.879543066024780273e-03 -1.903563737869262695e-03 -1.899182796478271484e-03 -1.915961503982543945e-03 -1.895129680633544922e-03 -1.888632774353027344e-03 -1.875489950180053711e-03 -1.855939626693725586e-03
7.865596337790202730e-01 4.402130842208862305e-03 4.400581121444702148e-03 4.387468099594116211e-03 4.405617713928222656e-03 4.404038190841674805e-03 4.417121410369873047e-03 4.421889781951904297e-03 4.419118165969848633e-03 4.388660192489624023e-03 4.408925771713256836e-03
7.930123957644081845e-01 -3.615111112594604492e-03 -3.604054450988769531e-03 -3.611266613006591797e-03 -3.601104021072387695e-03 -3.598093986511230469e-03 -3.588944673538208008e-03 -3.604531288146972656e-03 -3.606796264648437500e-03 -3.594130277633666992e-03 -3.633499145507812500e-03
7.994651577497960959e-01 -4.026889801025390625e-04 -4.469156265258789062e-04 -3.859102725982666016e-04 -4.166066646575927734e-04 -4.043877124786376953e-04 -4.398822784423828125e-04 -4.040896892547607422e-04 -4.131495952606201172e-04 -3.893673419952392578e-04 -3.781020641326904297e-04
8.059179197351840074e-01 3.569096326828002930e-03 3.612905740737915039e-03 3.556340932846069336e-03 3.597259521484375000e-03 3.597855567932128906e-03 3.607183694839477539e-03 3.567218780517578125e-03 3.582209348678588867e-03 3.574460744857788086e-03 3.549367189407348633e-03
8.123706817205719188e-01 -6.868839263916015625e-03 -6.856203079223632812e-03 -6.870061159133911133e-03 -6.853997707366943359e-03 -6.846278905868530273e-03 -6.839841604232788086e-03 -6.843477487564086914e-03 -6.840825080871582031e-03 -6.848424673080444336e-03 -6.854414939880371094e-03
8.188234437059598303e-01 4.185765981674194336e-03 4.153758287429809570e-03 4.227817058563232422e-03 4.186481237411499023e-03 4.151552915573120117e-03 4.137307405471801758e-03 4.186987876892089844e-03 4.159331321716308594e-03 4.163831472396850586e-03 4.229843616485595703e-03
8.252762056913477418e-01 1.055598258972167969e-03 1.109838485717773438e-03 1.021444797515869141e-03 1.101136207580566406e-03 1.121878623962402344e-03 1.144677400588989258e-03 1.073926687240600586e-03 1.103520393371582031e-03 1.096993684768676758e-03 1.042902469635009766e-03
8.317289676767356532e-01 -7.088512182235717773e-03 -7.105410099029541016e-03 -7.073283195495605469e-03 -7.099807262420654297e-03 -7.093966007232666016e-03 -7.130056619644165039e-03 -7.077753543853759766e-03 -7.088541984558105469e-03 -7.080078125000000000e-03 -7.050395011901855469e-03
8.381817296621235647e-01 8.043944835662841797e-03 8.056551218032836914e-03 8.034735918045043945e-03 8.039385080337524414e-03 8.026748895645141602e-03 8.037805557250976562e-03 8.043348789215087891e-03 8.025318384170532227e-03 8.043944835662841797e-03 8.050441741943359375e-03
8.446344916475114761e-01 -4.177808761596679688e-03 -4.183292388916015625e-03 -4.206091165542602539e-03 -4.177272319793701172e-03 -4.183799028396606445e-03 -4.137367010116577148e-03 -4.192382097244262695e-03 -4.151970148086547852e-03 -4.166066646575927734e-03 -4.233002662658691406e-03
8.510872536328993876e-01 -3.294140100479125977e-03 -3.317117691040039062e-03 -3.270506858825683594e-03 -3.286421298980712891e-03 -3.338217735290527344e-03 -3.359764814376831055e-03 -3.326356410980224609e-03 -3.299117088317871094e-03 -3.295898437500000000e-03 -3.244310617446899414e-03
8.575400156182872990e-01 7.159620523452758789e-03 7.166266441345214844e-03 7.160902023315429688e-03 7.167249917984008789e-03 7.165610790252685547e-03 7.175266742706298828e-03 7.155299186706542969e-03 7.148593664169311523e-03 7.105976343154907227e-03 7.139861583709716797e-03
8.639927776036752105e-01 -5.869001150131225586e-03 -5.854934453964233398e-03 -5.872666835784912109e-03 -5.837142467498779297e-03 -5.842179059982299805e-03 -5.846261978149414062e-03 -5.879461765289306641e-03 -5.869269371032714844e-03 -5.855649709701538086e-03 -5.892366170883178711e-03
8.704455395890630109e-01 1.060962677001953125e-05 -3.290176391601562500e-05 2.390146255493164062e-05 -1.376867294311523438e-05 -2.008676528930664062e-05 -4.756450653076171875e-05 9.626150131225585938e-06 -2.080202102661132812e-05 1.364946365356445312e-05 6.738305091857910156e-05
8.768983015744509224e-01 5.281239748001098633e-03 5.295306444168090820e-03 5.239963531494140625e-03 5.255579948425292969e-03 5.251914262771606445e-03 5.306214094161987305e-03 5.248814821243286133e-03 5.252540111541748047e-03 5.253344774246215820e-03 5.222797393798828125e-03
8.833510635598388339e-01 -5.655735731124877930e-03 -5.652964115142822266e-03 -5.626827478408813477e-03 -5.634367465972900391e-03 -5.623817443847656250e-03 -5.609661340713500977e-03 -5.616009235382080078e-03 -5.633562803268432617e-03 -5.625367164611816406e-03 -5.624860525131225586e-03
8.898038255452267453e-01 2.214521169662475586e-03 2.195447683334350586e-03 2.251029014587402344e-03 2.196073532104492188e-03 2.177327871322631836e-03 2.149343490600585938e-03 2.194523811340332031e-03 2.188324928283691406e-03 2.208650112152099609e-03 2.254903316497802734e-03
8.962565875306146568e-01 2.237111330032348633e-03 2.257555723190307617e-03 2.206772565841674805e-03 2.241581678390502930e-03 2.244830131530761719e-03 2.256393432617187500e-03 2.224087715148925781e-03 2.242028713226318359e-03 2.253472805023193359e-03 2.214729785919189453e-03
9.027093495160025682e-01 -4.582256078720092773e-03 -4.582911729812622070e-03 -4.574298858642578125e-03 -4.567772150039672852e-03 -4.574418067932128906e-03 -4.579722881317138672e-03 -4.559516906738281250e-03 -4.573732614517211914e-03 -4.588782787322998047e-03 -4.563391208648681641e-03
9.091621115013904797e-01 3.051638603210449219e-03 3.037214279174804688e-03 3.048062324523925781e-03 3.025203943252563477e-03 3.027468919754028320e-03 3.008097410202026367e-03 3.040671348571777344e-03 3.035128116607666016e-03 3.032207489013671875e-03 3.049612045288085938e-03
9.156148734867783912e-01 1.389980316162109375e-04 1.564323902130126953e-04 1.266896724700927734e-04 1.263320446014404297e-04 1.471042633056640625e-04 1.529455184936523438e-04 1.267790794372558594e-04 1.429319381713867188e-04 1.440346240997314453e-04 1.235008239746093750e-04
9.220676354721663026e-01 -2.349585294723510742e-03 -2.369910478591918945e-03 -2.338886260986328125e-03 -2.345561981201171875e-03 -2.336978912353515625e-03 -2.352923154830932617e-03 -2.356290817260742188e-03 -2.362638711929321289e-03 -2.360373735427856445e-03 -2.342313528060913086e-03
9.285203974575542141e-01 2.889871597290039062e-03 2.880483865737915039e-03 2.894878387451171875e-03 2.880096435546875000e-03 2.884656190872192383e-03 2.904236316680908203e-03 2.892553806304931641e-03 2.895534038543701172e-03 2.889871597290039062e-03 2.865135669708251953e-03
9.349731594429421255e-01 -9.437203407287597656e-04 -9.266734123229980469e-04 -9.571611881256103516e-04 -9.378194808959960938e-04 -9.393990039825439453e-04 -9.288787841796875000e-04 -9.445250034332275391e-04 -9.326934814453125000e-04 -9.356737136840820312e-04 -9.599030017852783203e-04
9.414259214283300370e-01 -9.725093841552734375e-04 -9.821057319641113281e-04 -9.589195251464843750e-04 -9.837746620178222656e-04 -9.874403476715087891e-04 -9.784698486328125000e-04 -9.783804416656494141e-04 -9.819269180297851562e-04 -9.704232215881347656e-04 -9.596943855285644531e-04
9.478786834137179484e-01 2.247571945190429688e-03 2.250492572784423828e-03 2.234548330307006836e-03 2.245664596557617188e-03 2.257347106933593750e-03 2.251714468002319336e-03 2.234041690826416016e-03 2.257674932479858398e-03 2.232640981674194336e-03 2.237290143966674805e-03
9.543314453991058599e-01 -1.586169004440307617e-03 -1.585721969604492188e-03 -1.581162214279174805e-03 -1.589834690093994141e-03 -1.595109701156616211e-03 -1.591831445693969727e-03 -1.592844724655151367e-03 -1.579254865646362305e-03 -1.598209142684936523e-03 -1.586079597473144531e-03
9.607842073844936603e-01 2.232789993286132812e-04 1.986324787139892578e-04 2.349615097045898438e-04 2.068579196929931641e-04 2.016723155975341797e-04 1.868903636932373047e-04 2.017319202423095703e-04 2.118349075317382812e-04 2.064704895019531250e-04 2.152323722839355469e-04
9.672369693698815718e-01 1.027405261993408203e-03 1.031517982482910156e-03 1.023322343826293945e-03 1.031398773193359375e-03 1.025229692459106445e-03 1.047551631927490234e-03 1.033633947372436523e-03 1.023560762405395508e-03 1.007914543151855469e-03 1.020342111587524414e-03
9.736897313552694833e-01 -1.227349042892456055e-03 -1.236587762832641602e-03 -1.239120960235595703e-03 -1.240938901901245117e-03 -1.232028007507324219e-03 -1.226603984832763672e-03 -1.246243715286254883e-03 -1.244217157363891602e-03 -1.220166683197021484e-03 -1.248419284820556641e-03
9.801424933406573947e-01 9.241998195648193359e-04 9.175539016723632812e-04 9.112060070037841797e-04 9.114146232604980469e-04 9.151697158813476562e-04 9.095072746276855469e-04 9.164214134216308594e-04 9.039044380187988281e-04 9.121298789978027344e-04 9.325742721557617188e-04
9.865952553260453062e-01 9.566545486450195312e-06 9.477138519287109375e-06 7.629394531250000000e-06 2.333521842956542969e-05 2.002716064453125000e-05 1.427531242370605469e-05 2.527236938476562500e-05 1.335144042968750000e-05 6.794929504394531250e-06 1.186132431030273438e-05
9.930480173114332176e-01 -6.508827209472656250e-04 -6.509721279144287109e-04 -6.458461284637451172e-04 -6.457865238189697266e-04 -6.392598152160644531e-04 -6.624162197113037109e-04 -6.454288959503173828e-04 -6.488561630249023438e-04 -6.482899188995361328e-04 -6.456673145294189453e-04
9.995007792968211291e-01 6.779730319976806641e-04 6.799101829528808594e-04 6.715357303619384766e-04 6.752908229827880859e-04 6.881654262542724609e-04 6.873607635498046875e-04 6.777942180633544922e-04 6.875395774841308594e-04 6.728470325469970703e-04 6.712675094604492188e-04
1.005953541282209152e+00 -5.257725715637207031e-04 -5.111992359161376953e-04 -5.118548870086669922e-04 -5.153119564056396484e-04 -5.162060260772705078e-04 -5.210340023040771484e-04 -5.108714103698730469e-04 -5.143880844116210938e-04 -5.156695842742919922e-04 -5.277693271636962891e-04
1.012406303267596952e+00 1.957416534423828125e-04 1.970231533050537109e-04 1.942813396453857422e-04 1.941621303558349609e-04 1.967847347259521484e-04 1.855492591857910156e-04 1.961588859558105469e-04 1.979172229766845703e-04 2.028048038482666016e-04 1.868009567260742188e-04
1.018859065252984752e+00 2.286136150360107422e-04 2.382993698120117188e-04 2.375543117523193359e-04 2.423226833343505859e-04 2.477467060089111328e-04 2.385079860687255859e-04 2.386868000030517578e-04 2.503693103790283203e-04 2.406537532806396484e-04 2.447962760925292969e-04
1.025311827238372775e+00 -5.106627941131591797e-04 -5.152225494384765625e-04 -5.045831203460693359e-04 -4.985332489013671875e-04 -5.166828632354736328e-04 -5.055367946624755859e-04 -4.989206790924072266e-04 -5.087852478027343750e-04 -5.021989345550537109e-04 -5.025565624237060547e-04
1.031764589223760797e+00 4.279911518096923828e-04 4.448890686035156250e-04 4.388093948364257812e-04 4.346072673797607422e-04 4.361569881439208984e-04 4.566609859466552734e-04 4.359483718872070312e-04 4.513561725616455078e-04 4.584193229675292969e-04 4.544258117675781250e-04
1.038217351209148598e+00 -9.042024612426757812e-05 -7.948279380798339844e-05 -8.532404899597167969e-05 -8.580088615417480469e-05 -8.681416511535644531e-05 -7.283687591552734375e-05 -8.082389831542968750e-05 -8.124113082885742188e-05 -7.924437522888183594e-05 -8.788704872131347656e-05
1.044670113194536398e+00 -2.081394195556640625e-04 -2.070367336273193359e-04 -2.088844776153564453e-04 -2.094209194183349609e-04 -2.116858959197998047e-04 -2.197027206420898438e-04 -2.053678035736083984e-04 -2.072453498840332031e-04 -2.091825008392333984e-04 -2.076029777526855469e-04
1.051122875179924421e+00 3.396272659301757812e-04 3.313422203063964844e-04 3.342032432556152344e-04 3.324449062347412109e-04 3.343224525451660156e-04 3.363788127899169922e-04 3.391206264495849609e-04 3.394484519958496094e-04 3.426969051361083984e-04 3.438591957092285156e-04
1.057575637165312221e+00 -4.843175411224365234e-04 -4.813671112060546875e-04 -4.828274250030517578e-04 -4.692673683166503906e-04 -4.728436470031738281e-04 -4.857480525970458984e-04 -4.798471927642822266e-04 -4.734098911285400391e-04 -4.725158214569091797e-04 -4.719495773315429688e-04
1.064028399150700022e+00 8.517503738403320312e-05 9.053945541381835938e-05 9.468197822570800781e-05 7.209181785583496094e-05 7.307529449462890625e-05 8.603930473327636719e-05 9.077787399291992188e-05 8.064508438110351562e-05 8.481740951538085938e-05 9.807944297790527344e-05
1.070481161136088044e+00 4.604160785675048828e-04 4.498064517974853516e-04 4.529356956481933594e-04 4.458129405975341797e-04 4.538297653198242188e-04 4.557669162750244141e-04 4.535019397735595703e-04 4.549920558929443359e-04 4.523396492004394531e-04 4.497766494750976562e-04
1.076933923121476067e+00 -5.015432834625244141e-04 -5.052387714385986328e-04 -4.987120628356933594e-04 -4.959404468536376953e-04 -5.061924457550048828e-04 -5.092620849609375000e-04 -5.091428756713867188e-04 -5.054473876953125000e-04 -5.051493644714355469e-04 -4.970133304595947266e-04
1.083386685106863867e+00 2.573430538177490234e-04 2.546310424804687500e-04 2.605915069580078125e-04 2.551078796386718750e-04 2.548694610595703125e-04 2.511441707611083984e-04 2.494156360626220703e-04 2.567470073699951172e-04 2.597570419311523438e-04 2.580881118774414062e-04
1.089839447092251667e+00 4.687905311584472656e-05 3.397464752197265625e-05 4.416704177856445312e-05 4.822015762329101562e-05 4.351139068603515625e-05 3.927946090698242188e-05 4.738569259643554688e-05 4.133582115173339844e-05 3.036856651306152344e-05 3.618001937866210938e-05
1.096292209077639690e+00 -4.645586013793945312e-04 -4.662871360778808594e-04 -4.548430442810058594e-04 -4.612803459167480469e-04 -4.775226116180419922e-04 -4.604756832122802734e-04 -4.625320434570312500e-04 -4.569590091705322266e-04 -4.477202892303466797e-04 -4.647970199584960938e-04
1.102744971063027712e+00 4.795193672180175781e-04 4.883408546447753906e-04 4.834830760955810547e-04 4.856884479522705078e-04 5.002021789550781250e-04 4.709064960479736328e-04 4.779100418090820312e-04 4.905462265014648438e-04 4.884600639343261719e-04 4.927217960357666016e-04
1.109197733048415513e+00 -2.752542495727539062e-04 -2.658367156982421875e-04 -2.743303775787353516e-04 -2.661943435668945312e-04 -2.696812152862548828e-04 -2.713799476623535156e-04 -2.746284008026123047e-04 -2.761185169219970703e-04 -2.735853195190429688e-04 -2.830028533935546875e-04
1.115650495033803313e+00 -1.252293586730957031e-04 -1.338720321655273438e-04 -1.217722892761230469e-04 -1.212954521179199219e-04 -1.217424869537353516e-04 -1.257359981536865234e-04 -1.205503940582275391e-04 -1.322329044342041016e-04 -1.277327537536621094e-04 -1.223683357238769531e-04
1.122103257019191336e+00 5.023777484893798828e-04 5.091726779937744141e-04 4.967749118804931641e-04 4.954338073730468750e-04 4.928708076477050781e-04 4.858672618865966797e-04 4.865229129791259766e-04 4.921853542327880859e-04 5.011558532714843750e-04 4.955530166625976562e-04
1.128556019004579358e+00 -5.701780319213867188e-04 -5.811154842376708984e-04 -5.949139595031738281e-04 -5.937218666076660156e-04 -5.889832973480224609e-04 -5.848109722137451172e-04 -5.915164947509765625e-04 -5.899071693420410156e-04 -5.918741226196289062e-04 -5.868375301361083984e-04
1.135008780989967159e+00 4.056692123413085938e-04 3.992915153503417969e-04 4.114508628845214844e-04 4.017353057861328125e-04 4.122555255889892578e-04 4.091262817382812500e-04 3.935992717742919922e-04 4.049837589263916016e-04 4.044175148010253906e-04 3.980100154876708984e-04
1.141461542975354959e+00 2.495646476745605469e-04 2.514123916625976562e-04 2.374351024627685547e-04 2.483427524566650391e-04 2.449452877044677734e-04 2.436637878417968750e-04 2.494454383850097656e-04 2.466738224029541016e-04 2.449452877044677734e-04 2.424716949462890625e-04
1.147914304960742982e+00 -5.888938903808593750e-04 -5.861818790435791016e-04 -5.796253681182861328e-04 -5.835890769958496094e-04 -5.818009376525878906e-04 -5.907714366912841797e-04 -5.747675895690917969e-04 -5.759298801422119141e-04 -5.805194377899169922e-04 -5.764663219451904297e-04
1.154367066946130782e+00 6.391406059265136719e-04 6.259381771087646484e-04 6.453990936279296875e-04 6.362795829772949219e-04 6.431341171264648438e-04 6.362199783325195312e-04 6.380081176757812500e-04 6.483793258666992188e-04 6.427466869354248047e-04 6.372332572937011719e-04
1.160819828931518582e+00 -2.237260341644287109e-04 -2.280771732330322266e-04 -2.304911613464355469e-04 -2.351105213165283203e-04 -2.302229404449462891e-04 -2.329647541046142578e-04 -2.244412899017333984e-04 -2.261400222778320312e-04 -2.311766147613525391e-04 -2.339184284210205078e-04
1.167272590916906605e+00 -3.020763397216796875e-04 -3.097653388977050781e-04 -2.975165843963623047e-04 -3.026127815246582031e-04 -3.097653388977050781e-04 -3.073811531066894531e-04 -3.108978271484375000e-04 -3.075599670410156250e-04 -3.125369548797607422e-04 -2.989172935485839844e-04
1.173725352902294627e+00 5.609691143035888672e-04 5.548000335693359375e-04 5.595386028289794922e-04 5.435645580291748047e-04 5.514025688171386719e-04 5.649030208587646484e-04 5.604028701782226562e-04 5.535185337066650391e-04 5.444884300231933594e-04 5.545318126678466797e-04
1.180178114887682428e+00 -3.772974014282226562e-04 -3.872215747833251953e-04 -3.853142261505126953e-04 -3.785490989685058594e-04 -3.762841224670410156e-04 -3.816187381744384766e-04 -4.082620143890380859e-04 -3.834366798400878906e-04 -3.889203071594238281e-04 -3.793835639953613281e-04
1.186630876873070450e+00 -5.275011062622070312e-06 -1.010298728942871094e-05 -5.632638931274414062e-06 -9.566545486450195312e-06 -7.450580596923828125e-06 -1.466274261474609375e-05 -1.958012580871582031e-05 -9.357929229736328125e-06 -7.838010787963867188e-06 -5.394220352172851562e-06
1.193083638858458251e+00 3.490746021270751953e-04 3.613829612731933594e-04 3.582537174224853516e-04 3.529787063598632812e-04 3.556013107299804688e-04 3.521442413330078125e-04 3.539919853210449219e-04 3.510713577270507812e-04 3.412365913391113281e-04 3.591477870941162109e-04
1.199536400843846051e+00 -3.491640090942382812e-04 -3.470480442047119141e-04 -3.449618816375732422e-04 -3.493428230285644531e-04 -3.550648689270019531e-04 -3.379881381988525391e-04 -3.390014171600341797e-04 -3.472566604614257812e-04 -3.422498703002929688e-04 -3.478527069091796875e-04
1.205989162829234074e+00 1.123845577239990234e-04 9.560585021972656250e-05 9.995698928833007812e-05 1.111030578613281250e-04 1.050829887390136719e-04 1.077950000762939453e-04 1.059174537658691406e-04 1.025795936584472656e-04 1.004934310913085938e-04 1.097619533538818359e-04
1.212441924814621874e+00 2.060234546661376953e-04 1.974403858184814453e-04 1.928806304931640625e-04 1.910924911499023438e-04 2.079308032989501953e-04 2.002716064453125000e-04 1.904964447021484375e-04 2.084970474243164062e-04 2.014338970184326172e-04 2.049207687377929688e-04
1.218894686800009897e+00 -2.920329570770263672e-04 -2.957582473754882812e-04 -2.990067005157470703e-04 -2.998709678649902344e-04 -2.875626087188720703e-04 -2.942085266113281250e-04 -2.940297126770019531e-04 -2.848505973815917969e-04 -2.985000610351562500e-04 -2.874135971069335938e-04
1.225347448785397697e+00 1.540482044219970703e-04 1.541674137115478516e-04 1.464188098907470703e-04 1.394152641296386719e-04 1.485049724578857422e-04 1.440644264221191406e-04 1.563429832458496094e-04 1.462399959564208984e-04 1.415610313415527344e-04 1.593530178070068359e-04
1.231800210770785720e+00 1.123547554016113281e-04 1.116394996643066406e-04 1.101791858673095703e-04 1.150071620941162109e-04 1.169145107269287109e-04 1.185238361358642578e-04 1.219213008880615234e-04 1.144111156463623047e-04 1.101791858673095703e-04 1.093447208404541016e-04
1.238252972756173520e+00 -3.041625022888183594e-04 -3.097057342529296875e-04 -3.021359443664550781e-04 -3.035366535186767578e-04 -3.185868263244628906e-04 -3.008842468261718750e-04 -3.101825714111328125e-04 -3.140568733215332031e-04 -3.041326999664306641e-04 -3.036856651306152344e-04
1.244705734741561542e+00 1.547932624816894531e-04 1.594722270965576172e-04 1.490116119384765625e-04 1.412630081176757812e-04 1.544058322906494141e-04 1.517534255981445312e-04 1.531839370727539062e-04 1.385509967803955078e-04 1.537501811981201172e-04 1.656711101531982422e-04
1.251158496726949343e+00 1.116693019866943359e-04 1.184344291687011719e-04 1.246631145477294922e-04 1.158714294433593750e-04 1.263618469238281250e-04 1.217722892761230469e-04 1.207590103149414062e-04 1.256167888641357422e-04 1.236200332641601562e-04 1.082718372344970703e-04
1.257611258712337365e+00 -4.025697708129882812e-04 -4.161298274993896484e-04 -4.118978977203369141e-04 -3.952383995056152344e-04 -4.066526889801025391e-04 -4.003345966339111328e-04 -3.989040851593017578e-04 -4.038512706756591797e-04 -4.018843173980712891e-04 -4.051327705383300781e-04
1.264064020697725166e+00 3.327131271362304688e-04 3.396570682525634766e-04 3.413856029510498047e-04 3.384947776794433594e-04 3.337264060974121094e-04 3.416836261749267578e-04 3.401041030883789062e-04 3.347694873809814453e-04 3.242194652557373047e-04 3.329515457153320312e-04
1.270516782683113188e+00 -8.583068847656250000e-05 -7.501244544982910156e-05 -8.320808410644531250e-05 -6.619095802307128906e-05 -7.343292236328125000e-05 -5.999207496643066406e-05 -6.967782974243164062e-05 -7.161498069763183594e-05 -8.252263069152832031e-05 -7.072091102600097656e-05
1.276969544668500989e+00 -3.500580787658691406e-04 -3.478229045867919922e-04 -3.530681133270263672e-04 -3.531277179718017578e-04 -3.459453582763671875e-04 -3.515779972076416016e-04 -3.519058227539062500e-04 -3.494918346405029297e-04 -3.488659858703613281e-04 -3.482699394226074219e-04
1.283422306653888789e+00 5.021393299102783203e-04 5.023479461669921875e-04 5.072653293609619141e-04 5.069673061370849609e-04 5.004107952117919922e-04 4.971325397491455078e-04 5.082488059997558594e-04 5.017518997192382812e-04 4.978179931640625000e-04 5.051791667938232422e-04
1.289875068639276812e+00 -3.548562526702880859e-04 -3.554821014404296875e-04 -3.517866134643554688e-04 -3.512501716613769531e-04 -3.472566604614257812e-04 -3.572702407836914062e-04 -3.497600555419921875e-04 -3.565847873687744141e-04 -3.530383110046386719e-04 -3.535449504852294922e-04
1.296327830624664612e+00 -5.316734313964843750e-05 -5.874037742614746094e-05 -4.574656486511230469e-05 -5.248188972473144531e-05 -5.909800529479980469e-05 -5.745887756347656250e-05 -5.185604095458984375e-05 -4.142522811889648438e-05 -5.704164505004882812e-05 -4.911422729492187500e-05
1.302780592610052635e+00 3.902316093444824219e-04 3.907084465026855469e-04 3.967285156250000000e-04 3.962814807891845703e-04 3.992617130279541016e-04 4.031658172607421875e-04 3.943145275115966797e-04 3.966391086578369141e-04 4.022121429443359375e-04 3.879666328430175781e-04
1.309233354595440435e+00 -4.788339138031005859e-04 -4.803240299224853516e-04 -4.787743091583251953e-04 -4.802644252777099609e-04 -4.773139953613281250e-04 -4.800856113433837891e-04 -4.780292510986328125e-04 -4.825592041015625000e-04 -4.803836345672607422e-04 -4.802942276000976562e-04
1.315686116580828458e+00 3.201365470886230469e-04 3.165304660797119141e-04 3.193616867065429688e-04 3.178715705871582031e-04 3.167986869812011719e-04 3.210008144378662109e-04 3.315508365631103516e-04 3.128647804260253906e-04 3.255009651184082031e-04 3.223419189453125000e-04
1.322138878566216258e+00 3.197789192199707031e-05 2.112984657287597656e-05 2.789497375488281250e-05 3.179907798767089844e-05 3.427267074584960938e-05 3.457069396972656250e-05 2.387166023254394531e-05 2.804398536682128906e-05 3.081560134887695312e-05 3.188848495483398438e-05
1.328591640551604280e+00 -2.620220184326171875e-04 -2.550780773162841797e-04 -2.375245094299316406e-04 -2.411603927612304688e-04 -2.669990062713623047e-04 -2.548098564147949219e-04 -2.630352973937988281e-04 -2.537369728088378906e-04 -2.532899379730224609e-04 -2.587139606475830078e-04
1.335044402536992081e+00 2.863109111785888672e-04 3.010332584381103516e-04 2.937018871307373047e-04 2.919137477874755859e-04 3.007650375366210938e-04 2.918839454650878906e-04 2.968907356262207031e-04 3.028512001037597656e-04 2.909302711486816406e-04 2.997219562530517578e-04
1.341497164522380103e+00 -1.854002475738525391e-04 -1.799464225769042969e-04 -1.869499683380126953e-04 -1.842677593231201172e-04 -1.884102821350097656e-04 -1.907646656036376953e-04 -1.953542232513427734e-04 -1.938343048095703125e-04 -1.847743988037109375e-04 -1.818835735321044922e-04
1.347949926507767904e+00 4.154443740844726562e-05 2.786517143249511719e-05 2.783536911010742188e-05 3.835558891296386719e-05 3.078579902648925781e-05 3.385543823242187500e-05 3.489851951599121094e-05 2.780556678771972656e-05 3.343820571899414062e-05 2.864003181457519531e-05
1.354402688493155926e+00 1.506805419921875000e-04 1.392364501953125000e-04 1.465976238250732422e-04 1.382827758789062500e-04 1.453459262847900391e-04 1.528263092041015625e-04 1.538693904876708984e-04 1.472830772399902344e-04 1.534223556518554688e-04 1.326501369476318359e-04
1.360855450478543727e+00 -1.903176307678222656e-04 -2.013742923736572266e-04 -1.890957355499267578e-04 -1.837611198425292969e-04 -2.059340476989746094e-04 -2.003312110900878906e-04 -1.811087131500244141e-04 -1.913905143737792969e-04 -1.959204673767089844e-04 -1.914203166961669922e-04
1.367308212463931749e+00 2.076923847198486328e-04 2.149343490600585938e-04 2.140700817108154297e-04 2.111792564392089844e-04 2.158284187316894531e-04 2.154111862182617188e-04 2.258419990539550781e-04 2.184808254241943359e-04 2.055168151855468750e-04 2.194046974182128906e-04
1.373760974449319550e+00 1.078844070434570312e-05 2.115964889526367188e-05 2.148747444152832031e-05 5.751848220825195312e-06 2.720952033996582031e-05 3.662705421447753906e-05 3.802776336669921875e-05 2.506375312805175781e-05 2.840161323547363281e-05 2.217292785644531250e-05
1.380213736434707350e+00 4.351139068603515625e-06 2.026557922363281250e-06 7.599592208862304688e-06 1.171231269836425781e-05 1.290440559387207031e-05 8.046627044677734375e-06 6.079673767089843750e-06 1.549720764160156250e-06 6.109476089477539062e-06 1.057982444763183594e-05
1.386666498420095373e+00 6.705522537231445312e-05 5.778670310974121094e-05 7.107853889465332031e-05 6.103515625000000000e-05 6.285309791564941406e-05 7.253885269165039062e-05 7.650256156921386719e-05 6.106495857238769531e-05 6.839632987976074219e-05 6.231665611267089844e-05
1.393119260405483173e+00 -6.046891212463378906e-05 -5.400180816650390625e-05 -6.213784217834472656e-05 -5.489587783813476562e-05 -5.403161048889160156e-05 -6.026029586791992188e-05 -5.513429641723632812e-05 -5.272030830383300781e-05 -6.788969039916992188e-05 -4.702806472778320312e-05
1.399572022390871195e+00 6.455183029174804688e-05 5.906820297241210938e-05 7.006525993347167969e-05 7.972121238708496094e-05 6.854534149169921875e-05 7.820129394531250000e-05 6.869435310363769531e-05 6.440281867980957031e-05 6.592273712158203125e-05 6.946921348571777344e-05
1.406024784376258996e+00 5.236268043518066406e-05 4.139542579650878906e-05 6.058812141418457031e-05 6.255507469177246094e-05 6.079673767089843750e-05 4.485249519348144531e-05 6.031990051269531250e-05 5.778670310974121094e-05 5.564093589782714844e-05 5.328655242919921875e-05
1.412477546361647018e+00 -5.674362182617187500e-05 -5.686283111572265625e-05 -5.322694778442382812e-05 -4.333257675170898438e-05 -5.218386650085449219e-05 -5.853176116943359375e-05 -6.288290023803710938e-05 -6.192922592163085938e-05 -5.921721458435058594e-05 -6.219744682312011719e-05
1.418930308347034819e+00 -5.161762237548828125e-05 -5.164742469787597656e-05 -5.394220352172851562e-05 -4.252791404724121094e-05 -5.587935447692871094e-05 -4.687905311584472656e-05 -5.513429641723632812e-05 -5.537271499633789062e-05 -5.474686622619628906e-05 -4.935264587402343750e-05
1.425383070332422841e+00 5.567073822021484375e-05 6.350874900817871094e-05 6.827712059020996094e-05 5.882978439331054688e-05 5.593895912170410156e-05 6.473064422607421875e-05 4.985928535461425781e-05 6.109476089477539062e-05 6.827712059020996094e-05 6.476044654846191406e-05
1.431835832317810642e+00 3.904104232788085938e-06 1.388788223266601562e-05 3.606081008911132812e-06 6.318092346191406250e-06 1.546740531921386719e-05 1.284480094909667969e-05 4.231929779052734375e-06 -6.109476089477539062e-06 -5.960464477539062500e-07 4.321336746215820312e-06
1.438288594303198664e+00 2.384185791015625000e-07 -2.592802047729492188e-06 3.218650817871093750e-06 -1.347064971923828125e-05 1.370906829833984375e-06 -8.463859558105468750e-06 -4.380941390991210938e-06 -4.261732101440429688e-06 7.301568984985351562e-06 -3.218650817871093750e-06
1.444741356288586465e+00 9.536743164062500000e-06 2.861022949218750000e-06 -7.182359695434570312e-06 -3.337860107421875000e-06 3.278255462646484375e-07 8.016824722290039062e-06 -8.940696716308593750e-08 -6.586313247680664062e-06 -1.430511474609375000e-06 8.106231689453125000e-06
1.451194118273974487e+00 -1.311302185058593750e-06 -1.966953277587890625e-06 1.493096351623535156e-05 6.020069122314453125e-06 -8.195638656616210938e-06 1.260638236999511719e-05 -3.188848495483398438e-06 -1.490116119384765625e-06 3.516674041748046875e-06 1.579523086547851562e-06
1.457646880259362288e+00 -2.175569534301757812e-05 -1.686811447143554688e-05 -1.335144042968750000e-05 -1.788139343261718750e-06 -1.981854438781738281e-05 -1.758337020874023438e-05 -2.530217170715332031e-05 -7.897615432739257812e-06 -1.490116119384765625e-05 -1.171231269836425781e-05
1.464099642244750310e+00 3.075599670410156250e-05 2.327561378479003906e-05 1.853704452514648438e-05 3.555417060852050781e-05 1.326203346252441406e-05 2.634525299072265625e-05 2.357363700866699219e-05 2.595782279968261719e-05 1.391768455505371094e-05 2.053380012512207031e-05
1.470552404230138110e+00 6.139278411865234375e-05 6.303191184997558594e-05 6.026029586791992188e-05 5.677342414855957031e-05 4.914402961730957031e-05 5.891919136047363281e-05 5.513429641723632812e-05 6.446242332458496094e-05 6.252527236938476562e-05 5.322694778442382812e-05
1.477005166215525911e+00 -1.237690448760986328e-04 -1.349747180938720703e-04 -1.239776611328125000e-04 -1.465976238250732422e-04 -1.369118690490722656e-04 -1.372396945953369141e-04 -1.317560672760009766e-04 -1.415312290191650391e-04 -1.312494277954101562e-04 -1.379847526550292969e-04
1.483457928200913933e+00 4.413723945617675781e-05 6.642937660217285156e-05 6.100535392761230469e-05 5.435943603515625000e-05 4.565715789794921875e-05 6.204843521118164062e-05 5.504488945007324219e-05 5.340576171875000000e-05 6.392598152160644531e-05 5.903840065002441406e-05
1.489910690186301734e+00 4.237890243530273438e-05 4.789233207702636719e-05 4.974007606506347656e-05 5.552172660827636719e-05 5.203485488891601562e-05 4.985928535461425781e-05 4.702806472778320312e-05 4.673004150390625000e-05 5.394220352172851562e-05 4.374980926513671875e-05
1.496363452171689756e+00 -1.640021800994873047e-04 -1.498162746429443359e-04 -1.766681671142578125e-04 -1.578927040100097656e-04 -1.603066921234130859e-04 -1.600980758666992188e-04 -1.503229141235351562e-04 -1.652538776397705078e-04 -1.615285873413085938e-04 -1.694262027740478516e-04
1.502816214157077557e+00 1.591444015502929688e-04 1.480877399444580078e-04 1.548826694488525391e-04 1.614689826965332031e-04 1.597702503204345703e-04 1.550614833831787109e-04 1.613795757293701172e-04 1.624524593353271484e-04 1.622140407562255859e-04 1.647472381591796875e-04
1.509268976142465579e+00 -3.233551979064941406e-05 -3.921985626220703125e-05 -3.671646118164062500e-05 -4.571676254272460938e-05 -4.756450653076171875e-05 -3.728270530700683594e-05 -4.321336746215820312e-05 -4.187226295471191406e-05 -3.406405448913574219e-05 -4.819035530090332031e-05
1.515721738127853380e+00 -1.355111598968505859e-04 -1.464784145355224609e-04 -1.404583454132080078e-04 -1.377761363983154297e-04 -1.432001590728759766e-04 -1.475811004638671875e-04 -1.396238803863525391e-04 -1.330375671386718750e-04 -1.468956470489501953e-04 -1.501142978668212891e-04
1.522174500113241402e+00 2.281963825225830078e-04 2.213716506958007812e-04 2.215504646301269531e-04 2.239942550659179688e-04 2.206861972808837891e-04 2.178549766540527344e-04 2.209544181823730469e-04 2.147257328033447266e-04 2.265274524688720703e-04 2.157688140869140625e-04
1.528627262098629203e+00 -1.055598258972167969e-04 -1.019239425659179688e-04 -1.127421855926513672e-04 -1.142323017120361328e-04 -1.039505004882812500e-04 -1.038908958435058594e-04 -1.138150691986083984e-04 -1.078546047210693359e-04 -1.068711280822753906e-04 -1.135766506195068359e-04
1.535080024084017225e+00 -6.532669067382812500e-05 -6.675720214843750000e-05 -6.169080734252929688e-05 -5.981326103210449219e-05 -7.519125938415527344e-05 -7.483363151550292969e-05 -6.395578384399414062e-05 -6.669759750366210938e-05 -5.853176116943359375e-05 -5.927681922912597656e-05
1.541532786069405025e+00 1.546144485473632812e-04 1.617670059204101562e-04 1.566410064697265625e-04 1.597404479980468750e-04 1.589953899383544922e-04 1.579821109771728516e-04 1.550316810607910156e-04 1.620054244995117188e-04 1.565515995025634766e-04 1.478195190429687500e-04
1.547985548054793048e+00 -1.819729804992675781e-04 -1.797080039978027344e-04 -1.760423183441162109e-04 -1.668035984039306641e-04 -1.786649227142333984e-04 -1.758933067321777344e-04 -1.734495162963867188e-04 -1.828074455261230469e-04 -1.848042011260986328e-04 -1.705884933471679688e-04
1.554438310040180848e+00 4.702806472778320312e-05 5.644559860229492188e-05 5.000829696655273438e-05 5.295872688293457031e-05 3.269314765930175781e-05 3.921985626220703125e-05 5.269050598144531250e-05 4.106760025024414062e-05 4.923343658447265625e-05 4.833936691284179688e-05
1.560891072025568649e+00 1.164674758911132812e-04 1.124441623687744141e-04 1.077353954315185547e-04 1.097917556762695312e-04 1.266300678253173828e-04 1.138448715209960938e-04 1.123547554016113281e-04 1.228153705596923828e-04 1.176595687866210938e-04 1.248121261596679688e-04
1.567343834010956671e+00 -1.583397388458251953e-04 -1.564919948577880859e-04 -1.608431339263916016e-04 -1.683533191680908203e-04 -1.662969589233398438e-04 -1.725256443023681641e-04 -1.517534255981445312e-04 -1.753568649291992188e-04 -1.651644706726074219e-04 -1.654624938964843750e-04
1.573796595996344472e+00 1.040697097778320312e-04 1.020133495330810547e-04 1.028180122375488281e-04 1.018643379211425781e-04 1.051723957061767578e-04 8.621811866760253906e-05 9.164214134216308594e-05 9.238719940185546875e-05 1.105368137359619141e-04 9.045004844665527344e-05
1.580249357981732494e+00 1.516938209533691406e-05 4.261732101440429688e-06 3.546476364135742188e-06 1.230835914611816406e-05 1.567602157592773438e-05 1.901388168334960938e-05 5.453824996948242188e-06 1.102685928344726562e-05 1.081824302673339844e-05 8.583068847656250000e-06
1.586702119967120295e+00 -1.173615455627441406e-04 -1.183748245239257812e-04 -1.156032085418701172e-04 -1.139640808105468750e-04 -1.209974288940429688e-04 -1.143813133239746094e-04 -9.888410568237304688e-05 -1.200437545776367188e-04 -1.196861267089843750e-04 -1.176297664642333984e-04
1.593154881952508317e+00 1.301467418670654297e-04 1.158416271209716797e-04 1.265406608581542969e-04 1.353323459625244141e-04 1.120865345001220703e-04 1.288652420043945312e-04 1.335144042968750000e-04 1.243948936462402344e-04 1.277625560760498047e-04 1.238882541656494141e-04
1.599607643937896118e+00 -3.021955490112304688e-05 -2.363324165344238281e-05 -3.576278686523437500e-05 -3.215670585632324219e-05 -2.613663673400878906e-05 -3.299117088317871094e-05 -3.951787948608398438e-05 -3.334879875183105469e-05 -3.984570503234863281e-05 -3.024935722351074219e-05
1.606060405923284140e+00 -4.914402961730957031e-05 -4.735589027404785156e-05 -4.860758781433105469e-05 -5.570054054260253906e-05 -4.273653030395507812e-05 -4.959106445312500000e-05 -4.622340202331542969e-05 -4.267692565917968750e-05 -4.616379737854003906e-05 -4.455447196960449219e-05
1.612513167908671941e+00 7.271766662597656250e-05 7.602572441101074219e-05 7.185339927673339844e-05 8.997321128845214844e-05 7.468461990356445312e-05 9.122490882873535156e-05 8.574128150939941406e-05 7.468461990356445312e-05 8.043646812438964844e-05 8.597970008850097656e-05
1.618965929894059963e+00 -4.211068153381347656e-05 -3.939867019653320312e-05 -4.580616950988769531e-05 -5.745887756347656250e-05 -6.538629531860351562e-05 -5.644559860229492188e-05 -4.574656486511230469e-05 -5.233287811279296875e-05 -5.978345870971679688e-05 -5.945563316345214844e-05
1.625418691879447763e+00 -2.294778823852539062e-06 9.655952453613281250e-06 1.314282417297363281e-05 1.317262649536132812e-05 2.509355545043945312e-05 1.069903373718261719e-05 2.083182334899902344e-05 1.570582389831542969e-05 7.539987564086914062e-06 2.378225326538085938e-05
1.631871453864835786e+00 2.267956733703613281e-05 3.618001937866210938e-05 3.045797348022460938e-05 4.327297210693359375e-05 4.211068153381347656e-05 2.554059028625488281e-05 3.126263618469238281e-05 3.561377525329589844e-05 3.245472908020019531e-05 3.767013549804687500e-05
1.638324215850223586e+00 -3.239512443542480469e-05 -2.494454383850097656e-05 -2.849102020263671875e-05 -3.096461296081542969e-05 -4.157423973083496094e-05 -4.875659942626953125e-05 -4.005432128906250000e-05 -4.002451896667480469e-05 -3.632903099060058594e-05 -4.011392593383789062e-05
1.644776977835611609e+00 1.960992813110351562e-05 1.758337020874023438e-05 -4.559755325317382812e-06 1.707673072814941406e-05 2.133846282958984375e-05 4.947185516357421875e-06 2.121925354003906250e-05 3.099441528320312500e-06 8.732080459594726562e-06 7.808208465576171875e-06
1.651229739820999409e+00 5.570054054260253906e-05 6.270408630371093750e-05 5.653500556945800781e-05 5.099177360534667969e-05 6.002187728881835938e-05 7.897615432739257812e-05 7.307529449462890625e-05 6.523728370666503906e-05 7.396936416625976562e-05 6.225705146789550781e-05
1.657682501806387210e+00 -2.896785736083984375e-05 -3.004074096679687500e-05 -3.147125244140625000e-05 -2.539157867431640625e-05 -2.509355545043945312e-05 -2.637505531311035156e-05 -3.662705421447753906e-05 -3.579258918762207031e-05 -4.276633262634277344e-05 -2.789497375488281250e-05
1.664135263791775232e+00 5.191564559936523438e-05 4.336237907409667969e-05 4.410743713378906250e-05 4.288554191589355469e-05 4.476308822631835938e-05 4.717707633972167969e-05 5.474686622619628906e-05 5.239248275756835938e-05 4.151463508605957031e-05 5.546212196350097656e-05
1.670588025777163033e+00 -3.179907798767089844e-05 -2.110004425048828125e-05 -3.275275230407714844e-05 -1.257658004760742188e-05 -1.251697540283203125e-05 -2.142786979675292969e-05 -1.928210258483886719e-05 -1.409649848937988281e-05 -1.171231269836425781e-05 -2.449750900268554688e-05
1.677040787762551055e+00 -1.974999904632568359e-04 -1.974403858184814453e-04 -2.195239067077636719e-04 -2.089738845825195312e-04 -2.064406871795654297e-04 -2.073943614959716797e-04 -2.081096172332763672e-04 -2.091825008392333984e-04 -2.138912677764892578e-04 -2.117753028869628906e-04
1.683493549747938856e+00 1.208782196044921875e-04 1.153945922851562500e-04 1.248717308044433594e-04 1.174211502075195312e-04 1.246333122253417969e-04 1.074373722076416016e-04 1.167953014373779297e-04 1.167953014373779297e-04 9.748339653015136719e-05 1.058876514434814453e-04
1.689946311733326878e+00 6.085634231567382812e-05 5.987286567687988281e-05 5.403161048889160156e-05 5.453824996948242188e-05 5.343556404113769531e-05 5.355477333068847656e-05 6.040930747985839844e-05 6.073713302612304688e-05 7.262825965881347656e-05 5.155801773071289062e-05
1.696399073718714678e+00 4.231929779052734375e-06 -2.327561378479003906e-05 -9.953975677490234375e-06 -1.373887062072753906e-05 -1.960992813110351562e-05 -1.338124275207519531e-05 -1.454353332519531250e-05 -9.030103683471679688e-06 -8.046627044677734375e-07 -1.072883605957031250e-05
1.702851835704102701e+00 1.184642314910888672e-04 1.066327095031738281e-04 1.046955585479736328e-04 1.041293144226074219e-04 1.131594181060791016e-04 1.027584075927734375e-04 1.122951507568359375e-04 9.667873382568359375e-05 1.054406166076660156e-04 1.165568828582763672e-04
1.709304597689490501e+00 -7.662177085876464844e-05 -8.195638656616210938e-05 -8.040666580200195312e-05 -8.153915405273437500e-05 -7.760524749755859375e-05 -8.985400199890136719e-05 -9.313225746154785156e-05 -8.317828178405761719e-05 -7.426738739013671875e-05 -7.936358451843261719e-05
1.715757359674878524e+00 7.316470146179199219e-05 7.605552673339843750e-05 8.901953697204589844e-05 8.448958396911621094e-05 7.194280624389648438e-05 6.911158561706542969e-05 7.334351539611816406e-05 7.051229476928710938e-05 7.039308547973632812e-05 8.407235145568847656e-05
1.722210121660266324e+00 3.933906555175781250e-05 3.159046173095703125e-05 2.792477607727050781e-05 3.331899642944335938e-05 3.716349601745605469e-05 3.093481063842773438e-05 2.935528755187988281e-05 4.318356513977050781e-05 3.343820571899414062e-05 3.322958946228027344e-05
1.728662883645654347e+00 -2.413988113403320312e-06 1.728534698486328125e-06 -1.630187034606933594e-05 -1.645088195800781250e-05 -1.674890518188476562e-05 -5.632638931274414062e-06 -1.710653305053710938e-05 1.549720764160156250e-06 -4.500150680541992188e-06 -1.078844070434570312e-05
1.735115645631042147e+00 9.778141975402832031e-05 1.018345355987548828e-04 8.451938629150390625e-05 1.050233840942382812e-04 1.046657562255859375e-04 1.045465469360351562e-04 1.046955585479736328e-04 1.073479652404785156e-04 1.084804534912109375e-04 9.635090827941894531e-05
1.741568407616429948e+00 3.924965858459472656e-05 4.202127456665039062e-05 3.126263618469238281e-05 3.603100776672363281e-05 3.957748413085937500e-05 4.234910011291503906e-05 4.106760025024414062e-05 4.622340202331542969e-05 4.318356513977050781e-05 4.282593727111816406e-05
1.748021169601817970e+00 -7.599592208862304688e-05 -5.996227264404296875e-05 -6.189942359924316406e-05 -7.832050323486328125e-05 -6.893277168273925781e-05 -5.343556404113769531e-05 -6.693601608276367188e-05 -7.227063179016113281e-05 -6.884336471557617188e-05 -7.387995719909667969e-05
1.754473931587205771e+00 1.258254051208496094e-04 1.231431961059570312e-04 1.164674758911132812e-04 1.269876956939697266e-04 1.211464405059814453e-04 1.221299171447753906e-04 1.215636730194091797e-04 1.370906829833984375e-04 1.228153705596923828e-04 1.347064971923828125e-04
1.760926693572593793e+00 -1.442432403564453125e-05 -1.746416091918945312e-05 -1.218914985656738281e-05 -1.674890518188476562e-05 -3.615021705627441406e-05 -2.005696296691894531e-05 -1.832842826843261719e-05 -2.998113632202148438e-05 -2.640485763549804688e-05 -1.534819602966308594e-05
1.767379455557981593e+00 7.301568984985351562e-05 8.067488670349121094e-05 7.930397987365722656e-05 6.952881813049316406e-05 7.879734039306640625e-05 8.806586265563964844e-05 8.100271224975585938e-05 7.316470146179199219e-05 7.799267768859863281e-05 8.356571197509765625e-05
1.773832217543369616e+00 8.422136306762695312e-05 8.195638656616210938e-05 9.143352508544921875e-05 7.310509681701660156e-05 6.288290023803710938e-05 7.930397987365722656e-05 7.802248001098632812e-05 7.209181785583496094e-05 6.663799285888671875e-05 7.975101470947265625e-05
1.780284979528757416e+00 -1.384317874908447266e-04 -1.106262207031250000e-04 -1.354515552520751953e-04 -1.281499862670898438e-04 -1.300573348999023438e-04 -1.219511032104492188e-04 -1.252293586730957031e-04 -1.232326030731201172e-04 -1.251697540283203125e-04 -1.285076141357421875e-04
1.786737741514145439e+00 -1.239776611328125000e-05 -1.493096351623535156e-05 -1.367926597595214844e-05 3.129243850708007812e-06 -1.820921897888183594e-05 -6.258487701416015625e-06 -1.493096351623535156e-05 -1.078844070434570312e-05 -1.034140586853027344e-05 -5.483627319335937500e-06
1.793190503499533239e+00 -2.413988113403320312e-06 5.662441253662109375e-07 3.665685653686523438e-06 5.871057510375976562e-06 2.115964889526367188e-06 8.016824722290039062e-06 1.102685928344726562e-06 1.102685928344726562e-06 7.450580596923828125e-06 3.308057785034179688e-06
1.799643265484921262e+00 7.411837577819824219e-05 7.769465446472167969e-05 6.774067878723144531e-05 6.633996963500976562e-05 7.408857345581054688e-05 7.128715515136718750e-05 7.864832878112792969e-05 6.625056266784667969e-05 6.860494613647460938e-05 7.304549217224121094e-05
1.806096027470309062e+00 9.793043136596679688e-05 1.061260700225830078e-04 1.136660575866699219e-04 1.056790351867675781e-04 1.149475574493408203e-04 1.036226749420166016e-04 1.046359539031982422e-04 1.005530357360839844e-04 9.995698928833007812e-05 9.956955909729003906e-05
1.812548789455697085e+00 -2.980232238769531250e-05 -2.673268318176269531e-05 -3.924965858459472656e-05 -2.437829971313476562e-05 -3.486871719360351562e-05 -2.107024192810058594e-05 -3.531575202941894531e-05 -3.328919410705566406e-05 -3.561377525329589844e-05 -2.914667129516601562e-05
1.819001551441084885e+00 5.364418029785156250e-06 -7.003545761108398438e-06 -8.314847946166992188e-06 -8.732080459594726562e-06 -4.529953002929687500e-06 -2.145767211914062500e-06 2.413988113403320312e-06 -6.109476089477539062e-06 2.384185791015625000e-06 -1.162290573120117188e-05
1.825454313426472908e+00 -1.519918441772460938e-06 -6.854534149169921875e-07 4.261732101440429688e-06 -1.788139343261718750e-06 8.344650268554687500e-06 1.326203346252441406e-05 9.208917617797851562e-06 9.775161743164062500e-06 5.125999450683593750e-06 8.344650268554687500e-06
1.831907075411860708e+00 -5.158782005310058594e-05 -6.029009819030761719e-05 -4.473328590393066406e-05 -5.209445953369140625e-05 -4.383921623229980469e-05 -4.440546035766601562e-05 -5.197525024414062500e-05 -4.935264587402343750e-05 -4.911422729492187500e-05 -5.674362182617187500e-05
1.838359837397248508e+00 5.343556404113769531e-05 6.002187728881835938e-05 5.075335502624511719e-05 5.519390106201171875e-05 5.811452865600585938e-05 6.109476089477539062e-05 5.570054054260253906e-05 5.879998207092285156e-05 4.914402961730957031e-05 5.328655242919921875e-05
1.844812599382636531e+00 -2.393126487731933594e-05 -8.016824722290039062e-06 -2.688169479370117188e-05 -9.000301361083984375e-06 -2.461671829223632812e-05 -9.804964065551757812e-06 -1.290440559387207031e-05 -2.479553222656250000e-05 -2.279877662658691406e-05 -2.396106719970703125e-05
1.851265361368024331e+00 -2.527236938476562500e-05 -1.755356788635253906e-05 -1.692771911621093750e-05 -6.288290023803710938e-06 -1.519918441772460938e-05 -1.204013824462890625e-05 -3.251433372497558594e-05 -1.314282417297363281e-05 -4.023313522338867188e-06 -1.946091651916503906e-05
1.857718123353412354e+00 4.070997238159179688e-05 4.628300666809082031e-05 4.509091377258300781e-05 3.004074096679687500e-05 3.486871719360351562e-05 4.228949546813964844e-05 4.163384437561035156e-05 4.807114601135253906e-05 3.519654273986816406e-05 4.136562347412109375e-05
1.864170885338800154e+00 -4.255771636962890625e-05 -3.784894943237304688e-05 -3.990530967712402344e-05 -3.626942634582519531e-05 -3.606081008911132812e-05 -3.784894943237304688e-05 -3.835558891296386719e-05 -4.163384437561035156e-05 -4.288554191589355469e-05 -3.913044929504394531e-05
1.870623647324188177e+00 2.902746200561523438e-05 2.560019493103027344e-05 3.111362457275390625e-05 3.322958946228027344e-05 2.911686897277832031e-05 3.445148468017578125e-05 3.555417060852050781e-05 2.560019493103027344e-05 1.370906829833984375e-05 3.397464752197265625e-05
1.877076409309575977e+00 6.467103958129882812e-06 1.204013824462890625e-05 5.304813385009765625e-06 9.745359420776367188e-06 1.263618469238281250e-05 1.081824302673339844e-05 1.072883605957031250e-05 6.854534149169921875e-06 1.144409179687500000e-05 1.770257949829101562e-05
1.883529171294964000e+00 -8.952617645263671875e-05 -6.806850433349609375e-05 -8.368492126464843750e-05 -7.814168930053710938e-05 -8.913874626159667969e-05 -7.340312004089355469e-05 -8.201599121093750000e-05 -7.894635200500488281e-05 -9.438395500183105469e-05 -7.599592208862304688e-05
1.889981933280351800e+00 4.875659942626953125e-05 4.324316978454589844e-05 4.065036773681640625e-05 4.792213439941406250e-05 3.826618194580078125e-05 3.761053085327148438e-05 4.127621650695800781e-05 5.039572715759277344e-05 5.072355270385742188e-05 4.449486732482910156e-05
1.896434695265739823e+00 -2.610683441162109375e-05 -2.720952033996582031e-05 -1.597404479980468750e-05 -2.467632293701171875e-05 -1.686811447143554688e-05 -1.841783523559570312e-05 -1.627206802368164062e-05 -1.507997512817382812e-05 -3.904104232788085938e-06 -2.360343933105468750e-05
1.902887457251127623e+00 -3.907084465026855469e-05 -2.539157867431640625e-05 -3.913044929504394531e-05 -3.543496131896972656e-05 -2.008676528930664062e-05 -2.530217170715332031e-05 -2.363324165344238281e-05 -3.749132156372070312e-05 -3.340840339660644531e-05 -2.163648605346679688e-05
1.909340219236515646e+00 7.683038711547851562e-05 6.538629531860351562e-05 6.452202796936035156e-05 7.891654968261718750e-05 7.465481758117675781e-05 6.648898124694824219e-05 6.958842277526855469e-05 7.358193397521972656e-05 7.218122482299804688e-05 6.639957427978515625e-05
1.915792981221903446e+00 -3.376603126525878906e-05 -4.351139068603515625e-05 -4.458427429199218750e-05 -3.650784492492675781e-05 -3.728270530700683594e-05 -4.598498344421386719e-05 -4.196166992187500000e-05 -4.595518112182617188e-05 -4.968047142028808594e-05 -5.218386650085449219e-05
1.922245743207291468e+00 1.907348632812500000e-06 -1.832842826843261719e-05 -1.031160354614257812e-05 -6.884336471557617188e-06 -1.907348632812500000e-05 -1.850724220275878906e-05 -1.043081283569335938e-05 -1.975893974304199219e-05 -2.178549766540527344e-05 -1.436471939086914062e-05
1.928698505192679269e+00 6.705522537231445312e-05 6.818771362304687500e-05 6.207823753356933594e-05 6.511807441711425781e-05 6.079673767089843750e-05 5.689263343811035156e-05 6.681680679321289062e-05 7.748603820800781250e-05 7.748603820800781250e-05 7.036328315734863281e-05
1.935151267178067069e+00 -1.883506774902343750e-05 -1.654028892517089844e-05 -1.406669616699218750e-05 -4.351139068603515625e-06 -6.020069122314453125e-06 -1.794099807739257812e-05 -1.421570777893066406e-05 -1.329183578491210938e-05 -7.390975952148437500e-06 -8.374452590942382812e-06
1.941604029163455092e+00 2.017617225646972656e-05 1.779198646545410156e-05 1.397728919982910156e-05 3.963708877563476562e-06 8.642673492431640625e-06 1.755356788635253906e-05 1.141428947448730469e-05 7.122755050659179688e-06 7.271766662597656250e-06 8.881092071533203125e-06
1.948056791148842892e+00 4.526972770690917969e-05 4.798173904418945312e-05 4.974007606506347656e-05 5.835294723510742188e-05 4.324316978454589844e-05 4.300475120544433594e-05 7.048249244689941406e-05 4.664063453674316406e-05 5.009770393371582031e-05 5.698204040527343750e-05
1.954509553134230915e+00 -8.615851402282714844e-05 -8.589029312133789062e-05 -8.052587509155273438e-05 -8.171796798706054688e-05 -9.056925773620605469e-05 -9.179115295410156250e-05 -8.958578109741210938e-05 -1.017451286315917969e-04 -7.462501525878906250e-05 -8.687376976013183594e-05
1.960962315119618715e+00 7.081031799316406250e-05 8.243322372436523438e-05 7.018446922302246094e-05 7.688999176025390625e-05 7.843971252441406250e-05 5.769729614257812500e-05 7.006525993347167969e-05 7.760524749755859375e-05 7.137656211853027344e-05 7.766485214233398438e-05
1.967415077105006738e+00 1.206994056701660156e-05 3.486871719360351562e-06 1.043081283569335938e-06 1.421570777893066406e-05 4.500150680541992188e-06 1.803040504455566406e-05 3.963708877563476562e-06 1.677870750427246094e-05 9.536743164062500000e-06 2.384185791015625000e-06
1.973867839090394538e+00 -6.642937660217285156e-05 -5.590915679931640625e-05 -3.212690353393554688e-05 -5.075335502624511719e-05 -3.412365913391113281e-05 -5.257129669189453125e-05 -4.422664642333984375e-05 -4.750490188598632812e-05 -4.807114601135253906e-05 -5.233287811279296875e-05
1.980320601075782561e+00 6.160140037536621094e-05 5.918741226196289062e-05 6.476044654846191406e-05 5.909800529479980469e-05 6.309151649475097656e-05 6.648898124694824219e-05 7.167458534240722656e-05 6.699562072753906250e-05 5.981326103210449219e-05 6.055831909179687500e-05
1.986773363061170361e+00 -8.627772331237792969e-05 -1.007020473480224609e-04 -8.618831634521484375e-05 -1.025497913360595703e-04 -8.904933929443359375e-05 -1.079738140106201172e-04 -8.943676948547363281e-05 -9.208917617797851562e-05 -8.550286293029785156e-05 -1.015365123748779297e-04
1.993226125046558384e+00 4.243850708007812500e-05 2.524256706237792969e-05 4.202127456665039062e-05 4.002451896667480469e-05 4.911422729492187500e-05 3.913044929504394531e-05 2.533197402954101562e-05 3.761053085327148438e-05 4.523992538452148438e-05 4.360079765319824219e-05
1.999678887031946184e+00 1.361966133117675781e-04 1.453161239624023438e-04 1.312792301177978516e-04 1.372396945953369141e-04 1.359283924102783203e-04 1.280009746551513672e-04 1.370906829833984375e-04 1.287162303924560547e-04 1.448094844818115234e-04 1.371502876281738281e-04
2.006131649017333984e+00 -6.508827209472656250e-05 -6.815791130065917969e-05 -8.112192153930664062e-05 -6.657838821411132812e-05 -7.680058479309082031e-05 -7.361173629760742188e-05 -7.179379463195800781e-05 -8.082389831542968750e-05 -6.857514381408691406e-05 -7.206201553344726562e-05
