#Range[m] 0 1 2 3 4 5 6 7 8 9
1.800000071525573730e-01 -6.648004055023193359e-03 -6.653517484664916992e-03 -6.665736436843872070e-03 -6.670862436294555664e-03 -6.639808416366577148e-03 -6.661415100097656250e-03 -6.654500961303710938e-03 -6.666481494903564453e-03 -6.692320108413696289e-03 -6.703406572341918945e-03
1.864527691379452845e-01 2.793073654174804688e-03 2.785146236419677734e-03 2.811700105667114258e-03 2.828210592269897461e-03 2.736330032348632812e-03 2.756923437118530273e-03 2.743542194366455078e-03 2.763122320175170898e-03 2.810716629028320312e-03 2.789825201034545898e-03
1.929055311233331682e-01 3.292560577392578125e-03 3.319531679153442383e-03 3.314018249511718750e-03 3.298223018646240234e-03 3.319352865219116211e-03 3.352522850036621094e-03 3.355205059051513672e-03 3.337621688842773438e-03 3.316164016723632812e-03 3.329992294311523438e-03
1.993582931087210797e-01 -5.117565393447875977e-03 -5.139887332916259766e-03 -5.130022764205932617e-03 -5.154222249984741211e-03 -5.117565393447875977e-03 -5.107372999191284180e-03 -5.127280950546264648e-03 -5.098849534988403320e-03 -5.128651857376098633e-03 -5.141794681549072266e-03
2.058110550941089911e-01 2.784997224807739258e-03 2.767711877822875977e-03 2.800583839416503906e-03 2.807348966598510742e-03 2.752155065536499023e-03 2.765387296676635742e-03 2.745926380157470703e-03 2.766221761703491211e-03 2.790719270706176758e-03 2.765387296676635742e-03
2.122638170794968748e-01 1.010566949844360352e-03 1.019567251205444336e-03 1.012414693832397461e-03 1.005887985229492188e-03 1.042932271957397461e-03 1.043170690536499023e-03 1.036703586578369141e-03 1.020133495330810547e-03 1.022696495056152344e-03 1.032471656799316406e-03
2.187165790648847863e-01 -2.213865518569946289e-03 -2.219051122665405273e-03 -2.219468355178833008e-03 -2.237558364868164062e-03 -2.191364765167236328e-03 -2.178251743316650391e-03 -2.214968204498291016e-03 -2.194106578826904297e-03 -2.210825681686401367e-03 -2.196639776229858398e-03
2.251693410502726977e-01 1.093357801437377930e-03 1.086771488189697266e-03 1.102119684219360352e-03 1.085162162780761719e-03 1.062572002410888672e-03 1.056373119354248047e-03 1.063317060470581055e-03 1.063287258148193359e-03 1.086860895156860352e-03 1.064836978912353516e-03
2.316221030356606092e-01 1.100242137908935547e-03 1.102358102798461914e-03 1.113504171371459961e-03 1.109689474105834961e-03 1.091271638870239258e-03 1.099348068237304688e-03 1.094311475753784180e-03 1.103997230529785156e-03 1.120030879974365234e-03 1.108795404434204102e-03
2.380748650210485207e-01 -7.836520671844482422e-04 -7.593929767608642578e-04 -7.667839527130126953e-04 -7.659196853637695312e-04 -7.420182228088378906e-04 -7.424354553222656250e-04 -7.233023643493652344e-04 -7.307529449462890625e-04 -7.528662681579589844e-04 -7.328689098358154297e-04
2.445276270064364044e-01 -2.598464488983154297e-03 -2.579241991043090820e-03 -2.599209547042846680e-03 -2.612441778182983398e-03 -2.602070569992065430e-03 -2.604722976684570312e-03 -2.635180950164794922e-03 -2.607136964797973633e-03 -2.608388662338256836e-03 -2.610296010971069336e-03
2.509803889918242881e-01 5.552172660827636719e-03 5.535513162612915039e-03 5.546838045120239258e-03 5.578994750976562500e-03 5.526691675186157227e-03 5.543440580368041992e-03 5.500793457031250000e-03 5.526572465896606445e-03 5.548745393753051758e-03 5.531013011932373047e-03
2.574331509772121995e-01 -2.930849790573120117e-03 -2.906918525695800781e-03 -2.925693988800048828e-03 -2.921432256698608398e-03 -2.861976623535156250e-03 -2.869427204132080078e-03 -2.850532531738281250e-03 -2.888709306716918945e-03 -2.888232469558715820e-03 -2.894490957260131836e-03
2.638859129626001110e-01 -2.733916044235229492e-03 -2.730250358581542969e-03 -2.735227346420288086e-03 -2.712756395339965820e-03 -2.760678529739379883e-03 -2.718597650527954102e-03 -2.780318260192871094e-03 -2.733141183853149414e-03 -2.778142690658569336e-03 -2.717047929763793945e-03
2.703386749479880224e-01 9.494692087173461914e-03 9.504139423370361328e-03 9.489387273788452148e-03 9.530752897262573242e-03 9.489595890045166016e-03 9.456962347030639648e-03 9.483993053436279297e-03 9.477704763412475586e-03 9.517788887023925781e-03 9.499996900558471680e-03
2.767914369333759339e-01 -9.689271450042724609e-03 -9.716361761093139648e-03 -9.697645902633666992e-03 -9.717017412185668945e-03 -9.691119194030761719e-03 -9.649842977523803711e-03 -9.628891944885253906e-03 -9.687006473541259766e-03 -9.651184082031250000e-03 -9.725004434585571289e-03
2.832441989187638454e-01 2.758145332336425781e-03 2.758115530014038086e-03 2.767205238342285156e-03 2.777040004730224609e-03 2.695322036743164062e-03 2.742975950241088867e-03 2.663284540176391602e-03 2.716898918151855469e-03 2.734810113906860352e-03 2.779483795166015625e-03
2.896969609041517568e-01 9.486854076385498047e-03 9.508252143859863281e-03 9.477645158767700195e-03 9.450465440750122070e-03 9.559601545333862305e-03 9.506434202194213867e-03 9.546428918838500977e-03 9.485125541687011719e-03 9.511351585388183594e-03 9.476840496063232422e-03
2.961497228895396683e-01 -1.568678021430969238e-02 -1.566386222839355469e-02 -1.565679907798767090e-02 -1.564422249794006348e-02 -1.565262675285339355e-02 -1.564270257949829102e-02 -1.567399501800537109e-02 -1.565575599670410156e-02 -1.564621925354003906e-02 -1.566344499588012695e-02
3.026024848749275242e-01 1.306849718093872070e-02 1.308622956275939941e-02 1.304244995117187500e-02 1.308652758598327637e-02 1.300528645515441895e-02 1.305302977561950684e-02 1.297801733016967773e-02 1.303660869598388672e-02 1.305636763572692871e-02 1.308885216712951660e-02
3.090552468603154357e-01 1.677334308624267578e-03 1.668989658355712891e-03 1.679688692092895508e-03 1.630514860153198242e-03 1.769661903381347656e-03 1.672625541687011719e-03 1.782178878784179688e-03 1.684933900833129883e-03 1.692026853561401367e-03 1.657873392105102539e-03
3.155080088457033471e-01 -1.502370834350585938e-02 -1.505222916603088379e-02 -1.504224538803100586e-02 -1.500037312507629395e-02 -1.509684324264526367e-02 -1.508045196533203125e-02 -1.508653163909912109e-02 -1.504731178283691406e-02 -1.504737138748168945e-02 -1.503881812095642090e-02
3.219607708310912586e-01 1.742804050445556641e-02 1.744696497917175293e-02 1.741802692413330078e-02 1.747426390647888184e-02 1.739758253097534180e-02 1.745292544364929199e-02 1.737532019615173340e-02 1.742163300514221191e-02 1.742827892303466797e-02 1.747727394104003906e-02
3.284135328164791701e-01 -7.386833429336547852e-03 -7.391393184661865234e-03 -7.373571395874023438e-03 -7.451415061950683594e-03 -7.284790277481079102e-03 -7.395952939987182617e-03 -7.232338190078735352e-03 -7.357597351074218750e-03 -7.367044687271118164e-03 -7.389873266220092773e-03
3.348662948018670260e-01 -9.568512439727783203e-03 -9.581506252288818359e-03 -9.564459323883056641e-03 -9.542405605316162109e-03 -9.641289710998535156e-03 -9.628981351852416992e-03 -9.725004434585571289e-03 -9.574502706527709961e-03 -9.603112936019897461e-03 -9.530991315841674805e-03
3.413190567872549375e-01 1.712939143180847168e-02 1.712763309478759766e-02 1.713019609451293945e-02 1.711207628250122070e-02 1.714962720870971680e-02 1.713329553604125977e-02 1.716652512550354004e-02 1.710900664329528809e-02 1.713019609451293945e-02 1.712352037429809570e-02
3.477718187726428489e-01 -1.334661245346069336e-02 -1.335227489471435547e-02 -1.330655813217163086e-02 -1.338404417037963867e-02 -1.325657963752746582e-02 -1.331233978271484375e-02 -1.324328780174255371e-02 -1.331162452697753906e-02 -1.333343982696533203e-02 -1.336094737052917480e-02
3.542245807580307604e-01 1.685619354248046875e-04 1.909136772155761719e-04 1.816749572753906250e-04 2.343058586120605469e-04 7.694959640502929688e-05 1.509785652160644531e-04 6.380677223205566406e-05 1.777112483978271484e-04 1.944303512573242188e-04 2.640187740325927734e-04
3.606773427434186718e-01 1.108935475349426270e-02 1.109838485717773438e-02 1.107820868492126465e-02 1.105898618698120117e-02 1.112917065620422363e-02 1.107767224311828613e-02 1.118820905685424805e-02 1.107776165008544922e-02 1.108580827713012695e-02 1.104870438575744629e-02
3.671301047288065833e-01 -1.419183611869812012e-02 -1.418966054916381836e-02 -1.419144868850708008e-02 -1.417735219001770020e-02 -1.418259739875793457e-02 -1.415190100669860840e-02 -1.414680480957031250e-02 -1.418700814247131348e-02 -1.418066024780273438e-02 -1.420342922210693359e-02
3.735828667141944948e-01 7.040858268737792969e-03 7.023394107818603516e-03 7.021367549896240234e-03 7.057696580886840820e-03 7.015913724899291992e-03 7.072865962982177734e-03 7.001012563705444336e-03 7.071256637573242188e-03 7.032632827758789062e-03 7.079988718032836914e-03
3.800356286995824062e-01 2.406686544418334961e-03 2.418428659439086914e-03 2.437353134155273438e-03 2.383530139923095703e-03 2.484172582626342773e-03 2.428263425827026367e-03 2.530038356781005859e-03 2.410620450973510742e-03 2.422869205474853516e-03 2.411693334579467773e-03
3.864883906849703177e-01 -1.089406013488769531e-02 -1.090371608734130859e-02 -1.089152693748474121e-02 -1.087102293968200684e-02 -1.092851161956787109e-02 -1.089155673980712891e-02 -1.092645525932312012e-02 -1.091769337654113770e-02 -1.087889075279235840e-02 -1.087921857833862305e-02
3.929411526703582291e-01 7.928460836410522461e-03 7.937699556350708008e-03 7.909476757049560547e-03 7.941871881484985352e-03 7.918030023574829102e-03 7.932841777801513672e-03 7.880151271820068359e-03 7.934123277664184570e-03 7.944136857986450195e-03 7.944494485855102539e-03
3.993939146557460851e-01 -3.561377525329589844e-05 -8.365511894226074219e-05 -7.599592208862304688e-05 -1.070201396942138672e-04 -1.162290573120117188e-05 -7.438659667968750000e-05 1.251697540283203125e-06 -4.035234451293945312e-05 -8.273124694824218750e-05 -7.784366607666015625e-05
4.058466766411339965e-01 -7.428884506225585938e-03 -7.423460483551025391e-03 -7.401376962661743164e-03 -7.406145334243774414e-03 -7.458537817001342773e-03 -7.435560226440429688e-03 -7.472574710845947266e-03 -7.424265146255493164e-03 -7.420867681503295898e-03 -7.435709238052368164e-03
4.122994386265219080e-01 7.538974285125732422e-03 7.556408643722534180e-03 7.571488618850708008e-03 7.559657096862792969e-03 7.545739412307739258e-03 7.581055164337158203e-03 7.557153701782226562e-03 7.577359676361083984e-03 7.561594247817993164e-03 7.602423429489135742e-03
4.187522006119098195e-01 -2.226769924163818359e-03 -2.218276262283325195e-03 -2.223342657089233398e-03 -2.240747213363647461e-03 -2.172350883483886719e-03 -2.231568098068237305e-03 -2.180546522140502930e-03 -2.209007740020751953e-03 -2.229392528533935547e-03 -2.252012491226196289e-03
4.252049625972976754e-01 -4.893422126770019531e-03 -4.921436309814453125e-03 -4.901081323623657227e-03 -4.884690046310424805e-03 -4.928857088088989258e-03 -4.925012588500976562e-03 -4.945933818817138672e-03 -4.916906356811523438e-03 -4.901349544525146484e-03 -4.905670881271362305e-03
4.316577245826856424e-01 6.688475608825683594e-03 6.749331951141357422e-03 6.730675697326660156e-03 6.738871335983276367e-03 6.745129823684692383e-03 6.728112697601318359e-03 6.737798452377319336e-03 6.708532571792602539e-03 6.717234849929809570e-03 6.732434034347534180e-03
4.381104865680734983e-01 -3.970980644226074219e-03 -3.949016332626342773e-03 -3.966748714447021484e-03 -3.987342119216918945e-03 -3.931224346160888672e-03 -3.950387239456176758e-03 -3.925681114196777344e-03 -3.959566354751586914e-03 -3.967076539993286133e-03 -3.980845212936401367e-03
4.445632485534614098e-01 -2.026706933975219727e-03 -2.035498619079589844e-03 -2.008110284805297852e-03 -1.997828483581542969e-03 -2.088099718093872070e-03 -2.072155475616455078e-03 -2.082318067550659180e-03 -2.050727605819702148e-03 -2.032250165939331055e-03 -2.046883106231689453e-03
4.510160105388493212e-01 5.452722311019897461e-03 5.450606346130371094e-03 5.470931529998779297e-03 5.458325147628784180e-03 5.445420742034912109e-03 5.441635847091674805e-03 5.477756261825561523e-03 5.436509847640991211e-03 5.444049835205078125e-03 5.460888147354125977e-03
4.574687725242372327e-01 -5.040973424911499023e-03 -5.029529333114624023e-03 -5.023747682571411133e-03 -5.049318075180053711e-03 -5.013495683670043945e-03 -5.015313625335693359e-03 -5.026280879974365234e-03 -5.027383565902709961e-03 -5.050808191299438477e-03 -5.027800798416137695e-03
4.639215345096251442e-01 7.349252700805664062e-04 7.201135158538818359e-04 7.203519344329833984e-04 7.301568984985351562e-04 6.825029850006103516e-04 6.951689720153808594e-04 6.753504276275634766e-04 7.166266441345214844e-04 7.143616676330566406e-04 7.168948650360107422e-04
4.703742964950130556e-01 3.342390060424804688e-03 3.353118896484375000e-03 3.340482711791992188e-03 3.341317176818847656e-03 3.364622592926025391e-03 3.345310688018798828e-03 3.358721733093261719e-03 3.346174955368041992e-03 3.363996744155883789e-03 3.335952758789062500e-03
4.768270584804009671e-01 -3.881514072418212891e-03 -3.860890865325927734e-03 -3.866493701934814453e-03 -3.858268260955810547e-03 -3.865689039230346680e-03 -3.848284482955932617e-03 -3.862559795379638672e-03 -3.845304250717163086e-03 -3.864854574203491211e-03 -3.859072923660278320e-03
4.832798204657888230e-01 1.739829778671264648e-03 1.738667488098144531e-03 1.743018627166748047e-03 1.743644475936889648e-03 1.707792282104492188e-03 1.742750406265258789e-03 1.715809106826782227e-03 1.732766628265380859e-03 1.720190048217773438e-03 1.735925674438476562e-03
4.897325824511767345e-01 1.465797424316406250e-03 1.469969749450683594e-03 1.469701528549194336e-03 1.465022563934326172e-03 1.487880945205688477e-03 1.474082469940185547e-03 1.502692699432373047e-03 1.465409994125366211e-03 1.484513282775878906e-03 1.467972993850708008e-03
4.961853444365646459e-01 -2.962321043014526367e-03 -2.982914447784423828e-03 -2.963572740554809570e-03 -2.964794635772705078e-03 -2.975583076477050781e-03 -2.970516681671142578e-03 -2.985984086990356445e-03 -2.966582775115966797e-03 -2.984583377838134766e-03 -2.966076135635375977e-03
5.026381064219525019e-01 2.068758010864257812e-03 2.065986394882202148e-03 2.065509557723999023e-03 2.075374126434326172e-03 2.062529325485229492e-03 2.075105905532836914e-03 2.060294151306152344e-03 2.077549695968627930e-03 2.071499824523925781e-03 2.081632614135742188e-03
5.090908684073405244e-01 2.563595771789550781e-04 2.464354038238525391e-04 2.468824386596679688e-04 2.457797527313232422e-04 2.529025077819824219e-04 2.439022064208984375e-04 2.563893795013427734e-04 2.295672893524169922e-04 2.399384975433349609e-04 2.268850803375244141e-04
5.155436303927283248e-01 -1.681476831436157227e-03 -1.680374145507812500e-03 -1.668304204940795898e-03 -1.678347587585449219e-03 -1.692563295364379883e-03 -1.678019762039184570e-03 -1.694619655609130859e-03 -1.675814390182495117e-03 -1.677751541137695312e-03 -1.682639122009277344e-03
5.219963923781163473e-01 1.867353916168212891e-03 1.859039068222045898e-03 1.858502626419067383e-03 1.871794462203979492e-03 1.873195171356201172e-03 1.876413822174072266e-03 1.871258020401000977e-03 1.886606216430664062e-03 1.865386962890625000e-03 1.868277788162231445e-03
5.284491543635041477e-01 -1.026064157485961914e-03 -1.012742519378662109e-03 -1.032233238220214844e-03 -1.036942005157470703e-03 -1.020401716232299805e-03 -1.040786504745483398e-03 -1.030176877975463867e-03 -1.034200191497802734e-03 -1.041471958160400391e-03 -1.047134399414062500e-03
5.349019163488920592e-01 -3.401637077331542969e-04 -3.399550914764404297e-04 -3.426969051361083984e-04 -3.283321857452392578e-04 -3.643035888671875000e-04 -3.528594970703125000e-04 -3.589391708374023438e-04 -3.553330898284912109e-04 -3.355741500854492188e-04 -3.520250320434570312e-04
5.413546783342799706e-01 1.444905996322631836e-03 1.444399356842041016e-03 1.439422369003295898e-03 1.449495553970336914e-03 1.445949077606201172e-03 1.456111669540405273e-03 1.459240913391113281e-03 1.454323530197143555e-03 1.451522111892700195e-03 1.452475786209106445e-03
5.478074403196678821e-01 -9.730458259582519531e-04 -9.719431400299072266e-04 -9.720325469970703125e-04 -9.834766387939453125e-04 -9.726285934448242188e-04 -9.732246398925781250e-04 -9.597837924957275391e-04 -9.733140468597412109e-04 -9.922683238983154297e-04 -9.804368019104003906e-04
5.542602023050557936e-01 1.397728919982910156e-04 1.423656940460205078e-04 1.390576362609863281e-04 1.433193683624267578e-04 1.213550567626953125e-04 1.443624496459960938e-04 1.299977302551269531e-04 1.325309276580810547e-04 1.530349254608154297e-04 1.406073570251464844e-04
5.607129642904437050e-01 6.417632102966308594e-04 6.403923034667968750e-04 6.417930126190185547e-04 6.457269191741943359e-04 6.482899188995361328e-04 6.501376628875732422e-04 6.577968597412109375e-04 6.481707096099853516e-04 6.500184535980224609e-04 6.363391876220703125e-04
5.671657262758316165e-01 -1.022577285766601562e-03 -1.006364822387695312e-03 -1.011610031127929688e-03 -1.021951436996459961e-03 -1.006543636322021484e-03 -1.004189252853393555e-03 -1.007288694381713867e-03 -1.008331775665283203e-03 -1.004844903945922852e-03 -1.003116369247436523e-03
5.736184882612194169e-01 7.949769496917724609e-04 8.068978786468505859e-04 8.031129837036132812e-04 8.014142513275146484e-04 7.803738117218017578e-04 7.902383804321289062e-04 7.892847061157226562e-04 8.029639720916748047e-04 7.981359958648681641e-04 7.900893688201904297e-04
5.800712502466074394e-01 1.304447650909423828e-04 1.170039176940917969e-04 1.284480094909667969e-04 1.260340213775634766e-04 1.334846019744873047e-04 1.233518123626708984e-04 1.408755779266357422e-04 1.421272754669189453e-04 1.251697540283203125e-04 1.170635223388671875e-04
5.865240122319952398e-01 -8.234083652496337891e-04 -8.169114589691162109e-04 -8.314549922943115234e-04 -8.227229118347167969e-04 -8.135437965393066406e-04 -8.117556571960449219e-04 -8.213222026824951172e-04 -8.085072040557861328e-04 -8.204281330108642578e-04 -8.067190647125244141e-04
5.929767742173832623e-01 7.979571819305419922e-04 7.915198802947998047e-04 7.910728454589843750e-04 7.909238338470458984e-04 7.903575897216796875e-04 7.933080196380615234e-04 7.914006710052490234e-04 7.850825786590576172e-04 7.945299148559570312e-04 7.887184619903564453e-04
5.994295362027710627e-01 -2.507865428924560547e-04 -2.623200416564941406e-04 -2.539753913879394531e-04 -2.546012401580810547e-04 -2.564191818237304688e-04 -2.543032169342041016e-04 -2.565979957580566406e-04 -2.598464488983154297e-04 -2.558529376983642578e-04 -2.664625644683837891e-04
6.058822981881590852e-01 -1.716911792755126953e-04 -1.763701438903808594e-04 -1.588165760040283203e-04 -1.533925533294677734e-04 -1.703798770904541016e-04 -1.651346683502197266e-04 -1.760721206665039062e-04 -1.539587974548339844e-04 -1.672506332397460938e-04 -1.502931118011474609e-04
6.123350601735468857e-01 5.982518196105957031e-04 5.879700183868408203e-04 5.988478660583496094e-04 5.810260772705078125e-04 5.849003791809082031e-04 5.995929241180419922e-04 5.890429019927978516e-04 5.984008312225341797e-04 5.934536457061767578e-04 5.838572978973388672e-04
6.187878221589347971e-01 -6.629824638366699219e-04 -6.552040576934814453e-04 -6.595551967620849609e-04 -6.636679172515869141e-04 -6.547272205352783203e-04 -6.551742553710937500e-04 -6.531476974487304688e-04 -6.685554981231689453e-04 -6.521046161651611328e-04 -6.564259529113769531e-04
6.252405841443227086e-01 -9.626150131225585938e-06 -1.683831214904785156e-05 -1.302361488342285156e-05 -1.040101051330566406e-05 -6.228685379028320312e-06 -2.980232238769531250e-08 -6.854534149169921875e-06 -1.049041748046875000e-05 -1.537799835205078125e-05 -1.826882362365722656e-05
6.316933461297106200e-01 3.799200057983398438e-04 3.855228424072265625e-04 3.966689109802246094e-04 3.937482833862304688e-04 3.924369812011718750e-04 3.935694694519042969e-04 3.989636898040771484e-04 3.948509693145751953e-04 3.798305988311767578e-04 3.980100154876708984e-04
6.381461081150985315e-01 -3.463029861450195312e-04 -3.378391265869140625e-04 -3.415644168853759766e-04 -3.350377082824707031e-04 -3.378987312316894531e-04 -3.283321857452392578e-04 -3.409087657928466797e-04 -3.462135791778564453e-04 -3.444552421569824219e-04 -3.347694873809814453e-04
6.445988701004864430e-01 1.127719879150390625e-04 1.038908958435058594e-04 1.172423362731933594e-04 1.219511032104492188e-04 1.175701618194580078e-04 1.069009304046630859e-04 1.171827316284179688e-04 1.118481159210205078e-04 1.205205917358398438e-04 1.128315925598144531e-04
6.510516320858743544e-01 3.123283386230468750e-05 3.862380981445312500e-05 2.717971801757812500e-05 1.481175422668457031e-05 2.640485763549804688e-05 3.790855407714843750e-05 3.370642662048339844e-05 2.887845039367675781e-05 2.261996269226074219e-05 2.145767211914062500e-05
6.575043940712622659e-01 -3.310143947601318359e-04 -3.343224525451660156e-04 -3.306865692138671875e-04 -3.291964530944824219e-04 -3.326833248138427734e-04 -3.362894058227539062e-04 -3.412961959838867188e-04 -3.359317779541015625e-04 -3.277361392974853516e-04 -3.479123115539550781e-04
6.639571560566501773e-01 1.641213893890380859e-04 1.734495162963867188e-04 1.711845397949218750e-04 1.740455627441406250e-04 1.639127731323242188e-04 1.716613769531250000e-04 1.669824123382568359e-04 1.782476902008056641e-04 1.652240753173828125e-04 1.716613769531250000e-04
6.704099180420379778e-01 2.078711986541748047e-04 2.154409885406494141e-04 2.180933952331542969e-04 2.070069313049316406e-04 2.168118953704833984e-04 2.002716064453125000e-04 2.234280109405517578e-04 2.163648605346679688e-04 2.197921276092529297e-04 2.166032791137695312e-04
6.768626800274260003e-01 -2.678334712982177734e-04 -2.718865871429443359e-04 -2.848207950592041016e-04 -2.797245979309082031e-04 -2.714097499847412109e-04 -2.833902835845947266e-04 -2.737343311309814453e-04 -2.864599227905273438e-04 -2.661943435668945312e-04 -2.800822257995605469e-04
6.833154420128139117e-01 1.850724220275878906e-05 3.382563591003417969e-05 2.673268318176269531e-05 2.047419548034667969e-05 7.659196853637695312e-06 1.022219657897949219e-05 2.843141555786132812e-05 2.187490463256835938e-05 2.548098564147949219e-05 3.364682197570800781e-05
6.897682039982017121e-01 1.183748245239257812e-04 1.279115676879882812e-04 1.252293586730957031e-04 1.254379749298095703e-04 1.196861267089843750e-04 1.313090324401855469e-04 1.299679279327392578e-04 1.273453235626220703e-04 1.169443130493164062e-04 1.201927661895751953e-04
6.962209659835896236e-01 -3.001987934112548828e-04 -3.049075603485107422e-04 -3.169178962707519531e-04 -2.963840961456298828e-04 -2.959966659545898438e-04 -2.910792827606201172e-04 -3.085434436798095703e-04 -3.056824207305908203e-04 -3.021657466888427734e-04 -3.087222576141357422e-04
7.026737279689775351e-01 3.192722797393798828e-04 3.176331520080566406e-04 3.159046173095703125e-04 3.132522106170654297e-04 3.096163272857666016e-04 3.154277801513671875e-04 3.093481063842773438e-04 3.066360950469970703e-04 3.094375133514404297e-04 3.134906291961669922e-04
7.091264899543654465e-01 5.251169204711914062e-05 5.295872688293457031e-05 5.468726158142089844e-05 5.838274955749511719e-05 5.108118057250976562e-05 5.462765693664550781e-05 4.994869232177734375e-05 5.066394805908203125e-05 6.917119026184082031e-05 5.418062210083007812e-05
7.155792519397533580e-01 -5.039274692535400391e-04 -5.092620849609375000e-04 -5.008876323699951172e-04 -5.058050155639648438e-04 -4.944205284118652344e-04 -5.038380622863769531e-04 -5.106627941131591797e-04 -4.917383193969726562e-04 -4.974305629730224609e-04 -4.958212375640869141e-04
7.220320139251412694e-01 4.557967185974121094e-04 4.498362541198730469e-04 4.481971263885498047e-04 4.433095455169677734e-04 4.436671733856201172e-04 4.557669162750244141e-04 4.442632198333740234e-04 4.462897777557373047e-04 4.423856735229492188e-04 4.380047321319580078e-04
7.284847759105291809e-01 -9.924173355102539062e-05 -9.685754776000976562e-05 -7.608532905578613281e-05 -7.984042167663574219e-05 -9.039044380187988281e-05 -8.487701416015625000e-05 -8.404254913330078125e-05 -1.014769077301025391e-04 -9.557604789733886719e-05 -9.423494338989257812e-05
7.349375378959170924e-01 -5.024671554565429688e-05 -5.251169204711914062e-05 -4.535913467407226562e-05 -4.309415817260742188e-05 -5.006790161132812500e-05 -4.041194915771484375e-05 -6.434321403503417969e-05 -4.529953002929687500e-05 -4.351139068603515625e-05 -4.315376281738281250e-05
7.413902998813050038e-01 3.654956817626953125e-04 3.647208213806152344e-04 3.727376461029052734e-04 3.674030303955078125e-04 3.723800182342529297e-04 3.678798675537109375e-04 3.647506237030029297e-04 3.581345081329345703e-04 3.678202629089355469e-04 3.710091114044189453e-04
7.478430618666929153e-01 -7.181763648986816406e-04 -7.216036319732666016e-04 -7.070302963256835938e-04 -7.259249687194824219e-04 -7.084310054779052734e-04 -7.191002368927001953e-04 -7.062852382659912109e-04 -7.060766220092773438e-04 -7.211863994598388672e-04 -7.306635379791259766e-04
7.542958238520808267e-01 3.263354301452636719e-05 1.546740531921386719e-05 3.087520599365234375e-05 2.628564834594726562e-05 1.311302185058593750e-05 2.476572990417480469e-05 1.370906829833984375e-05 2.282857894897460938e-05 1.925230026245117188e-05 3.352761268615722656e-05
7.607485858374687382e-01 3.190636634826660156e-04 3.291368484497070312e-04 3.211498260498046875e-04 3.314912319183349609e-04 3.253817558288574219e-04 3.192126750946044922e-04 3.343820571899414062e-04 3.305077552795410156e-04 3.213286399841308594e-04 3.202855587005615234e-04
7.672013478228566496e-01 -2.551972866058349609e-04 -2.551078796386718750e-04 -2.612471580505371094e-04 -2.485811710357666016e-04 -2.550780773162841797e-04 -2.540946006774902344e-04 -2.636611461639404297e-04 -2.651810646057128906e-04 -2.581477165222167969e-04 -2.619326114654541016e-04
7.736541098082445611e-01 4.409849643707275391e-04 4.431307315826416016e-04 4.401504993438720703e-04 4.427433013916015625e-04 4.400312900543212891e-04 4.399120807647705078e-04 4.435777664184570312e-04 4.560649394989013672e-04 4.497468471527099609e-04 4.523098468780517578e-04
7.801068717936323615e-01 6.973743438720703125e-05 7.677078247070312500e-05 7.361173629760742188e-05 7.084012031555175781e-05 8.645653724670410156e-05 8.183717727661132812e-05 9.045004844665527344e-05 7.742643356323242188e-05 9.003281593322753906e-05 8.201599121093750000e-05
7.865596337790202730e-01 -3.677606582641601562e-05 -3.531575202941894531e-05 -5.659461021423339844e-05 -4.833936691284179688e-05 -6.082653999328613281e-05 -6.231665611267089844e-05 -5.254149436950683594e-05 -6.204843521118164062e-05 -6.216764450073242188e-05 -4.878640174865722656e-05
7.930123957644081845e-01 5.888044834136962891e-04 5.728304386138916016e-04 5.875527858734130859e-04 5.967617034912109375e-04 5.855262279510498047e-04 5.837976932525634766e-04 5.762279033660888672e-04 5.820989608764648438e-04 5.837976932525634766e-04 5.749464035034179688e-04
7.994651577497960959e-01 -3.426373004913330078e-04 -3.285408020019531250e-04 -3.498494625091552734e-04 -3.371238708496093750e-04 -3.307461738586425781e-04 -3.257095813751220703e-04 -3.361105918884277344e-04 -3.414452075958251953e-04 -3.291368484497070312e-04 -3.337562084197998047e-04
8.059179197351840074e-01 -6.850659847259521484e-04 -6.767213344573974609e-04 -6.997585296630859375e-04 -6.850361824035644531e-04 -6.742477416992187500e-04 -6.896555423736572266e-04 -6.700158119201660156e-04 -6.750822067260742188e-04 -6.783008575439453125e-04 -6.959140300750732422e-04
8.123706817205719188e-01 -3.868341445922851562e-05 -5.650520324707031250e-05 -5.429983139038085938e-05 -6.049871444702148438e-05 -5.802512168884277344e-05 -6.493926048278808594e-05 -6.407499313354492188e-05 -6.651878356933593750e-05 -4.869699478149414062e-05 -5.668401718139648438e-05
8.188234437059598303e-01 2.665519714355468750e-04 2.672970294952392578e-04 2.716481685638427734e-04 2.608895301818847656e-04 2.604722976684570312e-04 2.539157867431640625e-04 2.668201923370361328e-04 2.623796463012695312e-04 2.673864364624023438e-04 2.686381340026855469e-04
8.252762056913477418e-01 -3.139674663543701172e-04 -2.984106540679931641e-04 -3.127157688140869141e-04 -3.041028976440429688e-04 -2.962350845336914062e-04 -3.000497817993164062e-04 -2.975165843963623047e-04 -3.027319908142089844e-04 -3.056228160858154297e-04 -3.062188625335693359e-04
8.317289676767356532e-01 -2.759695053100585938e-04 -2.793967723846435547e-04 -3.028810024261474609e-04 -2.900660037994384766e-04 -2.875924110412597656e-04 -3.040730953216552734e-04 -2.920031547546386719e-04 -2.982318401336669922e-04 -2.794563770294189453e-04 -2.953708171844482422e-04
8.381817296621235647e-01 3.220438957214355469e-04 3.241896629333496094e-04 3.316998481750488281e-04 3.328323364257812500e-04 3.294348716735839844e-04 3.221333026885986328e-04 3.245472908020019531e-04 3.262162208557128906e-04 3.261268138885498047e-04 3.289282321929931641e-04
8.446344916475114761e-01 7.212162017822265625e-05 7.402896881103515625e-05 7.128715515136718750e-05 6.034970283508300781e-05 5.885958671569824219e-05 5.954504013061523438e-05 7.379055023193359375e-05 8.216500282287597656e-05 8.037686347961425781e-05 7.444620132446289062e-05
8.510872536328993876e-01 -2.554059028625488281e-05 -2.720952033996582031e-05 -1.144409179687500000e-05 -3.039836883544921875e-05 -3.191828727722167969e-05 -2.843141555786132812e-05 -1.963973045349121094e-05 -2.476572990417480469e-05 -2.002716064453125000e-05 -2.846121788024902344e-05
8.575400156182872990e-01 -1.198053359985351562e-05 -1.782178878784179688e-05 -1.072883605957031250e-05 -1.025199890136718750e-05 -2.259016036987304688e-05 -1.776218414306640625e-05 -4.827976226806640625e-06 -7.122755050659179688e-06 -1.397728919982910156e-05 -1.928210258483886719e-05
8.639927776036752105e-01 -1.970529556274414062e-04 -2.111792564392089844e-04 -1.972317695617675781e-04 -1.990199089050292969e-04 -1.937150955200195312e-04 -1.973211765289306641e-04 -2.008676528930664062e-04 -1.907348632812500000e-04 -2.068877220153808594e-04 -2.078711986541748047e-04
8.704455395890630109e-01 -2.570450305938720703e-04 -2.474784851074218750e-04 -2.426505088806152344e-04 -2.569854259490966797e-04 -2.430677413940429688e-04 -2.567172050476074219e-04 -2.488791942596435547e-04 -2.462267875671386719e-04 -2.508759498596191406e-04 -2.407729625701904297e-04
8.768983015744509224e-01 1.739859580993652344e-04 1.824200153350830078e-04 1.744925975799560547e-04 1.694560050964355469e-04 1.796782016754150391e-04 1.747012138366699219e-04 1.638531684875488281e-04 1.856982707977294922e-04 1.738965511322021484e-04 1.878738403320312500e-04
8.833510635598388339e-01 1.522004604339599609e-04 1.403391361236572266e-04 1.482367515563964844e-04 1.627802848815917969e-04 1.329183578491210938e-04 1.418888568878173828e-04 1.335442066192626953e-04 1.344382762908935547e-04 1.428127288818359375e-04 1.338720321655273438e-04
8.898038255452267453e-01 -1.630187034606933594e-05 -2.348423004150390625e-05 -2.449750900268554688e-05 -1.922249794006347656e-05 -2.700090408325195312e-05 -9.298324584960937500e-06 -1.046061515808105469e-05 -9.924173355102539062e-06 -1.266598701477050781e-05 -1.904368400573730469e-05
8.962565875306146568e-01 -5.236268043518066406e-05 -4.824995994567871094e-05 -5.352497100830078125e-05 -5.084276199340820312e-05 -6.574392318725585938e-05 -5.507469177246093750e-05 -4.848837852478027344e-05 -5.397200584411621094e-05 -5.066394805908203125e-05 -4.893541336059570312e-05
9.027093495160025682e-01 -1.245737075805664062e-04 -1.343488693237304688e-04 -1.300573348999023438e-04 -1.263320446014404297e-04 -1.329183578491210938e-04 -1.287758350372314453e-04 -1.344680786132812500e-04 -1.312494277954101562e-04 -1.296699047088623047e-04 -1.351833343505859375e-04
9.091621115013904797e-01 1.494288444519042969e-04 1.462399959564208984e-04 1.472830772399902344e-04 1.531839370727539062e-04 1.451969146728515625e-04 1.492202281951904297e-04 1.560449600219726562e-04 1.393556594848632812e-04 1.435279846191406250e-04 1.574158668518066406e-04
9.156148734867783912e-01 9.703636169433593750e-05 1.136362552642822266e-04 1.083910465240478516e-04 9.503960609436035156e-05 9.861588478088378906e-05 1.058876514434814453e-04 1.103878021240234375e-04 1.031756401062011719e-04 9.751319885253906250e-05 9.918212890625000000e-05
9.220676354721663026e-01 -9.754300117492675781e-05 -9.521842002868652344e-05 -1.013576984405517578e-04 -8.243322372436523438e-05 -1.042485237121582031e-04 -9.414553642272949219e-05 -9.989738464355468750e-05 -1.043379306793212891e-04 -1.045763492584228516e-04 -9.876489639282226562e-05
9.285203974575542141e-01 -1.776218414306640625e-05 -3.328919410705566406e-05 -3.957748413085937500e-05 -3.188848495483398438e-05 -3.880262374877929688e-05 -3.251433372497558594e-05 -2.977252006530761719e-05 -2.419948577880859375e-05 -3.877282142639160156e-05 -2.959370613098144531e-05
9.349731594429421255e-01 1.135468482971191406e-05 7.748603820800781250e-06 1.788139343261718750e-06 1.084804534912109375e-05 1.162290573120117188e-06 2.980232238769531250e-06 2.279877662658691406e-05 4.440546035766601562e-06 1.591444015502929688e-05 -2.950429916381835938e-06
9.414259214283300370e-01 -1.445412635803222656e-05 -1.657009124755859375e-05 6.318092346191406250e-06 -1.907348632812500000e-05 -1.060962677001953125e-05 -7.122755050659179688e-06 -1.299381256103515625e-05 -8.970499038696289062e-06 -4.976987838745117188e-06 -5.960464477539062500e-07
9.478786834137179484e-01 1.398622989654541016e-04 1.450181007385253906e-04 1.340508460998535156e-04 1.558065414428710938e-04 1.508295536041259766e-04 1.431703567504882812e-04 1.461505889892578125e-04 1.378357410430908203e-04 1.461207866668701172e-04 1.379251480102539062e-04
9.543314453991058599e-01 -3.579258918762207031e-05 -3.272294998168945312e-05 -4.929304122924804688e-05 -4.222989082336425781e-05 -3.585219383239746094e-05 -3.939867019653320312e-05 -4.580616950988769531e-05 -3.793835639953613281e-05 -3.933906555175781250e-05 -4.425644874572753906e-05
9.607842073844936603e-01 -2.040266990661621094e-04 -1.930296421051025391e-04 -1.936852931976318359e-04 -1.916885375976562500e-04 -1.902580261230468750e-04 -2.009570598602294922e-04 -1.946389675140380859e-04 -1.986324787139892578e-04 -1.976490020751953125e-04 -1.978576183319091797e-04
9.672369693698815718e-01 5.495548248291015625e-05 3.296136856079101562e-05 4.854798316955566406e-05 4.413723945617675781e-05 4.813075065612792969e-05 4.714727401733398438e-05 4.237890243530273438e-05 5.385279655456542969e-05 4.711747169494628906e-05 5.528330802917480469e-05
9.736897313552694833e-01 6.231665611267089844e-05 6.359815597534179688e-05 5.966424942016601562e-05 5.358457565307617188e-05 6.234645843505859375e-05 5.379319190979003906e-05 6.431341171264648438e-05 6.037950515747070312e-05 5.710124969482421875e-05 5.277991294860839844e-05
9.801424933406573947e-01 -6.586313247680664062e-05 -6.148219108581542969e-05 -8.058547973632812500e-05 -7.560849189758300781e-05 -6.800889968872070312e-05 -6.857514381408691406e-05 -7.310509681701660156e-05 -7.751584053039550781e-05 -6.741285324096679688e-05 -6.082653999328613281e-05
9.865952553260453062e-01 1.238286495208740234e-04 1.116693019866943359e-04 1.108348369598388672e-04 1.060962677001953125e-04 1.034736633300781250e-04 1.059770584106445312e-04 1.131892204284667969e-04 1.139640808105468750e-04 1.105964183807373047e-04 1.175701618194580078e-04
9.930480173114332176e-01 -1.100897789001464844e-04 -1.108050346374511719e-04 -1.034438610076904297e-04 -9.647011756896972656e-05 -1.048147678375244141e-04 -1.047253608703613281e-04 -1.107752323150634766e-04 -1.133382320404052734e-04 -1.075863838195800781e-04 -1.062452793121337891e-04
9.995007792968211291e-01 -6.088614463806152344e-05 -6.222724914550781250e-05 -5.206465721130371094e-05 -6.020069122314453125e-05 -5.987286567687988281e-05 -5.069375038146972656e-05 -5.018711090087890625e-05 -5.388259887695312500e-05 -5.084276199340820312e-05 -5.614757537841796875e-05
1.005953541282209152e+00 2.123415470123291016e-04 2.166032791137695312e-04 1.997947692871093750e-04 2.170503139495849609e-04 2.097487449645996094e-04 2.090930938720703125e-04 2.096295356750488281e-04 2.145469188690185547e-04 2.014338970184326172e-04 2.114474773406982422e-04
1.012406303267596952e+00 -7.185339927673339844e-05 -6.043910980224609375e-05 -5.650520324707031250e-05 -6.175041198730468750e-05 -6.780028343200683594e-05 -6.285309791564941406e-05 -4.944205284118652344e-05 -5.266070365905761719e-05 -5.251169204711914062e-05 -7.420778274536132812e-05
1.018859065252984752e+00 1.081824302673339844e-05 2.467632293701171875e-05 1.415610313415527344e-05 1.978874206542968750e-05 1.278519630432128906e-05 2.413988113403320312e-05 2.762675285339355469e-05 1.093745231628417969e-05 1.233816146850585938e-05 3.123283386230468750e-05
1.025311827238372775e+00 3.144145011901855469e-05 3.528594970703125000e-05 4.899501800537109375e-05 3.346800804138183594e-05 4.088878631591796875e-05 3.468990325927734375e-05 3.373622894287109375e-05 4.038214683532714844e-05 2.852082252502441406e-05 4.205107688903808594e-05
1.031764589223760797e+00 -1.367032527923583984e-04 -1.365542411804199219e-04 -1.443922519683837891e-04 -1.329481601715087891e-04 -1.392960548400878906e-04 -1.455247402191162109e-04 -1.388192176818847656e-04 -1.315772533416748047e-04 -1.330375671386718750e-04 -1.309514045715332031e-04
1.038217351209148598e+00 2.094805240631103516e-04 2.019703388214111328e-04 2.071261405944824219e-04 2.003014087677001953e-04 2.054870128631591797e-04 2.044141292572021484e-04 2.011060714721679688e-04 2.008974552154541016e-04 2.035796642303466797e-04 2.063810825347900391e-04
1.044670113194536398e+00 8.738040924072265625e-05 7.301568984985351562e-05 7.030367851257324219e-05 7.101893424987792969e-05 8.615851402282714844e-05 7.748603820800781250e-05 7.900595664978027344e-05 7.811188697814941406e-05 8.288025856018066406e-05 7.814168930053710938e-05
1.051122875179924421e+00 -2.014040946960449219e-04 -1.998245716094970703e-04 -2.023577690124511719e-04 -1.966655254364013672e-04 -2.035796642303466797e-04 -1.967847347259521484e-04 -2.119541168212890625e-04 -1.919269561767578125e-04 -2.016723155975341797e-04 -2.121627330780029297e-04
1.057575637165312221e+00 -1.381635665893554688e-04 -1.345872879028320312e-04 -1.387000083923339844e-04 -1.341700553894042969e-04 -1.291632652282714844e-04 -1.427531242370605469e-04 -1.328289508819580078e-04 -1.467764377593994141e-04 -1.405179500579833984e-04 -1.454055309295654297e-04
1.064028399150700022e+00 2.786517143249511719e-05 3.945827484130859375e-05 4.023313522338867188e-05 3.620982170104980469e-05 3.263354301452636719e-05 2.005696296691894531e-05 2.625584602355957031e-05 3.984570503234863281e-05 3.486871719360351562e-05 2.333521842956542969e-05
1.070481161136088044e+00 3.755092620849609375e-06 9.655952453613281250e-06 7.063150405883789062e-06 4.589557647705078125e-06 6.705522537231445312e-06 6.139278411865234375e-06 1.201033592224121094e-05 1.722574234008789062e-05 2.205371856689453125e-06 2.980232238769531250e-08
1.076933923121476067e+00 1.127123832702636719e-04 1.102983951568603516e-04 1.074075698852539062e-04 1.156628131866455078e-04 1.202523708343505859e-04 1.198649406433105469e-04 1.133382320404052734e-04 1.054406166076660156e-04 1.145601272583007812e-04 1.222491264343261719e-04
1.083386685106863867e+00 -4.133582115173339844e-05 -3.853440284729003906e-05 -4.956126213073730469e-05 -3.373622894287109375e-05 -4.121661186218261719e-05 -4.687905311584472656e-05 -4.351139068603515625e-05 -4.470348358154296875e-05 -4.473328590393066406e-05 -3.433227539062500000e-05
1.089839447092251667e+00 -1.569390296936035156e-04 -1.748502254486083984e-04 -1.693069934844970703e-04 -1.726746559143066406e-04 -1.746714115142822266e-04 -1.696646213531494141e-04 -1.678168773651123047e-04 -1.538097858428955078e-04 -1.660287380218505859e-04 -1.671612262725830078e-04
1.096292209077639690e+00 1.684427261352539062e-04 1.759827136993408203e-04 1.699030399322509766e-04 1.630187034606933594e-04 1.716911792755126953e-04 1.716017723083496094e-04 1.915395259857177734e-04 1.727342605590820312e-04 1.645088195800781250e-04 1.708567142486572266e-04
1.102744971063027712e+00 -1.801848411560058594e-04 -1.793205738067626953e-04 -1.849830150604248047e-04 -1.669824123382568359e-04 -1.806914806365966797e-04 -1.776218414306640625e-04 -1.670420169830322266e-04 -1.820623874664306641e-04 -1.824200153350830078e-04 -1.763403415679931641e-04
1.109197733048415513e+00 4.059076309204101562e-05 4.270672798156738281e-05 4.580616950988769531e-05 3.752112388610839844e-05 3.296136856079101562e-05 4.744529724121093750e-05 5.289912223815917969e-05 4.160404205322265625e-05 3.108382225036621094e-05 4.327297210693359375e-05
1.115650495033803313e+00 1.811981201171875000e-05 1.302361488342285156e-05 1.350045204162597656e-05 1.448392868041992188e-05 1.671910285949707031e-05 1.230835914611816406e-05 -8.344650268554687500e-07 6.824731826782226562e-06 2.044439315795898438e-05 5.751848220825195312e-06
1.122103257019191336e+00 -1.870691776275634766e-04 -1.826584339141845703e-04 -1.904070377349853516e-04 -1.778900623321533203e-04 -1.827478408813476562e-04 -1.821815967559814453e-04 -1.901388168334960938e-04 -1.891553401947021484e-04 -1.854896545410156250e-04 -1.798272132873535156e-04
1.128556019004579358e+00 -4.512071609497070312e-05 -4.589557647705078125e-05 -3.322958946228027344e-05 -4.333257675170898438e-05 -3.418326377868652344e-05 -3.316998481750488281e-05 -4.073977470397949219e-05 -4.139542579650878906e-05 -4.005432128906250000e-05 -4.571676254272460938e-05
1.135008780989967159e+00 -6.765127182006835938e-06 -6.675720214843750000e-06 -2.086162567138671875e-07 -9.357929229736328125e-06 -1.513957977294921875e-05 -3.367662429809570312e-06 -7.152557373046875000e-07 -7.271766662597656250e-06 -1.230835914611816406e-05 -1.543760299682617188e-05
1.141461542975354959e+00 3.069639205932617188e-05 2.357363700866699219e-05 2.110004425048828125e-05 3.284215927124023438e-05 2.944469451904296875e-05 3.382563591003417969e-05 3.010034561157226562e-05 2.112984657287597656e-05 3.156065940856933594e-05 2.104043960571289062e-05
1.147914304960742982e+00 1.809597015380859375e-04 1.950263977050781250e-04 2.048611640930175781e-04 1.918673515319824219e-04 2.033114433288574219e-04 1.895129680633544922e-04 1.885592937469482422e-04 1.809000968933105469e-04 1.979768276214599609e-04 1.881122589111328125e-04
1.154367066946130782e+00 4.363059997558593750e-05 3.415346145629882812e-05 3.817677497863769531e-05 4.473328590393066406e-05 4.699826240539550781e-05 3.671646118164062500e-05 4.097819328308105469e-05 4.419684410095214844e-05 4.532933235168457031e-05 3.978610038757324219e-05
1.160819828931518582e+00 -1.225769519805908203e-04 -1.234114170074462891e-04 -1.262128353118896484e-04 -1.300573348999023438e-04 -1.371800899505615234e-04 -1.251399517059326172e-04 -1.256763935089111328e-04 -1.223385334014892578e-04 -1.149475574493408203e-04 -1.356899738311767578e-04
1.167272590916906605e+00 1.909434795379638672e-04 1.892149448394775391e-04 1.896917819976806641e-04 1.942515373229980469e-04 1.857876777648925781e-04 1.896321773529052734e-04 1.908838748931884766e-04 1.924633979797363281e-04 1.958310604095458984e-04 1.832246780395507812e-04
1.173725352902294627e+00 -1.196265220642089844e-04 -1.279115676879882812e-04 -1.202821731567382812e-04 -1.314878463745117188e-04 -1.241564750671386719e-04 -1.155734062194824219e-04 -1.158118247985839844e-04 -1.193284988403320312e-04 -1.271963119506835938e-04 -1.149773597717285156e-04
1.180178114887682428e+00 -4.413723945617675781e-05 -4.535913467407226562e-05 -4.369020462036132812e-05 -3.692507743835449219e-05 -4.884600639343261719e-05 -5.438923835754394531e-05 -4.941225051879882812e-05 -3.999471664428710938e-05 -5.593895912170410156e-05 -5.000829696655273438e-05
1.186630876873070450e+00 2.233684062957763672e-04 2.184808254241943359e-04 2.213716506958007812e-04 2.320408821105957031e-04 2.266466617584228516e-04 2.299845218658447266e-04 2.221465110778808594e-04 2.245903015136718750e-04 2.253353595733642578e-04 2.319514751434326172e-04
1.193083638858458251e+00 -1.871585845947265625e-04 -1.866817474365234375e-04 -1.728236675262451172e-04 -1.776516437530517578e-04 -1.744627952575683594e-04 -1.762211322784423828e-04 -1.761913299560546875e-04 -1.765191555023193359e-04 -1.798570156097412109e-04 -1.717507839202880859e-04
1.199536400843846051e+00 6.777048110961914062e-05 6.824731826782226562e-05 6.327033042907714844e-05 5.742907524108886719e-05 6.061792373657226562e-05 5.537271499633789062e-05 7.030367851257324219e-05 6.705522537231445312e-05 6.797909736633300781e-05 5.373358726501464844e-05
1.205989162829234074e+00 9.492039680480957031e-05 1.011192798614501953e-04 1.060068607330322266e-04 9.998679161071777344e-05 1.084804534912109375e-04 9.879469871520996094e-05 1.000761985778808594e-04 1.024007797241210938e-04 1.026391983032226562e-04 1.135468482971191406e-04
1.212441924814621874e+00 -1.453459262847900391e-04 -1.381039619445800781e-04 -1.553893089294433594e-04 -1.601874828338623047e-04 -1.444816589355468750e-04 -1.404583454132080078e-04 -1.439452171325683594e-04 -1.489520072937011719e-04 -1.518130302429199219e-04 -1.521408557891845703e-04
1.218894686800009897e+00 1.272559165954589844e-04 1.354217529296875000e-04 1.317560672760009766e-04 1.337230205535888672e-04 1.292228698730468750e-04 1.275241374969482422e-04 1.185238361358642578e-04 1.135468482971191406e-04 1.236796379089355469e-04 1.299083232879638672e-04
1.225347448785397697e+00 -3.516674041748046875e-06 -8.016824722290039062e-06 4.768371582031250000e-06 6.556510925292968750e-06 2.950429916381835938e-06 -4.827976226806640625e-06 6.854534149169921875e-07 -7.808208465576171875e-06 -2.682209014892578125e-07 7.897615432739257812e-06
1.231800210770785720e+00 -1.351237297058105469e-04 -1.290440559387207031e-04 -1.448690891265869141e-04 -1.367926597595214844e-04 -1.460313796997070312e-04 -1.448988914489746094e-04 -1.412928104400634766e-04 -1.351237297058105469e-04 -1.463890075683593750e-04 -1.463890075683593750e-04
1.238252972756173520e+00 1.156330108642578125e-04 1.242756843566894531e-04 1.077055931091308594e-04 1.203119754791259766e-04 1.085102558135986328e-04 1.278221607208251953e-04 1.161396503448486328e-04 1.103579998016357422e-04 1.163780689239501953e-04 1.169741153717041016e-04
1.244705734741561542e+00 -4.521012306213378906e-05 -5.146861076354980469e-05 -5.275011062622070312e-05 -5.117058753967285156e-05 -4.515051841735839844e-05 -5.441904067993164062e-05 -5.146861076354980469e-05 -5.817413330078125000e-05 -6.693601608276367188e-05 -5.307793617248535156e-05
1.251158496726949343e+00 -5.444884300231933594e-05 -4.467368125915527344e-05 -4.383921623229980469e-05 -5.343556404113769531e-05 -4.518032073974609375e-05 -4.696846008300781250e-05 -5.641579627990722656e-05 -3.102421760559082031e-05 -4.172325134277343750e-05 -4.276633262634277344e-05
1.257611258712337365e+00 5.605816841125488281e-05 7.247924804687500000e-05 7.197260856628417969e-05 6.902217864990234375e-05 7.316470146179199219e-05 6.610155105590820312e-05 6.270408630371093750e-05 6.228685379028320312e-05 6.434321403503417969e-05 5.581974983215332031e-05
1.264064020697725166e+00 -1.117587089538574219e-05 -1.072883605957031250e-05 -2.145767211914062500e-05 -2.121925354003906250e-05 -1.218914985656738281e-05 -1.865625381469726562e-05 -1.332163810729980469e-05 -1.052021980285644531e-05 -2.023577690124511719e-05 -5.304813385009765625e-06
1.270516782683113188e+00 -9.703636169433593750e-05 -9.846687316894531250e-05 -9.059906005859375000e-05 -9.813904762268066406e-05 -7.981061935424804688e-05 -9.712576866149902344e-05 -8.359551429748535156e-05 -8.967518806457519531e-05 -1.027286052703857422e-04 -8.565187454223632812e-05
1.276969544668500989e+00 3.090500831604003906e-05 3.266334533691406250e-05 3.871321678161621094e-05 2.589821815490722656e-05 3.731250762939453125e-05 3.683567047119140625e-05 2.855062484741210938e-05 3.126263618469238281e-05 3.650784492492675781e-05 3.740191459655761719e-05
1.283422306653888789e+00 6.437301635742187500e-05 4.941225051879882812e-05 4.762411117553710938e-05 5.784630775451660156e-05 5.641579627990722656e-05 4.962086677551269531e-05 5.921721458435058594e-05 5.206465721130371094e-05 5.295872688293457031e-05 4.816055297851562500e-05
1.289875068639276812e+00 -7.823109626770019531e-05 -8.574128150939941406e-05 -8.898973464965820312e-05 -8.845329284667968750e-05 -9.787082672119140625e-05 -9.617209434509277344e-05 -8.052587509155273438e-05 -9.524822235107421875e-05 -8.693337440490722656e-05 -8.815526962280273438e-05
1.296327830624664612e+00 8.475780487060546875e-05 8.434057235717773438e-05 8.982419967651367188e-05 9.161233901977539062e-05 8.589029312133789062e-05 9.325146675109863281e-05 8.925795555114746094e-05 9.128451347351074219e-05 7.769465446472167969e-05 9.363889694213867188e-05
1.302780592610052635e+00 -2.011656761169433594e-05 -1.779198646545410156e-05 -2.408027648925781250e-05 -2.631545066833496094e-05 -3.838539123535156250e-05 -3.474950790405273438e-05 -2.971291542053222656e-05 -2.029538154602050781e-05 -2.187490463256835938e-05 -4.094839096069335938e-05
1.309233354595440435e+00 -1.166164875030517578e-04 -1.147687435150146484e-04 -9.918212890625000000e-05 -1.098513603210449219e-04 -1.085400581359863281e-04 -9.775161743164062500e-05 -1.085102558135986328e-04 -1.018643379211425781e-04 -1.120567321777343750e-04 -1.046955585479736328e-04
1.315686116580828458e+00 1.690387725830078125e-04 1.631677150726318359e-04 1.674890518188476562e-04 1.823604106903076172e-04 1.669228076934814453e-04 1.686215400695800781e-04 1.602172851562500000e-04 1.545250415802001953e-04 1.612305641174316406e-04 1.722872257232666016e-04
1.322138878566216258e+00 -7.060170173645019531e-05 -6.577372550964355469e-05 -7.486343383789062500e-05 -8.037686347961425781e-05 -7.638335227966308594e-05 -7.727742195129394531e-05 -6.747245788574218750e-05 -8.422136306762695312e-05 -7.697939872741699219e-05 -8.326768875122070312e-05
1.328591640551604280e+00 -1.019239425659179688e-05 2.682209014892578125e-07 -1.221895217895507812e-05 -5.960464477539062500e-08 1.287460327148437500e-05 5.960464477539062500e-07 -1.209974288940429688e-05 -5.960464477539062500e-06 -1.281499862670898438e-06 -5.275011062622070312e-06
1.335044402536992081e+00 6.231665611267089844e-05 6.181001663208007812e-05 4.717707633972167969e-05 5.370378494262695312e-05 5.719065666198730469e-05 6.371736526489257812e-05 5.003809928894042969e-05 5.915760993957519531e-05 6.204843521118164062e-05 4.890561103820800781e-05
1.341497164522380103e+00 -9.655952453613281250e-05 -1.058876514434814453e-04 -1.001656055450439453e-04 -1.100301742553710938e-04 -9.131431579589843750e-05 -1.039206981658935547e-04 -1.011490821838378906e-04 -1.074373722076416016e-04 -9.632110595703125000e-05 -1.055300235748291016e-04
1.347949926507767904e+00 7.897615432739257812e-05 9.757280349731445312e-05 9.411573410034179688e-05 9.506940841674804688e-05 1.013278961181640625e-04 7.748603820800781250e-05 8.410215377807617188e-05 7.033348083496093750e-05 7.912516593933105469e-05 8.028745651245117188e-05
1.354402688493155926e+00 1.621246337890625000e-05 3.644824028015136719e-05 2.500414848327636719e-05 2.220273017883300781e-05 2.801418304443359375e-05 2.875924110412597656e-05 2.491474151611328125e-05 3.144145011901855469e-05 3.498792648315429688e-05 3.075599670410156250e-05
1.360855450478543727e+00 -1.021921634674072266e-04 -1.035928726196289062e-04 -9.539723396301269531e-05 -1.032948493957519531e-04 -9.751319885253906250e-05 -9.056925773620605469e-05 -9.453296661376953125e-05 -8.928775787353515625e-05 -1.053214073181152344e-04 -9.647011756896972656e-05
1.367308212463931749e+00 4.488229751586914062e-05 4.273653030395507812e-05 4.243850708007812500e-05 4.899501800537109375e-05 5.036592483520507812e-05 4.801154136657714844e-05 3.597140312194824219e-05 2.989172935485839844e-05 4.687905311584472656e-05 4.780292510986328125e-05
1.373760974449319550e+00 3.471970558166503906e-05 3.555417060852050781e-05 3.507733345031738281e-05 4.050135612487792969e-05 3.412365913391113281e-05 3.173947334289550781e-05 3.013014793395996094e-05 2.279877662658691406e-05 2.592802047729492188e-05 3.820657730102539062e-05
1.380213736434707350e+00 6.240606307983398438e-05 6.082653999328613281e-05 6.553530693054199219e-05 6.452202796936035156e-05 7.972121238708496094e-05 5.757808685302734375e-05 5.865097045898437500e-05 5.966424942016601562e-05 6.413459777832031250e-05 6.327033042907714844e-05
1.386666498420095373e+00 5.483627319335937500e-06 1.105666160583496094e-05 9.626150131225585938e-06 2.533197402954101562e-06 9.387731552124023438e-06 7.778406143188476562e-06 4.351139068603515625e-06 5.543231964111328125e-06 8.493661880493164062e-06 1.496076583862304688e-05
1.393119260405483173e+00 3.778934478759765625e-05 4.649162292480468750e-05 4.652142524719238281e-05 4.860758781433105469e-05 3.606081008911132812e-05 3.844499588012695312e-05 5.212426185607910156e-05 4.467368125915527344e-05 5.793571472167968750e-05 4.854798316955566406e-05
1.399572022390871195e+00 -4.518032073974609375e-05 -5.447864532470703125e-05 -3.960728645324707031e-05 -3.591179847717285156e-05 -5.227327346801757812e-05 -4.467368125915527344e-05 -4.768371582031250000e-05 -4.637241363525390625e-05 -4.029273986816406250e-05 -4.345178604125976562e-05
1.406024784376258996e+00 3.349781036376953125e-05 3.594160079956054688e-05 2.813339233398437500e-05 3.135204315185546875e-05 3.242492675781250000e-05 3.466010093688964844e-05 3.942847251892089844e-05 2.965331077575683594e-05 2.771615982055664062e-05 3.406405448913574219e-05
1.412477546361647018e+00 2.336502075195312500e-05 1.528859138488769531e-05 1.513957977294921875e-05 6.824731826782226562e-06 2.273917198181152344e-05 2.908706665039062500e-05 1.785159111022949219e-05 1.487135887145996094e-05 1.212954521179199219e-05 2.801418304443359375e-05
1.418930308347034819e+00 -6.264448165893554688e-05 -5.632638931274414062e-05 -4.911422729492187500e-05 -5.459785461425781250e-05 -5.137920379638671875e-05 -5.027651786804199219e-05 -5.659461021423339844e-05 -5.456805229187011719e-05 -5.447864532470703125e-05 -5.605816841125488281e-05
1.425383070332422841e+00 7.244944572448730469e-05 7.095932960510253906e-05 7.236003875732421875e-05 9.036064147949218750e-05 7.316470146179199219e-05 6.961822509765625000e-05 5.814433097839355469e-05 6.741285324096679688e-05 6.809830665588378906e-05 6.079673767089843750e-05
1.431835832317810642e+00 1.162290573120117188e-05 4.470348358154296875e-06 7.271766662597656250e-06 1.212954521179199219e-05 8.553266525268554688e-06 6.794929504394531250e-06 8.821487426757812500e-06 1.630187034606933594e-05 4.857778549194335938e-06 8.612871170043945312e-06
1.438288594303198664e+00 -1.117587089538574219e-04 -1.054406166076660156e-04 -1.103281974792480469e-04 -1.108646392822265625e-04 -1.103878021240234375e-04 -1.081228256225585938e-04 -1.044571399688720703e-04 -1.142323017120361328e-04 -1.052021980285644531e-04 -1.165866851806640625e-04
1.444741356288586465e+00 1.036226749420166016e-04 9.846687316894531250e-05 1.010894775390625000e-04 9.810924530029296875e-05 1.050829887390136719e-04 9.876489639282226562e-05 1.030564308166503906e-04 9.977817535400390625e-05 1.000761985778808594e-04 1.069903373718261719e-04
1.451194118273974487e+00 -3.242492675781250000e-05 -2.703070640563964844e-05 -2.431869506835937500e-05 -2.202391624450683594e-05 -1.016259193420410156e-05 -2.232193946838378906e-05 -2.312660217285156250e-05 -1.409649848937988281e-05 -2.467632293701171875e-05 -1.868605613708496094e-05
1.457646880259362288e+00 -2.908706665039062500e-05 -5.134940147399902344e-05 -3.954768180847167969e-05 -4.646182060241699219e-05 -3.525614738464355469e-05 -3.808736801147460938e-05 -3.367662429809570312e-05 -3.650784492492675781e-05 -3.373622894287109375e-05 -3.895163536071777344e-05
1.464099642244750310e+00 1.133382320404052734e-04 1.125335693359375000e-04 1.058578491210937500e-04 1.095533370971679688e-04 1.125931739807128906e-04 1.127123832702636719e-04 1.048445701599121094e-04 1.092553138732910156e-04 1.081824302673339844e-04 1.150071620941162109e-04
1.470552404230138110e+00 -1.359581947326660156e-04 -1.232028007507324219e-04 -1.232624053955078125e-04 -1.319050788879394531e-04 -1.304745674133300781e-04 -1.367330551147460938e-04 -1.336634159088134766e-04 -1.327395439147949219e-04 -1.326501369476318359e-04 -1.256167888641357422e-04
1.477005166215525911e+00 1.275539398193359375e-05 1.165270805358886719e-05 1.579523086547851562e-05 2.890825271606445312e-06 1.877546310424804688e-06 2.232193946838378906e-05 6.556510925292968750e-06 1.275539398193359375e-05 6.198883056640625000e-06 9.864568710327148438e-06
1.483457928200913933e+00 8.887052536010742188e-05 8.663535118103027344e-05 9.194016456604003906e-05 8.198618888854980469e-05 9.948015213012695312e-05 1.001060009002685547e-04 8.675456047058105469e-05 8.976459503173828125e-05 9.283423423767089844e-05 9.468197822570800781e-05
1.489910690186301734e+00 -1.707375049591064453e-04 -1.777112483978271484e-04 -1.791715621948242188e-04 -1.769363880157470703e-04 -1.770853996276855469e-04 -1.821517944335937500e-04 -1.744627952575683594e-04 -1.770555973052978516e-04 -1.813471317291259766e-04 -1.787543296813964844e-04
1.496363452171689756e+00 1.488327980041503906e-04 1.397728919982910156e-04 1.401305198669433594e-04 1.457631587982177734e-04 1.450181007385253906e-04 1.407861709594726562e-04 1.345276832580566406e-04 1.417994499206542969e-04 1.422166824340820312e-04 1.427829265594482422e-04
1.502816214157077557e+00 -1.919269561767578125e-05 -2.551078796386718750e-05 -1.505017280578613281e-05 -2.506375312805175781e-05 -1.153349876403808594e-05 -1.376867294311523438e-05 -5.424022674560546875e-06 -1.171231269836425781e-05 -1.287460327148437500e-05 -3.066658973693847656e-05
1.509268976142465579e+00 -1.681447029113769531e-04 -1.644790172576904297e-04 -1.650750637054443359e-04 -1.550018787384033203e-04 -1.553893089294433594e-04 -1.654326915740966797e-04 -1.597702503204345703e-04 -1.548826694488525391e-04 -1.618266105651855469e-04 -1.644194126129150391e-04
1.515721738127853380e+00 2.311766147613525391e-04 2.391338348388671875e-04 2.385675907135009766e-04 2.357363700866699219e-04 2.477169036865234375e-04 2.431571483612060547e-04 2.520978450775146484e-04 2.534389495849609375e-04 2.338886260986328125e-04 2.429783344268798828e-04
1.522174500113241402e+00 -1.882910728454589844e-04 -1.729130744934082031e-04 -1.740157604217529297e-04 -1.748204231262207031e-04 -1.853108406066894531e-04 -1.826882362365722656e-04 -1.733601093292236328e-04 -1.747608184814453125e-04 -1.718103885650634766e-04 -1.822113990783691406e-04
1.528627262098629203e+00 -2.089142799377441406e-05 -2.655386924743652344e-05 -2.518296241760253906e-05 -1.922249794006347656e-05 -2.411007881164550781e-05 -3.972649574279785156e-05 -3.033876419067382812e-05 -2.577900886535644531e-05 -2.962350845336914062e-05 -3.284215927124023438e-05
1.535080024084017225e+00 2.077817916870117188e-04 1.945197582244873047e-04 2.001225948333740234e-04 2.082586288452148438e-04 2.054274082183837891e-04 2.043247222900390625e-04 2.074241638183593750e-04 2.062916755676269531e-04 2.035498619079589844e-04 2.161562442779541016e-04
1.541532786069405025e+00 -2.844631671905517578e-04 -2.920627593994140625e-04 -2.785623073577880859e-04 -2.947747707366943359e-04 -2.831518650054931641e-04 -2.926588058471679688e-04 -2.973079681396484375e-04 -2.982914447784423828e-04 -2.833306789398193359e-04 -3.024041652679443359e-04
1.547985548054793048e+00 1.990497112274169922e-04 2.019107341766357422e-04 1.876652240753173828e-04 1.948177814483642578e-04 2.061724662780761719e-04 1.889467239379882812e-04 1.946091651916503906e-04 1.843273639678955078e-04 1.916289329528808594e-04 2.031326293945312500e-04
1.554438310040180848e+00 5.981326103210449219e-05 7.125735282897949219e-05 7.343292236328125000e-05 6.124377250671386719e-05 6.332993507385253906e-05 6.139278411865234375e-05 6.538629531860351562e-05 4.759430885314941406e-05 6.106495857238769531e-05 6.076693534851074219e-05
1.560891072025568649e+00 -2.233386039733886719e-04 -2.351403236389160156e-04 -2.366006374359130859e-04 -2.257525920867919922e-04 -2.302825450897216797e-04 -2.248287200927734375e-04 -2.325475215911865234e-04 -2.244710922241210938e-04 -2.293288707733154297e-04 -2.344548702239990234e-04
1.567343834010956671e+00 2.835690975189208984e-04 2.651512622833251953e-04 2.752244472503662109e-04 2.766549587249755859e-04 2.734363079071044922e-04 2.757906913757324219e-04 2.694725990295410156e-04 2.636611461639404297e-04 2.758204936981201172e-04 2.734065055847167969e-04
1.573796595996344472e+00 -1.111626625061035156e-04 -1.251995563507080078e-04 -1.065135002136230469e-04 -1.159906387329101562e-04 -1.115798950195312500e-04 -1.101493835449218750e-04 -1.132786273956298828e-04 -1.113414764404296875e-04 -9.578466415405273438e-05 -1.158714294433593750e-04
1.580249357981732494e+00 -1.063644886016845703e-04 -1.050531864166259766e-04 -1.084804534912109375e-04 -9.986758232116699219e-05 -1.037418842315673828e-04 -1.085102558135986328e-04 -1.087188720703125000e-04 -1.096725463867187500e-04 -1.061558723449707031e-04 -1.047253608703613281e-04
1.586702119967120295e+00 2.428889274597167969e-04 2.422630786895751953e-04 2.631545066833496094e-04 2.459883689880371094e-04 2.373158931732177734e-04 2.522170543670654297e-04 2.432167530059814453e-04 2.474486827850341797e-04 2.423226833343505859e-04 2.540051937103271484e-04
1.593154881952508317e+00 -1.893043518066406250e-04 -1.969039440155029297e-04 -2.051889896392822266e-04 -2.018213272094726562e-04 -1.986026763916015625e-04 -2.075433731079101562e-04 -2.019703388214111328e-04 -1.946389675140380859e-04 -1.970827579498291016e-04 -1.882314682006835938e-04
1.599607643937896118e+00 6.970763206481933594e-05 6.204843521118164062e-05 6.744265556335449219e-05 6.669759750366210938e-05 6.830692291259765625e-05 6.100535392761230469e-05 5.328655242919921875e-05 5.835294723510742188e-05 6.079673767089843750e-05 6.079673767089843750e-05
1.606060405923284140e+00 1.456737518310546875e-04 1.514256000518798828e-04 1.624822616577148438e-04 1.530051231384277344e-04 1.502931118011474609e-04 1.633167266845703125e-04 1.595318317413330078e-04 1.572370529174804688e-04 1.606941223144531250e-04 1.605451107025146484e-04
1.612513167908671941e+00 -2.453327178955078125e-04 -2.527832984924316406e-04 -2.504289150238037109e-04 -2.466738224029541016e-04 -2.453923225402832031e-04 -2.414286136627197266e-04 -2.539753913879394531e-04 -2.478957176208496094e-04 -2.505481243133544922e-04 -2.343952655792236328e-04
1.618965929894059963e+00 1.886785030364990234e-04 1.938045024871826172e-04 1.911818981170654297e-04 1.994967460632324219e-04 1.918971538543701172e-04 1.879334449768066406e-04 1.889169216156005859e-04 1.961290836334228516e-04 1.940727233886718750e-04 1.989603042602539062e-04
1.625418691879447763e+00 2.980232238769531250e-05 3.299117088317871094e-05 3.200769424438476562e-05 2.521276473999023438e-05 3.659725189208984375e-05 3.737211227416992188e-05 4.252791404724121094e-05 3.024935722351074219e-05 2.869963645935058594e-05 3.439188003540039062e-05
1.631871453864835786e+00 -1.815557479858398438e-04 -1.773834228515625000e-04 -1.802444458007812500e-04 -2.006888389587402344e-04 -1.879334449768066406e-04 -1.846551895141601562e-04 -1.906156539916992188e-04 -1.852810382843017578e-04 -1.842081546783447266e-04 -1.851916313171386719e-04
1.638324215850223586e+00 2.031624317169189453e-04 1.861453056335449219e-04 1.946687698364257812e-04 1.899898052215576172e-04 1.971125602722167969e-04 1.983046531677246094e-04 1.926422119140625000e-04 1.901984214782714844e-04 1.946389675140380859e-04 1.967549324035644531e-04
1.644776977835611609e+00 -3.910064697265625000e-05 -4.038214683532714844e-05 -5.406141281127929688e-05 -4.282593727111816406e-05 -3.799796104431152344e-05 -5.471706390380859375e-05 -3.442168235778808594e-05 -3.856420516967773438e-05 -5.280971527099609375e-05 -3.924965858459472656e-05
1.651229739820999409e+00 -1.137554645538330078e-04 -1.082718372344970703e-04 -1.095831394195556641e-04 -9.655952453613281250e-05 -9.655952453613281250e-05 -1.028180122375488281e-04 -9.757280349731445312e-05 -1.135170459747314453e-04 -1.027584075927734375e-04 -9.724497795104980469e-05
1.657682501806387210e+00 1.979768276214599609e-04 1.885294914245605469e-04 2.005100250244140625e-04 1.988708972930908203e-04 2.010166645050048828e-04 1.972615718841552734e-04 2.050399780273437500e-04 1.955032348632812500e-04 2.016425132751464844e-04 2.048015594482421875e-04
1.664135263791775232e+00 -8.133053779602050781e-05 -7.662177085876464844e-05 -7.534027099609375000e-05 -7.730722427368164062e-05 -8.255243301391601562e-05 -8.219480514526367188e-05 -7.814168930053710938e-05 -7.677078247070312500e-05 -7.551908493041992188e-05 -7.310509681701660156e-05
1.670588025777163033e+00 -8.723139762878417969e-05 -8.314847946166992188e-05 -9.104609489440917969e-05 -8.773803710937500000e-05 -8.338689804077148438e-05 -7.441639900207519531e-05 -7.706880569458007812e-05 -8.860230445861816406e-05 -8.621811866760253906e-05 -8.505582809448242188e-05
1.677040787762551055e+00 9.819865226745605469e-05 9.143352508544921875e-05 1.070499420166015625e-04 1.024603843688964844e-04 9.745359420776367188e-05 8.839368820190429688e-05 9.506940841674804688e-05 7.677078247070312500e-05 1.017153263092041016e-04 1.035332679748535156e-04
1.683493549747938856e+00 -1.112818717956542969e-04 -1.034140586853027344e-04 -1.077950000762939453e-04 -1.067519187927246094e-04 -1.129209995269775391e-04 -1.214742660522460938e-04 -1.085698604583740234e-04 -1.055002212524414062e-04 -1.056790351867675781e-04 -1.097321510314941406e-04
1.689946311733326878e+00 1.485347747802734375e-04 1.517236232757568359e-04 1.474022865295410156e-04 1.455247402191162109e-04 1.443326473236083984e-04 1.517534255981445312e-04 1.533925533294677734e-04 1.417100429534912109e-04 1.516640186309814453e-04 1.542270183563232422e-04
1.696399073718714678e+00 8.022785186767578125e-05 8.639693260192871094e-05 8.133053779602050781e-05 7.334351539611816406e-05 7.605552673339843750e-05 6.341934204101562500e-05 6.529688835144042969e-05 7.116794586181640625e-05 6.440281867980957031e-05 7.009506225585937500e-05
1.702851835704102701e+00 -1.834034919738769531e-04 -1.854896545410156250e-04 -1.735687255859375000e-04 -1.826584339141845703e-04 -1.787841320037841797e-04 -1.953244209289550781e-04 -1.814663410186767578e-04 -1.832246780395507812e-04 -1.762807369232177734e-04 -1.831650733947753906e-04
1.709304597689490501e+00 7.238984107971191406e-05 7.212162017822265625e-05 7.179379463195800781e-05 8.019804954528808594e-05 9.459257125854492188e-05 8.001923561096191406e-05 8.416175842285156250e-05 7.238984107971191406e-05 7.253885269165039062e-05 7.987022399902343750e-05
1.715757359674878524e+00 3.814697265625000000e-06 1.996755599975585938e-06 -7.569789886474609375e-06 1.105666160583496094e-05 -1.367926597595214844e-05 6.854534149169921875e-06 -3.188848495483398438e-06 -4.142522811889648438e-06 -2.026557922363281250e-06 0.000000000000000000e+00
1.722210121660266324e+00 -7.861852645874023438e-05 -7.975101470947265625e-05 -7.554888725280761719e-05 -6.765127182006835938e-05 -8.910894393920898438e-05 -7.417798042297363281e-05 -6.884336471557617188e-05 -8.487701416015625000e-05 -7.146596908569335938e-05 -6.678700447082519531e-05
1.728662883645654347e+00 7.590651512145996094e-05 7.858872413635253906e-05 7.027387619018554688e-05 7.826089859008789062e-05 8.085370063781738281e-05 8.136034011840820312e-05 8.726119995117187500e-05 7.593631744384765625e-05 8.442997932434082031e-05 8.144974708557128906e-05
1.735115645631042147e+00 1.341104507446289062e-06 1.096725463867187500e-05 5.453824996948242188e-06 -1.010298728942871094e-05 -2.354383468627929688e-06 -8.344650268554687500e-06 4.678964614868164062e-06 -4.172325134277343750e-07 3.814697265625000000e-06 7.659196853637695312e-06
1.741568407616429948e+00 -4.228949546813964844e-05 -4.518032073974609375e-05 -3.540515899658203125e-05 -4.801154136657714844e-05 -4.807114601135253906e-05 -4.220008850097656250e-05 -4.112720489501953125e-05 -3.606081008911132812e-05 -4.893541336059570312e-05 -4.583597183227539062e-05
1.748021169601817970e+00 7.438659667968750000e-05 7.346272468566894531e-05 8.001923561096191406e-05 8.261203765869140625e-05 9.015202522277832031e-05 7.617473602294921875e-05 7.435679435729980469e-05 7.927417755126953125e-05 7.408857345581054688e-05 8.139014244079589844e-05
1.754473931587205771e+00 3.215670585632324219e-05 3.731250762939453125e-05 4.014372825622558594e-05 3.951787948608398438e-05 3.892183303833007812e-05 4.535913467407226562e-05 3.674626350402832031e-05 3.200769424438476562e-05 4.583597183227539062e-05 4.640221595764160156e-05
1.760926693572593793e+00 -1.952052116394042969e-05 -3.212690353393554688e-05 -2.226233482360839844e-05 -2.372264862060546875e-05 -2.738833427429199219e-05 -2.199411392211914062e-05 -2.357363700866699219e-05 -2.828240394592285156e-05 -1.958012580871582031e-05 -2.625584602355957031e-05
1.767379455557981593e+00 1.134872436523437500e-04 1.035928726196289062e-04 1.040101051330566406e-04 1.197755336761474609e-04 1.017153263092041016e-04 1.131892204284667969e-04 1.116096973419189453e-04 1.153051853179931641e-04 1.145005226135253906e-04 1.150965690612792969e-04
1.773832217543369616e+00 -3.159046173095703125e-06 5.811452865600585938e-06 6.586313247680664062e-06 -1.966953277587890625e-06 9.536743164062500000e-07 5.155801773071289062e-06 9.417533874511718750e-06 1.192092895507812500e-07 1.055002212524414062e-05 1.466274261474609375e-05
1.780284979528757416e+00 -5.239248275756835938e-05 -4.017353057861328125e-05 -3.397464752197265625e-05 -4.598498344421386719e-05 -3.370642662048339844e-05 -4.866719245910644531e-05 -3.901124000549316406e-05 -3.415346145629882812e-05 -4.148483276367187500e-05 -4.410743713378906250e-05
1.786737741514145439e+00 -2.402067184448242188e-05 -2.497434616088867188e-05 -1.543760299682617188e-05 -2.390146255493164062e-05 -2.011656761169433594e-05 -1.713633537292480469e-05 -1.955032348632812500e-05 -3.474950790405273438e-05 -1.898407936096191406e-05 -1.385807991027832031e-05
1.793190503499533239e+00 8.314847946166992188e-06 3.576278686523437500e-06 1.490116119384765625e-06 -4.470348358154296875e-06 7.182359695434570312e-06 3.904104232788085938e-06 -5.930662155151367188e-06 1.549720764160156250e-06 -4.172325134277343750e-06 -1.758337020874023438e-06
1.799643265484921262e+00 6.601214408874511719e-05 7.882714271545410156e-05 6.651878356933593750e-05 7.006525993347167969e-05 7.396936416625976562e-05 6.994605064392089844e-05 8.404254913330078125e-05 8.091330528259277344e-05 7.146596908569335938e-05 6.991624832153320312e-05
1.806096027470309062e+00 5.105137825012207031e-05 7.313489913940429688e-05 6.851553916931152344e-05 6.732344627380371094e-05 6.449222564697265625e-05 6.848573684692382812e-05 6.935000419616699219e-05 6.976723670959472656e-05 6.389617919921875000e-05 6.058812141418457031e-05
1.812548789455697085e+00 -1.293420791625976562e-05 -1.433491706848144531e-05 -1.016259193420410156e-05 2.801418304443359375e-06 4.470348358154296875e-07 -1.400709152221679688e-05 1.907348632812500000e-06 -1.111626625061035156e-05 5.036592483520507812e-06 -3.874301910400390625e-06
1.819001551441084885e+00 -1.397728919982910156e-05 -1.969933509826660156e-05 -1.975893974304199219e-05 -2.580881118774414062e-05 -1.400709152221679688e-05 -1.335144042968750000e-05 -1.132488250732421875e-05 -2.202391624450683594e-05 -9.238719940185546875e-06 -2.151727676391601562e-05
1.825454313426472908e+00 1.570582389831542969e-05 1.037120819091796875e-05 1.332163810729980469e-05 6.794929504394531250e-06 1.639127731323242188e-05 2.005696296691894531e-05 1.704692840576171875e-05 1.209974288940429688e-05 8.940696716308593750e-06 1.311302185058593750e-05
1.831907075411860708e+00 -4.225969314575195312e-05 -4.035234451293945312e-05 -4.309415817260742188e-05 -5.039572715759277344e-05 -4.407763481140136719e-05 -4.416704177856445312e-05 -4.288554191589355469e-05 -4.658102989196777344e-05 -3.895163536071777344e-05 -5.209445953369140625e-05
1.838359837397248508e+00 -7.748603820800781250e-06 -1.576542854309082031e-05 -1.010298728942871094e-05 -7.182359695434570312e-06 -1.764297485351562500e-05 -1.162290573120117188e-05 -1.257658004760742188e-05 -1.597404479980468750e-05 -2.384185791015625000e-07 -2.032518386840820312e-05
1.844812599382636531e+00 5.683302879333496094e-05 5.763769149780273438e-05 5.728006362915039062e-05 5.954504013061523438e-05 5.921721458435058594e-05 5.069375038146972656e-05 6.631016731262207031e-05 4.592537879943847656e-05 6.672739982604980469e-05 4.374980926513671875e-05
1.851265361368024331e+00 -6.139278411865234375e-05 -5.465745925903320312e-05 -5.421042442321777344e-05 -6.398558616638183594e-05 -4.047155380249023438e-05 -5.385279655456542969e-05 -5.996227264404296875e-05 -5.194544792175292969e-05 -5.444884300231933594e-05 -4.971027374267578125e-05
1.857718123353412354e+00 3.516674041748046875e-06 -1.081824302673339844e-05 -1.025199890136718750e-05 -2.151727676391601562e-05 -5.930662155151367188e-06 -2.142786979675292969e-05 -1.114606857299804688e-05 -5.185604095458984375e-06 -1.579523086547851562e-05 -1.204013824462890625e-05
1.864170885338800154e+00 4.062056541442871094e-05 5.972385406494140625e-05 3.600120544433593750e-05 4.473328590393066406e-05 3.877282142639160156e-05 4.199147224426269531e-05 3.638863563537597656e-05 4.786252975463867188e-05 4.896521568298339844e-05 4.062056541442871094e-05
1.870623647324188177e+00 -5.587935447692871094e-05 -7.125735282897949219e-05 -5.745887756347656250e-05 -6.002187728881835938e-05 -5.754828453063964844e-05 -5.358457565307617188e-05 -4.968047142028808594e-05 -6.127357482910156250e-05 -5.391240119934082031e-05 -4.974007606506347656e-05
1.877076409309575977e+00 1.215934753417968750e-05 3.606081008911132812e-06 1.615285873413085938e-05 4.112720489501953125e-06 -2.980232238769531250e-06 4.231929779052734375e-06 1.847743988037109375e-06 -9.208917617797851562e-06 -1.281499862670898438e-06 8.195638656616210938e-06
1.883529171294964000e+00 3.355741500854492188e-05 2.104043960571289062e-05 3.409385681152343750e-05 2.422928810119628906e-05 1.999735832214355469e-05 2.709031105041503906e-05 2.387166023254394531e-05 2.136826515197753906e-05 2.914667129516601562e-05 2.610683441162109375e-05
1.889981933280351800e+00 -6.642937660217285156e-05 -7.188320159912109375e-05 -6.490945816040039062e-05 -6.857514381408691406e-05 -6.639957427978515625e-05 -7.706880569458007812e-05 -7.346272468566894531e-05 -6.848573684692382812e-05 -6.693601608276367188e-05 -7.757544517517089844e-05
1.896434695265739823e+00 9.536743164062500000e-06 1.418590545654296875e-05 2.971291542053222656e-05 2.193450927734375000e-05 1.507997512817382812e-05 1.680850982666015625e-05 2.259016036987304688e-05 1.361966133117675781e-05 4.619359970092773438e-06 7.212162017822265625e-06
1.902887457251127623e+00 2.831220626831054688e-05 3.892183303833007812e-05 4.312396049499511719e-05 5.167722702026367188e-05 5.272030830383300781e-05 5.084276199340820312e-05 5.039572715759277344e-05 3.877282142639160156e-05 4.917383193969726562e-05 3.778934478759765625e-05
1.909340219236515646e+00 -4.667043685913085938e-05 -5.123019218444824219e-05 -4.926323890686035156e-05 -4.804134368896484375e-05 -4.440546035766601562e-05 -4.422664642333984375e-05 -5.275011062622070312e-05 -4.592537879943847656e-05 -4.649162292480468750e-05 -4.863739013671875000e-05
1.915792981221903446e+00 4.884600639343261719e-05 3.612041473388671875e-05 3.692507743835449219e-05 3.647804260253906250e-05 4.959106445312500000e-05 4.550814628601074219e-05 3.948807716369628906e-05 3.761053085327148438e-05 3.531575202941894531e-05 3.990530967712402344e-05
1.922245743207291468e+00 -3.397464752197265625e-05 -1.588463783264160156e-05 -2.571940422058105469e-05 -2.777576446533203125e-05 -2.193450927734375000e-05 -9.119510650634765625e-06 -2.154707908630371094e-05 -1.448392868041992188e-05 -2.694129943847656250e-05 -1.421570777893066406e-05
1.928698505192679269e+00 -5.900859832763671875e-06 -8.583068847656250000e-06 -7.182359695434570312e-06 -9.775161743164062500e-06 -1.066923141479492188e-05 -1.168251037597656250e-05 -1.600384712219238281e-05 -2.056360244750976562e-05 -3.525614738464355469e-05 -9.447336196899414062e-06
1.935151267178067069e+00 9.182095527648925781e-05 9.134411811828613281e-05 1.055896282196044922e-04 1.094937324523925781e-04 8.964538574218750000e-05 9.930133819580078125e-05 1.099109649658203125e-04 9.623169898986816406e-05 1.050233840942382812e-04 1.009404659271240234e-04
1.941604029163455092e+00 -3.376603126525878906e-05 -3.215670585632324219e-05 -3.802776336669921875e-05 -3.346800804138183594e-05 -2.774596214294433594e-05 -2.780556678771972656e-05 -3.185868263244628906e-05 -3.764033317565917969e-05 -2.703070640563964844e-05 -3.656744956970214844e-05
1.948056791148842892e+00 1.958012580871582031e-05 9.864568710327148438e-06 9.208917617797851562e-06 1.356005668640136719e-05 2.917647361755371094e-05 1.415610313415527344e-05 2.470612525939941406e-05 8.910894393920898438e-06 2.330541610717773438e-05 1.385807991027832031e-05
1.954509553134230915e+00 -1.421570777893066406e-05 -1.692771911621093750e-05 -1.481175422668457031e-05 -9.089708328247070312e-06 -1.153349876403808594e-05 -1.782178878784179688e-05 -9.745359420776367188e-06 -1.332163810729980469e-05 -2.861022949218750000e-06 -4.231929779052734375e-06
1.960962315119618715e+00 -3.784894943237304688e-06 3.755092620849609375e-06 1.400709152221679688e-06 -3.725290298461914062e-06 7.241964340209960938e-06 -9.506940841674804688e-06 7.748603820800781250e-07 -7.748603820800781250e-06 -3.665685653686523438e-06 -5.036592483520507812e-06
1.967415077105006738e+00 4.303455352783203125e-05 3.841519355773925781e-05 4.431605339050292969e-05 4.237890243530273438e-05 4.580616950988769531e-05 3.588199615478515625e-05 3.889203071594238281e-05 4.059076309204101562e-05 3.218650817871093750e-05 3.015995025634765625e-05
1.973867839090394538e+00 -3.001093864440917969e-05 -2.864003181457519531e-05 -3.200769424438476562e-05 -2.849102020263671875e-05 -2.628564834594726562e-05 -3.096461296081542969e-05 -2.950429916381835938e-05 -3.045797348022460938e-05 -2.798438072204589844e-05 -2.452731132507324219e-05
1.980320601075782561e+00 -2.503395080566406250e-06 -1.093745231628417969e-05 1.144409179687500000e-05 3.725290298461914062e-06 1.311302185058593750e-06 -4.887580871582031250e-06 -2.920627593994140625e-06 1.132488250732421875e-06 7.629394531250000000e-06 -8.106231689453125000e-06
1.986773363061170361e+00 -2.297759056091308594e-05 -2.709031105041503906e-05 -2.542138099670410156e-05 -1.937150955200195312e-05 -2.771615982055664062e-05 -2.121925354003906250e-05 -3.412365913391113281e-05 -2.411007881164550781e-05 -3.337860107421875000e-05 -2.461671829223632812e-05
1.993226125046558384e+00 -2.384185791015625000e-06 -4.321336746215820312e-06 -6.586313247680664062e-06 -4.500150680541992188e-06 -2.145767211914062500e-06 -1.364946365356445312e-05 -1.072883605957031250e-05 -1.323223114013671875e-05 1.221895217895507812e-06 -1.189112663269042969e-05
1.999678887031946184e+00 1.379549503326416016e-04 1.204907894134521484e-04 1.253783702850341797e-04 1.258552074432373047e-04 1.310408115386962891e-04 1.292526721954345703e-04 1.329481601715087891e-04 1.289248466491699219e-04 1.288056373596191406e-04 1.197159290313720703e-04
2.006131649017333984e+00 -2.953410148620605469e-05 -1.642107963562011719e-05 -2.151727676391601562e-05 -3.075599670410156250e-05 -1.317262649536132812e-05 -3.349781036376953125e-05 -2.545118331909179688e-05 -3.257393836975097656e-05 -2.142786979675292969e-05 -1.809000968933105469e-05
