#Range[m] 0 1 2 3 4 5 6 7 8 9
1.800000071525573730e-01 -7.030844688415527344e-03 -7.022231817245483398e-03 -7.030308246612548828e-03 -7.057458162307739258e-03 -7.037132978439331055e-03 -7.088512182235717773e-03 -7.034718990325927734e-03 -7.053107023239135742e-03 -7.078528404235839844e-03 -7.064700126647949219e-03
1.864527691379452845e-01 3.268897533416748047e-03 3.240168094635009766e-03 3.256797790527343750e-03 3.312170505523681641e-03 3.235697746276855469e-03 3.320187330245971680e-03 3.318071365356445312e-03 3.288239240646362305e-03 3.333300352096557617e-03 3.303140401840209961e-03
1.929055311233331682e-01 3.296852111816406250e-03 3.362625837326049805e-03 3.325879573822021484e-03 3.291010856628417969e-03 3.357470035552978516e-03 3.268122673034667969e-03 3.266096115112304688e-03 3.290146589279174805e-03 3.281265497207641602e-03 3.322631120681762695e-03
1.993582931087210797e-01 -5.831450223922729492e-03 -5.846858024597167969e-03 -5.817025899887084961e-03 -5.843549966812133789e-03 -5.837738513946533203e-03 -5.880981683731079102e-03 -5.845963954925537109e-03 -5.841493606567382812e-03 -5.825281143188476562e-03 -5.832821130752563477e-03
2.058110550941089911e-01 3.856331110000610352e-03 3.839731216430664062e-03 3.824293613433837891e-03 3.876358270645141602e-03 3.834724426269531250e-03 3.887146711349487305e-03 3.884017467498779297e-03 3.892838954925537109e-03 3.889888525009155273e-03 3.866165876388549805e-03
2.122638170794968748e-01 6.872117519378662109e-04 7.004141807556152344e-04 6.673932075500488281e-04 6.589591503143310547e-04 7.036030292510986328e-04 6.657540798187255859e-04 6.356239318847656250e-04 6.423294544219970703e-04 6.406009197235107422e-04 6.559491157531738281e-04
2.187165790648847863e-01 -3.382474184036254883e-03 -3.386110067367553711e-03 -3.366172313690185547e-03 -3.369390964508056641e-03 -3.373354673385620117e-03 -3.368735313415527344e-03 -3.361403942108154297e-03 -3.351032733917236328e-03 -3.349810838699340820e-03 -3.333359956741333008e-03
2.251693410502726977e-01 3.570854663848876953e-03 3.585398197174072266e-03 3.564476966857910156e-03 3.564596176147460938e-03 3.564476966857910156e-03 3.575533628463745117e-03 3.596693277359008789e-03 3.581613302230834961e-03 3.566294908523559570e-03 3.560185432434082031e-03
2.316221030356606092e-01 -1.088619232177734375e-03 -1.079738140106201172e-03 -1.091778278350830078e-03 -1.092255115509033203e-03 -1.078516244888305664e-03 -1.088678836822509766e-03 -1.093000173568725586e-03 -1.105427742004394531e-03 -1.100718975067138672e-03 -1.093864440917968750e-03
2.380748650210485207e-01 -1.337617635726928711e-03 -1.330643892288208008e-03 -1.321226358413696289e-03 -1.322239637374877930e-03 -1.318752765655517578e-03 -1.332670450210571289e-03 -1.313567161560058594e-03 -1.325190067291259766e-03 -1.321047544479370117e-03 -1.312345266342163086e-03
2.445276270064364044e-01 1.310259103775024414e-03 1.317292451858520508e-03 1.314997673034667969e-03 1.299262046813964844e-03 1.315534114837646484e-03 1.290410757064819336e-03 1.303642988204956055e-03 1.321345567703247070e-03 1.311302185058593750e-03 1.309305429458618164e-03
2.509803889918242881e-01 -3.758072853088378906e-05 -5.853176116943359375e-05 -7.241964340209960938e-05 -5.152821540832519531e-05 -7.516145706176757812e-05 -5.701184272766113281e-05 -5.593895912170410156e-05 -7.382035255432128906e-05 -6.189942359924316406e-05 -8.463859558105468750e-05
2.574331509772121995e-01 -8.441507816314697266e-04 -8.359551429748535156e-04 -8.468925952911376953e-04 -8.324086666107177734e-04 -8.392930030822753906e-04 -8.370578289031982422e-04 -8.405745029449462891e-04 -8.471608161926269531e-04 -8.426308631896972656e-04 -8.355081081390380859e-04
2.638859129626001110e-01 3.691613674163818359e-04 3.704726696014404297e-04 3.807544708251953125e-04 3.730654716491699219e-04 3.905892372131347656e-04 3.679096698760986328e-04 3.749132156372070312e-04 3.869533538818359375e-04 3.725290298461914062e-04 3.821849822998046875e-04
2.703386749479880224e-01 6.066560745239257812e-04 5.953311920166015625e-04 5.921125411987304688e-04 5.834102630615234375e-04 5.850791931152343750e-04 5.768835544586181641e-04 5.871653556823730469e-04 5.912780761718750000e-04 5.840361118316650391e-04 5.712509155273437500e-04
2.767914369333759339e-01 -1.370429992675781250e-03 -1.391619443893432617e-03 -1.388221979141235352e-03 -1.377791166305541992e-03 -1.389980316162109375e-03 -1.381367444992065430e-03 -1.385122537612915039e-03 -1.386314630508422852e-03 -1.357257366180419922e-03 -1.376658678054809570e-03
2.832441989187638454e-01 7.695257663726806641e-04 7.801651954650878906e-04 7.753074169158935547e-04 7.798969745635986328e-04 7.785260677337646484e-04 7.845163345336914062e-04 7.707774639129638672e-04 7.861554622650146484e-04 7.941722869873046875e-04 8.080303668975830078e-04
2.896969609041517568e-01 6.388127803802490234e-04 6.554722785949707031e-04 6.448030471801757812e-04 6.306767463684082031e-04 6.439685821533203125e-04 6.232559680938720703e-04 6.411969661712646484e-04 6.434619426727294922e-04 6.267130374908447266e-04 6.268620491027832031e-04
2.961497228895396683e-01 -1.218676567077636719e-03 -1.219511032104492188e-03 -1.238226890563964844e-03 -1.224398612976074219e-03 -1.235336065292358398e-03 -1.210331916809082031e-03 -1.218557357788085938e-03 -1.232713460922241211e-03 -1.228362321853637695e-03 -1.236885786056518555e-03
3.026024848749275242e-01 8.247494697570800781e-04 8.145272731781005859e-04 8.438825607299804688e-04 8.227527141571044922e-04 8.383989334106445312e-04 8.293092250823974609e-04 8.317828178405761719e-04 8.264780044555664062e-04 8.353590965270996094e-04 8.359551429748535156e-04
3.090552468603154357e-01 4.512071609497070312e-04 4.534721374511718750e-04 4.603564739227294922e-04 4.341602325439453125e-04 4.529356956481933594e-04 4.357993602752685547e-04 4.359185695648193359e-04 4.501640796661376953e-04 4.473030567169189453e-04 4.528760910034179688e-04
3.155080088457033471e-01 -1.065850257873535156e-03 -1.061171293258666992e-03 -1.071691513061523438e-03 -1.063555479049682617e-03 -1.081377267837524414e-03 -1.068800687789916992e-03 -1.067370176315307617e-03 -1.068234443664550781e-03 -1.070767641067504883e-03 -1.073777675628662109e-03
3.219607708310912586e-01 8.167922496795654297e-04 8.068680763244628906e-04 8.105933666229248047e-04 8.356869220733642578e-04 8.178949356079101562e-04 8.251070976257324219e-04 8.094012737274169922e-04 8.088648319244384766e-04 8.303225040435791016e-04 8.210241794586181641e-04
3.284135328164791701e-01 2.607405185699462891e-04 2.679824829101562500e-04 2.740323543548583984e-04 2.564191818237304688e-04 2.705156803131103516e-04 2.576410770416259766e-04 2.537369728088378906e-04 2.590715885162353516e-04 2.594888210296630859e-04 2.579391002655029297e-04
3.348662948018670260e-01 -1.379400491714477539e-03 -1.385241746902465820e-03 -1.388669013977050781e-03 -1.372128725051879883e-03 -1.392394304275512695e-03 -1.384377479553222656e-03 -1.375049352645874023e-03 -1.380056142807006836e-03 -1.381456851959228516e-03 -1.382797956466674805e-03
3.413190567872549375e-01 1.244038343429565430e-03 1.239329576492309570e-03 1.238286495208740234e-03 1.252800226211547852e-03 1.246571540832519531e-03 1.263469457626342773e-03 1.259356737136840820e-03 1.240342855453491211e-03 1.250535249710083008e-03 1.246929168701171875e-03
3.477718187726428489e-01 -1.098811626434326172e-04 -8.729100227355957031e-05 -9.641051292419433594e-05 -1.204013824462890625e-04 -9.104609489440917969e-05 -1.207292079925537109e-04 -1.255273818969726562e-04 -1.001954078674316406e-04 -1.150071620941162109e-04 -1.006722450256347656e-04
3.542245807580307604e-01 -8.381009101867675781e-04 -8.416771888732910156e-04 -8.348822593688964844e-04 -8.368194103240966797e-04 -8.411109447479248047e-04 -8.296668529510498047e-04 -8.192658424377441406e-04 -8.172988891601562500e-04 -8.272528648376464844e-04 -8.168220520019531250e-04
3.606773427434186718e-01 1.162469387054443359e-03 1.172751188278198242e-03 1.160919666290283203e-03 1.171737909317016602e-03 1.157909631729125977e-03 1.171499490737915039e-03 1.172542572021484375e-03 1.159369945526123047e-03 1.168072223663330078e-03 1.156538724899291992e-03
3.671301047288065833e-01 -8.376836776733398438e-04 -8.153617382049560547e-04 -8.212625980377197266e-04 -8.327662944793701172e-04 -8.229911327362060547e-04 -8.286237716674804688e-04 -8.338689804077148438e-04 -8.316040039062500000e-04 -8.324980735778808594e-04 -8.170008659362792969e-04
3.735828667141944948e-01 -2.118647098541259766e-04 -2.158284187316894531e-04 -1.916587352752685547e-04 -2.031624317169189453e-04 -1.908540725708007812e-04 -2.032816410064697266e-04 -1.998841762542724609e-04 -1.890063285827636719e-04 -1.914203166961669922e-04 -1.869499683380126953e-04
3.800356286995824062e-01 1.137584447860717773e-03 1.142680644989013672e-03 1.133918762207031250e-03 1.138746738433837891e-03 1.128882169723510742e-03 1.121908426284790039e-03 1.131266355514526367e-03 1.123160123825073242e-03 1.128613948822021484e-03 1.124829053878784180e-03
3.864883906849703177e-01 -1.080960035324096680e-03 -1.081109046936035156e-03 -1.081258058547973633e-03 -1.084983348846435547e-03 -1.075327396392822266e-03 -1.083523035049438477e-03 -1.084715127944946289e-03 -1.082837581634521484e-03 -1.087635755538940430e-03 -1.087069511413574219e-03
3.929411526703582291e-01 2.358853816986083984e-04 2.098381519317626953e-04 2.337098121643066406e-04 2.323687076568603516e-04 2.247095108032226562e-04 2.264678478240966797e-04 2.292096614837646484e-04 2.281963825225830078e-04 2.441108226776123047e-04 2.344548702239990234e-04
3.993939146557460851e-01 5.090832710266113281e-04 5.144178867340087891e-04 5.198121070861816406e-04 5.027055740356445312e-04 5.081295967102050781e-04 5.109310150146484375e-04 5.108118057250976562e-04 5.145668983459472656e-04 4.994273185729980469e-04 5.117058753967285156e-04
4.058466766411339965e-01 -1.096367835998535156e-03 -1.097023487091064453e-03 -1.097291707992553711e-03 -1.102745532989501953e-03 -1.086115837097167969e-03 -1.081556081771850586e-03 -1.093089580535888672e-03 -1.093149185180664062e-03 -1.088887453079223633e-03 -1.094609498977661133e-03
4.122994386265219080e-01 7.372200489044189453e-04 7.453262805938720703e-04 7.465779781341552734e-04 7.417798042297363281e-04 7.471740245819091797e-04 7.471442222595214844e-04 7.519423961639404297e-04 7.645189762115478516e-04 7.635354995727539062e-04 7.719695568084716797e-04
4.187522006119098195e-01 2.753436565399169922e-04 2.631545066833496094e-04 2.832710742950439453e-04 2.698302268981933594e-04 2.713799476623535156e-04 2.680718898773193359e-04 2.635121345520019531e-04 2.842545509338378906e-04 2.633333206176757812e-04 2.627372741699218750e-04
4.252049625972976754e-01 -1.090347766876220703e-03 -1.102536916732788086e-03 -1.113116741180419922e-03 -1.085519790649414062e-03 -1.107990741729736328e-03 -1.090705394744873047e-03 -1.082390546798706055e-03 -1.090288162231445312e-03 -1.097708940505981445e-03 -1.110136508941650391e-03
4.316577245826856424e-01 7.736980915069580078e-04 7.751286029815673828e-04 7.801055908203125000e-04 7.691681385040283203e-04 7.694363594055175781e-04 7.642209529876708984e-04 7.717311382293701172e-04 7.613897323608398438e-04 7.876157760620117188e-04 7.614493370056152344e-04
4.381104865680734983e-01 -2.486705780029296875e-04 -2.518296241760253906e-04 -2.544820308685302734e-04 -2.524554729461669922e-04 -2.636909484863281250e-04 -2.673566341400146484e-04 -2.692341804504394531e-04 -2.600848674774169922e-04 -2.765059471130371094e-04 -2.537369728088378906e-04
4.445632485534614098e-01 -4.878044128417968750e-04 -4.900991916656494141e-04 -4.720389842987060547e-04 -4.816651344299316406e-04 -4.868209362030029297e-04 -4.853904247283935547e-04 -4.723072052001953125e-04 -4.700124263763427734e-04 -4.682540893554687500e-04 -4.748404026031494141e-04
4.510160105388493212e-01 1.010358333587646484e-03 1.010715961456298828e-03 1.004099845886230469e-03 1.005202531814575195e-03 1.011908054351806641e-03 1.013875007629394531e-03 1.004070043563842773e-03 9.984374046325683594e-04 9.939968585968017578e-04 1.003473997116088867e-03
4.574687725242372327e-01 -1.025766134262084961e-03 -1.010447740554809570e-03 -1.020401716232299805e-03 -1.034736633300781250e-03 -1.017451286315917969e-03 -1.017749309539794922e-03 -1.021265983581542969e-03 -1.011669635772705078e-03 -1.028835773468017578e-03 -1.020431518554687500e-03
4.639215345096251442e-01 -6.824731826782226562e-05 -9.146332740783691406e-05 -6.815791130065917969e-05 -7.084012031555175781e-05 -7.840991020202636719e-05 -7.271766662597656250e-05 -6.523728370666503906e-05 -7.137656211853027344e-05 -8.928775787353515625e-05 -6.172060966491699219e-05
4.703742964950130556e-01 7.129311561584472656e-04 7.091462612152099609e-04 7.014870643615722656e-04 6.960928440093994141e-04 7.230341434478759766e-04 7.208287715911865234e-04 7.204115390777587891e-04 7.104277610778808594e-04 7.047951221466064453e-04 7.054805755615234375e-04
4.768270584804009671e-01 -7.780194282531738281e-04 -7.776618003845214844e-04 -7.673501968383789062e-04 -7.756352424621582031e-04 -7.703900337219238281e-04 -7.646977901458740234e-04 -7.656812667846679688e-04 -7.748305797576904297e-04 -7.674694061279296875e-04 -7.661283016204833984e-04
4.832798204657888230e-01 4.321634769439697266e-04 4.284083843231201172e-04 4.407167434692382812e-04 4.432797431945800781e-04 4.366040229797363281e-04 4.253089427947998047e-04 4.397630691528320312e-04 4.362165927886962891e-04 4.374980926513671875e-04 4.310607910156250000e-04
4.897325824511767345e-01 1.044869422912597656e-04 9.828805923461914062e-05 7.867813110351562500e-05 8.407235145568847656e-05 1.010596752166748047e-04 9.319186210632324219e-05 9.259581565856933594e-05 9.399652481079101562e-05 8.475780487060546875e-05 7.587671279907226562e-05
4.961853444365646459e-01 -6.889402866363525391e-04 -6.903111934661865234e-04 -6.944835186004638672e-04 -6.903409957885742188e-04 -6.980597972869873047e-04 -6.878972053527832031e-04 -6.985664367675781250e-04 -6.804168224334716797e-04 -6.829202175140380859e-04 -6.793737411499023438e-04
5.026381064219525019e-01 5.223751068115234375e-04 5.258917808532714844e-04 5.235671997070312500e-04 5.185604095458984375e-04 5.236268043518066406e-04 5.130469799041748047e-04 5.198419094085693359e-04 5.160570144653320312e-04 5.236864089965820312e-04 5.193352699279785156e-04
5.090908684073405244e-01 -2.248287200927734375e-04 -2.201497554779052734e-04 -2.279579639434814453e-04 -2.269744873046875000e-04 -2.177059650421142578e-04 -2.249479293823242188e-04 -2.224147319793701172e-04 -2.201497554779052734e-04 -2.152621746063232422e-04 -2.254247665405273438e-04
5.155436303927283248e-01 3.734827041625976562e-04 3.789663314819335938e-04 3.897547721862792969e-04 3.764927387237548828e-04 3.642141819000244141e-04 3.800392150878906250e-04 3.666281700134277344e-04 3.828108310699462891e-04 3.800392150878906250e-04 3.768205642700195312e-04
5.219963923781163473e-01 -3.034174442291259766e-04 -3.060996532440185547e-04 -3.036260604858398438e-04 -3.183186054229736328e-04 -3.071725368499755859e-04 -3.214180469512939453e-04 -3.197789192199707031e-04 -3.059208393096923828e-04 -3.215372562408447266e-04 -3.041028976440429688e-04
5.284491543635041477e-01 -3.358125686645507812e-04 -3.432333469390869141e-04 -3.370344638824462891e-04 -3.398954868316650391e-04 -3.519654273986816406e-04 -3.400444984436035156e-04 -3.235042095184326172e-04 -3.344714641571044922e-04 -3.354549407958984375e-04 -3.301203250885009766e-04
5.349019163488920592e-01 1.125514507293701172e-03 1.126348972320556641e-03 1.141667366027832031e-03 1.132816076278686523e-03 1.141756772994995117e-03 1.121193170547485352e-03 1.112550497055053711e-03 1.132845878601074219e-03 1.127332448959350586e-03 1.118510961532592773e-03
5.413546783342799706e-01 -1.985996961593627930e-03 -1.986235380172729492e-03 -1.998096704483032227e-03 -1.994699239730834961e-03 -1.991659402847290039e-03 -2.004504203796386719e-03 -2.008587121963500977e-03 -2.010077238082885742e-03 -2.007097005844116211e-03 -1.991391181945800781e-03
5.478074403196678821e-01 1.582592725753784180e-03 1.570850610733032227e-03 1.594513654708862305e-03 1.605302095413208008e-03 1.579225063323974609e-03 1.596152782440185547e-03 1.608610153198242188e-03 1.610338687896728516e-03 1.634776592254638672e-03 1.612663269042968750e-03
5.542602023050557936e-01 4.460811614990234375e-04 4.628300666809082031e-04 4.536211490631103516e-04 4.418790340423583984e-04 4.600286483764648438e-04 4.419386386871337891e-04 4.200637340545654297e-04 4.251301288604736328e-04 3.983080387115478516e-04 4.282891750335693359e-04
5.607129642904437050e-01 -3.864020109176635742e-03 -3.884643316268920898e-03 -3.851294517517089844e-03 -3.859072923660278320e-03 -3.865718841552734375e-03 -3.832131624221801758e-03 -3.852039575576782227e-03 -3.839105367660522461e-03 -3.842383623123168945e-03 -3.850817680358886719e-03
5.671657262758316165e-01 4.950404167175292969e-03 4.937082529067993164e-03 4.974365234375000000e-03 4.985153675079345703e-03 4.979103803634643555e-03 5.004972219467163086e-03 4.984349012374877930e-03 5.009949207305908203e-03 5.021661520004272461e-03 5.024075508117675781e-03
5.736184882612194169e-01 -2.857536077499389648e-03 -2.826392650604248047e-03 -2.871483564376831055e-03 -2.878099679946899414e-03 -2.849400043487548828e-03 -2.891391515731811523e-03 -2.922564744949340820e-03 -2.901345491409301758e-03 -2.931982278823852539e-03 -2.913773059844970703e-03
5.800712502466074394e-01 -2.853065729141235352e-03 -2.912551164627075195e-03 -2.855718135833740234e-03 -2.819299697875976562e-03 -2.869218587875366211e-03 -2.798825502395629883e-03 -2.792030572891235352e-03 -2.811372280120849609e-03 -2.793192863464355469e-03 -2.819091081619262695e-03
5.865240122319952398e-01 7.534682750701904297e-03 7.556557655334472656e-03 7.519841194152832031e-03 7.520169019699096680e-03 7.511645555496215820e-03 7.547378540039062500e-03 7.523477077484130859e-03 7.517457008361816406e-03 7.508575916290283203e-03 7.500827312469482422e-03
5.929767742173832623e-01 -8.321434259414672852e-03 -8.316129446029663086e-03 -8.340597152709960938e-03 -8.362740278244018555e-03 -8.317023515701293945e-03 -8.370995521545410156e-03 -8.378595113754272461e-03 -8.367389440536499023e-03 -8.384078741073608398e-03 -8.392453193664550781e-03
5.994295362027710627e-01 2.086937427520751953e-03 2.052992582321166992e-03 2.116441726684570312e-03 2.156019210815429688e-03 2.055436372756958008e-03 2.157360315322875977e-03 2.191156148910522461e-03 2.178400754928588867e-03 2.184510231018066406e-03 2.155035734176635742e-03
6.058822981881590852e-01 6.119847297668457031e-03 6.166368722915649414e-03 6.077706813812255859e-03 6.083816289901733398e-03 6.128996610641479492e-03 6.053894758224487305e-03 6.045222282409667969e-03 6.059080362319946289e-03 6.035745143890380859e-03 6.027132272720336914e-03
6.123350601735468857e-01 -1.028224825859069824e-02 -1.031315326690673828e-02 -1.027649641036987305e-02 -1.030385494232177734e-02 -1.028463244438171387e-02 -1.026028394699096680e-02 -1.027405261993408203e-02 -1.026505231857299805e-02 -1.024532318115234375e-02 -1.023608446121215820e-02
6.187878221589347971e-01 8.930474519729614258e-03 8.870810270309448242e-03 8.927583694458007812e-03 8.936524391174316406e-03 8.904904127120971680e-03 8.951336145401000977e-03 8.961111307144165039e-03 8.943319320678710938e-03 8.969157934188842773e-03 8.972793817520141602e-03
6.252405841443227086e-01 -3.722012042999267578e-04 -2.965331077575683594e-04 -4.075169563293457031e-04 -4.252195358276367188e-04 -3.509223461151123047e-04 -4.558861255645751953e-04 -4.610717296600341797e-04 -4.478096961975097656e-04 -5.103051662445068359e-04 -4.709661006927490234e-04
6.316933461297106200e-01 -7.770210504531860352e-03 -7.842719554901123047e-03 -7.773220539093017578e-03 -7.737547159194946289e-03 -7.789999246597290039e-03 -7.723271846771240234e-03 -7.696896791458129883e-03 -7.723718881607055664e-03 -7.665395736694335938e-03 -7.715046405792236328e-03
6.381461081150985315e-01 1.121068000793457031e-02 1.120182871818542480e-02 1.122421026229858398e-02 1.120474934577941895e-02 1.122269034385681152e-02 1.119586825370788574e-02 1.120528578758239746e-02 1.119092106819152832e-02 1.119691133499145508e-02 1.118323206901550293e-02
6.445988701004864430e-01 -5.593031644821166992e-03 -5.549490451812744141e-03 -5.637735128402709961e-03 -5.672574043273925781e-03 -5.610316991806030273e-03 -5.700677633285522461e-03 -5.706578493118286133e-03 -5.719661712646484375e-03 -5.761653184890747070e-03 -5.735069513320922852e-03
6.510516320858743544e-01 -1.771777868270874023e-03 -1.843631267547607422e-03 -1.739740371704101562e-03 -1.708418130874633789e-03 -1.780122518539428711e-03 -1.702457666397094727e-03 -1.650899648666381836e-03 -1.702547073364257812e-03 -1.642912626266479492e-03 -1.683533191680908203e-03
6.575043940712622659e-01 8.360952138900756836e-03 8.407920598983764648e-03 8.370012044906616211e-03 8.326470851898193359e-03 8.381724357604980469e-03 8.320540189743041992e-03 8.312851190567016602e-03 8.333444595336914062e-03 8.312523365020751953e-03 8.335828781127929688e-03
6.639571560566501773e-01 -7.786959409713745117e-03 -7.779181003570556641e-03 -7.796525955200195312e-03 -7.820338010787963867e-03 -7.801294326782226562e-03 -7.852315902709960938e-03 -7.838159799575805664e-03 -7.829308509826660156e-03 -7.833451032638549805e-03 -7.823675870895385742e-03
6.704099180420379778e-01 2.825349569320678711e-03 2.794712781906127930e-03 2.853691577911376953e-03 2.876222133636474609e-03 2.825200557708740234e-03 2.905726432800292969e-03 2.891749143600463867e-03 2.890259027481079102e-03 2.916455268859863281e-03 2.898812294006347656e-03
6.768626800274260003e-01 4.067182540893554688e-03 4.091471433639526367e-03 4.050016403198242188e-03 4.045069217681884766e-03 4.080951213836669922e-03 4.011988639831542969e-03 3.998756408691406250e-03 4.026591777801513672e-03 4.010319709777832031e-03 4.030525684356689453e-03
6.833154420128139117e-01 -6.746858358383178711e-03 -6.750345230102539062e-03 -6.762832403182983398e-03 -6.756603717803955078e-03 -6.757706403732299805e-03 -6.752371788024902344e-03 -6.750732660293579102e-03 -6.746470928192138672e-03 -6.757616996765136719e-03 -6.752371788024902344e-03
6.897682039982017121e-01 4.542618989944458008e-03 4.528343677520751953e-03 4.557460546493530273e-03 4.553586244583129883e-03 4.551023244857788086e-03 4.562288522720336914e-03 4.570811986923217773e-03 4.574835300445556641e-03 4.573792219161987305e-03 4.577368497848510742e-03
6.962209659835896236e-01 7.615685462951660156e-04 7.899403572082519531e-04 7.736086845397949219e-04 7.505118846893310547e-04 7.580816745758056641e-04 7.245242595672607422e-04 7.268190383911132812e-04 7.387399673461914062e-04 7.270872592926025391e-04 7.320642471313476562e-04
7.026737279689775351e-01 -4.030138254165649414e-03 -4.015535116195678711e-03 -4.020154476165771484e-03 -4.012167453765869141e-03 -4.015088081359863281e-03 -4.010677337646484375e-03 -3.994852304458618164e-03 -4.010885953903198242e-03 -3.995895385742187500e-03 -4.008740186691284180e-03
7.091264899543654465e-01 3.683209419250488281e-03 3.671854734420776367e-03 3.696441650390625000e-03 3.694593906402587891e-03 3.683209419250488281e-03 3.677815198898315430e-03 3.675222396850585938e-03 3.684014081954956055e-03 3.685444593429565430e-03 3.698438405990600586e-03
7.155792519397533580e-01 -3.679990768432617188e-04 -3.602802753448486328e-04 -3.766417503356933594e-04 -3.774762153625488281e-04 -3.753602504730224609e-04 -3.999173641204833984e-04 -4.213750362396240234e-04 -4.017949104309082031e-04 -4.236698150634765625e-04 -4.033148288726806641e-04
7.220320139251412694e-01 -2.895385026931762695e-03 -2.914577722549438477e-03 -2.905189990997314453e-03 -2.899259328842163086e-03 -2.934217453002929688e-03 -2.892106771469116211e-03 -2.873033285140991211e-03 -2.884507179260253906e-03 -2.889305353164672852e-03 -2.888083457946777344e-03
7.284847759105291809e-01 3.434181213378906250e-03 3.435164690017700195e-03 3.442496061325073242e-03 3.435134887695312500e-03 3.424257040023803711e-03 3.445446491241455078e-03 3.440111875534057617e-03 3.422617912292480469e-03 3.442138433456420898e-03 3.445655107498168945e-03
7.349375378959170924e-01 -8.451938629150390625e-04 -8.179247379302978516e-04 -8.358657360076904297e-04 -8.511543273925781250e-04 -8.285641670227050781e-04 -8.617043495178222656e-04 -8.566975593566894531e-04 -8.466839790344238281e-04 -8.533596992492675781e-04 -8.436739444732666016e-04
7.413902998813050038e-01 -1.815557479858398438e-03 -1.833945512771606445e-03 -1.827389001846313477e-03 -1.803725957870483398e-03 -1.826316118240356445e-03 -1.815587282180786133e-03 -1.796543598175048828e-03 -1.799285411834716797e-03 -1.791864633560180664e-03 -1.801431179046630859e-03
7.478430618666929153e-01 2.514988183975219727e-03 2.511531114578247070e-03 2.512007951736450195e-03 2.514213323593139648e-03 2.502381801605224609e-03 2.503216266632080078e-03 2.494335174560546875e-03 2.509862184524536133e-03 2.508610486984252930e-03 2.505689859390258789e-03
7.542958238520808267e-01 -1.829117536544799805e-03 -1.818478107452392578e-03 -1.817494630813598633e-03 -1.843303442001342773e-03 -1.809030771255493164e-03 -1.830905675888061523e-03 -1.839250326156616211e-03 -1.853525638580322266e-03 -1.849919557571411133e-03 -1.848697662353515625e-03
7.607485858374687382e-01 -2.535879611968994141e-04 -2.634227275848388672e-04 -2.333521842956542969e-04 -2.365410327911376953e-04 -2.404153347015380859e-04 -2.272725105285644531e-04 -2.128183841705322266e-04 -2.277493476867675781e-04 -2.171099185943603516e-04 -2.267658710479736328e-04
7.672013478228566496e-01 1.919478178024291992e-03 1.929253339767456055e-03 1.915544271469116211e-03 1.906514167785644531e-03 1.925349235534667969e-03 1.903891563415527344e-03 1.908093690872192383e-03 1.902312040328979492e-03 1.897275447845458984e-03 1.892238855361938477e-03
7.736541098082445611e-01 -1.878172159194946289e-03 -1.884073019027709961e-03 -1.877278089523315430e-03 -1.876175403594970703e-03 -1.878827810287475586e-03 -1.881629228591918945e-03 -1.878231763839721680e-03 -1.884520053863525391e-03 -1.889497041702270508e-03 -1.876413822174072266e-03
7.801068717936323615e-01 7.131993770599365234e-04 6.794333457946777344e-04 7.016062736511230469e-04 7.143616676330566406e-04 7.020533084869384766e-04 7.199048995971679688e-04 7.266998291015625000e-04 7.116496562957763672e-04 7.167160511016845703e-04 7.064044475555419922e-04
7.865596337790202730e-01 8.374154567718505859e-04 8.483827114105224609e-04 8.395314216613769531e-04 8.391141891479492188e-04 8.373856544494628906e-04 8.257031440734863281e-04 8.165240287780761719e-04 8.166432380676269531e-04 8.147060871124267578e-04 8.334517478942871094e-04
7.930123957644081845e-01 -1.310914754867553711e-03 -1.322537660598754883e-03 -1.310944557189941406e-03 -1.297622919082641602e-03 -1.312941312789916992e-03 -1.307964324951171875e-03 -1.322835683822631836e-03 -1.306623220443725586e-03 -1.314520835876464844e-03 -1.302778720855712891e-03
7.994651577497960959e-01 1.156598329544067383e-03 1.153826713562011719e-03 1.147091388702392578e-03 1.162618398666381836e-03 1.165032386779785156e-03 1.173824071884155273e-03 1.149147748947143555e-03 1.173645257949829102e-03 1.176655292510986328e-03 1.179069280624389648e-03
8.059179197351840074e-01 -1.155674457550048828e-03 -1.148998737335205078e-03 -1.168876886367797852e-03 -1.162618398666381836e-03 -1.164406538009643555e-03 -1.169055700302124023e-03 -1.187473535537719727e-03 -1.165837049484252930e-03 -1.174658536911010742e-03 -1.172423362731933594e-03
8.123706817205719188e-01 -8.220374584197998047e-04 -8.361637592315673828e-04 -8.255243301391601562e-04 -8.097290992736816406e-04 -8.381009101867675781e-04 -8.176863193511962891e-04 -8.347332477569580078e-04 -8.327662944793701172e-04 -8.629858493804931641e-04 -8.661150932312011719e-04
8.188234437059598303e-01 1.379072666168212891e-03 1.396864652633666992e-03 1.384973526000976562e-03 1.390576362609863281e-03 1.387894153594970703e-03 1.393407583236694336e-03 1.398652791976928711e-03 1.384168863296508789e-03 1.390218734741210938e-03 1.375824213027954102e-03
8.252762056913477418e-01 -1.291364431381225586e-03 -1.277893781661987305e-03 -1.289993524551391602e-03 -1.289993524551391602e-03 -1.284360885620117188e-03 -1.289963722229003906e-03 -1.276165246963500977e-03 -1.294016838073730469e-03 -1.279383897781372070e-03 -1.288354396820068359e-03
8.317289676767356532e-01 -1.303851604461669922e-04 -1.333057880401611328e-04 -1.147389411926269531e-04 -1.355409622192382812e-04 -1.477301120758056641e-04 -1.265406608581542969e-04 -1.262724399566650391e-04 -1.372694969177246094e-04 -1.302659511566162109e-04 -1.291334629058837891e-04
8.381817296621235647e-01 9.806752204895019531e-04 9.907186031341552734e-04 9.918212890625000000e-04 9.908974170684814453e-04 9.827017784118652344e-04 9.804666042327880859e-04 9.850263595581054688e-04 9.797811508178710938e-04 9.776651859283447266e-04 9.835064411163330078e-04
8.446344916475114761e-01 -5.958080291748046875e-04 -5.947351455688476562e-04 -5.930662155151367188e-04 -5.972385406494140625e-04 -6.010830402374267578e-04 -5.901455879211425781e-04 -5.988180637359619141e-04 -6.029903888702392578e-04 -5.891025066375732422e-04 -5.922317504882812500e-04
8.510872536328993876e-01 3.640949726104736328e-04 3.836154937744140625e-04 3.850162029266357422e-04 3.600716590881347656e-04 3.749728202819824219e-04 3.805458545684814453e-04 3.689229488372802734e-04 3.740191459655761719e-04 3.803372383117675781e-04 3.702342510223388672e-04
8.575400156182872990e-01 1.788139343261718750e-06 -1.400709152221679688e-06 -7.063150405883789062e-06 -1.430511474609375000e-06 6.020069122314453125e-06 -6.258487701416015625e-07 -2.086162567138671875e-07 -4.798173904418945312e-06 1.266598701477050781e-05 1.329183578491210938e-05
8.639927776036752105e-01 -4.397928714752197266e-04 -4.331767559051513672e-04 -4.365742206573486328e-04 -4.345178604125976562e-04 -4.327297210693359375e-04 -4.206895828247070312e-04 -4.206895828247070312e-04 -4.335045814514160156e-04 -4.080235958099365234e-04 -4.205107688903808594e-04
8.704455395890630109e-01 -5.364418029785156250e-06 7.659196853637695312e-06 9.238719940185546875e-07 -4.142522811889648438e-06 9.298324584960937500e-06 -3.874301910400390625e-06 -3.844499588012695312e-06 5.960464477539062500e-08 9.357929229736328125e-06 7.748603820800781250e-06
8.768983015744509224e-01 2.154707908630371094e-05 1.099705696105957031e-05 2.717971801757812500e-05 4.887580871582031250e-06 6.288290023803710938e-06 1.543760299682617188e-05 9.566545486450195312e-06 2.235174179077148438e-05 1.406669616699218750e-05 2.089142799377441406e-05
8.833510635598388339e-01 1.907348632812500000e-04 2.137720584869384766e-04 2.124905586242675781e-04 2.050101757049560547e-04 2.136528491973876953e-04 2.139210700988769531e-04 2.091228961944580078e-04 2.031922340393066406e-04 2.135932445526123047e-04 2.078413963317871094e-04
8.898038255452267453e-01 -6.774067878723144531e-05 -6.261467933654785156e-05 -6.741285324096679688e-05 -7.089972496032714844e-05 -5.644559860229492188e-05 -6.246566772460937500e-05 -5.671381950378417969e-05 -5.725026130676269531e-05 -4.777312278747558594e-05 -6.186962127685546875e-05
8.962565875306146568e-01 1.788139343261718750e-05 8.344650268554687500e-06 2.652406692504882812e-06 1.817941665649414062e-05 2.551078796386718750e-05 1.126527786254882812e-05 1.955032348632812500e-05 8.493661880493164062e-06 1.728534698486328125e-05 1.496076583862304688e-05
9.027093495160025682e-01 -4.255771636962890625e-05 -4.786252975463867188e-05 -5.364418029785156250e-05 -6.324052810668945312e-05 -4.807114601135253906e-05 -4.786252975463867188e-05 -5.805492401123046875e-05 -4.500150680541992188e-05 -5.078315734863281250e-05 -4.833936691284179688e-05
9.091621115013904797e-01 -6.628036499023437500e-05 -6.642937660217285156e-05 -6.261467933654785156e-05 -6.213784217834472656e-05 -6.482005119323730469e-05 -5.543231964111328125e-05 -6.392598152160644531e-05 -5.871057510375976562e-05 -7.987022399902343750e-05 -6.535649299621582031e-05
9.156148734867783912e-01 3.497600555419921875e-04 3.575086593627929688e-04 3.559291362762451172e-04 3.559291362762451172e-04 3.447532653808593750e-04 3.454089164733886719e-04 3.556311130523681641e-04 3.579854965209960938e-04 3.629028797149658203e-04 3.521144390106201172e-04
9.220676354721663026e-01 -3.714263439178466797e-04 -3.645122051239013672e-04 -3.729462623596191406e-04 -3.695785999298095703e-04 -3.736615180969238281e-04 -3.708600997924804688e-04 -3.760755062103271484e-04 -3.698766231536865234e-04 -3.780126571655273438e-04 -3.650486469268798828e-04
9.285203974575542141e-01 4.446506500244140625e-05 3.799796104431152344e-05 3.764033317565917969e-05 4.574656486511230469e-05 2.986192703247070312e-05 4.005432128906250000e-05 4.565715789794921875e-05 3.480911254882812500e-05 4.646182060241699219e-05 4.380941390991210938e-05
9.349731594429421255e-01 2.366900444030761719e-04 2.470016479492187500e-04 2.466440200805664062e-04 2.412497997283935547e-04 2.491772174835205078e-04 2.515316009521484375e-04 2.567172050476074219e-04 2.357065677642822266e-04 2.402961254119873047e-04 2.350807189941406250e-04
9.414259214283300370e-01 -3.538429737091064453e-04 -3.697574138641357422e-04 -3.664791584014892578e-04 -3.580749034881591797e-04 -3.568828105926513672e-04 -3.609657287597656250e-04 -3.562271595001220703e-04 -3.647506237030029297e-04 -3.553628921508789062e-04 -3.654658794403076172e-04
9.478786834137179484e-01 3.730356693267822266e-04 3.547370433807373047e-04 3.609955310821533203e-04 3.714561462402343750e-04 3.604292869567871094e-04 3.676712512969970703e-04 3.757774829864501953e-04 3.581643104553222656e-04 3.761649131774902344e-04 3.744363784790039062e-04
9.543314453991058599e-01 -6.669759750366210938e-05 -5.960464477539062500e-05 -4.735589027404785156e-05 -7.322430610656738281e-05 -4.735589027404785156e-05 -6.321072578430175781e-05 -6.651878356933593750e-05 -6.142258644104003906e-05 -6.422400474548339844e-05 -5.871057510375976562e-05
9.607842073844936603e-01 -3.176033496856689453e-04 -3.121197223663330078e-04 -3.190338611602783203e-04 -3.054141998291015625e-04 -3.166794776916503906e-04 -3.183484077453613281e-04 -3.179311752319335938e-04 -3.134310245513916016e-04 -3.117918968200683594e-04 -3.072321414947509766e-04
9.672369693698815718e-01 2.833902835845947266e-04 2.757906913757324219e-04 2.756714820861816406e-04 2.782046794891357422e-04 2.757906913757324219e-04 2.722740173339843750e-04 2.776980400085449219e-04 2.781152725219726562e-04 2.811849117279052734e-04 2.805590629577636719e-04
9.736897313552694833e-01 -1.482665538787841797e-04 -1.473724842071533203e-04 -1.411437988281250000e-04 -1.516044139862060547e-04 -1.484155654907226562e-04 -1.472830772399902344e-04 -1.493990421295166016e-04 -1.465380191802978516e-04 -1.581013202667236328e-04 -1.508891582489013672e-04
9.801424933406573947e-01 8.165836334228515625e-06 6.705522537231445312e-06 1.001358032226562500e-05 9.059906005859375000e-06 9.298324584960937500e-06 9.894371032714843750e-06 -9.655952453613281250e-06 5.960464477539062500e-06 1.293420791625976562e-05 1.636147499084472656e-05
9.865952553260453062e-01 1.552402973175048828e-04 1.547634601593017578e-04 1.543760299682617188e-04 1.621544361114501953e-04 1.752078533172607422e-04 1.597106456756591797e-04 1.579821109771728516e-04 1.674294471740722656e-04 1.640915870666503906e-04 1.623332500457763672e-04
9.930480173114332176e-01 -1.955926418304443359e-04 -1.978874206542968750e-04 -1.991391181945800781e-04 -1.970231533050537109e-04 -2.013444900512695312e-04 -1.953840255737304688e-04 -1.958012580871582031e-04 -2.012848854064941406e-04 -1.963376998901367188e-04 -1.978278160095214844e-04
9.995007792968211291e-01 9.268522262573242188e-05 8.448958396911621094e-05 8.800625801086425781e-05 8.389353752136230469e-05 8.633732795715332031e-05 8.851289749145507812e-05 8.442997932434082031e-05 8.535385131835937500e-05 8.401274681091308594e-05 7.829070091247558594e-05
1.005953541282209152e+00 3.099441528320312500e-05 4.568696022033691406e-05 4.047155380249023438e-05 4.196166992187500000e-05 4.532933235168457031e-05 3.698468208312988281e-05 3.910064697265625000e-05 3.752112388610839844e-05 4.884600639343261719e-05 5.096197128295898438e-05
1.012406303267596952e+00 -2.935528755187988281e-05 -3.528594970703125000e-05 -3.358721733093261719e-05 -3.069639205932617188e-05 -2.604722976684570312e-05 -3.090500831604003906e-05 -3.203749656677246094e-05 -2.738833427429199219e-05 -2.154707908630371094e-05 -2.610683441162109375e-05
1.018859065252984752e+00 8.925795555114746094e-05 9.134411811828613281e-05 8.460879325866699219e-05 8.958578109741210938e-05 8.353590965270996094e-05 8.380413055419921875e-05 9.113550186157226562e-05 9.021162986755371094e-05 9.188055992126464844e-05 9.649991989135742188e-05
1.025311827238372775e+00 -8.305907249450683594e-05 -8.216500282287597656e-05 -7.757544517517089844e-05 -7.343292236328125000e-05 -7.173418998718261719e-05 -8.782744407653808594e-05 -8.475780487060546875e-05 -7.778406143188476562e-05 -8.919835090637207031e-05 -8.666515350341796875e-05
1.031764589223760797e+00 -9.238719940185546875e-07 1.788139343261718750e-07 1.010298728942871094e-05 -5.185604095458984375e-06 -6.139278411865234375e-06 1.788139343261718750e-06 -4.291534423828125000e-06 3.367662429809570312e-06 -9.804964065551757812e-06 1.099705696105957031e-05
1.038217351209148598e+00 9.506940841674804688e-05 7.537007331848144531e-05 9.214878082275390625e-05 8.478760719299316406e-05 8.997321128845214844e-05 8.764863014221191406e-05 9.009242057800292969e-05 8.824467658996582031e-05 7.951259613037109375e-05 7.519125938415527344e-05
1.044670113194536398e+00 -8.881092071533203125e-06 -1.341104507446289062e-06 -1.019239425659179688e-05 -1.287460327148437500e-05 -1.722574234008789062e-05 -1.284480094909667969e-05 -1.195073127746582031e-05 -1.066923141479492188e-05 -1.206994056701660156e-05 -9.775161743164062500e-06
1.051122875179924421e+00 -5.835294723510742188e-05 -6.034970283508300781e-05 -4.389882087707519531e-05 -5.847215652465820312e-05 -6.249547004699707031e-05 -5.424022674560546875e-05 -6.511807441711425781e-05 -6.228685379028320312e-05 -6.079673767089843750e-05 -6.517767906188964844e-05
1.057575637165312221e+00 3.296136856079101562e-05 3.099441528320312500e-05 3.185868263244628906e-05 2.256035804748535156e-05 3.182888031005859375e-05 3.370642662048339844e-05 3.385543823242187500e-05 4.002451896667480469e-05 2.181529998779296875e-05 2.744793891906738281e-05
1.064028399150700022e+00 3.263354301452636719e-05 3.352761268615722656e-05 3.105401992797851562e-05 3.296136856079101562e-05 3.689527511596679688e-05 3.790855407714843750e-05 3.141164779663085938e-05 3.138184547424316406e-05 3.188848495483398438e-05 4.056096076965332031e-05
1.070481161136088044e+00 1.780986785888671875e-04 1.845955848693847656e-04 1.889467239379882812e-04 1.813769340515136719e-04 1.775622367858886719e-04 1.945197582244873047e-04 1.817643642425537109e-04 1.845359802246093750e-04 1.760721206665039062e-04 1.769959926605224609e-04
1.076933923121476067e+00 -5.602836608886718750e-06 -3.188848495483398438e-06 -7.063150405883789062e-06 -1.075863838195800781e-05 -9.238719940185546875e-07 6.288290023803710938e-06 -8.314847946166992188e-06 -8.940696716308593750e-06 -1.540780067443847656e-05 -1.639127731323242188e-06
1.083386685106863867e+00 -1.142919063568115234e-04 -9.793043136596679688e-05 -1.008510589599609375e-04 -1.059174537658691406e-04 -9.891390800476074219e-05 -1.115798950195312500e-04 -1.060068607330322266e-04 -1.087188720703125000e-04 -9.885430335998535156e-05 -9.381771087646484375e-05
1.089839447092251667e+00 -1.102983951568603516e-04 -9.909272193908691406e-05 -9.128451347351074219e-05 -1.056790351867675781e-04 -1.063346862792968750e-04 -9.807944297790527344e-05 -9.959936141967773438e-05 -1.051127910614013672e-04 -1.118779182434082031e-04 -1.089274883270263672e-04
1.096292209077639690e+00 1.099407672882080078e-04 1.209974288940429688e-04 1.155138015747070312e-04 1.230537891387939453e-04 1.072883605957031250e-04 1.199841499328613281e-04 1.120567321777343750e-04 1.119375228881835938e-04 1.065433025360107422e-04 1.042485237121582031e-04
1.102744971063027712e+00 4.774332046508789062e-05 5.766749382019042969e-05 5.209445953369140625e-05 5.418062210083007812e-05 4.512071609497070312e-05 5.045533180236816406e-05 5.245208740234375000e-05 6.079673767089843750e-05 6.014108657836914062e-05 5.081295967102050781e-05
1.109197733048415513e+00 -1.636743545532226562e-04 -1.699328422546386719e-04 -1.696944236755371094e-04 -1.576840877532958984e-04 -1.720488071441650391e-04 -1.623928546905517578e-04 -1.660585403442382812e-04 -1.731216907501220703e-04 -1.429617404937744141e-04 -1.788437366485595703e-04
1.115650495033803313e+00 3.124773502349853516e-04 3.229677677154541016e-04 3.132820129394531250e-04 3.146231174468994141e-04 3.127157688140869141e-04 3.125369548797607422e-04 3.200769424438476562e-04 3.185272216796875000e-04 3.182590007781982422e-04 3.302693367004394531e-04
1.122103257019191336e+00 -1.479387283325195312e-04 -1.474916934967041016e-04 -1.634359359741210938e-04 -1.581609249114990234e-04 -1.494884490966796875e-04 -1.443028450012207031e-04 -1.509785652160644531e-04 -1.588463783264160156e-04 -1.350939273834228516e-04 -1.492202281951904297e-04
1.128556019004579358e+00 -1.266002655029296875e-04 -1.399517059326171875e-04 -1.282393932342529297e-04 -1.278221607208251953e-04 -1.336932182312011719e-04 -1.346766948699951172e-04 -1.143515110015869141e-04 -1.273453235626220703e-04 -1.259744167327880859e-04 -1.294612884521484375e-04
1.135008780989967159e+00 4.643797874450683594e-04 4.557073116302490234e-04 4.670917987823486328e-04 4.513859748840332031e-04 4.529953002929687500e-04 4.703402519226074219e-04 4.581809043884277344e-04 4.609227180480957031e-04 4.585087299346923828e-04 4.569292068481445312e-04
1.141461542975354959e+00 -3.424286842346191406e-04 -3.403425216674804688e-04 -3.531873226165771484e-04 -3.499388694763183594e-04 -3.278255462646484375e-04 -3.466308116912841797e-04 -3.302693367004394531e-04 -3.451108932495117188e-04 -3.359913825988769531e-04 -3.450512886047363281e-04
1.147914304960742982e+00 7.617473602294921875e-05 7.787346839904785156e-05 8.121132850646972656e-05 7.310509681701660156e-05 7.772445678710937500e-05 8.773803710937500000e-05 9.274482727050781250e-05 8.344650268554687500e-05 7.966160774230957031e-05 8.797645568847656250e-05
1.154367066946130782e+00 1.810789108276367188e-04 1.803934574127197266e-04 1.690387725830078125e-04 1.734197139739990234e-04 1.795589923858642578e-04 1.694858074188232422e-04 1.659989356994628906e-04 1.780092716217041016e-04 1.762807369232177734e-04 1.685023307800292969e-04
1.160819828931518582e+00 -4.624724388122558594e-04 -4.359781742095947266e-04 -4.470050334930419922e-04 -4.395842552185058594e-04 -4.471838474273681641e-04 -4.374682903289794922e-04 -4.357397556304931641e-04 -4.391372203826904297e-04 -4.435181617736816406e-04 -4.414618015289306641e-04
1.167272590916906605e+00 3.574788570404052734e-04 3.564357757568359375e-04 3.752708435058593750e-04 3.749728202819824219e-04 3.605782985687255859e-04 3.739297389984130859e-04 3.741681575775146484e-04 3.712475299835205078e-04 3.715455532073974609e-04 3.750622272491455078e-04
1.173725352902294627e+00 -4.762411117553710938e-05 -5.206465721130371094e-05 -4.786252975463867188e-05 -5.206465721130371094e-05 -4.455447196960449219e-05 -5.343556404113769531e-05 -4.804134368896484375e-05 -4.518032073974609375e-05 -5.653500556945800781e-05 -4.926323890686035156e-05
1.180178114887682428e+00 -3.688037395477294922e-04 -3.678202629089355469e-04 -3.722310066223144531e-04 -3.648996353149414062e-04 -3.635287284851074219e-04 -3.668665885925292969e-04 -3.617703914642333984e-04 -3.612041473388671875e-04 -3.626942634582519531e-04 -3.571808338165283203e-04
1.186630876873070450e+00 5.918145179748535156e-04 5.940496921539306641e-04 5.907714366912841797e-04 5.852878093719482422e-04 5.826652050018310547e-04 5.816519260406494141e-04 5.791187286376953125e-04 5.818307399749755859e-04 5.876421928405761719e-04 5.847215652465820312e-04
1.193083638858458251e+00 -4.256069660186767578e-04 -4.218220710754394531e-04 -4.275143146514892578e-04 -4.255175590515136719e-04 -4.233717918395996094e-04 -4.175305366516113281e-04 -4.189610481262207031e-04 -4.259347915649414062e-04 -4.090964794158935547e-04 -4.129409790039062500e-04
1.199536400843846051e+00 -5.030632019042968750e-05 -5.179643630981445312e-05 -3.811717033386230469e-05 -4.810094833374023438e-05 -5.140900611877441406e-05 -3.069639205932617188e-05 -4.652142524719238281e-05 -4.482269287109375000e-05 -4.246830940246582031e-05 -4.383921623229980469e-05
1.205989162829234074e+00 4.637241363525390625e-04 4.565417766571044922e-04 4.485547542572021484e-04 4.451274871826171875e-04 4.498064517974853516e-04 4.497766494750976562e-04 4.541873931884765625e-04 4.574358463287353516e-04 4.602372646331787109e-04 4.376471042633056641e-04
1.212441924814621874e+00 -5.732476711273193359e-04 -5.774199962615966797e-04 -5.729198455810546875e-04 -5.771219730377197266e-04 -5.910694599151611328e-04 -5.931854248046875000e-04 -5.689859390258789062e-04 -5.889832973480224609e-04 -5.855262279510498047e-04 -5.868077278137207031e-04
1.218894686800009897e+00 2.778470516204833984e-04 2.771019935607910156e-04 2.930164337158203125e-04 2.905428409576416016e-04 2.929270267486572266e-04 2.892017364501953125e-04 2.821981906890869141e-04 2.923011779785156250e-04 2.856850624084472656e-04 2.883970737457275391e-04
1.225347448785397697e+00 1.133382320404052734e-04 1.162290573120117188e-04 1.178085803985595703e-04 1.084506511688232422e-04 1.167654991149902344e-04 1.154541969299316406e-04 1.168847084045410156e-04 1.043975353240966797e-04 1.099109649658203125e-04 1.077353954315185547e-04
1.231800210770785720e+00 -3.566145896911621094e-04 -3.689527511596679688e-04 -3.510117530822753906e-04 -3.582239151000976562e-04 -3.672540187835693359e-04 -3.629624843597412109e-04 -3.462731838226318359e-04 -3.407299518585205078e-04 -3.361403942108154297e-04 -3.534257411956787109e-04
1.238252972756173520e+00 4.511475563049316406e-04 4.483461380004882812e-04 4.384517669677734375e-04 4.586577415466308594e-04 4.533231258392333984e-04 4.447698593139648438e-04 4.514753818511962891e-04 4.519820213317871094e-04 4.450082778930664062e-04 4.326999187469482422e-04
1.244705734741561542e+00 -2.197027206420898438e-04 -2.114772796630859375e-04 -2.196729183197021484e-04 -2.155303955078125000e-04 -2.144575119018554688e-04 -2.161264419555664062e-04 -2.121329307556152344e-04 -2.133548259735107422e-04 -2.133250236511230469e-04 -2.166628837585449219e-04
1.251158496726949343e+00 -9.229779243469238281e-05 -1.105368137359619141e-04 -1.032054424285888672e-04 -1.020729541778564453e-04 -1.050829887390136719e-04 -9.226799011230468750e-05 -9.763240814208984375e-05 -9.918212890625000000e-05 -1.028776168823242188e-04 -9.077787399291992188e-05
1.257611258712337365e+00 3.359019756317138672e-04 3.303587436676025391e-04 3.375709056854248047e-04 3.213584423065185547e-04 3.290474414825439453e-04 3.438293933868408203e-04 3.364086151123046875e-04 3.321766853332519531e-04 3.290474414825439453e-04 3.382265567779541016e-04
1.264064020697725166e+00 -3.144443035125732422e-04 -3.058314323425292969e-04 -3.076791763305664062e-04 -3.112256526947021484e-04 -3.143846988677978516e-04 -3.160238265991210938e-04 -3.122091293334960938e-04 -3.191828727722167969e-04 -3.087520599365234375e-04 -3.196597099304199219e-04
1.270516782683113188e+00 1.295208930969238281e-04 1.221001148223876953e-04 1.281499862670898438e-04 1.248419284820556641e-04 1.332163810729980469e-04 1.441240310668945312e-04 1.344680786132812500e-04 1.367032527923583984e-04 1.317262649536132812e-04 1.299381256103515625e-04
1.276969544668500989e+00 1.240670680999755859e-04 1.105964183807373047e-04 1.260340213775634766e-04 1.233816146850585938e-04 1.355111598968505859e-04 1.305937767028808594e-04 1.337826251983642578e-04 1.260042190551757812e-04 1.152157783508300781e-04 1.232028007507324219e-04
1.283422306653888789e+00 -2.174675464630126953e-04 -2.295970916748046875e-04 -2.239346504211425781e-04 -2.249181270599365234e-04 -2.342760562896728516e-04 -2.292990684509277344e-04 -2.336502075195312500e-04 -2.259910106658935547e-04 -2.228617668151855469e-04 -2.332925796508789062e-04
1.289875068639276812e+00 2.044141292572021484e-04 2.178251743316650391e-04 2.068281173706054688e-04 2.106726169586181641e-04 2.105832099914550781e-04 2.183318138122558594e-04 2.152919769287109375e-04 2.090632915496826172e-04 2.132058143615722656e-04 2.101063728332519531e-04
1.296327830624664612e+00 -1.788139343261718750e-06 -1.510977745056152344e-05 -2.980232238769531250e-08 -1.996755599975585938e-06 1.192092895507812500e-07 -4.917383193969726562e-06 -1.251697540283203125e-05 -8.910894393920898438e-06 -6.973743438720703125e-06 -1.043081283569335938e-05
1.302780592610052635e+00 -1.525878906250000000e-04 -1.490712165832519531e-04 -1.504719257354736328e-04 -1.423060894012451172e-04 -1.521408557891845703e-04 -1.472532749176025391e-04 -1.517832279205322266e-04 -1.541078090667724609e-04 -1.528561115264892578e-04 -1.570284366607666016e-04
1.309233354595440435e+00 2.019107341766357422e-04 1.897513866424560547e-04 1.834332942962646484e-04 1.810193061828613281e-04 1.884996891021728516e-04 1.878142356872558594e-04 1.853108406066894531e-04 1.904070377349853516e-04 1.830458641052246094e-04 1.809597015380859375e-04
1.315686116580828458e+00 -4.485249519348144531e-05 -3.218650817871093750e-05 -3.713369369506835938e-05 -3.796815872192382812e-05 -4.810094833374023438e-05 -3.963708877563476562e-05 -4.169344902038574219e-05 -4.330277442932128906e-05 -4.211068153381347656e-05 -3.165006637573242188e-05
1.322138878566216258e+00 -8.627772331237792969e-05 -8.055567741394042969e-05 -6.848573684692382812e-05 -7.730722427368164062e-05 -8.237361907958984375e-05 -7.838010787963867188e-05 -8.291006088256835938e-05 -7.495284080505371094e-05 -7.203221321105957031e-05 -8.288025856018066406e-05
1.328591640551604280e+00 1.554191112518310547e-04 1.430511474609375000e-04 1.439154148101806641e-04 1.545548439025878906e-04 1.480877399444580078e-04 1.484453678131103516e-04 1.553297042846679688e-04 1.364350318908691406e-04 1.460909843444824219e-04 1.517832279205322266e-04
1.335044402536992081e+00 -1.260638236999511719e-04 -1.417696475982666016e-04 -1.333653926849365234e-04 -1.327395439147949219e-04 -1.158714294433593750e-04 -1.261830329895019531e-04 -1.277923583984375000e-04 -1.282691955566406250e-04 -1.300275325775146484e-04 -1.319050788879394531e-04
1.341497164522380103e+00 -5.564093589782714844e-05 -6.216764450073242188e-05 -3.388524055480957031e-05 -5.060434341430664062e-05 -5.537271499633789062e-05 -4.181265830993652344e-05 -4.592537879943847656e-05 -4.863739013671875000e-05 -5.534291267395019531e-05 -5.275011062622070312e-05
1.347949926507767904e+00 1.700222492218017578e-04 1.605749130249023438e-04 1.673400402069091797e-04 1.673698425292968750e-04 1.740753650665283203e-04 1.727938652038574219e-04 1.735389232635498047e-04 1.734793186187744141e-04 1.620948314666748047e-04 1.617074012756347656e-04
1.354402688493155926e+00 -1.441836357116699219e-04 -1.173913478851318359e-04 -1.164972782135009766e-04 -1.334846019744873047e-04 -1.247227191925048828e-04 -1.351833343505859375e-04 -1.274049282073974609e-04 -1.224279403686523438e-04 -1.349151134490966797e-04 -1.303255558013916016e-04
1.360855450478543727e+00 -1.642107963562011719e-05 -1.218914985656738281e-05 -1.445412635803222656e-05 -1.791119575500488281e-05 -2.545118331909179688e-05 -7.539987564086914062e-06 -2.315640449523925781e-05 -2.312660217285156250e-05 -1.966953277587890625e-05 -2.095103263854980469e-05
1.367308212463931749e+00 8.982419967651367188e-05 9.006261825561523438e-05 8.821487426757812500e-05 8.782744407653808594e-05 8.925795555114746094e-05 9.122490882873535156e-05 9.113550186157226562e-05 8.559226989746093750e-05 8.478760719299316406e-05 9.018182754516601562e-05
1.373760974449319550e+00 -1.360774040222167969e-04 -1.270174980163574219e-04 -1.345574855804443359e-04 -1.372396945953369141e-04 -1.253783702850341797e-04 -1.444220542907714844e-04 -1.412928104400634766e-04 -1.454353332519531250e-04 -1.375675201416015625e-04 -1.484155654907226562e-04
1.380213736434707350e+00 -4.768371582031250000e-07 8.761882781982421875e-06 1.576542854309082031e-05 7.897615432739257812e-06 1.034140586853027344e-05 1.794099807739257812e-05 3.427267074584960938e-06 1.510977745056152344e-05 8.732080459594726562e-06 1.886487007141113281e-05
1.386666498420095373e+00 1.892447471618652344e-05 2.616643905639648438e-05 1.317262649536132812e-05 1.269578933715820312e-05 1.609325408935546875e-05 1.969933509826660156e-05 1.850724220275878906e-05 3.167986869812011719e-05 1.156330108642578125e-05 1.338124275207519531e-05
1.393119260405483173e+00 -6.711483001708984375e-05 -7.292628288269042969e-05 -7.352232933044433594e-05 -6.344914436340332031e-05 -6.973743438720703125e-05 -7.212162017822265625e-05 -5.996227264404296875e-05 -6.774067878723144531e-05 -6.535649299621582031e-05 -6.571412086486816406e-05
1.399572022390871195e+00 9.050965309143066406e-05 9.047985076904296875e-05 1.009702682495117188e-04 1.042187213897705078e-04 1.021027565002441406e-04 9.971857070922851562e-05 8.863210678100585938e-05 9.912252426147460938e-05 9.861588478088378906e-05 8.177757263183593750e-05
1.406024784376258996e+00 4.768371582031250000e-07 -5.245208740234375000e-06 1.072883605957031250e-06 2.354383468627929688e-06 4.529953002929687500e-06 -1.192092895507812500e-06 1.433491706848144531e-05 -5.185604095458984375e-06 -7.748603820800781250e-07 1.022219657897949219e-05
1.412477546361647018e+00 -2.576708793640136719e-04 -2.529323101043701172e-04 -2.542436122894287109e-04 -2.395808696746826172e-04 -2.458691596984863281e-04 -2.540946006774902344e-04 -2.483129501342773438e-04 -2.539753913879394531e-04 -2.372264862060546875e-04 -2.462267875671386719e-04
1.418930308347034819e+00 1.531243324279785156e-04 1.642405986785888672e-04 1.478195190429687500e-04 1.590251922607421875e-04 1.505017280578613281e-04 1.673102378845214844e-04 1.528561115264892578e-04 1.580417156219482422e-04 1.638829708099365234e-04 1.560747623443603516e-04
1.425383070332422841e+00 -8.603930473327636719e-05 -8.156895637512207031e-05 -8.460879325866699219e-05 -8.338689804077148438e-05 -8.901953697204589844e-05 -9.116530418395996094e-05 -7.551908493041992188e-05 -8.416175842285156250e-05 -8.869171142578125000e-05 -8.583068847656250000e-05
1.431835832317810642e+00 -1.925230026245117188e-05 -2.694129943847656250e-05 -2.145767211914062500e-05 -1.153349876403808594e-05 -2.282857894897460938e-05 -1.537799835205078125e-05 -2.068281173706054688e-05 -2.110004425048828125e-05 -3.492832183837890625e-05 -3.367662429809570312e-05
1.438288594303198664e+00 5.984306335449218750e-05 6.937980651855468750e-05 5.334615707397460938e-05 5.209445953369140625e-05 6.210803985595703125e-05 6.735324859619140625e-05 6.517767906188964844e-05 5.745887756347656250e-05 6.484985351562500000e-05 5.286931991577148438e-05
1.444741356288586465e+00 -1.094639301300048828e-04 -1.141726970672607422e-04 -1.148283481597900391e-04 -1.177489757537841797e-04 -1.180469989776611328e-04 -1.116096973419189453e-04 -1.178085803985595703e-04 -1.124143600463867188e-04 -1.196861267089843750e-04 -1.197457313537597656e-04
1.451194118273974487e+00 3.015995025634765625e-05 2.813339233398437500e-05 3.808736801147460938e-05 2.470612525939941406e-05 3.111362457275390625e-05 3.668665885925292969e-05 2.622604370117187500e-05 3.582239151000976562e-05 3.844499588012695312e-05 2.312660217285156250e-05
1.457646880259362288e+00 1.697540283203125000e-04 1.739859580993652344e-04 1.712739467620849609e-04 1.831650733947753906e-04 1.691877841949462891e-04 1.769363880157470703e-04 1.802146434783935547e-04 1.711547374725341797e-04 1.795291900634765625e-04 1.700520515441894531e-04
1.464099642244750310e+00 -4.950165748596191406e-05 -4.386901855468750000e-05 -4.941225051879882812e-05 -5.018711090087890625e-05 -4.658102989196777344e-05 -5.525350570678710938e-05 -5.447864532470703125e-05 -5.477666854858398438e-05 -4.559755325317382812e-05 -4.512071609497070312e-05
1.470552404230138110e+00 -1.475214958190917969e-05 -1.311302185058593750e-05 -1.692771911621093750e-05 -1.212954521179199219e-05 -2.300739288330078125e-05 -2.169609069824218750e-05 -1.567602157592773438e-05 -1.791119575500488281e-05 -1.332163810729980469e-05 -1.439452171325683594e-05
1.477005166215525911e+00 5.331635475158691406e-05 3.522634506225585938e-05 4.333257675170898438e-05 4.372000694274902344e-05 4.386901855468750000e-05 4.056096076965332031e-05 3.576278686523437500e-05 4.214048385620117188e-05 5.203485488891601562e-05 5.051493644714355469e-05
1.483457928200913933e+00 -1.081526279449462891e-04 -1.066625118255615234e-04 -1.174509525299072266e-04 -1.036226749420166016e-04 -1.125931739807128906e-04 -1.116096973419189453e-04 -1.021325588226318359e-04 -1.065731048583984375e-04 -1.067519187927246094e-04 -1.091957092285156250e-04
1.489910690186301734e+00 8.359551429748535156e-05 8.141994476318359375e-05 8.067488670349121094e-05 8.067488670349121094e-05 7.849931716918945312e-05 7.760524749755859375e-05 8.621811866760253906e-05 8.115172386169433594e-05 8.308887481689453125e-05 8.323788642883300781e-05
1.496363452171689756e+00 4.705786705017089844e-05 4.151463508605957031e-05 5.570054054260253906e-05 5.096197128295898438e-05 4.410743713378906250e-05 4.392862319946289062e-05 4.422664642333984375e-05 4.470348358154296875e-05 3.930926322937011719e-05 5.972385406494140625e-05
1.502816214157077557e+00 -6.511807441711425781e-05 -6.446242332458496094e-05 -6.178021430969238281e-05 -6.550550460815429688e-05 -5.021691322326660156e-05 -5.331635475158691406e-05 -6.586313247680664062e-05 -6.374716758728027344e-05 -6.029009819030761719e-05 -5.415081977844238281e-05
1.509268976142465579e+00 4.547834396362304688e-05 3.173947334289550781e-05 3.662705421447753906e-05 4.354119300842285156e-05 3.552436828613281250e-05 3.656744956970214844e-05 5.146861076354980469e-05 3.418326377868652344e-05 5.000829696655273438e-05 4.944205284118652344e-05
1.515721738127853380e+00 8.165836334228515625e-06 -9.536743164062500000e-07 2.235174179077148438e-06 2.443790435791015625e-06 2.413988113403320312e-06 1.212954521179199219e-05 1.817941665649414062e-06 3.993511199951171875e-06 -7.152557373046875000e-07 -1.311302185058593750e-06
1.522174500113241402e+00 -4.234910011291503906e-05 -5.275011062622070312e-05 -3.549456596374511719e-05 -2.932548522949218750e-05 -3.522634506225585938e-05 -4.458427429199218750e-05 -4.303455352783203125e-05 -3.755092620849609375e-05 -3.901124000549316406e-05 -4.079937934875488281e-05
1.528627262098629203e+00 7.116794586181640625e-05 7.027387619018554688e-05 7.957220077514648438e-05 8.904933929443359375e-05 7.775425910949707031e-05 6.926059722900390625e-05 7.367134094238281250e-05 6.508827209472656250e-05 8.320808410644531250e-05 7.173418998718261719e-05
1.535080024084017225e+00 -6.568431854248046875e-05 -5.257129669189453125e-05 -6.368756294250488281e-05 -7.113814353942871094e-05 -6.860494613647460938e-05 -6.097555160522460938e-05 -7.227063179016113281e-05 -5.862116813659667969e-05 -6.255507469177246094e-05 -6.166100502014160156e-05
1.541532786069405025e+00 -3.093481063842773438e-05 -2.625584602355957031e-05 -2.396106719970703125e-05 -2.899765968322753906e-05 -3.519654273986816406e-05 -3.021955490112304688e-05 -2.893805503845214844e-05 -3.078579902648925781e-05 -2.825260162353515625e-05 -2.416968345642089844e-05
1.547985548054793048e+00 8.401274681091308594e-05 8.863210678100585938e-05 8.851289749145507812e-05 8.848309516906738281e-05 8.541345596313476562e-05 8.252263069152832031e-05 9.420514106750488281e-05 8.639693260192871094e-05 9.056925773620605469e-05 7.852911949157714844e-05
1.554438310040180848e+00 -5.292892456054687500e-05 -3.457069396972656250e-05 -4.386901855468750000e-05 -4.038214683532714844e-05 -5.483627319335937500e-05 -4.148483276367187500e-05 -5.027651786804199219e-05 -4.830956459045410156e-05 -4.786252975463867188e-05 -5.376338958740234375e-05
1.560891072025568649e+00 1.114606857299804688e-05 1.752376556396484375e-05 2.759695053100585938e-05 2.801418304443359375e-05 2.026557922363281250e-05 1.397728919982910156e-05 3.272294998168945312e-05 3.615021705627441406e-05 2.819299697875976562e-05 1.889467239379882812e-05
1.567343834010956671e+00 2.706050872802734375e-05 3.355741500854492188e-05 3.239512443542480469e-05 3.033876419067382812e-05 2.828240394592285156e-05 2.646446228027343750e-05 3.033876419067382812e-05 2.664327621459960938e-05 3.382563591003417969e-05 2.828240394592285156e-05
1.573796595996344472e+00 -5.573034286499023438e-05 -5.382299423217773438e-05 -5.108118057250976562e-05 -6.148219108581542969e-05 -4.446506500244140625e-05 -5.841255187988281250e-05 -5.215406417846679688e-05 -5.373358726501464844e-05 -4.959106445312500000e-05 -5.957484245300292969e-05
1.580249357981732494e+00 -9.417533874511718750e-06 -1.034140586853027344e-05 -7.897615432739257812e-06 -2.011656761169433594e-05 -1.299381256103515625e-05 -2.148747444152832031e-05 9.238719940185546875e-07 7.510185241699218750e-06 -4.410743713378906250e-06 -1.293420791625976562e-05
1.586702119967120295e+00 2.378225326538085938e-05 1.129508018493652344e-05 2.375245094299316406e-05 9.745359420776367188e-06 1.487135887145996094e-05 1.117587089538574219e-05 1.114606857299804688e-05 1.913309097290039062e-05 2.059340476989746094e-05 1.677870750427246094e-05
1.593154881952508317e+00 -1.609325408935546875e-05 -1.201033592224121094e-05 1.132488250732421875e-06 -8.136034011840820312e-06 -6.973743438720703125e-06 -1.710653305053710938e-05 -5.841255187988281250e-06 -1.460313796997070312e-06 -1.132488250732421875e-05 -6.258487701416015625e-06
1.599607643937896118e+00 3.266334533691406250e-05 1.266598701477050781e-05 1.600384712219238281e-05 1.007318496704101562e-05 1.290440559387207031e-05 2.560019493103027344e-05 1.704692840576171875e-05 2.110004425048828125e-05 1.069903373718261719e-05 1.361966133117675781e-05
1.606060405923284140e+00 1.519918441772460938e-05 1.108646392822265625e-05 9.655952453613281250e-06 4.619359970092773438e-06 1.472234725952148438e-05 8.106231689453125000e-06 1.177191734313964844e-05 6.049871444702148438e-06 2.035498619079589844e-05 7.361173629760742188e-06
1.612513167908671941e+00 -2.011656761169433594e-05 -2.112984657287597656e-05 -1.597404479980468750e-05 -1.272559165954589844e-05 -8.016824722290039062e-06 -1.484155654907226562e-05 -1.716613769531250000e-05 -1.543760299682617188e-05 -1.156330108642578125e-05 -1.716613769531250000e-05
1.618965929894059963e+00 3.218650817871093750e-06 6.467103958129882812e-06 -2.831220626831054688e-06 6.824731826782226562e-06 1.341104507446289062e-05 4.261732101440429688e-06 8.046627044677734375e-07 5.930662155151367188e-06 1.150369644165039062e-05 1.680850982666015625e-05
1.625418691879447763e+00 1.174211502075195312e-05 1.445412635803222656e-05 1.075863838195800781e-05 1.472234725952148438e-05 4.500150680541992188e-06 1.376867294311523438e-05 1.263618469238281250e-05 1.505017280578613281e-05 2.098083496093750000e-05 1.779198646545410156e-05
1.631871453864835786e+00 -1.987814903259277344e-05 -3.179907798767089844e-05 -2.187490463256835938e-05 -2.500414848327636719e-05 -1.597404479980468750e-05 -1.719594001770019531e-05 -1.737475395202636719e-05 -1.659989356994628906e-05 -2.980232238769531250e-07 -3.087520599365234375e-05
1.638324215850223586e+00 2.491474151611328125e-05 1.397728919982910156e-05 2.881884574890136719e-05 1.177191734313964844e-05 1.844763755798339844e-05 2.515316009521484375e-05 2.411007881164550781e-05 1.096725463867187500e-05 2.244114875793457031e-05 2.184510231018066406e-05
1.644776977835611609e+00 4.410743713378906250e-06 9.298324584960937500e-06 5.662441253662109375e-07 1.388788223266601562e-05 4.976987838745117188e-06 5.036592483520507812e-06 -5.751848220825195312e-06 9.894371032714843750e-06 8.046627044677734375e-06 1.195073127746582031e-05
1.651229739820999409e+00 1.361966133117675781e-05 1.007318496704101562e-05 1.516938209533691406e-05 1.877546310424804688e-06 6.437301635742187500e-06 1.841783523559570312e-05 1.290440559387207031e-05 9.059906005859375000e-06 3.546476364135742188e-06 8.940696716308593750e-07
1.657682501806387210e+00 3.612041473388671875e-05 3.409385681152343750e-05 3.397464752197265625e-05 4.374980926513671875e-05 2.214312553405761719e-05 4.717707633972167969e-05 2.565979957580566406e-05 3.585219383239746094e-05 3.439188003540039062e-05 4.112720489501953125e-05
1.664135263791775232e+00 5.960464477539062500e-07 1.215934753417968750e-05 1.391768455505371094e-05 -2.384185791015625000e-06 1.382827758789062500e-05 6.854534149169921875e-07 1.281499862670898438e-06 -1.621246337890625000e-05 -5.364418029785156250e-06 8.493661880493164062e-06
1.670588025777163033e+00 -3.242492675781250000e-05 -3.072619438171386719e-05 -3.135204315185546875e-05 -3.430247306823730469e-05 -2.309679985046386719e-05 -3.495812416076660156e-05 -2.849102020263671875e-05 -3.600120544433593750e-05 -3.120303153991699219e-05 -2.041459083557128906e-05
1.677040787762551055e+00 -4.586577415466308594e-05 -5.078315734863281250e-05 -3.781914710998535156e-05 -6.470084190368652344e-05 -6.142258644104003906e-05 -5.269050598144531250e-05 -5.760788917541503906e-05 -5.230307579040527344e-05 -6.279349327087402344e-05 -6.327033042907714844e-05
1.683493549747938856e+00 1.910328865051269531e-05 2.211332321166992188e-05 2.041459083557128906e-05 1.999735832214355469e-05 1.198053359985351562e-05 1.204013824462890625e-05 1.528859138488769531e-05 1.409649848937988281e-05 1.767277717590332031e-05 2.336502075195312500e-05
1.689946311733326878e+00 1.330971717834472656e-04 1.353025436401367188e-04 1.325607299804687500e-04 1.271665096282958984e-04 1.194477081298828125e-04 1.311898231506347656e-04 1.336038112640380859e-04 1.352429389953613281e-04 1.375675201416015625e-04 1.300573348999023438e-04
1.696399073718714678e+00 1.788139343261718750e-07 -3.695487976074218750e-06 -3.039836883544921875e-06 -4.291534423828125000e-06 -8.165836334228515625e-06 -4.887580871582031250e-06 -6.079673767089843750e-06 -2.413988113403320312e-06 1.311302185058593750e-06 -1.424551010131835938e-05
1.702851835704102701e+00 -2.753734588623046875e-05 -3.057718276977539062e-05 -3.093481063842773438e-05 -2.884864807128906250e-05 -3.889203071594238281e-05 -3.468990325927734375e-05 -2.989172935485839844e-05 -3.120303153991699219e-05 -3.954768180847167969e-05 -2.807378768920898438e-05
1.709304597689490501e+00 -1.132488250732421875e-06 3.188848495483398438e-06 1.075863838195800781e-05 2.980232238769531250e-06 5.692243576049804688e-06 1.713633537292480469e-05 -2.622604370117187500e-06 1.370906829833984375e-06 1.448392868041992188e-05 8.732080459594726562e-06
1.715757359674878524e+00 -2.855062484741210938e-05 -2.339482307434082031e-05 -2.795457839965820312e-05 -3.257393836975097656e-05 -2.807378768920898438e-05 -2.133846282958984375e-05 -2.193450927734375000e-05 -1.636147499084472656e-05 -2.965331077575683594e-05 -2.819299697875976562e-05
1.722210121660266324e+00 4.991888999938964844e-05 4.309415817260742188e-05 3.990530967712402344e-05 4.687905311584472656e-05 5.030632019042968750e-05 4.035234451293945312e-05 3.597140312194824219e-05 5.349516868591308594e-05 4.157423973083496094e-05 4.792213439941406250e-05
1.728662883645654347e+00 -2.974271774291992188e-05 -3.436207771301269531e-05 -3.311038017272949219e-05 -1.826882362365722656e-05 -3.778934478759765625e-05 -3.722310066223144531e-05 -3.042817115783691406e-05 -3.862380981445312500e-05 -4.166364669799804688e-05 -2.533197402954101562e-05
1.735115645631042147e+00 3.433227539062500000e-05 3.293156623840332031e-05 2.995133399963378906e-05 3.337860107421875000e-05 2.908706665039062500e-05 3.144145011901855469e-05 3.609061241149902344e-05 3.939867019653320312e-05 3.242492675781250000e-05 4.217028617858886719e-05
1.741568407616429948e+00 2.819299697875976562e-05 2.953410148620605469e-05 4.214048385620117188e-05 2.440810203552246094e-05 2.586841583251953125e-05 2.703070640563964844e-05 2.151727676391601562e-05 2.902746200561523438e-05 3.680586814880371094e-05 3.024935722351074219e-05
1.748021169601817970e+00 -1.108646392822265625e-05 4.708766937255859375e-06 -5.990266799926757812e-06 -5.453824996948242188e-06 -8.404254913330078125e-06 3.635883331298828125e-06 -6.854534149169921875e-06 -3.367662429809570312e-06 -2.890825271606445312e-06 -8.821487426757812500e-06
1.754473931587205771e+00 8.901953697204589844e-05 1.045167446136474609e-04 9.495019912719726562e-05 1.035630702972412109e-04 8.705258369445800781e-05 1.127123832702636719e-04 9.158253669738769531e-05 1.033544540405273438e-04 9.900331497192382812e-05 9.858608245849609375e-05
1.760926693572593793e+00 -1.251697540283203125e-06 -5.066394805908203125e-07 -2.741813659667968750e-06 -3.904104232788085938e-06 5.006790161132812500e-06 -7.778406143188476562e-06 2.384185791015625000e-07 -2.086162567138671875e-07 7.987022399902343750e-06 9.447336196899414062e-06
1.767379455557981593e+00 3.221631050109863281e-05 3.063678741455078125e-05 3.552436828613281250e-05 4.541873931884765625e-05 3.013014793395996094e-05 4.380941390991210938e-05 3.585219383239746094e-05 3.927946090698242188e-05 3.093481063842773438e-05 3.400444984436035156e-05
1.773832217543369616e+00 6.812810897827148438e-05 7.030367851257324219e-05 7.450580596923828125e-05 7.465481758117675781e-05 7.477402687072753906e-05 7.614493370056152344e-05 7.000565528869628906e-05 7.948279380798339844e-05 7.042288780212402344e-05 7.492303848266601562e-05
1.780284979528757416e+00 -2.300739288330078125e-05 -1.111626625061035156e-05 -1.686811447143554688e-05 -1.850724220275878906e-05 -2.625584602355957031e-05 -2.431869506835937500e-05 -1.510977745056152344e-05 -1.618266105651855469e-05 -2.017617225646972656e-05 -3.924965858459472656e-05
1.786737741514145439e+00 -1.312792301177978516e-04 -1.367628574371337891e-04 -1.232922077178955078e-04 -1.457929611206054688e-04 -1.228153705596923828e-04 -1.355409622192382812e-04 -1.210272312164306641e-04 -1.310408115386962891e-04 -1.232922077178955078e-04 -1.314878463745117188e-04
1.793190503499533239e+00 1.007616519927978516e-04 1.071989536285400391e-04 9.936094284057617188e-05 1.023411750793457031e-04 9.974837303161621094e-05 1.159608364105224609e-04 1.018643379211425781e-04 9.655952453613281250e-05 1.180768013000488281e-04 1.177787780761718750e-04
1.799643265484921262e+00 8.898973464965820312e-05 8.875131607055664062e-05 8.106231689453125000e-05 8.231401443481445312e-05 8.341670036315917969e-05 8.118152618408203125e-05 7.435679435729980469e-05 8.442997932434082031e-05 8.291006088256835938e-05 7.808208465576171875e-05
1.806096027470309062e+00 -8.499622344970703125e-05 -7.411837577819824219e-05 -7.054209709167480469e-05 -7.218122482299804688e-05 -6.914138793945312500e-05 -7.715821266174316406e-05 -7.179379463195800781e-05 -7.447600364685058594e-05 -6.780028343200683594e-05 -8.112192153930664062e-05
1.812548789455697085e+00 1.986920833587646484e-04 1.898407936096191406e-04 1.874864101409912109e-04 1.938045024871826172e-04 1.862645149230957031e-04 1.958608627319335938e-04 1.814961433410644531e-04 1.893341541290283203e-04 1.887679100036621094e-04 1.882016658782958984e-04
1.819001551441084885e+00 -1.127719879150390625e-04 -1.105964183807373047e-04 -1.156032085418701172e-04 -1.156628131866455078e-04 -1.053214073181152344e-04 -1.131296157836914062e-04 -1.144409179687500000e-04 -1.090168952941894531e-04 -1.186430454254150391e-04 -1.132786273956298828e-04
1.825454313426472908e+00 -7.838010787963867188e-05 -8.243322372436523438e-05 -8.469820022583007812e-05 -9.304285049438476562e-05 -7.781386375427246094e-05 -8.586049079895019531e-05 -8.362531661987304688e-05 -9.220838546752929688e-05 -8.240342140197753906e-05 -8.776783943176269531e-05
1.831907075411860708e+00 2.040266990661621094e-04 2.125501632690429688e-04 2.086758613586425781e-04 2.003312110900878906e-04 2.034604549407958984e-04 2.039968967437744141e-04 2.178251743316650391e-04 1.996159553527832031e-04 2.022683620452880859e-04 1.967847347259521484e-04
1.838359837397248508e+00 -2.302229404449462891e-04 -2.211630344390869141e-04 -2.239048480987548828e-04 -2.339184284210205078e-04 -2.280771732330322266e-04 -2.324283123016357422e-04 -2.209842205047607422e-04 -2.241432666778564453e-04 -2.175867557525634766e-04 -2.168715000152587891e-04
1.844812599382636531e+00 1.042187213897705078e-04 1.100301742553710938e-04 1.143515110015869141e-04 1.167058944702148438e-04 1.173019409179687500e-04 1.243650913238525391e-04 1.122951507568359375e-04 1.231133937835693359e-04 1.124143600463867188e-04 1.074969768524169922e-04
1.851265361368024331e+00 8.085370063781738281e-05 8.022785186767578125e-05 7.513165473937988281e-05 7.334351539611816406e-05 6.943941116333007812e-05 6.884336471557617188e-05 6.875395774841308594e-05 7.197260856628417969e-05 7.447600364685058594e-05 7.739663124084472656e-05
1.857718123353412354e+00 -2.945363521575927734e-04 -2.942085266113281250e-04 -2.998113632202148438e-04 -2.994537353515625000e-04 -3.071427345275878906e-04 -3.043115139007568359e-04 -2.871453762054443359e-04 -3.015100955963134766e-04 -2.984404563903808594e-04 -2.943873405456542969e-04
1.864170885338800154e+00 2.336502075195312500e-04 2.221167087554931641e-04 2.226531505584716797e-04 2.293288707733154297e-04 2.292990684509277344e-04 2.327859401702880859e-04 2.276003360748291016e-04 2.346634864807128906e-04 2.486109733581542969e-04 2.452731132507324219e-04
1.870623647324188177e+00 -2.539157867431640625e-05 -1.662969589233398438e-05 -2.864003181457519531e-05 -3.474950790405273438e-05 -2.244114875793457031e-05 -1.904368400573730469e-05 -2.080202102661132812e-05 -2.309679985046386719e-05 -2.309679985046386719e-05 -2.035498619079589844e-05
1.877076409309575977e+00 -2.452433109283447266e-04 -2.569556236267089844e-04 -2.487301826477050781e-04 -2.479553222656250000e-04 -2.523064613342285156e-04 -2.446174621582031250e-04 -2.467930316925048828e-04 -2.452731132507324219e-04 -2.458989620208740234e-04 -2.484321594238281250e-04
1.883529171294964000e+00 3.016293048858642578e-04 2.925693988800048828e-04 2.860426902770996094e-04 2.968609333038330078e-04 3.103613853454589844e-04 2.936720848083496094e-04 2.958178520202636719e-04 2.925693988800048828e-04 3.025233745574951172e-04 2.935230731964111328e-04
1.889981933280351800e+00 -1.873970031738281250e-04 -1.826286315917968750e-04 -1.835823059082031250e-04 -1.883208751678466797e-04 -1.959800720214843750e-04 -2.014338970184326172e-04 -1.876354217529296875e-04 -1.943111419677734375e-04 -2.002120018005371094e-04 -1.796185970306396484e-04
1.896434695265739823e+00 -1.293420791625976562e-04 -1.270174980163574219e-04 -1.266300678253173828e-04 -1.179277896881103516e-04 -1.305341720581054688e-04 -1.243650913238525391e-04 -1.360774040222167969e-04 -1.167356967926025391e-04 -1.290142536163330078e-04 -1.221597194671630859e-04
1.902887457251127623e+00 3.249347209930419922e-04 3.230869770050048828e-04 3.197789192199707031e-04 3.174245357513427734e-04 3.214776515960693359e-04 3.117322921752929688e-04 3.229379653930664062e-04 3.190338611602783203e-04 3.163814544677734375e-04 3.176331520080566406e-04
1.909340219236515646e+00 -2.696216106414794922e-04 -2.608895301818847656e-04 -2.769231796264648438e-04 -2.757012844085693359e-04 -2.730488777160644531e-04 -2.531707286834716797e-04 -2.732574939727783203e-04 -2.667009830474853516e-04 -2.795159816741943359e-04 -2.700984477996826172e-04
1.915792981221903446e+00 1.478195190429687500e-05 7.331371307373046875e-06 2.107024192810058594e-05 1.150369644165039062e-05 2.673268318176269531e-05 1.433491706848144531e-05 9.596347808837890625e-06 2.327561378479003906e-05 2.077221870422363281e-05 7.092952728271484375e-06
1.922245743207291468e+00 2.169609069824218750e-04 2.079606056213378906e-04 2.104341983795166016e-04 1.989901065826416016e-04 2.095997333526611328e-04 2.009272575378417969e-04 2.133250236511230469e-04 2.028644084930419922e-04 2.153217792510986328e-04 2.024769783020019531e-04
1.928698505192679269e+00 -2.714395523071289062e-04 -2.739131450653076172e-04 -2.778172492980957031e-04 -2.739131450653076172e-04 -2.773404121398925781e-04 -2.731382846832275391e-04 -2.771019935607910156e-04 -2.666711807250976562e-04 -2.703964710235595703e-04 -2.636313438415527344e-04
1.935151267178067069e+00 2.050399780273437500e-04 2.055466175079345703e-04 2.066493034362792969e-04 2.101063728332519531e-04 2.048015594482421875e-04 2.082884311676025391e-04 1.897215843200683594e-04 2.043545246124267578e-04 1.963675022125244141e-04 2.033710479736328125e-04
1.941604029163455092e+00 8.943676948547363281e-05 8.687376976013183594e-05 9.119510650634765625e-05 9.223818778991699219e-05 9.137392044067382812e-05 9.182095527648925781e-05 7.978081703186035156e-05 8.875131607055664062e-05 8.952617645263671875e-05 9.196996688842773438e-05
1.948056791148842892e+00 -2.081990242004394531e-04 -2.143979072570800781e-04 -2.119541168212890625e-04 -2.098977565765380859e-04 -2.148449420928955078e-04 -2.037584781646728516e-04 -2.164244651794433594e-04 -2.039074897766113281e-04 -2.071261405944824219e-04 -2.130270004272460938e-04
1.954509553134230915e+00 1.433491706848144531e-04 1.421570777893066406e-04 1.577138900756835938e-04 1.541078090667724609e-04 1.592934131622314453e-04 1.529455184936523438e-04 1.594722270965576172e-04 1.514852046966552734e-04 1.499950885772705078e-04 1.581907272338867188e-04
1.960962315119618715e+00 5.009770393371582031e-05 4.562735557556152344e-05 5.385279655456542969e-05 4.342198371887207031e-05 3.251433372497558594e-05 3.394484519958496094e-05 4.422664642333984375e-05 5.486607551574707031e-05 3.829598426818847656e-05 3.170967102050781250e-05
1.967415077105006738e+00 -1.401901245117187500e-04 -1.345872879028320312e-04 -1.401901245117187500e-04 -1.223683357238769531e-04 -1.287758350372314453e-04 -1.241266727447509766e-04 -1.298487186431884766e-04 -1.272261142730712891e-04 -1.393854618072509766e-04 -1.259446144104003906e-04
1.973867839090394538e+00 1.624524593353271484e-04 1.624226570129394531e-04 1.593232154846191406e-04 1.611709594726562500e-04 1.560747623443603516e-04 1.434981822967529297e-04 1.591444015502929688e-04 1.660585403442382812e-04 1.450181007385253906e-04 1.574158668518066406e-04
1.980320601075782561e+00 -3.901124000549316406e-05 -3.850460052490234375e-05 -4.917383193969726562e-05 -5.659461021423339844e-05 -5.567073822021484375e-05 -4.351139068603515625e-05 -5.105137825012207031e-05 -4.819035530090332031e-05 -4.369020462036132812e-05 -4.631280899047851562e-05
1.986773363061170361e+00 -1.315772533416748047e-04 -1.484453678131103516e-04 -1.406967639923095703e-04 -1.262426376342773438e-04 -1.454055309295654297e-04 -1.432895660400390625e-04 -1.321732997894287109e-04 -1.416802406311035156e-04 -1.353919506072998047e-04 -1.440048217773437500e-04
1.993226125046558384e+00 1.682341098785400391e-04 1.854896545410156250e-04 1.760423183441162109e-04 1.764297485351562500e-04 1.802444458007812500e-04 1.688599586486816406e-04 1.794993877410888672e-04 1.821517944335937500e-04 1.854598522186279297e-04 1.804232597351074219e-04
1.999678887031946184e+00 -3.278255462646484375e-06 4.053115844726562500e-06 3.218650817871093750e-06 2.652406692504882812e-06 5.573034286499023438e-06 -9.685754776000976562e-06 1.251697540283203125e-06 1.227855682373046875e-05 2.264976501464843750e-06 -1.490116119384765625e-06
2.006131649017333984e+00 -1.916289329528808594e-05 -6.586313247680664062e-06 -1.120567321777343750e-05 -2.503395080566406250e-06 -7.420778274536132812e-06 -4.321336746215820312e-06 -6.139278411865234375e-06 -8.225440979003906250e-06 -1.442432403564453125e-05 4.023313522338867188e-06
