# Range[m] 0 1 2 3 4 5 6 7 8 9
1.800000071525573730e-01 -6.657868623733520508e-03 -6.617546081542968750e-03 -6.617099046707153320e-03 -6.624221801757812500e-03 -6.548076868057250977e-03 -6.520897150039672852e-03 -6.547033786773681641e-03 -6.534963846206665039e-03 -6.576657295227050781e-03 -6.609469652175903320e-03
1.864527691379452845e-01 2.461344003677368164e-03 2.435535192489624023e-03 2.430528402328491211e-03 2.450615167617797852e-03 2.250880002975463867e-03 2.225160598754882812e-03 2.258151769638061523e-03 2.243340015411376953e-03 2.302736043930053711e-03 2.338588237762451172e-03
1.929055311233331682e-01 3.904968500137329102e-03 3.907501697540283203e-03 3.936558961868286133e-03 3.928542137145996094e-03 4.057049751281738281e-03 4.088640213012695312e-03 4.074573516845703125e-03 4.084527492523193359e-03 4.060655832290649414e-03 4.035443067550659180e-03
1.993582931087210797e-01 -5.781590938568115234e-03 -5.775302648544311523e-03 -5.813896656036376953e-03 -5.802690982818603516e-03 -5.802005529403686523e-03 -5.809813737869262695e-03 -5.775541067123413086e-03 -5.783051252365112305e-03 -5.839586257934570312e-03 -5.773812532424926758e-03
2.058110550941089911e-01 3.389418125152587891e-03 3.386467695236206055e-03 3.375351428985595703e-03 3.396719694137573242e-03 3.265470266342163086e-03 3.239095211029052734e-03 3.257364034652709961e-03 3.260105848312377930e-03 3.272563219070434570e-03 3.311336040496826172e-03
2.122638170794968748e-01 1.150548458099365234e-03 1.174598932266235352e-03 1.200258731842041016e-03 1.192629337310791016e-03 1.323968172073364258e-03 1.367568969726562500e-03 1.317948102951049805e-03 1.345276832580566406e-03 1.326590776443481445e-03 1.274198293685913086e-03
2.187165790648847863e-01 -3.557473421096801758e-03 -3.576546907424926758e-03 -3.592818975448608398e-03 -3.575056791305541992e-03 -3.645032644271850586e-03 -3.668457269668579102e-03 -3.631919622421264648e-03 -3.662317991256713867e-03 -3.638416528701782227e-03 -3.591179847717285156e-03
2.251693410502726977e-01 3.422319889068603516e-03 3.425508737564086914e-03 3.437399864196777344e-03 3.414005041122436523e-03 3.415286540985107422e-03 3.392875194549560547e-03 3.399044275283813477e-03 3.388106822967529297e-03 3.409117460250854492e-03 3.398776054382324219e-03
2.316221030356606092e-01 -7.828474044799804688e-04 -7.682740688323974609e-04 -7.323324680328369141e-04 -7.442533969879150391e-04 -6.886124610900878906e-04 -6.568431854248046875e-04 -7.025897502899169922e-04 -6.848275661468505859e-04 -6.823539733886718750e-04 -7.213056087493896484e-04
2.380748650210485207e-01 -1.474797725677490234e-03 -1.489967107772827148e-03 -1.502484083175659180e-03 -1.477658748626708984e-03 -1.524955034255981445e-03 -1.545131206512451172e-03 -1.532316207885742188e-03 -1.537084579467773438e-03 -1.524507999420166016e-03 -1.515746116638183594e-03
2.445276270064364044e-01 1.257032155990600586e-03 1.274645328521728516e-03 1.240789890289306641e-03 1.256346702575683594e-03 1.251906156539916992e-03 1.233577728271484375e-03 1.257658004760742188e-03 1.237213611602783203e-03 1.245111227035522461e-03 1.258283853530883789e-03
2.509803889918242881e-01 1.337528228759765625e-04 1.186430454254150391e-04 1.652836799621582031e-04 1.467168331146240234e-04 1.375675201416015625e-04 1.532137393951416016e-04 1.538395881652832031e-04 1.523792743682861328e-04 1.542866230010986328e-04 1.373291015625000000e-04
2.574331509772121995e-01 -9.431838989257812500e-04 -9.680390357971191406e-04 -9.338855743408203125e-04 -9.428858757019042969e-04 -9.275078773498535156e-04 -9.126067161560058594e-04 -9.243488311767578125e-04 -9.152293205261230469e-04 -9.191632270812988281e-04 -9.306669235229492188e-04
2.638859129626001110e-01 3.682672977447509766e-04 3.824532032012939453e-04 3.480017185211181641e-04 3.601312637329101562e-04 3.435611724853515625e-04 3.354251384735107422e-04 3.532767295837402344e-04 3.335773944854736328e-04 3.266334533691406250e-04 3.534257411956787109e-04
2.703386749479880224e-01 6.833672523498535156e-04 6.939768791198730469e-04 6.980597972869873047e-04 6.981790065765380859e-04 7.021427154541015625e-04 7.048547267913818359e-04 7.017254829406738281e-04 7.010400295257568359e-04 6.980001926422119141e-04 6.965696811676025391e-04
2.767914369333759339e-01 -1.420348882675170898e-03 -1.424640417098999023e-03 -1.408874988555908203e-03 -1.405954360961914062e-03 -1.406490802764892578e-03 -1.398533582687377930e-03 -1.418232917785644531e-03 -1.400560140609741211e-03 -1.385062932968139648e-03 -1.398295164108276367e-03
2.832441989187638454e-01 7.264912128448486328e-04 7.100105285644531250e-04 6.907880306243896484e-04 6.954371929168701172e-04 6.779432296752929688e-04 6.663799285888671875e-04 6.863772869110107422e-04 6.769299507141113281e-04 6.786584854125976562e-04 6.805956363677978516e-04
2.896969609041517568e-01 6.805658340454101562e-04 6.947815418243408203e-04 6.901025772094726562e-04 6.888806819915771484e-04 7.162392139434814453e-04 7.315278053283691406e-04 7.252097129821777344e-04 7.154941558837890625e-04 6.856322288513183594e-04 6.940662860870361328e-04
2.961497228895396683e-01 -1.144886016845703125e-03 -1.145035028457641602e-03 -1.123249530792236328e-03 -1.126676797866821289e-03 -1.138299703598022461e-03 -1.147478818893432617e-03 -1.153409481048583984e-03 -1.138776540756225586e-03 -1.123249530792236328e-03 -1.130223274230957031e-03
3.026024848749275242e-01 7.045269012451171875e-04 6.924569606781005859e-04 6.724596023559570312e-04 6.718635559082031250e-04 6.732344627380371094e-04 6.555318832397460938e-04 6.636977195739746094e-04 6.614327430725097656e-04 6.732940673828125000e-04 6.744265556335449219e-04
3.090552468603154357e-01 2.845525741577148438e-04 2.952516078948974609e-04 2.807676792144775391e-04 2.789497375488281250e-04 3.105998039245605469e-04 3.106594085693359375e-04 3.206133842468261719e-04 3.027319908142089844e-04 2.934038639068603516e-04 3.229677677154541016e-04
3.155080088457033471e-01 -5.505084991455078125e-04 -5.390942096710205078e-04 -5.386173725128173828e-04 -5.316138267517089844e-04 -5.434453487396240234e-04 -5.535781383514404297e-04 -5.535781383514404297e-04 -5.409419536590576172e-04 -5.374252796173095703e-04 -5.558133125305175781e-04
3.219607708310912586e-01 2.499222755432128906e-04 2.460777759552001953e-04 2.429783344268798828e-04 2.466738224029541016e-04 2.443194389343261719e-04 2.430677413940429688e-04 2.389848232269287109e-04 2.532005310058593750e-04 2.580285072326660156e-04 2.522468566894531250e-04
3.284135328164791701e-01 8.013844490051269531e-05 7.355213165283203125e-05 7.575750350952148438e-05 7.328391075134277344e-05 8.323788642883300781e-05 9.429454803466796875e-05 8.875131607055664062e-05 7.840991020202636719e-05 7.176399230957031250e-05 8.779764175415039062e-05
3.348662948018670260e-01 1.008510589599609375e-04 1.103281974792480469e-04 1.014769077301025391e-04 1.010298728942871094e-04 1.159906387329101562e-04 1.086294651031494141e-04 1.077055931091308594e-04 1.074373722076416016e-04 1.103878021240234375e-04 9.369850158691406250e-05
3.413190567872549375e-01 -8.443295955657958984e-04 -8.563101291656494141e-04 -8.307993412017822266e-04 -8.282363414764404297e-04 -8.426606655120849609e-04 -8.141696453094482422e-04 -8.403062820434570312e-04 -8.150339126586914062e-04 -8.107721805572509766e-04 -8.333921432495117188e-04
3.477718187726428489e-01 6.358027458190917969e-04 6.525814533233642578e-04 6.285011768341064453e-04 6.448030471801757812e-04 6.066858768463134766e-04 5.875527858734130859e-04 6.003975868225097656e-04 5.766451358795166016e-04 5.919039249420166016e-04 6.036460399627685547e-04
3.542245807580307604e-01 1.170098781585693359e-03 1.180768013000488281e-03 1.181155443191528320e-03 1.159310340881347656e-03 1.235365867614746094e-03 1.248419284820556641e-03 1.242727041244506836e-03 1.224040985107421875e-03 1.224786043167114258e-03 1.206338405609130859e-03
3.606773427434186718e-01 -3.385812044143676758e-03 -3.390431404113769531e-03 -3.371089696884155273e-03 -3.392755985260009766e-03 -3.393501043319702148e-03 -3.383636474609375000e-03 -3.406792879104614258e-03 -3.399997949600219727e-03 -3.379046916961669922e-03 -3.400832414627075195e-03
3.671301047288065833e-01 3.028333187103271484e-03 2.983182668685913086e-03 2.956897020339965820e-03 2.987027168273925781e-03 2.888858318328857422e-03 2.875566482543945312e-03 2.885013818740844727e-03 2.877235412597656250e-03 2.912998199462890625e-03 2.936214208602905273e-03
3.735828667141944948e-01 -2.479851245880126953e-04 -2.325177192687988281e-04 -2.260506153106689453e-04 -2.205669879913330078e-04 -3.436207771301269531e-05 -2.205371856689453125e-06 -3.808736801147460938e-05 -4.345178604125976562e-05 -7.998943328857421875e-05 -1.233816146850585938e-04
3.800356286995824062e-01 -3.640353679656982422e-03 -3.660768270492553711e-03 -3.677010536193847656e-03 -3.656238317489624023e-03 -3.802388906478881836e-03 -3.879159688949584961e-03 -3.845483064651489258e-03 -3.831565380096435547e-03 -3.833323717117309570e-03 -3.780484199523925781e-03
3.864883906849703177e-01 7.770419120788574219e-03 7.763385772705078125e-03 7.758527994155883789e-03 7.765740156173706055e-03 7.750809192657470703e-03 7.722347974777221680e-03 7.752716541290283203e-03 7.736653089523315430e-03 7.729679346084594727e-03 7.762849330902099609e-03
3.929411526703582291e-01 -5.120158195495605469e-03 -5.111426115036010742e-03 -5.073219537734985352e-03 -5.081862211227416992e-03 -4.837691783905029297e-03 -4.787862300872802734e-03 -4.841655492782592773e-03 -4.786431789398193359e-03 -4.856497049331665039e-03 -4.928767681121826172e-03
3.993939146557460851e-01 -2.098381519317626953e-03 -2.137362957000732422e-03 -2.227544784545898438e-03 -2.154469490051269531e-03 -2.507060766220092773e-03 -2.595335245132446289e-03 -2.485632896423339844e-03 -2.547353506088256836e-03 -2.465188503265380859e-03 -2.392292022705078125e-03
4.058466766411339965e-01 1.045572757720947266e-02 1.048675179481506348e-02 1.054689288139343262e-02 1.052248477935791016e-02 1.065137982368469238e-02 1.071316003799438477e-02 1.065790653228759766e-02 1.066923141479492188e-02 1.066207885742187500e-02 1.062524318695068359e-02
4.122994386265219080e-01 -1.184579730033874512e-02 -1.181778311729431152e-02 -1.179233193397521973e-02 -1.179465651512145996e-02 -1.159459352493286133e-02 -1.153433322906494141e-02 -1.161074638366699219e-02 -1.152047514915466309e-02 -1.158538460731506348e-02 -1.169264316558837891e-02
4.187522006119098195e-01 5.932897329330444336e-03 5.924820899963378906e-03 5.790024995803833008e-03 5.851984024047851562e-03 5.433827638626098633e-03 5.342841148376464844e-03 5.477458238601684570e-03 5.338788032531738281e-03 5.464375019073486328e-03 5.605965852737426758e-03
4.252049625972976754e-01 7.405906915664672852e-03 7.423967123031616211e-03 7.555305957794189453e-03 7.506400346755981445e-03 7.854312658309936523e-03 7.929682731628417969e-03 7.846385240554809570e-03 7.902354001998901367e-03 7.839769124984741211e-03 7.709652185440063477e-03
4.316577245826856424e-01 -1.584964990615844727e-02 -1.589578390121459961e-02 -1.590499281883239746e-02 -1.587659120559692383e-02 -1.595529913902282715e-02 -1.597347855567932129e-02 -1.594826579093933105e-02 -1.593804359436035156e-02 -1.592114567756652832e-02 -1.593416929244995117e-02
4.381104865680734983e-01 1.425224542617797852e-02 1.424533128738403320e-02 1.413473486900329590e-02 1.417943835258483887e-02 1.390850543975830078e-02 1.382210850715637207e-02 1.392021775245666504e-02 1.384544372558593750e-02 1.388636231422424316e-02 1.400923728942871094e-02
4.445632485534614098e-01 -1.534253358840942383e-03 -1.400679349899291992e-03 -1.266658306121826172e-03 -1.349955797195434570e-03 -8.500516414642333984e-04 -7.213354110717773438e-04 -8.773505687713623047e-04 -7.733404636383056641e-04 -8.938908576965332031e-04 -1.066088676452636719e-03
4.510160105388493212e-01 -1.138901710510253906e-02 -1.145994663238525391e-02 -1.152616739273071289e-02 -1.146528124809265137e-02 -1.187866926193237305e-02 -1.196646690368652344e-02 -1.183950901031494141e-02 -1.190623641014099121e-02 -1.179301738739013672e-02 -1.168379187583923340e-02
4.574687725242372327e-01 1.609888672828674316e-02 1.612022519111633301e-02 1.611593365669250488e-02 1.610782742500305176e-02 1.617646217346191406e-02 1.623040437698364258e-02 1.620557904243469238e-02 1.617357134819030762e-02 1.616999506950378418e-02 1.617884635925292969e-02
4.639215345096251442e-01 -1.124843955039978027e-02 -1.117151975631713867e-02 -1.106429100036621094e-02 -1.111724972724914551e-02 -1.075693964958190918e-02 -1.064780354499816895e-02 -1.078748703002929688e-02 -1.074141263961791992e-02 -1.081556081771850586e-02 -1.097613573074340820e-02
4.703742964950130556e-01 -2.637594938278198242e-03 -2.703964710235595703e-03 -2.784609794616699219e-03 -2.699434757232666016e-03 -3.147006034851074219e-03 -3.285586833953857422e-03 -3.194391727447509766e-03 -3.221720457077026367e-03 -3.143548965454101562e-03 -2.982825040817260742e-03
4.768270584804009671e-01 1.231980323791503906e-02 1.235470175743103027e-02 1.241192221641540527e-02 1.234680414199829102e-02 1.261591911315917969e-02 1.266992092132568359e-02 1.261726021766662598e-02 1.263916492462158203e-02 1.254674792289733887e-02 1.252570748329162598e-02
4.832798204657888230e-01 -1.234978437423706055e-02 -1.234579086303710938e-02 -1.230329275131225586e-02 -1.232144236564636230e-02 -1.218858361244201660e-02 -1.215273141860961914e-02 -1.219600439071655273e-02 -1.213538646697998047e-02 -1.220205426216125488e-02 -1.228657364845275879e-02
4.897325824511767345e-01 2.480983734130859375e-03 2.425998449325561523e-03 2.342432737350463867e-03 2.393841743469238281e-03 2.013951539993286133e-03 1.934379339218139648e-03 2.025306224822998047e-03 1.947522163391113281e-03 2.041757106781005859e-03 2.173095941543579102e-03
4.961853444365646459e-01 5.860149860382080078e-03 5.906254053115844727e-03 5.965203046798706055e-03 5.912750959396362305e-03 6.222546100616455078e-03 6.303101778030395508e-03 6.227523088455200195e-03 6.262719631195068359e-03 6.198227405548095703e-03 6.115049123764038086e-03
5.026381064219525019e-01 -1.049685478210449219e-02 -1.050937175750732422e-02 -1.047855615615844727e-02 -1.051807403564453125e-02 -1.050984859466552734e-02 -1.049286127090454102e-02 -1.051792502403259277e-02 -1.048398017883300781e-02 -1.049232482910156250e-02 -1.051503419876098633e-02
5.090908684073405244e-01 5.922377109527587891e-03 5.891770124435424805e-03 5.856782197952270508e-03 5.871474742889404297e-03 5.670398473739624023e-03 5.592554807662963867e-03 5.658984184265136719e-03 5.602568387985229492e-03 5.669772624969482422e-03 5.757927894592285156e-03
5.155436303927283248e-01 1.920610666275024414e-03 1.944512128829956055e-03 2.022802829742431641e-03 1.990914344787597656e-03 2.267122268676757812e-03 2.324551343917846680e-03 2.245366573333740234e-03 2.298831939697265625e-03 2.253472805023193359e-03 2.154290676116943359e-03
5.219963923781163473e-01 -7.882118225097656250e-03 -7.885456085205078125e-03 -7.923334836959838867e-03 -7.895529270172119141e-03 -8.004337549209594727e-03 -8.004844188690185547e-03 -7.997721433639526367e-03 -7.999509572982788086e-03 -8.003979921340942383e-03 -7.971346378326416016e-03
5.284491543635041477e-01 7.109373807907104492e-03 7.094711065292358398e-03 7.054001092910766602e-03 7.054597139358520508e-03 6.937175989151000977e-03 6.918042898178100586e-03 6.940901279449462891e-03 6.928741931915283203e-03 6.938517093658447266e-03 7.008194923400878906e-03
5.349019163488920592e-01 -2.573221921920776367e-03 -2.564191818237304688e-03 -2.492636442184448242e-03 -2.538353204727172852e-03 -2.346962690353393555e-03 -2.262502908706665039e-03 -2.300292253494262695e-03 -2.267628908157348633e-03 -2.322494983673095703e-03 -2.397298812866210938e-03
5.413546783342799706e-01 -4.499971866607666016e-03 -4.540383815765380859e-03 -4.570513963699340820e-03 -4.552155733108520508e-03 -4.732489585876464844e-03 -4.758834838867187500e-03 -4.731625318527221680e-03 -4.730015993118286133e-03 -4.707962274551391602e-03 -4.654914140701293945e-03
5.478074403196678821e-01 6.506413221359252930e-03 6.506234407424926758e-03 6.505876779556274414e-03 6.498992443084716797e-03 6.458759307861328125e-03 6.469935178756713867e-03 6.481707096099853516e-03 6.459236145019531250e-03 6.486445665359497070e-03 6.482809782028198242e-03
5.542602023050557936e-01 -3.468006849288940430e-03 -3.449916839599609375e-03 -3.403753042221069336e-03 -3.448218107223510742e-03 -3.265708684921264648e-03 -3.238916397094726562e-03 -3.281861543655395508e-03 -3.233075141906738281e-03 -3.287971019744873047e-03 -3.337144851684570312e-03
5.607129642904437050e-01 -2.053111791610717773e-03 -2.073228359222412109e-03 -2.112776041030883789e-03 -2.089321613311767578e-03 -2.236306667327880859e-03 -2.297013998031616211e-03 -2.265632152557373047e-03 -2.271384000778198242e-03 -2.226531505584716797e-03 -2.192586660385131836e-03
5.671657262758316165e-01 5.064129829406738281e-03 5.073636770248413086e-03 5.062490701675415039e-03 5.072087049484252930e-03 5.124300718307495117e-03 5.110561847686767578e-03 5.119413137435913086e-03 5.114078521728515625e-03 5.111992359161376953e-03 5.122900009155273438e-03
5.736184882612194169e-01 -4.019409418106079102e-03 -4.029780626296997070e-03 -4.006326198577880859e-03 -3.994047641754150391e-03 -3.936171531677246094e-03 -3.907203674316406250e-03 -3.946274518966674805e-03 -3.914058208465576172e-03 -3.941446542739868164e-03 -3.971099853515625000e-03
5.800712502466074394e-01 2.379715442657470703e-04 2.380311489105224609e-04 1.848042011260986328e-04 2.022981643676757812e-04 1.094043254852294922e-04 7.772445678710937500e-05 9.348988533020019531e-05 6.476044654846191406e-05 1.001060009002685547e-04 1.315474510192871094e-04
5.865240122319952398e-01 2.905219793319702148e-03 2.918034791946411133e-03 2.935796976089477539e-03 2.920389175415039062e-03 3.007769584655761719e-03 3.031045198440551758e-03 2.993851900100708008e-03 3.007650375366210938e-03 3.001362085342407227e-03 2.974152565002441406e-03
5.929767742173832623e-01 -3.706336021423339844e-03 -3.689259290695190430e-03 -3.688603639602661133e-03 -3.706604242324829102e-03 -3.692477941513061523e-03 -3.687500953674316406e-03 -3.691881895065307617e-03 -3.689080476760864258e-03 -3.683388233184814453e-03 -3.696173429489135742e-03
5.994295362027710627e-01 1.200437545776367188e-03 1.167267560958862305e-03 1.150816679000854492e-03 1.167178153991699219e-03 1.096993684768676758e-03 1.071959733963012695e-03 1.091837882995605469e-03 1.071631908416748047e-03 1.104295253753662109e-03 1.115530729293823242e-03
6.058822981881590852e-01 1.409947872161865234e-03 1.438885927200317383e-03 1.429438591003417969e-03 1.425832509994506836e-03 1.529127359390258789e-03 1.543700695037841797e-03 1.520812511444091797e-03 1.535743474960327148e-03 1.516878604888916016e-03 1.477450132369995117e-03
6.123350601735468857e-01 -2.335429191589355469e-03 -2.338767051696777344e-03 -2.348631620407104492e-03 -2.338528633117675781e-03 -2.358049154281616211e-03 -2.372294664382934570e-03 -2.374291419982910156e-03 -2.375602722167968750e-03 -2.383381128311157227e-03 -2.366602420806884766e-03
6.187878221589347971e-01 1.470059156417846680e-03 1.461356878280639648e-03 1.457899808883666992e-03 1.450151205062866211e-03 1.407593488693237305e-03 1.400858163833618164e-03 1.433819532394409180e-03 1.417666673660278320e-03 1.419156789779663086e-03 1.433283090591430664e-03
6.252405841443227086e-01 4.365146160125732422e-04 4.391968250274658203e-04 4.554688930511474609e-04 4.354119300842285156e-04 4.956424236297607422e-04 5.155503749847412109e-04 5.050003528594970703e-04 5.097389221191406250e-04 5.047917366027832031e-04 4.853308200836181641e-04
6.316933461297106200e-01 -1.587748527526855469e-03 -1.592159271240234375e-03 -1.602023839950561523e-03 -1.615345478057861328e-03 -1.624673604965209961e-03 -1.652181148529052734e-03 -1.640319824218750000e-03 -1.636028289794921875e-03 -1.628845930099487305e-03 -1.630336046218872070e-03
6.381461081150985315e-01 1.643925905227661133e-03 1.628100872039794922e-03 1.629650592803955078e-03 1.624405384063720703e-03 1.601040363311767578e-03 1.592248678207397461e-03 1.601278781890869141e-03 1.593649387359619141e-03 1.606822013854980469e-03 1.612633466720581055e-03
6.445988701004864430e-01 -4.142522811889648438e-05 -2.503395080566406250e-05 -8.225440979003906250e-06 -1.284480094909667969e-05 4.196166992187500000e-05 4.497170448303222656e-05 2.887845039367675781e-05 5.018711090087890625e-05 2.834200859069824219e-05 1.731514930725097656e-05
6.510516320858743544e-01 -1.009643077850341797e-03 -1.027971506118774414e-03 -1.033097505569458008e-03 -1.025617122650146484e-03 -1.066535711288452148e-03 -1.068353652954101562e-03 -1.055598258972167969e-03 -1.064658164978027344e-03 -1.064360141754150391e-03 -1.038819551467895508e-03
6.575043940712622659e-01 1.287251710891723633e-03 1.293510198593139648e-03 1.276642084121704102e-03 1.290291547775268555e-03 1.285493373870849609e-03 1.276940107345581055e-03 1.285582780838012695e-03 1.280516386032104492e-03 1.286953687667846680e-03 1.290410757064819336e-03
6.639571560566501773e-01 -6.045699119567871094e-04 -5.902945995330810547e-04 -5.857050418853759766e-04 -5.874633789062500000e-04 -5.655884742736816406e-04 -5.444884300231933594e-04 -5.663633346557617188e-04 -5.494952201843261719e-04 -5.625188350677490234e-04 -5.714297294616699219e-04
6.704099180420379778e-01 -1.757442951202392578e-04 -1.868605613708496094e-04 -1.926124095916748047e-04 -1.960992813110351562e-04 -2.362430095672607422e-04 -2.354681491851806641e-04 -2.268254756927490234e-04 -2.188384532928466797e-04 -2.200901508331298828e-04 -2.117455005645751953e-04
6.768626800274260003e-01 1.031160354614257812e-03 1.027345657348632812e-03 1.027137041091918945e-03 1.036345958709716797e-03 1.044124364852905273e-03 1.063555479049682617e-03 1.046270132064819336e-03 1.058846712112426758e-03 1.047283411026000977e-03 1.029878854751586914e-03
6.833154420128139117e-01 -1.056253910064697266e-03 -1.057416200637817383e-03 -1.037418842315673828e-03 -1.035720109939575195e-03 -1.031905412673950195e-03 -1.032412052154541016e-03 -1.030206680297851562e-03 -1.027405261993408203e-03 -1.016169786453247070e-03 -1.040399074554443359e-03
6.897682039982017121e-01 3.617405891418457031e-04 3.553032875061035156e-04 3.455281257629394531e-04 3.533661365509033203e-04 3.347992897033691406e-04 3.207921981811523438e-04 3.271400928497314453e-04 3.230571746826171875e-04 3.277361392974853516e-04 3.491640090942382812e-04
6.962209659835896236e-01 3.709495067596435547e-04 3.761053085327148438e-04 3.741085529327392578e-04 3.643333911895751953e-04 4.017651081085205078e-04 4.086196422576904297e-04 4.024207592010498047e-04 4.064142704010009766e-04 3.776848316192626953e-04 3.859102725982666016e-04
7.026737279689775351e-01 -4.543960094451904297e-04 -4.621148109436035156e-04 -4.690289497375488281e-04 -4.619956016540527344e-04 -4.615187644958496094e-04 -4.638135433197021484e-04 -4.564523696899414062e-04 -4.526078701019287109e-04 -4.661381244659423828e-04 -4.550516605377197266e-04
7.091264899543654465e-01 4.237592220306396484e-04 4.326105117797851562e-04 4.389286041259765625e-04 4.277527332305908203e-04 4.263520240783691406e-04 4.221200942993164062e-04 4.206299781799316406e-04 4.163682460784912109e-04 4.257559776306152344e-04 4.263520240783691406e-04
7.155792519397533580e-01 -3.504753112792968750e-05 -2.792477607727050781e-05 -1.871585845947265625e-05 -1.397728919982910156e-05 -9.596347808837890625e-06 -7.957220077514648438e-06 -6.496906280517578125e-06 7.510185241699218750e-06 -2.339482307434082031e-05 -5.692243576049804688e-06
7.220320139251412694e-01 -3.830194473266601562e-04 -3.883838653564453125e-04 -3.838539123535156250e-04 -3.835856914520263672e-04 -3.934800624847412109e-04 -3.834664821624755859e-04 -3.899335861206054688e-04 -3.830194473266601562e-04 -3.906786441802978516e-04 -3.884434700012207031e-04
7.284847759105291809e-01 2.935230731964111328e-04 2.980828285217285156e-04 2.868175506591796875e-04 2.890527248382568359e-04 2.950429916381835938e-04 2.830922603607177734e-04 2.905428409576416016e-04 2.833008766174316406e-04 2.828836441040039062e-04 2.944469451904296875e-04
7.349375378959170924e-01 2.333223819732666016e-04 2.202689647674560547e-04 2.320706844329833984e-04 2.338290214538574219e-04 2.307891845703125000e-04 2.366602420806884766e-04 2.418458461761474609e-04 2.459585666656494141e-04 2.402067184448242188e-04 2.399981021881103516e-04
7.413902998813050038e-01 -1.747608184814453125e-04 -1.693665981292724609e-04 -1.736581325531005859e-04 -1.738369464874267578e-04 -1.803338527679443359e-04 -1.724362373352050781e-04 -1.828670501708984375e-04 -1.781582832336425781e-04 -1.757740974426269531e-04 -1.736879348754882812e-04
7.478430618666929153e-01 -3.274679183959960938e-04 -3.294646739959716797e-04 -3.125071525573730469e-04 -3.271996974945068359e-04 -3.252625465393066406e-04 -3.117620944976806641e-04 -3.141462802886962891e-04 -3.232359886169433594e-04 -3.301203250885009766e-04 -3.288984298706054688e-04
7.542958238520808267e-01 6.559491157531738281e-05 8.732080459594726562e-05 8.693337440490722656e-05 7.429718971252441406e-05 1.028776168823242188e-04 8.440017700195312500e-05 1.026093959808349609e-04 8.058547973632812500e-05 9.933114051818847656e-05 9.849667549133300781e-05
7.607485858374687382e-01 -1.528561115264892578e-04 -1.580417156219482422e-04 -1.647770404815673828e-04 -1.625418663024902344e-04 -1.548528671264648438e-04 -1.525580883026123047e-04 -1.614093780517578125e-04 -1.649558544158935547e-04 -1.650154590606689453e-04 -1.575350761413574219e-04
7.672013478228566496e-01 3.824234008789062500e-04 3.868639469146728516e-04 3.981590270996093750e-04 3.811717033386230469e-04 4.017353057861328125e-04 3.843307495117187500e-04 3.933608531951904297e-04 3.830492496490478516e-04 3.890693187713623047e-04 3.978312015533447266e-04
7.736541098082445611e-01 2.980530261993408203e-04 3.042519092559814453e-04 3.044903278350830078e-04 2.863407135009765625e-04 3.014802932739257812e-04 3.057420253753662109e-04 3.131628036499023438e-04 2.996921539306640625e-04 3.118813037872314453e-04 3.001093864440917969e-04
7.801068717936323615e-01 -3.693103790283203125e-04 -3.728270530700683594e-04 -3.657937049865722656e-04 -3.659129142761230469e-04 -3.818869590759277344e-04 -3.863275051116943359e-04 -3.812313079833984375e-04 -3.807246685028076172e-04 -3.875494003295898438e-04 -3.623366355895996094e-04
7.865596337790202730e-01 4.575550556182861328e-04 4.597604274749755859e-04 4.726946353912353516e-04 4.564523696899414062e-04 4.608929157257080078e-04 4.711449146270751953e-04 4.470050334930419922e-04 4.501640796661376953e-04 4.480481147766113281e-04 4.319548606872558594e-04
7.930123957644081845e-01 2.956688404083251953e-04 2.973377704620361328e-04 2.988576889038085938e-04 3.004670143127441406e-04 3.142654895782470703e-04 3.058910369873046875e-04 3.035366535186767578e-04 3.198385238647460938e-04 3.018379211425781250e-04 2.965033054351806641e-04
7.994651577497960959e-01 -2.937614917755126953e-04 -2.872347831726074219e-04 -2.952218055725097656e-04 -2.962946891784667969e-04 -2.997815608978271484e-04 -2.959966659545898438e-04 -2.959072589874267578e-04 -2.959072589874267578e-04 -2.998709678649902344e-04 -2.898275852203369141e-04
8.059179197351840074e-01 -3.643333911895751953e-04 -3.592967987060546875e-04 -3.633499145507812500e-04 -3.547668457031250000e-04 -3.601610660552978516e-04 -3.582835197448730469e-04 -3.573596477508544922e-04 -3.536939620971679688e-04 -3.665089607238769531e-04 -3.611445426940917969e-04
8.123706817205719188e-01 -2.252161502838134766e-04 -2.401173114776611328e-04 -2.216994762420654297e-04 -2.339780330657958984e-04 -2.152323722839355469e-04 -2.190470695495605469e-04 -2.428889274597167969e-04 -2.437531948089599609e-04 -2.573430538177490234e-04 -2.573430538177490234e-04
8.188234437059598303e-01 2.994835376739501953e-04 2.914965152740478516e-04 2.980530261993408203e-04 3.053545951843261719e-04 3.002882003784179688e-04 2.889037132263183594e-04 2.955198287963867188e-04 3.116726875305175781e-04 2.959668636322021484e-04 2.872347831726074219e-04
8.252762056913477418e-01 -2.683103084564208984e-04 -2.676546573638916016e-04 -2.664327621459960938e-04 -2.733170986175537109e-04 -2.801716327667236328e-04 -2.800524234771728516e-04 -2.542436122894287109e-04 -2.738535404205322266e-04 -2.676844596862792969e-04 -2.646744251251220703e-04
8.317289676767356532e-01 -3.038346767425537109e-04 -3.011524677276611328e-04 -2.919733524322509766e-04 -2.983808517456054688e-04 -2.914965152740478516e-04 -3.031790256500244141e-04 -3.012418746948242188e-04 -3.094077110290527344e-04 -3.002882003784179688e-04 -3.042519092559814453e-04
8.381817296621235647e-01 3.511607646942138672e-04 3.442466259002685547e-04 3.491044044494628906e-04 3.426373004913330078e-04 3.537237644195556641e-04 3.550648689270019531e-04 3.412067890167236328e-04 3.480017185211181641e-04 3.430247306823730469e-04 3.452301025390625000e-04
8.446344916475114761e-01 1.377761363983154297e-04 1.372098922729492188e-04 1.300573348999023438e-04 1.434981822967529297e-04 1.460015773773193359e-04 1.469552516937255859e-04 1.260340213775634766e-04 1.393854618072509766e-04 1.413822174072265625e-04 1.376271247863769531e-04
8.510872536328993876e-01 -6.413459777832031250e-05 -5.504488945007324219e-05 -6.279349327087402344e-05 -7.492303848266601562e-05 -5.626678466796875000e-05 -6.428360939025878906e-05 -6.443262100219726562e-05 -5.793571472167968750e-05 -6.270408630371093750e-05 -6.401538848876953125e-05
8.575400156182872990e-01 -1.622736454010009766e-04 -1.702010631561279297e-04 -1.769065856933593750e-04 -1.599490642547607422e-04 -1.794993877410888672e-04 -1.821517944335937500e-04 -1.759231090545654297e-04 -1.728534698486328125e-04 -1.634359359741210938e-04 -1.617670059204101562e-04
8.639927776036752105e-01 4.538893699645996094e-05 4.464387893676757812e-05 5.111098289489746094e-05 3.898143768310546875e-05 4.243850708007812500e-05 5.406141281127929688e-05 4.893541336059570312e-05 4.774332046508789062e-05 5.012750625610351562e-05 4.643201828002929688e-05
8.704455395890630109e-01 -3.685057163238525391e-04 -3.498792648315429688e-04 -3.564655780792236328e-04 -3.546178340911865234e-04 -3.465712070465087891e-04 -3.437399864196777344e-04 -3.546178340911865234e-04 -3.571212291717529297e-04 -3.516674041748046875e-04 -3.661215305328369141e-04
8.768983015744509224e-01 6.920099258422851562e-05 7.104873657226562500e-05 5.277991294860839844e-05 7.387995719909667969e-05 5.853176116943359375e-05 6.139278411865234375e-05 5.084276199340820312e-05 4.872679710388183594e-05 5.596876144409179688e-05 5.656480789184570312e-05
8.833510635598388339e-01 3.913938999176025391e-04 3.980994224548339844e-04 3.919005393981933594e-04 3.789365291595458984e-04 4.189312458038330078e-04 4.078745841979980469e-04 4.047155380249023438e-04 4.088878631591796875e-04 3.953874111175537109e-04 3.890097141265869141e-04
8.898038255452267453e-01 -3.753900527954101562e-04 -3.978908061981201172e-04 -4.011392593383789062e-04 -3.890395164489746094e-04 -4.056096076965332031e-04 -4.063248634338378906e-04 -3.812313079833984375e-04 -3.837645053863525391e-04 -3.696382045745849609e-04 -3.840923309326171875e-04
8.962565875306146568e-01 1.249611377716064453e-04 1.389980316162109375e-04 1.291036605834960938e-04 1.262128353118896484e-04 1.209080219268798828e-04 1.159310340881347656e-04 1.147091388702392578e-04 1.151263713836669922e-04 1.105964183807373047e-04 1.305341720581054688e-04
9.027093495160025682e-01 1.079738140106201172e-04 1.159012317657470703e-04 1.157522201538085938e-04 1.067519187927246094e-04 1.379251480102539062e-04 1.434981822967529297e-04 1.299083232879638672e-04 1.228153705596923828e-04 1.251399517059326172e-04 1.192688941955566406e-04
9.091621115013904797e-01 -3.005862236022949219e-04 -3.035366535186767578e-04 -3.125965595245361328e-04 -3.158748149871826172e-04 -3.097057342529296875e-04 -3.182590007781982422e-04 -3.138780593872070312e-04 -3.182291984558105469e-04 -3.126561641693115234e-04 -3.122091293334960938e-04
9.156148734867783912e-01 5.197227001190185547e-04 5.403757095336914062e-04 5.295574665069580078e-04 5.391240119934082031e-04 5.320608615875244141e-04 5.295276641845703125e-04 5.246400833129882812e-04 5.339384078979492188e-04 5.271136760711669922e-04 5.351901054382324219e-04
9.220676354721663026e-01 -3.690421581268310547e-04 -3.783404827117919922e-04 -3.706812858581542969e-04 -3.776550292968750000e-04 -3.646612167358398438e-04 -3.542006015777587891e-04 -3.659725189208984375e-04 -3.627538681030273438e-04 -3.644824028015136719e-04 -3.662407398223876953e-04
9.285203974575542141e-01 -2.031326293945312500e-04 -1.967847347259521484e-04 -2.152025699615478516e-04 -2.138614654541015625e-04 -2.153217792510986328e-04 -2.313256263732910156e-04 -2.206265926361083984e-04 -2.262890338897705078e-04 -2.279579639434814453e-04 -2.255141735076904297e-04
9.349731594429421255e-01 4.905760288238525391e-04 5.005002021789550781e-04 4.960000514984130859e-04 4.894733428955078125e-04 5.011856555938720703e-04 4.971921443939208984e-04 4.967451095581054688e-04 4.939734935760498047e-04 5.038678646087646484e-04 4.983246326446533203e-04
9.414259214283300370e-01 -4.287958145141601562e-04 -4.425942897796630859e-04 -4.386007785797119141e-04 -4.360377788543701172e-04 -4.363358020782470703e-04 -4.360973834991455078e-04 -4.354119300842285156e-04 -4.251599311828613281e-04 -4.147589206695556641e-04 -4.271864891052246094e-04
9.478786834137179484e-01 1.830756664276123047e-04 1.952350139617919922e-04 1.836717128753662109e-04 1.924335956573486328e-04 1.768469810485839844e-04 1.757740974426269531e-04 1.812279224395751953e-04 1.766979694366455078e-04 1.724958419799804688e-04 1.841485500335693359e-04
9.543314453991058599e-01 2.142190933227539062e-04 2.229809761047363281e-04 2.194046974182128906e-04 2.207458019256591797e-04 2.375245094299316406e-04 2.352595329284667969e-04 2.480745315551757812e-04 2.575218677520751953e-04 2.522170543670654297e-04 2.503395080566406250e-04
9.607842073844936603e-01 -5.632340908050537109e-04 -5.608797073364257812e-04 -5.581080913543701172e-04 -5.641579627990722656e-04 -5.691051483154296875e-04 -5.658864974975585938e-04 -5.653798580169677734e-04 -5.674064159393310547e-04 -5.719661712646484375e-04 -5.689263343811035156e-04
9.672369693698815718e-01 2.946257591247558594e-04 3.074109554290771484e-04 2.952516078948974609e-04 2.998113632202148438e-04 3.001689910888671875e-04 2.977848052978515625e-04 2.856552600860595703e-04 2.875924110412597656e-04 2.828240394592285156e-04 2.973675727844238281e-04
9.736897313552694833e-01 1.080632209777832031e-04 1.134574413299560547e-04 1.044273376464843750e-04 1.109242439270019531e-04 1.232922077178955078e-04 1.319050788879394531e-04 1.280009746551513672e-04 1.314878463745117188e-04 1.210570335388183594e-04 1.087486743927001953e-04
9.801424933406573947e-01 -3.410875797271728516e-04 -3.442466259002685547e-04 -3.444850444793701172e-04 -3.449320793151855469e-04 -3.653466701507568359e-04 -3.671944141387939453e-04 -3.682076930999755859e-04 -3.696382045745849609e-04 -3.547370433807373047e-04 -3.603100776672363281e-04
9.865952553260453062e-01 3.066956996917724609e-04 3.044307231903076172e-04 3.048181533813476562e-04 3.074407577514648438e-04 2.997815608978271484e-04 2.956390380859375000e-04 2.956688404083251953e-04 2.883672714233398438e-04 2.951025962829589844e-04 3.140866756439208984e-04
9.930480173114332176e-01 -1.712441444396972656e-04 -1.731216907501220703e-04 -1.730322837829589844e-04 -1.688003540039062500e-04 -1.575052738189697266e-04 -1.501441001892089844e-04 -1.473426818847656250e-04 -1.689195632934570312e-04 -1.621544361114501953e-04 -1.723468303680419922e-04
9.995007792968211291e-01 -6.887316703796386719e-05 -7.048249244689941406e-05 -7.414817810058593750e-05 -7.128715515136718750e-05 -8.317828178405761719e-05 -7.885694503784179688e-05 -7.984042167663574219e-05 -8.341670036315917969e-05 -8.717179298400878906e-05 -7.668137550354003906e-05
1.005953541282209152e+00 3.030896186828613281e-04 3.116428852081298828e-04 3.014504909515380859e-04 3.066658973693847656e-04 3.168284893035888672e-04 3.219842910766601562e-04 3.255605697631835938e-04 3.158450126647949219e-04 3.120899200439453125e-04 3.090798854827880859e-04
1.012406303267596952e+00 -1.519024372100830078e-04 -1.580119132995605469e-04 -1.537203788757324219e-04 -1.506209373474121094e-04 -1.453161239624023438e-04 -1.611113548278808594e-04 -1.524388790130615234e-04 -1.517534255981445312e-04 -1.500546932220458984e-04 -1.624822616577148438e-04
1.018859065252984752e+00 6.794929504394531250e-06 2.205371856689453125e-06 -5.334615707397460938e-06 -5.960464477539062500e-07 -1.636147499084472656e-05 -3.665685653686523438e-06 -1.630187034606933594e-05 -6.675720214843750000e-06 -5.692243576049804688e-06 -4.172325134277343750e-06
1.025311827238372775e+00 1.016855239868164062e-04 8.574128150939941406e-05 9.107589721679687500e-05 8.633732795715332031e-05 9.253621101379394531e-05 1.028776168823242188e-04 1.007616519927978516e-04 1.020729541778564453e-04 1.042485237121582031e-04 1.005828380584716797e-04
1.031764589223760797e+00 -9.474158287048339844e-05 -9.509921073913574219e-05 -1.024603843688964844e-04 -1.063942909240722656e-04 -1.080632209777832031e-04 -1.002550125122070312e-04 -9.480118751525878906e-05 -8.985400199890136719e-05 -1.010000705718994141e-04 -9.590387344360351562e-05
1.038217351209148598e+00 1.315772533416748047e-04 1.222789287567138672e-04 1.085996627807617188e-04 1.336932182312011719e-04 1.125931739807128906e-04 1.278817653656005859e-04 1.251995563507080078e-04 1.166164875030517578e-04 1.256465911865234375e-04 1.189112663269042969e-04
1.044670113194536398e+00 1.077651977539062500e-04 1.208484172821044922e-04 1.211166381835937500e-04 1.133382320404052734e-04 1.155734062194824219e-04 1.185238361358642578e-04 1.150369644165039062e-04 1.297295093536376953e-04 1.240670680999755859e-04 1.148283481597900391e-04
1.051122875179924421e+00 -1.669228076934814453e-04 -1.677572727203369141e-04 -1.688301563262939453e-04 -1.777708530426025391e-04 -1.683831214904785156e-04 -1.674890518188476562e-04 -1.676380634307861328e-04 -1.690089702606201172e-04 -1.639723777770996094e-04 -1.727640628814697266e-04
1.057575637165312221e+00 3.644824028015136719e-05 3.147125244140625000e-05 3.030896186828613281e-05 1.883506774902343750e-05 2.309679985046386719e-05 2.178549766540527344e-05 3.853440284729003906e-05 1.567602157592773438e-05 3.075599670410156250e-05 2.458691596984863281e-05
1.064028399150700022e+00 1.466572284698486328e-04 1.393556594848632812e-04 1.438558101654052734e-04 1.456439495086669922e-04 1.340806484222412109e-04 1.350343227386474609e-04 1.319348812103271484e-04 1.501142978668212891e-04 1.473128795623779297e-04 1.399517059326171875e-04
1.070481161136088044e+00 -1.328885555267333984e-04 -1.229345798492431641e-04 -1.239478588104248047e-04 -1.241266727447509766e-04 -1.287758350372314453e-04 -1.217126846313476562e-04 -1.272559165954589844e-04 -1.228451728820800781e-04 -1.339614391326904297e-04 -1.253187656402587891e-04
1.076933923121476067e+00 1.585483551025390625e-05 1.263618469238281250e-05 1.522898674011230469e-05 1.874566078186035156e-05 1.689791679382324219e-05 3.224611282348632812e-05 1.028180122375488281e-05 1.552700996398925781e-05 1.636147499084472656e-05 1.367926597595214844e-05
1.083386685106863867e+00 6.470084190368652344e-05 7.843971252441406250e-05 8.592009544372558594e-05 8.061528205871582031e-05 7.063150405883789062e-05 7.015466690063476562e-05 7.280707359313964844e-05 7.796287536621093750e-05 7.835030555725097656e-05 6.771087646484375000e-05
1.089839447092251667e+00 5.921721458435058594e-05 4.735589027404785156e-05 4.875659942626953125e-05 5.120038986206054688e-05 5.540251731872558594e-05 5.638599395751953125e-05 5.555152893066406250e-05 5.817413330078125000e-05 5.692243576049804688e-05 6.029009819030761719e-05
1.096292209077639690e+00 -6.094574928283691406e-05 -6.479024887084960938e-05 -6.851553916931152344e-05 -7.379055023193359375e-05 -6.541609764099121094e-05 -5.933642387390136719e-05 -7.095932960510253906e-05 -6.943941116333007812e-05 -7.012486457824707031e-05 -8.186697959899902344e-05
1.102744971063027712e+00 -6.872415542602539062e-05 -7.835030555725097656e-05 -7.903575897216796875e-05 -7.307529449462890625e-05 -7.456541061401367188e-05 -6.866455078125000000e-05 -7.888674736022949219e-05 -8.329749107360839844e-05 -6.935000419616699219e-05 -7.137656211853027344e-05
1.109197733048415513e+00 -2.242028713226318359e-04 -2.299845218658447266e-04 -2.286434173583984375e-04 -2.264082431793212891e-04 -2.283155918121337891e-04 -2.339184284210205078e-04 -2.337992191314697266e-04 -2.353191375732421875e-04 -2.235472202301025391e-04 -2.315342426300048828e-04
1.115650495033803313e+00 -9.030103683471679688e-06 -9.238719940185546875e-07 1.367926597595214844e-05 8.642673492431640625e-07 -1.639127731323242188e-06 -8.702278137207031250e-06 -4.470348358154296875e-07 1.490116119384765625e-06 7.748603820800781250e-06 1.356005668640136719e-05
1.122103257019191336e+00 -8.091330528259277344e-05 -7.635354995727539062e-05 -7.656216621398925781e-05 -8.857250213623046875e-05 -8.407235145568847656e-05 -7.101893424987792969e-05 -8.690357208251953125e-05 -9.581446647644042969e-05 -9.348988533020019531e-05 -9.810924530029296875e-05
1.128556019004579358e+00 -8.952617645263671875e-05 -8.708238601684570312e-05 -9.167194366455078125e-05 -9.477138519287109375e-05 -1.023411750793457031e-04 -1.024901866912841797e-04 -9.468197822570800781e-05 -9.551644325256347656e-05 -9.003281593322753906e-05 -9.793043136596679688e-05
1.135008780989967159e+00 1.643002033233642578e-04 1.526176929473876953e-04 1.721680164337158203e-04 1.727342605590820312e-04 1.695454120635986328e-04 1.618266105651855469e-04 1.631379127502441406e-04 1.636147499084472656e-04 1.618266105651855469e-04 1.637935638427734375e-04
1.141461542975354959e+00 -1.027286052703857422e-04 -9.378790855407714844e-05 -1.080036163330078125e-04 -9.053945541381835938e-05 -9.348988533020019531e-05 -8.451938629150390625e-05 -9.739398956298828125e-05 -1.009702682495117188e-04 -9.417533874511718750e-05 -1.041591167449951172e-04
1.147914304960742982e+00 1.393854618072509766e-04 1.259744167327880859e-04 1.372396945953369141e-04 1.246035099029541016e-04 1.235902309417724609e-04 1.238882541656494141e-04 1.223385334014892578e-04 1.295208930969238281e-04 1.140832901000976562e-04 1.314580440521240234e-04
1.154367066946130782e+00 1.119077205657958984e-04 1.194477081298828125e-04 1.138150691986083984e-04 1.091361045837402344e-04 1.183748245239257812e-04 1.114606857299804688e-04 1.254379749298095703e-04 1.131892204284667969e-04 1.313686370849609375e-04 1.243948936462402344e-04
1.160819828931518582e+00 -2.179443836212158203e-04 -2.181828022003173828e-04 -2.252459526062011719e-04 -2.294182777404785156e-04 -2.415478229522705078e-04 -2.361536026000976562e-04 -2.362430095672607422e-04 -2.260506153106689453e-04 -2.276897430419921875e-04 -2.335906028747558594e-04
1.167272590916906605e+00 2.053081989288330078e-04 2.213120460510253906e-04 2.027153968811035156e-04 1.986622810363769531e-04 1.993775367736816406e-04 1.996457576751708984e-04 1.971423625946044922e-04 2.027750015258789062e-04 1.993477344512939453e-04 2.089738845825195312e-04
1.173725352902294627e+00 -1.423954963684082031e-04 -1.349747180938720703e-04 -1.516044139862060547e-04 -1.354515552520751953e-04 -1.254677772521972656e-04 -1.375675201416015625e-04 -1.274943351745605469e-04 -1.234412193298339844e-04 -1.401007175445556641e-04 -1.325011253356933594e-04
1.180178114887682428e+00 -1.307427883148193359e-04 -1.220703125000000000e-04 -1.408159732818603516e-04 -1.412034034729003906e-04 -1.343190670013427734e-04 -1.349449157714843750e-04 -1.363158226013183594e-04 -1.375079154968261719e-04 -1.372694969177246094e-04 -1.246035099029541016e-04
1.186630876873070450e+00 3.827512264251708984e-04 3.786683082580566406e-04 3.682374954223632812e-04 3.811419010162353516e-04 3.799796104431152344e-04 3.611147403717041016e-04 3.783404827117919922e-04 3.742575645446777344e-04 3.942549228668212891e-04 3.792345523834228516e-04
1.193083638858458251e+00 -2.509355545043945312e-04 -2.602636814117431641e-04 -2.522468566894531250e-04 -2.569556236267089844e-04 -2.542138099670410156e-04 -2.566576004028320312e-04 -2.503097057342529297e-04 -2.521872520446777344e-04 -2.422332763671875000e-04 -2.543628215789794922e-04
1.199536400843846051e+00 9.965896606445312500e-05 8.684396743774414062e-05 8.195638656616210938e-05 8.594989776611328125e-05 7.492303848266601562e-05 7.805228233337402344e-05 8.919835090637207031e-05 7.721781730651855469e-05 7.665157318115234375e-05 7.605552673339843750e-05
1.205989162829234074e+00 1.262128353118896484e-04 1.377761363983154297e-04 1.506507396697998047e-04 1.316368579864501953e-04 1.499950885772705078e-04 1.607239246368408203e-04 1.532137393951416016e-04 1.561045646667480469e-04 1.541376113891601562e-04 1.509785652160644531e-04
1.212441924814621874e+00 -3.337562084197998047e-04 -3.399252891540527344e-04 -3.302991390228271484e-04 -3.222525119781494141e-04 -3.349184989929199219e-04 -3.353357315063476562e-04 -3.367066383361816406e-04 -3.316700458526611328e-04 -3.249049186706542969e-04 -3.296434879302978516e-04
1.218894686800009897e+00 3.102719783782958984e-04 2.918541431427001953e-04 2.996027469635009766e-04 3.058314323425292969e-04 2.889335155487060547e-04 2.874732017517089844e-04 2.916157245635986328e-04 2.955496311187744141e-04 2.902746200561523438e-04 2.934336662292480469e-04
1.225347448785397697e+00 -7.700920104980468750e-05 -8.332729339599609375e-05 -6.982684135437011719e-05 -7.015466690063476562e-05 -6.636977195739746094e-05 -7.379055023193359375e-05 -5.394220352172851562e-05 -7.033348083496093750e-05 -7.590651512145996094e-05 -6.985664367675781250e-05
1.231800210770785720e+00 -1.452863216400146484e-04 -1.327991485595703125e-04 -1.287758350372314453e-04 -1.459121704101562500e-04 -1.396834850311279297e-04 -1.330077648162841797e-04 -1.379847526550292969e-04 -1.437664031982421875e-04 -1.375973224639892578e-04 -1.333355903625488281e-04
1.238252972756173520e+00 2.491772174835205078e-04 2.607703208923339844e-04 2.472102642059326172e-04 2.491772174835205078e-04 2.476274967193603516e-04 2.493560314178466797e-04 2.501904964447021484e-04 2.464652061462402344e-04 2.523362636566162109e-04 2.443492412567138672e-04
1.244705734741561542e+00 -1.826286315917968750e-04 -2.000927925109863281e-04 -1.902282238006591797e-04 -1.790225505828857422e-04 -1.814663410186767578e-04 -1.901686191558837891e-04 -1.994669437408447266e-04 -1.920163631439208984e-04 -1.872479915618896484e-04 -2.048313617706298828e-04
1.251158496726949343e+00 1.105666160583496094e-05 7.510185241699218750e-06 5.811452865600585938e-06 1.206994056701660156e-05 2.980232238769531250e-08 -5.036592483520507812e-06 -1.788139343261718750e-07 -1.052021980285644531e-05 8.642673492431640625e-06 1.290440559387207031e-05
1.257611258712337365e+00 1.334547996520996094e-04 1.469552516937255859e-04 1.268982887268066406e-04 1.406669616699218750e-04 1.420080661773681641e-04 1.441240310668945312e-04 1.447498798370361328e-04 1.428723335266113281e-04 1.329183578491210938e-04 1.403987407684326172e-04
1.264064020697725166e+00 -1.347661018371582031e-04 -1.335740089416503906e-04 -1.323521137237548828e-04 -1.357495784759521484e-04 -1.309216022491455078e-04 -1.307725906372070312e-04 -1.298487186431884766e-04 -1.222491264343261719e-04 -1.470744609832763672e-04 -1.281201839447021484e-04
1.270516782683113188e+00 -7.599592208862304688e-06 -5.841255187988281250e-06 -8.046627044677734375e-07 1.460313796997070312e-06 1.490116119384765625e-06 -4.798173904418945312e-06 3.099441528320312500e-06 -2.026557922363281250e-06 -1.221895217895507812e-06 -1.519918441772460938e-06
1.276969544668500989e+00 6.365776062011718750e-05 5.713105201721191406e-05 5.874037742614746094e-05 5.906820297241210938e-05 6.005167961120605469e-05 4.774332046508789062e-05 7.340312004089355469e-05 5.900859832763671875e-05 5.742907524108886719e-05 6.034970283508300781e-05
1.283422306653888789e+00 -2.500414848327636719e-05 -4.190206527709960938e-05 -3.418326377868652344e-05 -3.272294998168945312e-05 -3.859400749206542969e-05 -3.311038017272949219e-05 -3.540515899658203125e-05 -2.586841583251953125e-05 -1.862645149230957031e-05 -1.832842826843261719e-05
1.289875068639276812e+00 2.390146255493164062e-05 3.635883331298828125e-05 3.382563591003417969e-05 2.664327621459960938e-05 3.314018249511718750e-05 3.299117088317871094e-05 2.893805503845214844e-05 3.501772880554199219e-05 3.382563591003417969e-05 3.287196159362792969e-05
1.296327830624664612e+00 5.260109901428222656e-05 5.421042442321777344e-05 4.604458808898925781e-05 5.269050598144531250e-05 4.613399505615234375e-05 6.642937660217285156e-05 5.194544792175292969e-05 5.319714546203613281e-05 5.289912223815917969e-05 4.041194915771484375e-05
1.302780592610052635e+00 -2.887845039367675781e-05 -3.963708877563476562e-05 -4.333257675170898438e-05 -4.357099533081054688e-05 -4.208087921142578125e-05 -3.215670585632324219e-05 -3.957748413085937500e-05 -3.427267074584960938e-05 -3.093481063842773438e-05 -3.960728645324707031e-05
1.309233354595440435e+00 -4.819035530090332031e-05 -3.480911254882812500e-05 -3.948807716369628906e-05 -4.357099533081054688e-05 -5.382299423217773438e-05 -6.085634231567382812e-05 -4.908442497253417969e-05 -4.026293754577636719e-05 -5.263090133666992188e-05 -5.048513412475585938e-05
1.315686116580828458e+00 9.506940841674804688e-05 9.703636169433593750e-05 9.912252426147460938e-05 9.161233901977539062e-05 9.652972221374511719e-05 9.390711784362792969e-05 8.666515350341796875e-05 9.214878082275390625e-05 8.979439735412597656e-05 1.004636287689208984e-04
1.322138878566216258e+00 -1.731514930725097656e-05 -3.221631050109863281e-05 -2.282857894897460938e-05 -1.469254493713378906e-05 -1.475214958190917969e-05 -1.108646392822265625e-05 -1.946091651916503906e-05 -3.340840339660644531e-05 -1.886487007141113281e-05 -2.345442771911621094e-05
1.328591640551604280e+00 -2.652406692504882812e-05 -1.606345176696777344e-05 -1.910328865051269531e-05 -9.387731552124023438e-06 -2.950429916381835938e-05 -2.017617225646972656e-05 -2.610683441162109375e-05 -2.390146255493164062e-05 -2.357363700866699219e-05 -2.014636993408203125e-05
1.335044402536992081e+00 3.895163536071777344e-05 3.239512443542480469e-05 2.947449684143066406e-05 3.007054328918457031e-05 2.178549766540527344e-05 2.270936965942382812e-05 3.254413604736328125e-05 2.703070640563964844e-05 3.167986869812011719e-05 3.382563591003417969e-05
1.341497164522380103e+00 -3.153085708618164062e-05 -3.865361213684082031e-05 -3.448128700256347656e-05 -3.480911254882812500e-05 -3.761053085327148438e-05 -3.376603126525878906e-05 -2.568960189819335938e-05 -4.172325134277343750e-05 -1.448392868041992188e-05 -3.874301910400390625e-05
1.347949926507767904e+00 -2.145767211914062500e-06 1.081824302673339844e-05 -3.784894943237304688e-06 -1.072883605957031250e-06 5.960464477539062500e-08 -2.115964889526367188e-06 2.741813659667968750e-06 -4.231929779052734375e-06 4.261732101440429688e-06 1.847743988037109375e-06
1.354402688493155926e+00 7.754564285278320312e-05 9.402632713317871094e-05 8.729100227355957031e-05 9.033083915710449219e-05 8.884072303771972656e-05 8.830428123474121094e-05 9.539723396301269531e-05 8.761882781982421875e-05 9.354948997497558594e-05 8.869171142578125000e-05
1.360855450478543727e+00 -9.760260581970214844e-05 -9.948015213012695312e-05 -9.733438491821289062e-05 -1.039803028106689453e-04 -1.029074192047119141e-04 -9.718537330627441406e-05 -9.420514106750488281e-05 -1.046359539031982422e-04 -9.572505950927734375e-05 -1.046061515808105469e-04
1.367308212463931749e+00 -9.071826934814453125e-05 -8.997321128845214844e-05 -8.895993232727050781e-05 -8.910894393920898438e-05 -9.208917617797851562e-05 -9.396672248840332031e-05 -8.127093315124511719e-05 -1.026690006256103516e-04 -9.688735008239746094e-05 -8.890032768249511719e-05
1.373760974449319550e+00 1.399517059326171875e-04 1.370906829833984375e-04 1.271963119506835938e-04 1.254975795745849609e-04 1.488327980041503906e-04 1.340508460998535156e-04 1.370608806610107422e-04 1.429021358489990234e-04 1.485347747802734375e-04 1.326799392700195312e-04
1.380213736434707350e+00 -7.742643356323242188e-05 -7.632374763488769531e-05 -6.586313247680664062e-05 -7.805228233337402344e-05 -7.808208465576171875e-05 -7.405877113342285156e-05 -7.182359695434570312e-05 -7.936358451843261719e-05 -8.276104927062988281e-05 -7.092952728271484375e-05
1.386666498420095373e+00 5.340576171875000000e-05 4.699826240539550781e-05 2.425909042358398438e-05 4.619359970092773438e-05 3.367662429809570312e-05 4.437565803527832031e-05 4.038214683532714844e-05 2.691149711608886719e-05 4.014372825622558594e-05 3.987550735473632812e-05
1.393119260405483173e+00 1.720786094665527344e-04 1.731216907501220703e-04 1.658201217651367188e-04 1.751482486724853516e-04 1.817345619201660156e-04 1.893341541290283203e-04 1.911520957946777344e-04 1.908242702484130859e-04 1.875460147857666016e-04 1.835525035858154297e-04
1.399572022390871195e+00 -1.720190048217773438e-04 -1.678466796875000000e-04 -1.668334007263183594e-04 -1.600384712219238281e-04 -1.641809940338134766e-04 -1.797080039978027344e-04 -1.733303070068359375e-04 -1.645088195800781250e-04 -1.682639122009277344e-04 -1.657605171203613281e-04
1.406024784376258996e+00 1.326203346252441406e-04 1.340508460998535156e-04 1.264810562133789062e-04 1.373887062072753906e-04 1.235306262969970703e-04 1.344978809356689453e-04 1.392960548400878906e-04 1.422166824340820312e-04 1.474618911743164062e-04 1.412630081176757812e-04
1.412477546361647018e+00 1.788139343261718750e-05 3.448128700256347656e-05 3.275275230407714844e-05 2.229213714599609375e-05 3.024935722351074219e-05 3.686547279357910156e-05 3.141164779663085938e-05 4.199147224426269531e-05 3.439188003540039062e-05 2.589821815490722656e-05
1.418930308347034819e+00 -6.994605064392089844e-05 -8.159875869750976562e-05 -8.478760719299316406e-05 -8.362531661987304688e-05 -9.280443191528320312e-05 -7.280707359313964844e-05 -8.612871170043945312e-05 -8.234381675720214844e-05 -8.410215377807617188e-05 -8.440017700195312500e-05
1.425383070332422841e+00 1.348257064819335938e-04 1.268982887268066406e-04 1.260042190551757812e-04 1.226961612701416016e-04 1.291036605834960938e-04 1.297295093536376953e-04 1.213550567626953125e-04 1.153349876403808594e-04 1.263618469238281250e-04 1.370906829833984375e-04
1.431835832317810642e+00 2.056360244750976562e-05 2.717971801757812500e-05 2.413988113403320312e-05 2.363324165344238281e-05 3.746151924133300781e-05 4.023313522338867188e-05 2.622604370117187500e-05 2.580881118774414062e-05 3.290176391601562500e-05 2.220273017883300781e-05
1.438288594303198664e+00 -1.544356346130371094e-04 -1.530945301055908203e-04 -1.614689826965332031e-04 -1.635551452636718750e-04 -1.662373542785644531e-04 -1.634359359741210938e-04 -1.686811447143554688e-04 -1.708865165710449219e-04 -1.668334007263183594e-04 -1.654028892517089844e-04
1.444741356288586465e+00 6.380677223205566406e-05 6.723403930664062500e-05 6.714463233947753906e-05 5.584955215454101562e-05 7.349252700805664062e-05 6.318092346191406250e-05 6.633996963500976562e-05 6.651878356933593750e-05 7.250905036926269531e-05 7.143616676330566406e-05
1.451194118273974487e+00 3.597140312194824219e-05 3.221631050109863281e-05 3.325939178466796875e-05 3.439188003540039062e-05 4.434585571289062500e-05 3.728270530700683594e-05 3.093481063842773438e-05 3.564357757568359375e-05 4.628300666809082031e-05 3.576278686523437500e-05
1.457646880259362288e+00 -4.699826240539550781e-05 -4.243850708007812500e-05 -5.155801773071289062e-05 -5.257129669189453125e-05 -5.435943603515625000e-05 -5.814433097839355469e-05 -4.279613494873046875e-05 -3.877282142639160156e-05 -6.118416786193847656e-05 -6.461143493652343750e-05
1.464099642244750310e+00 9.751319885253906250e-05 9.149312973022460938e-05 1.030862331390380859e-04 1.035928726196289062e-04 9.718537330627441406e-05 8.511543273925781250e-05 1.107752323150634766e-04 9.599328041076660156e-05 1.080036163330078125e-04 9.372830390930175781e-05
1.470552404230138110e+00 -5.900859832763671875e-05 -5.179643630981445312e-05 -4.896521568298339844e-05 -5.203485488891601562e-05 -4.014372825622558594e-05 -3.457069396972656250e-05 -5.528330802917480469e-05 -5.263090133666992188e-05 -4.765391349792480469e-05 -5.421042442321777344e-05
1.477005166215525911e+00 -3.141164779663085938e-05 -5.266070365905761719e-05 -4.231929779052734375e-05 -4.631280899047851562e-05 -3.817677497863769531e-05 -4.592537879943847656e-05 -3.814697265625000000e-05 -4.535913467407226562e-05 -3.609061241149902344e-05 -4.464387893676757812e-05
1.483457928200913933e+00 8.973479270935058594e-05 8.445978164672851562e-05 9.989738464355468750e-05 9.238719940185546875e-05 8.571147918701171875e-05 8.866190910339355469e-05 8.791685104370117188e-05 8.255243301391601562e-05 8.717179298400878906e-05 9.247660636901855469e-05
1.489910690186301734e+00 -2.434849739074707031e-05 -4.294514656066894531e-05 -3.883242607116699219e-05 -4.014372825622558594e-05 -3.629922866821289062e-05 -4.270672798156738281e-05 -3.275275230407714844e-05 -3.477931022644042969e-05 -3.740191459655761719e-05 -3.239512443542480469e-05
1.496363452171689756e+00 3.248453140258789062e-06 6.496906280517578125e-06 4.470348358154296875e-06 4.768371582031250000e-06 -7.927417755126953125e-06 2.622604370117187500e-06 5.722045898437500000e-06 1.579523086547851562e-06 -8.195638656616210938e-06 -1.668930053710937500e-06
1.502816214157077557e+00 6.195902824401855469e-05 5.802512168884277344e-05 4.068017005920410156e-05 5.590915679931640625e-05 5.412101745605468750e-05 5.772709846496582031e-05 5.578994750976562500e-05 6.294250488281250000e-05 7.069110870361328125e-05 6.157159805297851562e-05
1.509268976142465579e+00 -6.678700447082519531e-05 -6.476044654846191406e-05 -5.945563316345214844e-05 -6.064772605895996094e-05 -8.258223533630371094e-05 -6.675720214843750000e-05 -6.875395774841308594e-05 -6.368756294250488281e-05 -5.334615707397460938e-05 -6.029009819030761719e-05
1.515721738127853380e+00 2.869963645935058594e-05 2.312660217285156250e-05 3.051757812500000000e-05 2.920627593994140625e-05 2.598762512207031250e-05 2.402067184448242188e-05 2.339482307434082031e-05 2.518296241760253906e-05 2.560019493103027344e-05 1.689791679382324219e-05
1.522174500113241402e+00 4.106760025024414062e-05 5.304813385009765625e-05 4.413723945617675781e-05 4.735589027404785156e-05 5.492568016052246094e-05 5.185604095458984375e-05 5.489587783813476562e-05 5.275011062622070312e-05 5.573034286499023438e-05 4.938244819641113281e-05
1.528627262098629203e+00 -3.802776336669921875e-05 -4.184246063232421875e-05 -5.006790161132812500e-05 -3.957748413085937500e-05 -4.306435585021972656e-05 -4.583597183227539062e-05 -4.756450653076171875e-05 -4.273653030395507812e-05 -4.503130912780761719e-05 -3.221631050109863281e-05
1.535080024084017225e+00 1.454353332519531250e-05 1.823902130126953125e-05 3.099441528320312500e-05 2.506375312805175781e-05 1.737475395202636719e-05 1.141428947448730469e-05 1.379847526550292969e-05 1.996755599975585938e-05 1.955032348632812500e-05 1.373887062072753906e-05
1.541532786069405025e+00 -7.629394531250000000e-06 -3.129243850708007812e-06 -2.506375312805175781e-05 -1.350045204162597656e-05 -1.433491706848144531e-05 -4.947185516357421875e-06 -4.172325134277343750e-06 -6.169080734252929688e-06 -1.671910285949707031e-05 -3.665685653686523438e-06
1.547985548054793048e+00 -1.016259193420410156e-05 -1.847743988037109375e-05 -4.142522811889648438e-06 -9.596347808837890625e-06 -5.900859832763671875e-06 -1.683831214904785156e-05 -2.503395080566406250e-05 -6.914138793945312500e-06 -1.588463783264160156e-05 -1.221895217895507812e-05
1.554438310040180848e+00 3.561377525329589844e-05 3.099441528320312500e-05 2.789497375488281250e-05 2.449750900268554688e-05 2.822279930114746094e-05 3.105401992797851562e-05 3.448128700256347656e-05 1.505017280578613281e-05 2.285838127136230469e-05 2.998113632202148438e-05
1.560891072025568649e+00 -4.470348358154296875e-07 1.549720764160156250e-06 -3.874301910400390625e-06 7.450580596923828125e-07 -8.970499038696289062e-06 -4.142522811889648438e-06 -1.287460327148437500e-05 4.827976226806640625e-06 8.046627044677734375e-07 -2.980232238769531250e-07
1.567343834010956671e+00 -2.849102020263671875e-05 -2.750754356384277344e-05 -2.670288085937500000e-05 -3.364682197570800781e-05 -2.634525299072265625e-05 -2.816319465637207031e-05 -2.402067184448242188e-05 -2.145767211914062500e-05 -2.586841583251953125e-05 -3.057718276977539062e-05
1.573796595996344472e+00 2.184510231018066406e-05 1.958012580871582031e-05 2.139806747436523438e-05 2.413988113403320312e-05 1.761317253112792969e-05 8.791685104370117188e-06 1.803040504455566406e-05 6.258487701416015625e-06 2.017617225646972656e-05 1.618266105651855469e-05
1.580249357981732494e+00 -2.130866050720214844e-05 -2.977252006530761719e-05 -2.995133399963378906e-05 -3.057718276977539062e-05 -2.387166023254394531e-05 -2.914667129516601562e-05 -9.208917617797851562e-06 -2.789497375488281250e-05 -3.308057785034179688e-05 -3.063678741455078125e-05
1.586702119967120295e+00 -5.224347114562988281e-05 -5.319714546203613281e-05 -6.029009819030761719e-05 -4.938244819641113281e-05 -5.614757537841796875e-05 -5.796551704406738281e-05 -5.882978439331054688e-05 -6.252527236938476562e-05 -6.383657455444335938e-05 -5.373358726501464844e-05
1.593154881952508317e+00 9.155273437500000000e-05 9.495019912719726562e-05 9.500980377197265625e-05 8.854269981384277344e-05 9.235739707946777344e-05 8.627772331237792969e-05 9.274482727050781250e-05 9.128451347351074219e-05 9.185075759887695312e-05 8.991360664367675781e-05
1.599607643937896118e+00 -5.477666854858398438e-05 -5.638599395751953125e-05 -5.555152893066406250e-05 -4.056096076965332031e-05 -4.249811172485351562e-05 -4.190206527709960938e-05 -4.854798316955566406e-05 -5.149841308593750000e-05 -4.649162292480468750e-05 -4.968047142028808594e-05
1.606060405923284140e+00 -3.841519355773925781e-05 -5.054473876953125000e-05 -5.751848220825195312e-05 -4.082918167114257812e-05 -4.205107688903808594e-05 -4.720687866210937500e-05 -5.394220352172851562e-05 -5.042552947998046875e-05 -6.097555160522460938e-05 -4.655122756958007812e-05
1.612513167908671941e+00 1.289844512939453125e-04 1.277625560760498047e-04 1.358687877655029297e-04 1.316964626312255859e-04 1.293420791625976562e-04 1.298785209655761719e-04 1.358687877655029297e-04 1.268386840820312500e-04 1.275837421417236328e-04 1.318454742431640625e-04
1.618965929894059963e+00 -1.210868358612060547e-04 -1.311600208282470703e-04 -1.305937767028808594e-04 -1.323819160461425781e-04 -1.293122768402099609e-04 -1.165568828582763672e-04 -1.318156719207763672e-04 -1.281797885894775391e-04 -1.400411128997802734e-04 -1.232028007507324219e-04
1.625418691879447763e+00 4.953145980834960938e-05 5.078315734863281250e-05 4.401803016662597656e-05 4.538893699645996094e-05 4.220008850097656250e-05 4.953145980834960938e-05 5.578994750976562500e-05 5.602836608886718750e-05 4.866719245910644531e-05 4.515051841735839844e-05
1.631871453864835786e+00 9.638071060180664062e-05 9.858608245849609375e-05 9.840726852416992188e-05 9.015202522277832031e-05 1.099705696105957031e-04 1.000761985778808594e-04 1.001060009002685547e-04 9.590387344360351562e-05 1.035332679748535156e-04 8.955597877502441406e-05
1.638324215850223586e+00 -1.843571662902832031e-04 -1.825988292694091797e-04 -1.750588417053222656e-04 -1.834630966186523438e-04 -1.855790615081787109e-04 -1.753568649291992188e-04 -1.816749572753906250e-04 -1.688301563262939453e-04 -1.830160617828369141e-04 -1.689791679382324219e-04
1.644776977835611609e+00 1.475512981414794922e-04 1.423358917236328125e-04 1.350343227386474609e-04 1.485943794250488281e-04 1.491606235504150391e-04 1.280605792999267578e-04 1.322627067565917969e-04 1.396238803863525391e-04 1.434087753295898438e-04 1.453161239624023438e-04
1.651229739820999409e+00 6.577372550964355469e-05 6.571412086486816406e-05 6.815791130065917969e-05 6.765127182006835938e-05 6.946921348571777344e-05 7.912516593933105469e-05 7.793307304382324219e-05 7.560849189758300781e-05 7.766485214233398438e-05 7.674098014831542969e-05
1.657682501806387210e+00 -1.778304576873779297e-04 -1.652538776397705078e-04 -1.688301563262939453e-04 -1.665949821472167969e-04 -1.676380634307861328e-04 -1.781582832336425781e-04 -1.728236675262451172e-04 -1.746118068695068359e-04 -1.675784587860107422e-04 -1.748204231262207031e-04
1.664135263791775232e+00 2.405643463134765625e-04 2.487599849700927734e-04 2.470612525939941406e-04 2.417862415313720703e-04 2.452433109283447266e-04 2.442598342895507812e-04 2.335309982299804688e-04 2.441704273223876953e-04 2.539455890655517578e-04 2.567172050476074219e-04
1.670588025777163033e+00 -1.308917999267578125e-04 -1.341998577117919922e-04 -1.193284988403320312e-04 -1.342892646789550781e-04 -1.216530799865722656e-04 -1.167356967926025391e-04 -1.085698604583740234e-04 -1.119971275329589844e-04 -1.166164875030517578e-04 -1.288354396820068359e-04
1.677040787762551055e+00 -1.544058322906494141e-04 -1.623332500457763672e-04 -1.592040061950683594e-04 -1.608431339263916016e-04 -1.677572727203369141e-04 -1.727342605590820312e-04 -1.773834228515625000e-04 -1.704394817352294922e-04 -1.579821109771728516e-04 -1.725554466247558594e-04
1.683493549747938856e+00 2.773702144622802734e-04 2.687275409698486328e-04 2.738237380981445312e-04 2.861917018890380859e-04 2.740323543548583984e-04 2.712309360504150391e-04 2.694725990295410156e-04 2.667903900146484375e-04 2.731978893280029297e-04 2.817213535308837891e-04
1.689946311733326878e+00 -1.205801963806152344e-04 -1.249909400939941406e-04 -1.296401023864746094e-04 -1.296997070312500000e-04 -1.241266727447509766e-04 -1.208782196044921875e-04 -1.058876514434814453e-04 -1.102089881896972656e-04 -1.214742660522460938e-04 -1.141726970672607422e-04
1.696399073718714678e+00 1.210570335388183594e-04 1.123249530792236328e-04 1.288354396820068359e-04 1.137256622314453125e-04 1.028478145599365234e-04 1.122951507568359375e-04 1.091659069061279297e-04 1.167654991149902344e-04 1.057982444763183594e-04 1.162886619567871094e-04
1.702851835704102701e+00 8.320808410644531250e-05 9.152293205261230469e-05 9.226799011230468750e-05 7.727742195129394531e-05 9.891390800476074219e-05 9.471178054809570312e-05 9.220838546752929688e-05 1.008808612823486328e-04 1.065433025360107422e-04 9.459257125854492188e-05
1.709304597689490501e+00 -2.607107162475585938e-04 -2.503991127014160156e-04 -2.670586109161376953e-04 -2.677142620086669922e-04 -2.545118331909179688e-04 -2.500712871551513672e-04 -2.571046352386474609e-04 -2.577304840087890625e-04 -2.548694610595703125e-04 -2.619922161102294922e-04
1.715757359674878524e+00 2.025961875915527344e-04 1.993775367736816406e-04 2.085268497467041016e-04 2.079308032989501953e-04 1.991093158721923828e-04 1.920461654663085938e-04 1.930892467498779297e-04 1.922845840454101562e-04 2.042055130004882812e-04 1.890063285827636719e-04
1.722210121660266324e+00 2.202391624450683594e-05 1.597404479980468750e-05 2.747774124145507812e-05 8.136034011840820312e-06 4.106760025024414062e-05 2.434849739074707031e-05 2.488493919372558594e-05 1.960992813110351562e-05 1.594424247741699219e-05 2.148747444152832031e-05
1.728662883645654347e+00 -2.205669879913330078e-04 -2.121329307556152344e-04 -2.134740352630615234e-04 -2.324879169464111328e-04 -2.212226390838623047e-04 -2.179145812988281250e-04 -2.231299877166748047e-04 -2.208948135375976562e-04 -2.205967903137207031e-04 -2.146065235137939453e-04
1.735115645631042147e+00 2.746880054473876953e-04 2.779066562652587891e-04 2.624988555908203125e-04 2.638399600982666016e-04 2.611279487609863281e-04 2.678036689758300781e-04 2.648234367370605469e-04 2.724528312683105469e-04 2.684295177459716797e-04 2.623200416564941406e-04
1.741568407616429948e+00 -1.075863838195800781e-04 -1.055300235748291016e-04 -9.521842002868652344e-05 -9.730458259582519531e-05 -1.000463962554931641e-04 -9.870529174804687500e-05 -1.147687435150146484e-04 -1.021325588226318359e-04 -1.111924648284912109e-04 -1.169145107269287109e-04
1.748021169601817970e+00 -5.432963371276855469e-05 -5.525350570678710938e-05 -5.754828453063964844e-05 -6.142258644104003906e-05 -6.648898124694824219e-05 -6.392598152160644531e-05 -6.890296936035156250e-05 -6.771087646484375000e-05 -5.975365638732910156e-05 -5.820393562316894531e-05
1.754473931587205771e+00 2.943873405456542969e-04 2.821981906890869141e-04 2.823770046234130859e-04 2.891719341278076172e-04 3.053247928619384766e-04 2.931654453277587891e-04 2.890825271606445312e-04 2.937018871307373047e-04 2.928972244262695312e-04 2.952218055725097656e-04
1.760926693572593793e+00 -1.667439937591552734e-04 -1.523494720458984375e-04 -1.704990863800048828e-04 -1.603960990905761719e-04 -1.545548439025878906e-04 -1.480579376220703125e-04 -1.591444015502929688e-04 -1.539885997772216797e-04 -1.662075519561767578e-04 -1.554191112518310547e-04
1.767379455557981593e+00 9.888410568237304688e-05 9.068846702575683594e-05 8.094310760498046875e-05 9.578466415405273438e-05 7.709860801696777344e-05 8.255243301391601562e-05 9.471178054809570312e-05 9.098649024963378906e-05 7.939338684082031250e-05 8.931756019592285156e-05
1.773832217543369616e+00 1.400411128997802734e-04 1.322925090789794922e-04 1.427531242370605469e-04 1.485049724578857422e-04 1.402497291564941406e-04 1.441240310668945312e-04 1.400709152221679688e-04 1.322329044342041016e-04 1.394748687744140625e-04 1.400113105773925781e-04
1.780284979528757416e+00 -1.971125602722167969e-04 -2.093613147735595703e-04 -2.040863037109375000e-04 -2.133846282958984375e-04 -2.016127109527587891e-04 -2.207458019256591797e-04 -2.039968967437744141e-04 -2.163946628570556641e-04 -2.143085002899169922e-04 -2.110302448272705078e-04
1.786737741514145439e+00 3.445148468017578125e-05 3.144145011901855469e-05 1.260638236999511719e-05 2.306699752807617188e-05 1.898407936096191406e-05 1.603364944458007812e-05 2.500414848327636719e-05 1.567602157592773438e-05 2.428889274597167969e-05 3.036856651306152344e-05
1.793190503499533239e+00 5.975365638732910156e-05 5.364418029785156250e-05 7.605552673339843750e-05 5.671381950378417969e-05 6.359815597534179688e-05 5.611777305603027344e-05 5.713105201721191406e-05 6.580352783203125000e-05 6.049871444702148438e-05 6.341934204101562500e-05
1.799643265484921262e+00 -5.218386650085449219e-05 -5.462765693664550781e-05 -4.684925079345703125e-05 -5.435943603515625000e-05 -5.272030830383300781e-05 -5.191564559936523438e-05 -4.190206527709960938e-05 -4.935264587402343750e-05 -4.586577415466308594e-05 -5.787611007690429688e-05
1.806096027470309062e+00 1.557171344757080078e-04 1.552700996398925781e-04 1.495480537414550781e-04 1.600682735443115234e-04 1.631975173950195312e-04 1.522004604339599609e-04 1.519322395324707031e-04 1.458525657653808594e-04 1.588463783264160156e-04 1.679360866546630859e-04
1.812548789455697085e+00 -3.725290298461914062e-06 -1.633167266845703125e-05 -7.480382919311523438e-06 -1.817941665649414062e-05 -1.102685928344726562e-05 -5.841255187988281250e-06 -8.970499038696289062e-06 -1.189112663269042969e-05 -9.715557098388671875e-06 -9.059906005859375000e-06
1.819001551441084885e+00 -8.401274681091308594e-05 -8.249282836914062500e-05 -8.699297904968261719e-05 -6.708502769470214844e-05 -7.697939872741699219e-05 -7.471442222595214844e-05 -7.274746894836425781e-05 -7.116794586181640625e-05 -7.343292236328125000e-05 -7.113814353942871094e-05
1.825454313426472908e+00 6.943941116333007812e-05 8.496642112731933594e-05 8.261203765869140625e-05 8.127093315124511719e-05 8.308887481689453125e-05 7.665157318115234375e-05 8.344650268554687500e-05 7.700920104980468750e-05 8.192658424377441406e-05 8.529424667358398438e-05
1.831907075411860708e+00 -8.207559585571289062e-05 -7.939338684082031250e-05 -8.699297904968261719e-05 -8.752942085266113281e-05 -8.419156074523925781e-05 -7.337331771850585938e-05 -8.437037467956542969e-05 -6.482005119323730469e-05 -7.793307304382324219e-05 -8.478760719299316406e-05
1.838359837397248508e+00 -2.160668373107910156e-05 -1.347064971923828125e-05 -2.434849739074707031e-05 -1.913309097290039062e-05 -2.145767211914062500e-05 -1.931190490722656250e-05 -1.838803291320800781e-05 -8.225440979003906250e-06 -1.233816146850585938e-05 -1.409649848937988281e-05
1.844812599382636531e+00 7.987022399902343750e-05 8.311867713928222656e-05 8.076429367065429688e-05 7.319450378417968750e-05 8.326768875122070312e-05 8.225440979003906250e-05 8.663535118103027344e-05 8.597970008850097656e-05 8.764863014221191406e-05 6.484985351562500000e-05
1.851265361368024331e+00 -6.991624832153320312e-05 -7.143616676330566406e-05 -5.990266799926757812e-05 -6.723403930664062500e-05 -6.511807441711425781e-05 -7.277727127075195312e-05 -7.027387619018554688e-05 -7.253885269165039062e-05 -7.107853889465332031e-05 -7.638335227966308594e-05
1.857718123353412354e+00 6.645917892456054688e-06 4.142522811889648438e-06 3.188848495483398438e-06 5.573034286499023438e-06 -5.036592483520507812e-06 -4.529953002929687500e-06 5.692243576049804688e-06 -3.784894943237304688e-06 -2.712011337280273438e-06 -2.413988113403320312e-06
1.864170885338800154e+00 4.532933235168457031e-05 3.874301910400390625e-05 4.959106445312500000e-05 5.123019218444824219e-05 2.431869506835937500e-05 3.829598426818847656e-05 3.167986869812011719e-05 4.196166992187500000e-05 3.725290298461914062e-05 3.132224082946777344e-05
1.870623647324188177e+00 -2.717971801757812500e-05 -3.343820571899414062e-05 -2.896785736083984375e-05 -1.937150955200195312e-05 -3.400444984436035156e-05 -2.309679985046386719e-05 -3.722310066223144531e-05 -2.101063728332519531e-05 -2.008676528930664062e-05 -2.804398536682128906e-05
1.877076409309575977e+00 -2.172589302062988281e-05 -1.847743988037109375e-05 -2.136826515197753906e-05 -1.811981201171875000e-05 -1.677870750427246094e-05 -8.314847946166992188e-06 -1.010298728942871094e-05 -5.632638931274414062e-06 -1.630187034606933594e-05 -1.105666160583496094e-05
1.883529171294964000e+00 1.996755599975585938e-05 1.043081283569335938e-06 1.558661460876464844e-05 2.336502075195312500e-05 1.594424247741699219e-05 1.293420791625976562e-05 1.114606857299804688e-05 3.665685653686523438e-06 2.893805503845214844e-05 1.499056816101074219e-05
1.889981933280351800e+00 -2.306699752807617188e-05 -2.583861351013183594e-05 -3.147125244140625000e-05 -2.762675285339355469e-05 -1.525878906250000000e-05 -2.908706665039062500e-05 -2.437829971313476562e-05 -2.178549766540527344e-05 -2.461671829223632812e-05 -2.601742744445800781e-05
1.896434695265739823e+00 -2.256035804748535156e-05 -1.922249794006347656e-05 -3.036856651306152344e-05 -2.241134643554687500e-05 -3.007054328918457031e-05 -2.881884574890136719e-05 -2.381205558776855469e-05 -2.112984657287597656e-05 -1.901388168334960938e-05 -2.133846282958984375e-05
1.902887457251127623e+00 3.820657730102539062e-05 4.115700721740722656e-05 5.829334259033203125e-05 5.283951759338378906e-05 3.832578659057617188e-05 4.395842552185058594e-05 4.437565803527832031e-05 4.610419273376464844e-05 4.532933235168457031e-05 4.491209983825683594e-05
1.909340219236515646e+00 -8.016824722290039062e-06 -1.522898674011230469e-05 -2.971291542053222656e-05 -1.612305641174316406e-05 -4.023313522338867188e-06 -1.996755599975585938e-05 -7.331371307373046875e-06 -5.155801773071289062e-06 -1.028180122375488281e-05 -1.195073127746582031e-05
1.915792981221903446e+00 -1.665949821472167969e-05 -7.718801498413085938e-06 -1.367926597595214844e-05 -1.120567321777343750e-05 -1.028180122375488281e-05 -1.138448715209960938e-05 -2.899765968322753906e-05 -1.126527786254882812e-05 1.788139343261718750e-06 -2.473592758178710938e-06
1.922245743207291468e+00 2.583861351013183594e-05 3.424286842346191406e-05 3.519654273986816406e-05 1.990795135498046875e-05 3.373622894287109375e-05 2.527236938476562500e-05 4.246830940246582031e-05 3.656744956970214844e-05 4.148483276367187500e-05 3.167986869812011719e-05
1.928698505192679269e+00 -6.794929504394531250e-06 -4.559755325317382812e-06 -1.180171966552734375e-05 -6.616115570068359375e-06 -1.624226570129394531e-05 -1.192092895507812500e-05 -1.087784767150878906e-05 -1.874566078186035156e-05 -1.031160354614257812e-05 -5.453824996948242188e-06
1.935151267178067069e+00 3.978610038757324219e-05 3.349781036376953125e-05 3.221631050109863281e-05 3.263354301452636719e-05 3.966689109802246094e-05 4.485249519348144531e-05 3.996491432189941406e-05 3.969669342041015625e-05 4.100799560546875000e-05 2.905726432800292969e-05
1.941604029163455092e+00 1.984834671020507812e-05 3.442168235778808594e-05 4.222989082336425781e-05 4.431605339050292969e-05 2.601742744445800781e-05 2.819299697875976562e-05 3.588199615478515625e-05 3.618001937866210938e-05 3.415346145629882812e-05 1.895427703857421875e-05
1.948056791148842892e+00 -9.059906005859375000e-06 -1.564621925354003906e-05 -7.718801498413085938e-06 -2.211332321166992188e-05 -8.612871170043945312e-06 -1.120567321777343750e-05 -7.987022399902343750e-06 -1.603364944458007812e-05 -6.407499313354492188e-06 -2.086162567138671875e-06
1.954509553134230915e+00 -5.447864532470703125e-05 -5.865097045898437500e-05 -4.103779792785644531e-05 -3.904104232788085938e-05 -5.516409873962402344e-05 -3.701448440551757812e-05 -4.944205284118652344e-05 -4.097819328308105469e-05 -5.456805229187011719e-05 -3.781914710998535156e-05
1.960962315119618715e+00 6.932020187377929688e-05 8.371472358703613281e-05 7.507205009460449219e-05 6.681680679321289062e-05 7.623434066772460938e-05 7.081031799316406250e-05 7.253885269165039062e-05 7.945299148559570312e-05 7.733702659606933594e-05 7.963180541992187500e-05
1.967415077105006738e+00 -3.224611282348632812e-05 -3.892183303833007812e-05 -3.111362457275390625e-05 -2.434849739074707031e-05 -3.269314765930175781e-05 -2.250075340270996094e-05 -1.585483551025390625e-05 -2.101063728332519531e-05 -3.403425216674804688e-05 -2.849102020263671875e-05
1.973867839090394538e+00 -7.838010787963867188e-06 6.020069122314453125e-06 -1.457333564758300781e-05 3.576278686523437500e-06 -6.347894668579101562e-06 -1.162290573120117188e-05 -2.634525299072265625e-05 -5.841255187988281250e-06 -4.053115844726562500e-06 -1.266598701477050781e-05
1.980320601075782561e+00 5.716085433959960938e-05 6.672739982604980469e-05 6.294250488281250000e-05 6.499886512756347656e-05 6.467103958129882812e-05 6.839632987976074219e-05 6.628036499023437500e-05 6.118416786193847656e-05 8.052587509155273438e-05 6.139278411865234375e-05
1.986773363061170361e+00 -1.266300678253173828e-04 -1.259744167327880859e-04 -1.323223114013671875e-04 -1.236200332641601562e-04 -1.292228698730468750e-04 -1.097321510314941406e-04 -1.159310340881347656e-04 -1.222193241119384766e-04 -1.206994056701660156e-04 -1.153349876403808594e-04
1.993226125046558384e+00 7.194280624389648438e-05 7.411837577819824219e-05 6.309151649475097656e-05 6.854534149169921875e-05 6.434321403503417969e-05 6.100535392761230469e-05 5.781650543212890625e-05 7.608532905578613281e-05 6.696581840515136719e-05 6.324052810668945312e-05
1.999678887031946184e+00 1.275539398193359375e-04 1.318156719207763672e-04 1.266896724700927734e-04 1.383721828460693359e-04 1.301467418670654297e-04 1.305341720581054688e-04 1.271069049835205078e-04 1.440048217773437500e-04 1.320540904998779297e-04 1.332461833953857422e-04
2.006131649017333984e+00 -8.189678192138671875e-05 -8.350610733032226562e-05 -7.343292236328125000e-05 -7.262825965881347656e-05 -7.709860801696777344e-05 -9.024143218994140625e-05 -9.140372276306152344e-05 -7.119774818420410156e-05 -7.656216621398925781e-05 -7.012486457824707031e-05
