#Range[m] 0 1 2 3 4 5 6 7 8 9
1.800000071525573730e-01 -4.557952284812927246e-02 -4.563716053962707520e-02 -4.556962847709655762e-02 -4.559013247489929199e-02 -4.563274979591369629e-02 -4.595038294792175293e-02 -4.548606276512145996e-02 -4.582792520523071289e-02 -4.577517509460449219e-02 -4.559105634689331055e-02
1.864527691379452845e-01 3.573524951934814453e-02 3.576776385307312012e-02 3.564769029617309570e-02 3.565561771392822266e-02 3.566002845764160156e-02 3.540933132171630859e-02 3.569144010543823242e-02 3.556019067764282227e-02 3.567206859588623047e-02 3.569000959396362305e-02
1.929055311233331682e-01 9.207487106323242188e-03 9.240865707397460938e-03 9.263187646865844727e-03 9.297817945480346680e-03 9.343832731246948242e-03 9.562969207763671875e-03 9.092688560485839844e-03 9.369313716888427734e-03 9.266763925552368164e-03 9.159356355667114258e-03
1.993582931087210797e-01 -2.256938815116882324e-02 -2.254271507263183594e-02 -2.254763245582580566e-02 -2.254247665405273438e-02 -2.260193228721618652e-02 -2.260306477546691895e-02 -2.248126268386840820e-02 -2.260175347328186035e-02 -2.254146337509155273e-02 -2.251246571540832520e-02
2.058110550941089911e-01 3.150522708892822266e-03 3.140807151794433594e-03 3.101408481597900391e-03 3.116488456726074219e-03 3.145486116409301758e-03 2.981871366500854492e-03 3.168374300003051758e-03 3.128111362457275391e-03 3.142923116683959961e-03 3.150582313537597656e-03
2.122638170794968748e-01 6.975620985031127930e-03 6.960749626159667969e-03 6.985247135162353516e-03 6.993591785430908203e-03 7.001906633377075195e-03 7.014364004135131836e-03 6.929814815521240234e-03 6.962597370147705078e-03 6.975561380386352539e-03 6.926774978637695312e-03
2.187165790648847863e-01 7.327586412429809570e-03 7.335096597671508789e-03 7.321059703826904297e-03 7.318377494812011719e-03 7.300049066543579102e-03 7.356315851211547852e-03 7.324963808059692383e-03 7.342636585235595703e-03 7.311105728149414062e-03 7.327467203140258789e-03
2.251693410502726977e-01 -1.545763015747070312e-02 -1.547998189926147461e-02 -1.547020673751831055e-02 -1.543620228767395020e-02 -1.545083522796630859e-02 -1.540306210517883301e-02 -1.548835635185241699e-02 -1.539358496665954590e-02 -1.542398333549499512e-02 -1.546087861061096191e-02
2.316221030356606092e-01 -6.031006574630737305e-03 -5.983918905258178711e-03 -6.039798259735107422e-03 -6.088733673095703125e-03 -6.028026342391967773e-03 -6.202161312103271484e-03 -6.000190973281860352e-03 -6.191730499267578125e-03 -6.066232919692993164e-03 -6.042957305908203125e-03
2.380748650210485207e-01 2.583476901054382324e-02 2.580508589744567871e-02 2.582427859306335449e-02 2.580651640892028809e-02 2.581235766410827637e-02 2.576199173927307129e-02 2.581784129142761230e-02 2.577561140060424805e-02 2.579048275947570801e-02 2.580446004867553711e-02
2.445276270064364044e-01 -1.034650206565856934e-02 -1.041129231452941895e-02 -1.027861237525939941e-02 -1.036611199378967285e-02 -1.043897867202758789e-02 -1.016262173652648926e-02 -1.034167408943176270e-02 -1.018038392066955566e-02 -1.025354862213134766e-02 -1.027703285217285156e-02
2.509803889918242881e-01 -2.538096904754638672e-02 -2.538233995437622070e-02 -2.535679936408996582e-02 -2.541738748550415039e-02 -2.538660168647766113e-02 -2.558162808418273926e-02 -2.536275982856750488e-02 -2.548143267631530762e-02 -2.542331814765930176e-02 -2.533182501792907715e-02
2.574331509772121995e-01 2.852857112884521484e-02 2.850058674812316895e-02 2.851417660713195801e-02 2.851840853691101074e-02 2.842685580253601074e-02 2.818477153778076172e-02 2.854636311531066895e-02 2.830770611763000488e-02 2.836951613426208496e-02 2.843129634857177734e-02
2.638859129626001110e-01 5.203455686569213867e-03 5.175471305847167969e-03 5.193680524826049805e-03 5.259364843368530273e-03 5.190938711166381836e-03 5.557298660278320312e-03 5.109965801239013672e-03 5.407094955444335938e-03 5.273252725601196289e-03 5.173474550247192383e-03
2.703386749479880224e-01 -3.735893964767456055e-02 -3.733867406845092773e-02 -3.730043768882751465e-02 -3.734302520751953125e-02 -3.732129931449890137e-02 -3.736856579780578613e-02 -3.731328248977661133e-02 -3.734031319618225098e-02 -3.733274340629577637e-02 -3.727793693542480469e-02
2.767914369333759339e-01 1.937383413314819336e-02 1.935178041458129883e-02 1.935830712318420410e-02 1.933142542839050293e-02 1.934602856636047363e-02 1.904553174972534180e-02 1.939886808395385742e-02 1.924204826354980469e-02 1.935523748397827148e-02 1.940289139747619629e-02
2.832441989187638454e-01 2.037957310676574707e-02 2.038797736167907715e-02 2.041774988174438477e-02 2.046087384223937988e-02 2.045547962188720703e-02 2.071958780288696289e-02 2.034649252891540527e-02 2.055016160011291504e-02 2.043783664703369141e-02 2.036038041114807129e-02
2.896969609041517568e-01 -3.318503499031066895e-02 -3.318908810615539551e-02 -3.318697214126586914e-02 -3.317144513130187988e-02 -3.316241502761840820e-02 -3.305748105049133301e-02 -3.316906094551086426e-02 -3.313040733337402344e-02 -3.315940499305725098e-02 -3.313967585563659668e-02
2.961497228895396683e-01 2.718746662139892578e-03 2.715140581130981445e-03 2.615213394165039062e-03 2.565503120422363281e-03 2.668797969818115234e-03 2.333283424377441406e-03 2.764075994491577148e-03 2.516120672225952148e-03 2.677679061889648438e-03 2.761244773864746094e-03
3.026024848749275242e-01 2.599367499351501465e-02 2.595394849777221680e-02 2.598384022712707520e-02 2.603077888488769531e-02 2.597293257713317871e-02 2.615636587142944336e-02 2.592909336090087891e-02 2.608862519264221191e-02 2.596849203109741211e-02 2.588057518005371094e-02
3.090552468603154357e-01 -2.171096205711364746e-02 -2.174025774002075195e-02 -2.168482542037963867e-02 -2.167198061943054199e-02 -2.168533205986022949e-02 -2.147525548934936523e-02 -2.168917655944824219e-02 -2.155894041061401367e-02 -2.166113257408142090e-02 -2.166417241096496582e-02
3.155080088457033471e-01 -1.297423243522644043e-02 -1.294061541557312012e-02 -1.297247409820556641e-02 -1.298168301582336426e-02 -1.300454139709472656e-02 -1.325017213821411133e-02 -1.291671395301818848e-02 -1.307415962219238281e-02 -1.298028230667114258e-02 -1.293879747390747070e-02
3.219607708310912586e-01 2.550357580184936523e-02 2.548405528068542480e-02 2.547734975814819336e-02 2.549979090690612793e-02 2.549239993095397949e-02 2.546113729476928711e-02 2.545124292373657227e-02 2.546373009681701660e-02 2.547028660774230957e-02 2.545952796936035156e-02
3.284135328164791701e-01 -4.398345947265625000e-03 -4.390925168991088867e-03 -4.389196634292602539e-03 -4.359066486358642578e-03 -4.348874092102050781e-03 -4.140287637710571289e-03 -4.391998052597045898e-03 -4.265189170837402344e-03 -4.352152347564697266e-03 -4.371702671051025391e-03
3.348662948018670260e-01 -1.965451240539550781e-02 -1.968625187873840332e-02 -1.967021822929382324e-02 -1.966691017150878906e-02 -1.966735720634460449e-02 -1.978152990341186523e-02 -1.967093348503112793e-02 -1.972365379333496094e-02 -1.969119906425476074e-02 -1.964592933654785156e-02
3.413190567872549375e-01 1.344993710517883301e-02 1.347774267196655273e-02 1.346510648727416992e-02 1.344215869903564453e-02 1.341977715492248535e-02 1.332709193229675293e-02 1.347413659095764160e-02 1.338249444961547852e-02 1.341322064399719238e-02 1.344215869903564453e-02
3.477718187726428489e-01 1.044836640357971191e-02 1.048797369003295898e-02 1.046842336654663086e-02 1.048544049263000488e-02 1.048320531845092773e-02 1.060360670089721680e-02 1.041832566261291504e-02 1.053312420845031738e-02 1.048302650451660156e-02 1.045224070549011230e-02
3.542245807580307604e-01 -1.575994491577148438e-02 -1.575151085853576660e-02 -1.573851704597473145e-02 -1.575198769569396973e-02 -1.575499773025512695e-02 -1.568776369094848633e-02 -1.573804020881652832e-02 -1.571828126907348633e-02 -1.574489474296569824e-02 -1.574635505676269531e-02
3.606773427434186718e-01 -1.318365335464477539e-03 -1.341342926025390625e-03 -1.360774040222167969e-03 -1.356363296508789062e-03 -1.313835382461547852e-03 -1.493245363235473633e-03 -1.277893781661987305e-03 -1.393646001815795898e-03 -1.316219568252563477e-03 -1.323223114013671875e-03
3.671301047288065833e-01 1.574814319610595703e-02 1.574283838272094727e-02 1.574075222015380859e-02 1.574680209159851074e-02 1.573905348777770996e-02 1.577013731002807617e-02 1.572248339653015137e-02 1.573684811592102051e-02 1.572090387344360352e-02 1.570668816566467285e-02
3.735828667141944948e-01 -6.220459938049316406e-03 -6.194472312927246094e-03 -6.157159805297851562e-03 -6.141215562820434570e-03 -6.181061267852783203e-03 -6.050527095794677734e-03 -6.226211786270141602e-03 -6.117880344390869141e-03 -6.199181079864501953e-03 -6.202042102813720703e-03
3.800356286995824062e-01 -1.104310154914855957e-02 -1.103144884109497070e-02 -1.105412840843200684e-02 -1.108798384666442871e-02 -1.104328036308288574e-02 -1.116248965263366699e-02 -1.103734970092773438e-02 -1.110327243804931641e-02 -1.104176044464111328e-02 -1.101422309875488281e-02
3.864883906849703177e-01 1.337349414825439453e-02 1.336562633514404297e-02 1.337787508964538574e-02 1.335158944129943848e-02 1.335659623146057129e-02 1.327323913574218750e-02 1.335012912750244141e-02 1.327794790267944336e-02 1.335290074348449707e-02 1.335573196411132812e-02
3.929411526703582291e-01 5.701035261154174805e-03 5.683571100234985352e-03 5.678564310073852539e-03 5.698204040527343750e-03 5.708038806915283203e-03 5.857348442077636719e-03 5.651414394378662109e-03 5.759388208389282227e-03 5.702614784240722656e-03 5.691349506378173828e-03
3.993939146557460851e-01 -1.656177639961242676e-02 -1.656457781791687012e-02 -1.655662059783935547e-02 -1.658180356025695801e-02 -1.656022667884826660e-02 -1.655265688896179199e-02 -1.655176281929016113e-02 -1.653754711151123047e-02 -1.657319068908691406e-02 -1.655778288841247559e-02
4.058466766411339965e-01 4.756599664688110352e-03 4.747539758682250977e-03 4.753589630126953125e-03 4.739254713058471680e-03 4.726231098175048828e-03 4.589945077896118164e-03 4.767268896102905273e-03 4.653692245483398438e-03 4.716783761978149414e-03 4.751503467559814453e-03
4.122994386265219080e-01 1.386329531669616699e-02 1.387384533882141113e-02 1.386311650276184082e-02 1.387777924537658691e-02 1.386934518814086914e-02 1.397421956062316895e-02 1.386246085166931152e-02 1.392078399658203125e-02 1.391547918319702148e-02 1.386660337448120117e-02
4.187522006119098195e-01 -1.260709762573242188e-02 -1.261487603187561035e-02 -1.260238885879516602e-02 -1.259100437164306641e-02 -1.257801055908203125e-02 -1.252532005310058594e-02 -1.261371374130249023e-02 -1.255345344543457031e-02 -1.256000995635986328e-02 -1.258853077888488770e-02
4.252049625972976754e-01 -5.832463502883911133e-03 -5.853772163391113281e-03 -5.847692489624023438e-03 -5.873322486877441406e-03 -5.839556455612182617e-03 -5.972474813461303711e-03 -5.802273750305175781e-03 -5.896717309951782227e-03 -5.857408046722412109e-03 -5.825698375701904297e-03
4.316577245826856424e-01 1.502332091331481934e-02 1.501426100730895996e-02 1.503053307533264160e-02 1.503160595893859863e-02 1.500603556632995605e-02 1.502546668052673340e-02 1.499825716018676758e-02 1.501047611236572266e-02 1.501691341400146484e-02 1.501652598381042480e-02
4.381104865680734983e-01 -4.406630992889404297e-03 -4.400610923767089844e-03 -4.386723041534423828e-03 -4.384577274322509766e-03 -4.381269216537475586e-03 -4.262626171112060547e-03 -4.443883895874023438e-03 -4.357486963272094727e-03 -4.405945539474487305e-03 -4.409462213516235352e-03
4.445632485534614098e-01 -1.177716255187988281e-02 -1.176527142524719238e-02 -1.177251338958740234e-02 -1.182189583778381348e-02 -1.179137825965881348e-02 -1.183488965034484863e-02 -1.173835992813110352e-02 -1.181340217590332031e-02 -1.176798343658447266e-02 -1.175528764724731445e-02
4.510160105388493212e-01 1.090648770332336426e-02 1.090219616889953613e-02 1.085272431373596191e-02 1.083624362945556641e-02 1.089161634445190430e-02 1.078277826309204102e-02 1.088321208953857422e-02 1.082998514175415039e-02 1.087263226509094238e-02 1.086407899856567383e-02
4.574687725242372327e-01 2.698451280593872070e-03 2.661973237991333008e-03 2.703100442886352539e-03 2.727478742599487305e-03 2.710461616516113281e-03 2.823770046234130859e-03 2.669304609298706055e-03 2.762407064437866211e-03 2.699434757232666016e-03 2.670139074325561523e-03
4.639215345096251442e-01 -1.225966215133666992e-02 -1.225572824478149414e-02 -1.227170228958129883e-02 -1.226270198822021484e-02 -1.224726438522338867e-02 -1.225063204765319824e-02 -1.224592328071594238e-02 -1.225459575653076172e-02 -1.226687431335449219e-02 -1.225066184997558594e-02
4.703742964950130556e-01 2.497047185897827148e-03 2.521306276321411133e-03 2.513885498046875000e-03 2.501219511032104492e-03 2.506792545318603516e-03 2.395987510681152344e-03 2.532809972763061523e-03 2.470254898071289062e-03 2.512574195861816406e-03 2.496272325515747070e-03
4.768270584804009671e-01 9.848535060882568359e-03 9.828031063079833984e-03 9.850174188613891602e-03 9.855896234512329102e-03 9.827077388763427734e-03 9.889900684356689453e-03 9.826183319091796875e-03 9.860366582870483398e-03 9.868294000625610352e-03 9.852379560470581055e-03
4.832798204657888230e-01 -8.319437503814697266e-03 -8.316934108734130859e-03 -8.325308561325073242e-03 -8.332729339599609375e-03 -8.316606283187866211e-03 -8.250534534454345703e-03 -8.324772119522094727e-03 -8.285433053970336914e-03 -8.304506540298461914e-03 -8.314102888107299805e-03
4.897325824511767345e-01 -5.532830953598022461e-03 -5.562931299209594727e-03 -5.549162626266479492e-03 -5.543529987335205078e-03 -5.567222833633422852e-03 -5.684137344360351562e-03 -5.533009767532348633e-03 -5.626171827316284180e-03 -5.587399005889892578e-03 -5.569458007812500000e-03
4.961853444365646459e-01 1.026603579521179199e-02 1.027885079383850098e-02 1.027366518974304199e-02 1.027280092239379883e-02 1.025092601776123047e-02 1.027551293373107910e-02 1.026546955108642578e-02 1.027464866638183594e-02 1.025414466857910156e-02 1.027259230613708496e-02
5.026381064219525019e-01 -7.578730583190917969e-04 -7.650852203369140625e-04 -7.719397544860839844e-04 -7.343590259552001953e-04 -7.565319538116455078e-04 -6.896555423736572266e-04 -7.792115211486816406e-04 -7.292330265045166016e-04 -7.515847682952880859e-04 -7.623434066772460938e-04
5.090908684073405244e-01 -9.075850248336791992e-03 -9.090363979339599609e-03 -9.082436561584472656e-03 -9.086012840270996094e-03 -9.070843458175659180e-03 -9.146064519882202148e-03 -9.056597948074340820e-03 -9.086489677429199219e-03 -9.076893329620361328e-03 -9.097605943679809570e-03
5.155436303927283248e-01 6.598532199859619141e-03 6.594598293304443359e-03 6.586134433746337891e-03 6.576448678970336914e-03 6.589800119400024414e-03 6.512284278869628906e-03 6.611675024032592773e-03 6.547421216964721680e-03 6.596535444259643555e-03 6.586939096450805664e-03
5.219963923781163473e-01 5.026638507843017578e-03 5.010783672332763672e-03 5.013674497604370117e-03 5.041390657424926758e-03 5.000889301300048828e-03 5.095630884170532227e-03 4.963129758834838867e-03 5.051970481872558594e-03 5.004376173019409180e-03 5.002498626708984375e-03
5.284491543635041477e-01 -9.345918893814086914e-03 -9.337663650512695312e-03 -9.323924779891967773e-03 -9.311020374298095703e-03 -9.332746267318725586e-03 -9.293764829635620117e-03 -9.332180023193359375e-03 -9.314239025115966797e-03 -9.338229894638061523e-03 -9.326040744781494141e-03
5.349019163488920592e-01 2.383381128311157227e-03 2.384006977081298828e-03 2.374291419982910156e-03 2.362012863159179688e-03 2.354800701141357422e-03 2.289861440658569336e-03 2.378374338150024414e-03 2.320438623428344727e-03 2.366214990615844727e-03 2.396762371063232422e-03
5.413546783342799706e-01 7.575303316116333008e-03 7.563024759292602539e-03 7.576942443847656250e-03 7.566213607788085938e-03 7.565408945083618164e-03 7.617354393005371094e-03 7.554560899734497070e-03 7.615774869918823242e-03 7.589191198348999023e-03 7.577419281005859375e-03
5.478074403196678821e-01 -5.415946245193481445e-03 -5.413323640823364258e-03 -5.426764488220214844e-03 -5.408197641372680664e-03 -5.409896373748779297e-03 -5.350857973098754883e-03 -5.427032709121704102e-03 -5.388289690017700195e-03 -5.412846803665161133e-03 -5.409628152847290039e-03
5.542602023050557936e-01 -3.733664751052856445e-03 -3.698140382766723633e-03 -3.731667995452880859e-03 -3.731995820999145508e-03 -3.700315952301025391e-03 -3.780722618103027344e-03 -3.735482692718505859e-03 -3.782987594604492188e-03 -3.754943609237670898e-03 -3.748029470443725586e-03
5.607129642904437050e-01 7.611930370330810547e-03 7.605522871017456055e-03 7.616370916366577148e-03 7.647931575775146484e-03 7.623374462127685547e-03 7.607042789459228516e-03 7.631361484527587891e-03 7.605314254760742188e-03 7.622390985488891602e-03 7.605493068695068359e-03
5.671657262758316165e-01 -1.440346240997314453e-04 -1.187622547149658203e-04 -1.235306262969970703e-04 -1.454055309295654297e-04 -1.241564750671386719e-04 -4.330277442932128906e-05 -1.654624938964843750e-04 -8.609890937805175781e-05 -1.093149185180664062e-04 -1.172125339508056641e-04
5.736184882612194169e-01 -6.171822547912597656e-03 -6.180793046951293945e-03 -6.167680025100708008e-03 -6.181448698043823242e-03 -6.163090467453002930e-03 -6.195336580276489258e-03 -6.158769130706787109e-03 -6.210684776306152344e-03 -6.195604801177978516e-03 -6.170421838760375977e-03
5.800712502466074394e-01 4.034191370010375977e-03 4.036605358123779297e-03 4.043936729431152344e-03 4.028260707855224609e-03 4.031211137771606445e-03 3.998816013336181641e-03 4.050523042678833008e-03 4.016757011413574219e-03 4.034787416458129883e-03 4.024952650070190430e-03
5.865240122319952398e-01 3.518939018249511719e-03 3.539651632308959961e-03 3.548175096511840820e-03 3.554999828338623047e-03 3.519862890243530273e-03 3.581911325454711914e-03 3.502994775772094727e-03 3.564596176147460938e-03 3.532528877258300781e-03 3.537893295288085938e-03
5.929767742173832623e-01 -5.972653627395629883e-03 -5.961358547210693359e-03 -5.960732698440551758e-03 -5.965977907180786133e-03 -5.962163209915161133e-03 -5.957454442977905273e-03 -5.975782871246337891e-03 -5.972057580947875977e-03 -5.975276231765747070e-03 -5.963414907455444336e-03
5.994295362027710627e-01 -1.734793186187744141e-04 -1.761615276336669922e-04 -1.927316188812255859e-04 -1.974999904632568359e-04 -1.776814460754394531e-04 -2.351999282836914062e-04 -1.530945301055908203e-04 -2.046823501586914062e-04 -1.800060272216796875e-04 -1.820921897888183594e-04
6.058822981881590852e-01 5.706667900085449219e-03 5.699962377548217773e-03 5.702495574951171875e-03 5.687594413757324219e-03 5.705386400222778320e-03 5.714893341064453125e-03 5.693137645721435547e-03 5.704939365386962891e-03 5.714029073715209961e-03 5.711615085601806641e-03
6.123350601735468857e-01 -3.491789102554321289e-03 -3.488034009933471680e-03 -3.504008054733276367e-03 -3.463149070739746094e-03 -3.479808568954467773e-03 -3.449231386184692383e-03 -3.485023975372314453e-03 -3.458023071289062500e-03 -3.481835126876831055e-03 -3.496438264846801758e-03
6.187878221589347971e-01 -3.720462322235107422e-03 -3.701239824295043945e-03 -3.725081682205200195e-03 -3.724962472915649414e-03 -3.728002309799194336e-03 -3.764718770980834961e-03 -3.695040941238403320e-03 -3.745645284652709961e-03 -3.716737031936645508e-03 -3.732085227966308594e-03
6.252405841443227086e-01 4.580557346343994141e-03 4.579097032546997070e-03 4.593253135681152344e-03 4.574865102767944336e-03 4.583865404129028320e-03 4.559695720672607422e-03 4.596382379531860352e-03 4.564970731735229492e-03 4.604876041412353516e-03 4.591375589370727539e-03
6.316933461297106200e-01 1.515090465545654297e-03 1.482188701629638672e-03 1.513332128524780273e-03 1.524925231933593750e-03 1.478463411331176758e-03 1.534879207611083984e-03 1.497060060501098633e-03 1.554608345031738281e-03 1.529157161712646484e-03 1.520037651062011719e-03
6.381461081150985315e-01 -6.092935800552368164e-03 -6.100714206695556641e-03 -6.102085113525390625e-03 -6.111443042755126953e-03 -6.097346544265747070e-03 -6.098866462707519531e-03 -6.093174219131469727e-03 -6.096422672271728516e-03 -6.096661090850830078e-03 -6.107449531555175781e-03
6.445988701004864430e-01 1.285135746002197266e-03 1.286000013351440430e-03 1.292109489440917969e-03 1.295924186706542969e-03 1.275062561035156250e-03 1.231074333190917969e-03 1.307576894760131836e-03 1.235574483871459961e-03 1.257866621017456055e-03 1.263946294784545898e-03
6.510516320858743544e-01 4.863530397415161133e-03 4.865080118179321289e-03 4.866182804107666016e-03 4.888057708740234375e-03 4.864066839218139648e-03 4.896700382232666016e-03 4.847615957260131836e-03 4.908919334411621094e-03 4.888355731964111328e-03 4.873722791671752930e-03
6.575043940712622659e-01 -4.774242639541625977e-03 -4.804462194442749023e-03 -4.787206649780273438e-03 -4.776537418365478516e-03 -4.798084497451782227e-03 -4.763662815093994141e-03 -4.818320274353027344e-03 -4.786103963851928711e-03 -4.796713590621948242e-03 -4.784226417541503906e-03
6.639571560566501773e-01 -2.517908811569213867e-03 -2.531468868255615234e-03 -2.537757158279418945e-03 -2.542704343795776367e-03 -2.526313066482543945e-03 -2.593249082565307617e-03 -2.490073442459106445e-03 -2.561479806900024414e-03 -2.534151077270507812e-03 -2.514004707336425781e-03
6.704099180420379778e-01 6.729245185852050781e-03 6.731271743774414062e-03 6.710261106491088867e-03 6.730318069458007812e-03 6.739765405654907227e-03 6.723225116729736328e-03 6.727278232574462891e-03 6.754070520401000977e-03 6.748110055923461914e-03 6.715178489685058594e-03
6.768626800274260003e-01 -9.812712669372558594e-04 -9.831786155700683594e-04 -9.680986404418945312e-04 -9.706318378448486328e-04 -9.739398956298828125e-04 -8.988082408905029297e-04 -1.003742218017578125e-03 -9.522736072540283203e-04 -9.847581386566162109e-04 -9.791553020477294922e-04
6.833154420128139117e-01 -7.349610328674316406e-03 -7.351428270339965820e-03 -7.357329130172729492e-03 -7.334947586059570312e-03 -7.357776165008544922e-03 -7.390260696411132812e-03 -7.337182760238647461e-03 -7.360339164733886719e-03 -7.369190454483032227e-03 -7.338911294937133789e-03
6.897682039982017121e-01 7.594764232635498047e-03 7.609546184539794922e-03 7.604658603668212891e-03 7.583349943161010742e-03 7.603257894515991211e-03 7.543802261352539062e-03 7.611095905303955078e-03 7.575809955596923828e-03 7.604837417602539062e-03 7.593065500259399414e-03
6.962209659835896236e-01 2.893507480621337891e-03 2.885371446609497070e-03 2.912491559982299805e-03 2.936303615570068359e-03 2.898663282394409180e-03 3.042042255401611328e-03 2.907067537307739258e-03 2.959460020065307617e-03 2.920567989349365234e-03 2.920746803283691406e-03
7.026737279689775351e-01 -1.049348711967468262e-02 -1.049163937568664551e-02 -1.050034165382385254e-02 -1.049855351448059082e-02 -1.049369573593139648e-02 -1.053592562675476074e-02 -1.048704981803894043e-02 -1.049324870109558105e-02 -1.051163673400878906e-02 -1.050192117691040039e-02
7.091264899543654465e-01 5.583047866821289062e-03 5.593091249465942383e-03 5.575686693191528320e-03 5.569130182266235352e-03 5.619436502456665039e-03 5.509406328201293945e-03 5.563974380493164062e-03 5.514979362487792969e-03 5.565434694290161133e-03 5.536913871765136719e-03
7.155792519397533580e-01 7.206827402114868164e-03 7.229924201965332031e-03 7.242321968078613281e-03 7.252633571624755859e-03 7.237702608108520508e-03 7.357209920883178711e-03 7.251262664794921875e-03 7.314950227737426758e-03 7.242053747177124023e-03 7.239133119583129883e-03
7.220320139251412694e-01 -1.170656085014343262e-02 -1.172038912773132324e-02 -1.170676946640014648e-02 -1.173096895217895508e-02 -1.170068979263305664e-02 -1.169016957283020020e-02 -1.175794005393981934e-02 -1.165887713432312012e-02 -1.170003414154052734e-02 -1.170274615287780762e-02
7.284847759105291809e-01 3.397911787033081055e-03 3.411024808883666992e-03 3.401607275009155273e-03 3.395050764083862305e-03 3.407359123229980469e-03 3.284275531768798828e-03 3.422170877456665039e-03 3.328382968902587891e-03 3.369003534317016602e-03 3.389149904251098633e-03
7.349375378959170924e-01 1.017358899116516113e-02 1.020756363868713379e-02 1.019722223281860352e-02 1.021498441696166992e-02 1.018869876861572266e-02 1.027461886405944824e-02 1.019990444183349609e-02 1.024153828620910645e-02 1.019898056983947754e-02 1.019507646560668945e-02
7.413902998813050038e-01 -1.155498623847961426e-02 -1.157751679420471191e-02 -1.158049702644348145e-02 -1.159936189651489258e-02 -1.156401634216308594e-02 -1.155579090118408203e-02 -1.157814264297485352e-02 -1.154759526252746582e-02 -1.156899333000183105e-02 -1.159828901290893555e-02
7.478430618666929153e-01 1.166552305221557617e-03 1.141250133514404297e-03 1.134037971496582031e-03 1.141935586929321289e-03 1.135110855102539062e-03 1.050710678100585938e-03 1.194387674331665039e-03 1.106083393096923828e-03 1.158833503723144531e-03 1.153498888015747070e-03
7.542958238520808267e-01 1.054015755653381348e-02 1.053854823112487793e-02 1.055082678794860840e-02 1.059260964393615723e-02 1.053652167320251465e-02 1.060751080513000488e-02 1.051965355873107910e-02 1.058053970336914062e-02 1.052376627922058105e-02 1.052924990653991699e-02
7.607485858374687382e-01 -1.072028279304504395e-02 -1.069620251655578613e-02 -1.067641377449035645e-02 -1.065623760223388672e-02 -1.068821549415588379e-02 -1.063275337219238281e-02 -1.068967580795288086e-02 -1.066243648529052734e-02 -1.068279147148132324e-02 -1.070451736450195312e-02
7.672013478228566496e-01 2.322882413864135742e-03 2.351373434066772461e-03 2.322733402252197266e-03 2.295583486557006836e-03 2.304732799530029297e-03 2.233773469924926758e-03 2.350658178329467773e-03 2.264559268951416016e-03 2.318084239959716797e-03 2.368301153182983398e-03
7.736541098082445611e-01 8.603751659393310547e-03 8.581668138504028320e-03 8.614122867584228516e-03 8.597910404205322266e-03 8.579492568969726562e-03 8.650869131088256836e-03 8.583098649978637695e-03 8.648693561553955078e-03 8.628010749816894531e-03 8.608669042587280273e-03
7.801068717936323615e-01 -7.898390293121337891e-03 -7.909893989562988281e-03 -7.876455783843994141e-03 -7.905751466751098633e-03 -7.855981588363647461e-03 -7.844060659408569336e-03 -7.918387651443481445e-03 -7.871240377426147461e-03 -7.887482643127441406e-03 -7.894366979598999023e-03
7.865596337790202730e-01 7.092654705047607422e-04 7.439553737640380859e-04 7.120668888092041016e-04 7.117092609405517578e-04 7.581710815429687500e-04 6.467998027801513672e-04 7.154047489166259766e-04 6.709992885589599609e-04 6.752908229827880859e-04 6.920099258422851562e-04
7.930123957644081845e-01 6.332010030746459961e-03 6.338477134704589844e-03 6.314098834991455078e-03 6.352841854095458984e-03 6.342351436614990234e-03 6.364077329635620117e-03 6.330788135528564453e-03 6.373643875122070312e-03 6.346732378005981445e-03 6.341904401779174805e-03
7.994651577497960959e-01 -5.564957857131958008e-03 -5.574882030487060547e-03 -5.565434694290161133e-03 -5.581319332122802734e-03 -5.554229021072387695e-03 -5.527436733245849609e-03 -5.586117506027221680e-03 -5.542874336242675781e-03 -5.572915077209472656e-03 -5.587130784988403320e-03
8.059179197351840074e-01 5.936920642852783203e-04 6.203055381774902344e-04 5.969107151031494141e-04 5.942881107330322266e-04 5.984306335449218750e-04 5.583763122558593750e-04 6.327331066131591797e-04 5.798041820526123047e-04 5.953907966613769531e-04 6.209611892700195312e-04
8.123706817205719188e-01 3.268450498580932617e-03 3.276199102401733398e-03 3.269970417022705078e-03 3.295302391052246094e-03 3.265947103500366211e-03 3.276377916336059570e-03 3.255814313888549805e-03 3.288000822067260742e-03 3.276526927947998047e-03 3.256261348724365234e-03
8.188234437059598303e-01 -3.173708915710449219e-03 -3.191560506820678711e-03 -3.174394369125366211e-03 -3.176212310791015625e-03 -3.163456916809082031e-03 -3.159046173095703125e-03 -3.155618906021118164e-03 -3.191113471984863281e-03 -3.175050020217895508e-03 -3.175467252731323242e-03
8.252762056913477418e-01 7.700622081756591797e-04 7.728040218353271484e-04 7.644593715667724609e-04 7.724761962890625000e-04 7.699429988861083984e-04 7.383227348327636719e-04 8.000731468200683594e-04 7.660984992980957031e-04 7.685422897338867188e-04 7.844865322113037109e-04
8.317289676767356532e-01 1.420766115188598633e-03 1.434206962585449219e-03 1.422971487045288086e-03 1.428365707397460938e-03 1.410871744155883789e-03 1.443505287170410156e-03 1.409173011779785156e-03 1.436889171600341797e-03 1.415073871612548828e-03 1.404941082000732422e-03
8.381817296621235647e-01 -1.988708972930908203e-03 -1.992046833038330078e-03 -1.995950937271118164e-03 -1.980245113372802734e-03 -1.987814903259277344e-03 -1.979529857635498047e-03 -1.985281705856323242e-03 -1.993626356124877930e-03 -2.015292644500732422e-03 -1.989066600799560547e-03
8.446344916475114761e-01 1.693606376647949219e-03 1.687526702880859375e-03 1.700758934020996094e-03 1.687735319137573242e-03 1.678258180618286133e-03 1.666307449340820312e-03 1.709014177322387695e-03 1.685589551925659180e-03 1.679301261901855469e-03 1.703709363937377930e-03
8.510872536328993876e-01 6.600320339202880859e-04 6.602406501770019531e-04 6.476640701293945312e-04 6.672441959381103516e-04 6.648302078247070312e-04 6.908476352691650391e-04 6.538331508636474609e-04 6.614029407501220703e-04 6.630420684814453125e-04 6.582140922546386719e-04
8.575400156182872990e-01 -2.018421888351440430e-03 -2.021551132202148438e-03 -2.015560865402221680e-03 -2.020716667175292969e-03 -2.042025327682495117e-03 -2.028346061706542969e-03 -2.034515142440795898e-03 -2.032250165939331055e-03 -2.045333385467529297e-03 -2.022713422775268555e-03
8.639927776036752105e-01 1.272886991500854492e-03 1.279771327972412109e-03 1.274675130844116211e-03 1.283794641494750977e-03 1.307338476181030273e-03 1.274645328521728516e-03 1.284092664718627930e-03 1.270920038223266602e-03 1.288443803787231445e-03 1.277923583984375000e-03
8.704455395890630109e-01 -3.969669342041015625e-05 -4.053115844726562500e-05 -4.839897155761718750e-05 -3.543496131896972656e-05 -2.291798591613769531e-05 -1.260638236999511719e-05 -4.774332046508789062e-05 -2.944469451904296875e-05 -2.741813659667968750e-05 -3.889203071594238281e-05
8.768983015744509224e-01 -1.410096883773803711e-03 -1.433014869689941406e-03 -1.412034034729003906e-03 -1.415997743606567383e-03 -1.417547464370727539e-03 -1.448124647140502930e-03 -1.415729522705078125e-03 -1.424372196197509766e-03 -1.426875591278076172e-03 -1.408576965332031250e-03
8.833510635598388339e-01 1.584738492965698242e-03 1.567900180816650391e-03 1.554638147354125977e-03 1.578807830810546875e-03 1.565814018249511719e-03 1.568019390106201172e-03 1.565247774124145508e-03 1.566618680953979492e-03 1.579701900482177734e-03 1.577764749526977539e-03
8.898038255452267453e-01 -3.435611724853515625e-04 -3.518164157867431641e-04 -3.460049629211425781e-04 -3.199875354766845703e-04 -3.413558006286621094e-04 -3.292858600616455078e-04 -3.550350666046142578e-04 -3.367960453033447266e-04 -3.437697887420654297e-04 -3.461539745330810547e-04
8.962565875306146568e-01 -1.194208860397338867e-03 -1.205503940582275391e-03 -1.206040382385253906e-03 -1.207888126373291016e-03 -1.197963953018188477e-03 -1.209467649459838867e-03 -1.178652048110961914e-03 -1.208484172821044922e-03 -1.210629940032958984e-03 -1.190692186355590820e-03
9.027093495160025682e-01 1.407772302627563477e-03 1.395940780639648438e-03 1.407325267791748047e-03 1.412570476531982422e-03 1.395612955093383789e-03 1.403838396072387695e-03 1.388460397720336914e-03 1.407146453857421875e-03 1.396238803863525391e-03 1.399815082550048828e-03
9.091621115013904797e-01 -5.844235420227050781e-04 -5.971193313598632812e-04 -5.784332752227783203e-04 -5.929768085479736328e-04 -5.796849727630615234e-04 -5.763471126556396484e-04 -5.927085876464843750e-04 -5.843937397003173828e-04 -5.814731121063232422e-04 -5.695819854736328125e-04
9.156148734867783912e-01 -4.516243934631347656e-04 -4.670619964599609375e-04 -4.601478576660156250e-04 -4.704892635345458984e-04 -4.546940326690673828e-04 -4.709362983703613281e-04 -4.633963108062744141e-04 -4.605948925018310547e-04 -4.516243934631347656e-04 -4.529654979705810547e-04
9.220676354721663026e-01 1.363694667816162109e-03 1.350045204162597656e-03 1.350790262222290039e-03 1.352518796920776367e-03 1.368582248687744141e-03 1.351743936538696289e-03 1.366764307022094727e-03 1.373201608657836914e-03 1.368790864944458008e-03 1.355916261672973633e-03
9.285203974575542141e-01 -1.167416572570800781e-03 -1.151919364929199219e-03 -1.167386770248413086e-03 -1.152187585830688477e-03 -1.172244548797607422e-03 -1.162678003311157227e-03 -1.153737306594848633e-03 -1.152604818344116211e-03 -1.170426607131958008e-03 -1.177191734313964844e-03
9.349731594429421255e-01 -3.760159015655517578e-04 -3.807544708251953125e-04 -3.624260425567626953e-04 -3.735423088073730469e-04 -3.764331340789794922e-04 -4.046261310577392578e-04 -3.790259361267089844e-04 -3.921389579772949219e-04 -3.665685653686523438e-04 -3.738105297088623047e-04
9.414259214283300370e-01 1.570224761962890625e-03 1.555621623992919922e-03 1.571655273437500000e-03 1.574933528900146484e-03 1.562237739562988281e-03 1.577615737915039062e-03 1.561522483825683594e-03 1.579046249389648438e-03 1.571834087371826172e-03 1.576066017150878906e-03
9.478786834137179484e-01 -1.254111528396606445e-03 -1.240521669387817383e-03 -1.237303018569946289e-03 -1.231074333190917969e-03 -1.239031553268432617e-03 -1.234829425811767578e-03 -1.242667436599731445e-03 -1.231998205184936523e-03 -1.239031553268432617e-03 -1.238286495208740234e-03
9.543314453991058599e-01 -4.622042179107666016e-04 -4.675686359405517578e-04 -4.540383815765380859e-04 -4.518628120422363281e-04 -4.465281963348388672e-04 -4.736781120300292969e-04 -4.405081272125244141e-04 -4.676878452301025391e-04 -4.574954509735107422e-04 -4.525482654571533203e-04
9.607842073844936603e-01 1.616179943084716797e-03 1.621514558792114258e-03 1.615136861801147461e-03 1.619338989257812500e-03 1.623570919036865234e-03 1.626640558242797852e-03 1.617640256881713867e-03 1.624494791030883789e-03 1.623123884201049805e-03 1.615703105926513672e-03
9.672369693698815718e-01 -1.302152872085571289e-03 -1.306623220443725586e-03 -1.297056674957275391e-03 -1.296758651733398438e-03 -1.305997371673583984e-03 -1.304626464843750000e-03 -1.322090625762939453e-03 -1.302450895309448242e-03 -1.312673091888427734e-03 -1.310080289840698242e-03
9.736897313552694833e-01 -4.505217075347900391e-04 -4.658699035644531250e-04 -4.582703113555908203e-04 -4.579126834869384766e-04 -4.535019397735595703e-04 -4.777908325195312500e-04 -4.434883594512939453e-04 -4.722177982330322266e-04 -4.562139511108398438e-04 -4.543066024780273438e-04
9.801424933406573947e-01 1.703530550003051758e-03 1.698732376098632812e-03 1.705497503280639648e-03 1.705735921859741211e-03 1.705646514892578125e-03 1.711547374725341797e-03 1.697033643722534180e-03 1.712620258331298828e-03 1.709580421447753906e-03 1.697510480880737305e-03
9.865952553260453062e-01 -1.051008701324462891e-03 -1.027226448059082031e-03 -1.035034656524658203e-03 -1.047909259796142578e-03 -1.032769680023193359e-03 -1.025736331939697266e-03 -1.056492328643798828e-03 -1.038968563079833984e-03 -1.029789447784423828e-03 -1.046746969223022461e-03
9.930480173114332176e-01 -5.903840065002441406e-04 -5.922019481658935547e-04 -5.959272384643554688e-04 -6.068646907806396484e-04 -6.015598773956298828e-04 -6.279051303863525391e-04 -5.820393562316894531e-04 -6.152987480163574219e-04 -6.009042263031005859e-04 -5.981624126434326172e-04
9.995007792968211291e-01 1.411646604537963867e-03 1.407951116561889648e-03 1.395612955093383789e-03 1.407533884048461914e-03 1.403093338012695312e-03 1.403898000717163086e-03 1.404702663421630859e-03 1.413226127624511719e-03 1.410275697708129883e-03 1.403748989105224609e-03
1.005953541282209152e+00 -5.999207496643066406e-04 -5.919635295867919922e-04 -6.061494350433349609e-04 -5.922019481658935547e-04 -5.929768085479736328e-04 -5.985498428344726562e-04 -5.959868431091308594e-04 -5.876421928405761719e-04 -5.960464477539062500e-04 -6.020963191986083984e-04
1.012406303267596952e+00 -7.500946521759033203e-04 -7.499456405639648438e-04 -7.527172565460205078e-04 -7.427930831909179688e-04 -7.476806640625000000e-04 -7.618665695190429688e-04 -7.475316524505615234e-04 -7.440745830535888672e-04 -7.637441158294677734e-04 -7.534921169281005859e-04
1.018859065252984752e+00 1.056790351867675781e-03 1.033276319503784180e-03 1.029551029205322266e-03 1.050770282745361328e-03 1.042246818542480469e-03 1.037120819091796875e-03 1.031845808029174805e-03 1.034826040267944336e-03 1.046508550643920898e-03 1.054257154464721680e-03
1.025311827238372775e+00 -2.013742923736572266e-04 -1.983642578125000000e-04 -1.975297927856445312e-04 -1.889467239379882812e-04 -1.932680606842041016e-04 -1.854896545410156250e-04 -1.891255378723144531e-04 -1.825392246246337891e-04 -1.967251300811767578e-04 -1.949667930603027344e-04
1.031764589223760797e+00 -8.000731468200683594e-04 -8.135437965393066406e-04 -8.206665515899658203e-04 -8.081197738647460938e-04 -8.160471916198730469e-04 -8.084774017333984375e-04 -8.208751678466796875e-04 -8.096098899841308594e-04 -8.148550987243652344e-04 -8.017718791961669922e-04
1.038217351209148598e+00 6.805062294006347656e-04 6.707012653350830078e-04 6.671845912933349609e-04 6.732046604156494141e-04 6.752312183380126953e-04 6.660521030426025391e-04 6.686449050903320312e-04 6.745755672454833984e-04 6.689429283142089844e-04 6.659030914306640625e-04
1.044670113194536398e+00 4.443228244781494141e-04 4.500746726989746094e-04 4.432499408721923828e-04 4.547238349914550781e-04 4.510581493377685547e-04 4.481971263885498047e-04 4.474818706512451172e-04 4.480183124542236328e-04 4.459619522094726562e-04 4.537105560302734375e-04
1.051122875179924421e+00 -6.538331508636474609e-04 -6.566345691680908203e-04 -6.689131259918212891e-04 -6.720721721649169922e-04 -6.634891033172607422e-04 -6.713271141052246094e-04 -6.513595581054687500e-04 -6.790757179260253906e-04 -6.575882434844970703e-04 -6.658136844635009766e-04
1.057575637165312221e+00 -1.005530357360839844e-04 -1.028180122375488281e-04 -1.188814640045166016e-04 -1.067817211151123047e-04 -9.515881538391113281e-05 -1.192092895507812500e-04 -1.071989536285400391e-04 -1.102983951568603516e-04 -1.080930233001708984e-04 -1.091659069061279297e-04
1.064028399150700022e+00 3.864467144012451172e-04 3.845095634460449219e-04 3.821253776550292969e-04 3.811717033386230469e-04 3.787875175476074219e-04 3.933906555175781250e-04 3.763735294342041016e-04 3.739893436431884766e-04 3.877282142639160156e-04 4.019439220428466797e-04
1.070481161136088044e+00 -1.808106899261474609e-04 -1.819133758544921875e-04 -1.616477966308593750e-04 -1.600980758666992188e-04 -1.852214336395263672e-04 -1.688301563262939453e-04 -1.702010631561279297e-04 -1.819133758544921875e-04 -1.772940158843994141e-04 -1.715421676635742188e-04
1.076933923121476067e+00 -8.744001388549804688e-05 -8.925795555114746094e-05 -7.936358451843261719e-05 -8.136034011840820312e-05 -8.308887481689453125e-05 -9.116530418395996094e-05 -7.867813110351562500e-05 -8.493661880493164062e-05 -8.094310760498046875e-05 -8.636713027954101562e-05
1.083386685106863867e+00 2.778470516204833984e-04 2.800226211547851562e-04 2.674460411071777344e-04 2.767145633697509766e-04 2.567172050476074219e-04 2.672076225280761719e-04 2.689063549041748047e-04 2.690851688385009766e-04 2.816319465637207031e-04 2.622604370117187500e-04
1.089839447092251667e+00 -1.356005668640136719e-04 -1.386106014251708984e-04 -1.387894153594970703e-04 -1.364350318908691406e-04 -1.444518566131591797e-04 -1.453161239624023438e-04 -1.382231712341308594e-04 -1.367628574371337891e-04 -1.257359981536865234e-04 -1.402795314788818359e-04
1.096292209077639690e+00 -3.120005130767822266e-04 -3.010928630828857422e-04 -2.971291542053222656e-04 -3.075897693634033203e-04 -3.083348274230957031e-04 -3.080368041992187500e-04 -3.033578395843505859e-04 -3.072321414947509766e-04 -3.142654895782470703e-04 -3.086030483245849609e-04
1.102744971063027712e+00 -3.975629806518554688e-05 -3.600120544433593750e-05 -4.634261131286621094e-05 -5.900859832763671875e-05 -4.532933235168457031e-05 -4.714727401733398438e-05 -5.167722702026367188e-05 -5.334615707397460938e-05 -4.938244819641113281e-05 -4.956126213073730469e-05
1.109197733048415513e+00 2.509653568267822266e-04 2.600550651550292969e-04 2.496242523193359375e-04 2.613663673400878906e-04 2.561509609222412109e-04 2.509355545043945312e-04 2.383887767791748047e-04 2.440512180328369141e-04 2.537965774536132812e-04 2.594590187072753906e-04
1.115650495033803313e+00 -6.657838821411132812e-04 -6.622672080993652344e-04 -6.570816040039062500e-04 -6.710886955261230469e-04 -6.656348705291748047e-04 -6.735026836395263672e-04 -6.789863109588623047e-04 -6.818473339080810547e-04 -6.545782089233398438e-04 -6.704926490783691406e-04
1.122103257019191336e+00 -1.090764999389648438e-04 -1.235306262969970703e-04 -1.208186149597167969e-04 -1.313090324401855469e-04 -1.611411571502685547e-04 -1.703500747680664062e-04 -1.530647277832031250e-04 -1.604557037353515625e-04 -1.577734947204589844e-04 -1.421868801116943359e-04
1.128556019004579358e+00 5.091428756713867188e-04 5.147159099578857422e-04 4.988312721252441406e-04 5.087554454803466797e-04 5.008876323699951172e-04 4.957616329193115234e-04 4.920959472656250000e-04 4.989802837371826172e-04 4.914700984954833984e-04 4.935264587402343750e-04
1.135008780989967159e+00 -4.125535488128662109e-04 -4.139244556427001953e-04 -4.116296768188476562e-04 -3.877878189086914062e-04 -4.205405712127685547e-04 -4.129409790039062500e-04 -4.117190837860107422e-04 -4.092752933502197266e-04 -4.088282585144042969e-04 -4.162490367889404297e-04
1.141461542975354959e+00 -3.412663936614990234e-04 -3.384947776794433594e-04 -3.493130207061767578e-04 -3.548860549926757812e-04 -3.364384174346923828e-04 -3.391802310943603516e-04 -3.454089164733886719e-04 -3.432929515838623047e-04 -3.383457660675048828e-04 -3.430545330047607422e-04
1.147914304960742982e+00 4.906356334686279297e-04 4.858970642089843750e-04 4.745721817016601562e-04 4.886686801910400391e-04 5.008876323699951172e-04 4.929900169372558594e-04 4.804432392120361328e-04 4.965662956237792969e-04 5.091726779937744141e-04 4.908442497253417969e-04
1.154367066946130782e+00 4.422664642333984375e-05 3.966689109802246094e-05 4.783272743225097656e-05 2.762675285339355469e-05 5.489587783813476562e-05 6.231665611267089844e-05 4.485249519348144531e-05 4.968047142028808594e-05 4.592537879943847656e-05 4.744529724121093750e-05
1.160819828931518582e+00 -4.290044307708740234e-04 -4.280209541320800781e-04 -4.231035709381103516e-04 -4.296302795410156250e-04 -4.356205463409423828e-04 -4.276931285858154297e-04 -4.251003265380859375e-04 -4.253387451171875000e-04 -4.301965236663818359e-04 -4.319548606872558594e-04
1.167272590916906605e+00 2.076327800750732422e-04 2.146065235137939453e-04 2.196431159973144531e-04 2.092421054840087891e-04 2.142786979675292969e-04 2.161562442779541016e-04 2.178847789764404297e-04 2.171695232391357422e-04 2.260804176330566406e-04 2.194643020629882812e-04
1.173725352902294627e+00 2.418756484985351562e-04 2.384483814239501953e-04 2.452731132507324219e-04 2.337992191314697266e-04 2.479851245880126953e-04 2.389848232269287109e-04 2.507269382476806641e-04 2.468824386596679688e-04 2.356171607971191406e-04 2.435445785522460938e-04
1.180178114887682428e+00 -4.263818264007568359e-04 -4.248023033142089844e-04 -4.267394542694091797e-04 -4.319548606872558594e-04 -4.308819770812988281e-04 -4.113912582397460938e-04 -4.299581050872802734e-04 -4.083216190338134766e-04 -4.302263259887695312e-04 -4.197955131530761719e-04
1.186630876873070450e+00 -5.185604095458984375e-06 -2.193450927734375000e-05 5.573034286499023438e-06 1.639127731323242188e-06 -1.040101051330566406e-05 -1.218914985656738281e-05 -5.960464477539062500e-08 -2.080202102661132812e-05 2.980232238769531250e-08 -1.695752143859863281e-05
1.193083638858458251e+00 5.565583705902099609e-04 5.500316619873046875e-04 5.475282669067382812e-04 5.410015583038330078e-04 5.425512790679931641e-04 5.550086498260498047e-04 5.522966384887695312e-04 5.515813827514648438e-04 5.511045455932617188e-04 5.511641502380371094e-04
1.199536400843846051e+00 -1.952052116394042969e-04 -1.729130744934082031e-04 -1.814365386962890625e-04 -1.800358295440673828e-04 -1.661777496337890625e-04 -1.718997955322265625e-04 -1.682639122009277344e-04 -1.776218414306640625e-04 -1.751184463500976562e-04 -1.747012138366699219e-04
1.205989162829234074e+00 -3.376007080078125000e-04 -3.380477428436279297e-04 -3.338754177093505859e-04 -3.362894058227539062e-04 -3.294050693511962891e-04 -3.401339054107666016e-04 -3.408491611480712891e-04 -3.463327884674072266e-04 -3.250539302825927734e-04 -3.349781036376953125e-04
1.212441924814621874e+00 4.187524318695068359e-04 4.285275936126708984e-04 4.226565361022949219e-04 4.198551177978515625e-04 4.191696643829345703e-04 4.175305366516113281e-04 4.130601882934570312e-04 4.136264324188232422e-04 4.143714904785156250e-04 4.244148731231689453e-04
1.218894686800009897e+00 1.584291458129882812e-04 1.589655876159667969e-04 1.682937145233154297e-04 1.654028892517089844e-04 1.538693904876708984e-04 1.710057258605957031e-04 1.556575298309326172e-04 1.682639122009277344e-04 1.615881919860839844e-04 1.578032970428466797e-04
1.225347448785397697e+00 -3.815889358520507812e-04 -3.853738307952880859e-04 -3.865957260131835938e-04 -3.928542137145996094e-04 -3.942847251892089844e-04 -3.935098648071289062e-04 -3.895163536071777344e-04 -3.840923309326171875e-04 -3.869235515594482422e-04 -3.887712955474853516e-04
1.231800210770785720e+00 2.881288528442382812e-04 3.027915954589843750e-04 2.946257591247558594e-04 2.889037132263183594e-04 2.791881561279296875e-04 2.789795398712158203e-04 2.931952476501464844e-04 2.816915512084960938e-04 2.920329570770263672e-04 2.929270267486572266e-04
1.238252972756173520e+00 2.324879169464111328e-04 2.243816852569580078e-04 2.176761627197265625e-04 2.200901508331298828e-04 2.333223819732666016e-04 2.394616603851318359e-04 2.318918704986572266e-04 2.348423004150390625e-04 2.293586730957031250e-04 2.434551715850830078e-04
1.244705734741561542e+00 -3.449618816375732422e-04 -3.443360328674316406e-04 -3.540813922882080078e-04 -3.352761268615722656e-04 -3.482997417449951172e-04 -3.511011600494384766e-04 -3.403425216674804688e-04 -3.470778465270996094e-04 -3.470778465270996094e-04 -3.428161144256591797e-04
1.251158496726949343e+00 -6.422400474548339844e-05 -5.888938903808593750e-05 -6.219744682312011719e-05 -5.710124969482421875e-05 -6.234645843505859375e-05 -8.171796798706054688e-05 -6.625056266784667969e-05 -6.100535392761230469e-05 -6.845593452453613281e-05 -6.210803985595703125e-05
1.257611258712337365e+00 3.944635391235351562e-04 3.941357135772705078e-04 3.776848316192626953e-04 3.860592842102050781e-04 3.926753997802734375e-04 3.895461559295654297e-04 3.868639469146728516e-04 3.864765167236328125e-04 3.836750984191894531e-04 3.841817378997802734e-04
1.264064020697725166e+00 -1.734793186187744141e-04 -1.743435859680175781e-04 -1.773238182067871094e-04 -1.711249351501464844e-04 -1.855194568634033203e-04 -1.775324344635009766e-04 -1.849830150604248047e-04 -1.762211322784423828e-04 -1.670122146606445312e-04 -1.731216907501220703e-04
1.270516782683113188e+00 -3.460049629211425781e-04 -3.454387187957763672e-04 -3.510415554046630859e-04 -3.485679626464843750e-04 -3.522634506225585938e-04 -3.576576709747314453e-04 -3.588497638702392578e-04 -3.589391708374023438e-04 -3.567636013031005859e-04 -3.620684146881103516e-04
1.276969544668500989e+00 3.678500652313232422e-04 3.481507301330566406e-04 3.605186939239501953e-04 3.695785999298095703e-04 3.571808338165283203e-04 3.557503223419189453e-04 3.739893436431884766e-04 3.565549850463867188e-04 3.584027290344238281e-04 3.574192523956298828e-04
1.283422306653888789e+00 5.155801773071289062e-05 4.637241363525390625e-05 5.522370338439941406e-05 4.765391349792480469e-05 3.841519355773925781e-05 4.714727401733398438e-05 4.264712333679199219e-05 4.005432128906250000e-05 4.521012306213378906e-05 4.193186759948730469e-05
1.289875068639276812e+00 -3.902316093444824219e-04 -3.846883773803710938e-04 -3.892779350280761719e-04 -3.938972949981689453e-04 -3.876090049743652344e-04 -3.945529460906982422e-04 -4.002153873443603516e-04 -3.898441791534423828e-04 -3.874301910400390625e-04 -3.917813301086425781e-04
1.296327830624664612e+00 2.770721912384033203e-04 2.793073654174804688e-04 2.837181091308593750e-04 2.765655517578125000e-04 2.782344818115234375e-04 2.838075160980224609e-04 2.826154232025146484e-04 2.907216548919677734e-04 2.807378768920898438e-04 2.777874469757080078e-04
1.302780592610052635e+00 1.215338706970214844e-04 1.122653484344482422e-04 1.183152198791503906e-04 1.263320446014404297e-04 1.234412193298339844e-04 1.133084297180175781e-04 1.122951507568359375e-04 1.307427883148193359e-04 1.224577426910400391e-04 1.219511032104492188e-04
1.309233354595440435e+00 -3.760457038879394531e-04 -3.782510757446289062e-04 -3.845691680908203125e-04 -3.808736801147460938e-04 -3.867447376251220703e-04 -3.817975521087646484e-04 -3.742873668670654297e-04 -3.865659236907958984e-04 -3.759860992431640625e-04 -3.768205642700195312e-04
1.315686116580828458e+00 2.192258834838867188e-04 2.276003360748291016e-04 2.269446849822998047e-04 2.298951148986816406e-04 2.219974994659423828e-04 2.249777317047119141e-04 2.233982086181640625e-04 2.239346504211425781e-04 2.151727676391601562e-04 2.262592315673828125e-04
1.322138878566216258e+00 1.591444015502929688e-04 1.495182514190673828e-04 1.622140407562255859e-04 1.478493213653564453e-04 1.544654369354248047e-04 1.657903194427490234e-04 1.522898674011230469e-04 1.755654811859130859e-04 1.619756221771240234e-04 1.562237739562988281e-04
1.328591640551604280e+00 -2.526342868804931641e-04 -2.418160438537597656e-04 -2.659261226654052734e-04 -2.628564834594726562e-04 -2.590715885162353516e-04 -2.467334270477294922e-04 -2.547800540924072266e-04 -2.472102642059326172e-04 -2.485215663909912109e-04 -2.458095550537109375e-04
1.335044402536992081e+00 4.753470420837402344e-05 4.374980926513671875e-05 4.327297210693359375e-05 6.863474845886230469e-05 3.516674041748046875e-05 4.187226295471191406e-05 4.991888999938964844e-05 5.552172660827636719e-05 5.492568016052246094e-05 3.853440284729003906e-05
1.341497164522380103e+00 9.137392044067382812e-05 9.876489639282226562e-05 8.717179298400878906e-05 9.050965309143066406e-05 8.508563041687011719e-05 1.010596752166748047e-04 8.606910705566406250e-05 8.919835090637207031e-05 9.590387344360351562e-05 9.763240814208984375e-05
1.347949926507767904e+00 -2.273917198181152344e-05 -1.484155654907226562e-05 -1.698732376098632812e-05 -2.121925354003906250e-05 -2.121925354003906250e-05 -2.080202102661132812e-05 -1.531839370727539062e-05 -1.740455627441406250e-05 -1.332163810729980469e-05 -2.396106719970703125e-05
1.354402688493155926e+00 8.219480514526367188e-05 6.785988807678222656e-05 7.694959640502929688e-05 6.517767906188964844e-05 7.295608520507812500e-05 6.574392318725585938e-05 6.893277168273925781e-05 6.812810897827148438e-05 5.871057510375976562e-05 7.247924804687500000e-05
1.360855450478543727e+00 -1.130998134613037109e-04 -1.172721385955810547e-04 -1.177787780761718750e-04 -1.150965690612792969e-04 -1.150369644165039062e-04 -1.125335693359375000e-04 -1.180469989776611328e-04 -1.234710216522216797e-04 -1.266300678253173828e-04 -1.106560230255126953e-04
1.367308212463931749e+00 -8.949637413024902344e-05 -8.523464202880859375e-05 -9.578466415405273438e-05 -8.362531661987304688e-05 -9.992718696594238281e-05 -9.417533874511718750e-05 -9.104609489440917969e-05 -8.976459503173828125e-05 -8.717179298400878906e-05 -9.533762931823730469e-05
1.373760974449319550e+00 9.530782699584960938e-05 8.919835090637207031e-05 9.858608245849609375e-05 9.918212890625000000e-05 8.711218833923339844e-05 1.010298728942871094e-04 1.045763492584228516e-04 1.040399074554443359e-04 9.292364120483398438e-05 9.128451347351074219e-05
1.380213736434707350e+00 -2.518296241760253906e-04 -2.524256706237792969e-04 -2.533793449401855469e-04 -2.515316009521484375e-04 -2.511441707611083984e-04 -2.548396587371826172e-04 -2.612769603729248047e-04 -2.479255199432373047e-04 -2.425312995910644531e-04 -2.563893795013427734e-04
1.386666498420095373e+00 1.705884933471679688e-04 1.803040504455566406e-04 1.815855503082275391e-04 1.750588417053222656e-04 1.858174800872802734e-04 1.845359802246093750e-04 1.808404922485351562e-04 1.666843891143798828e-04 1.987814903259277344e-04 1.877546310424804688e-04
1.393119260405483173e+00 2.715289592742919922e-04 2.855360507965087891e-04 2.714097499847412109e-04 2.793669700622558594e-04 2.855956554412841797e-04 2.730786800384521484e-04 2.865195274353027344e-04 2.676546573638916016e-04 2.790391445159912109e-04 2.611279487609863281e-04
1.399572022390871195e+00 -4.880130290985107422e-04 -4.892945289611816406e-04 -4.985332489013671875e-04 -5.061626434326171875e-04 -4.996657371520996094e-04 -5.092024803161621094e-04 -5.088150501251220703e-04 -5.055367946624755859e-04 -5.113482475280761719e-04 -5.075633525848388672e-04
1.406024784376258996e+00 2.132058143615722656e-04 2.189874649047851562e-04 2.209544181823730469e-04 2.139210700988769531e-04 2.250969409942626953e-04 2.126991748809814453e-04 2.233088016510009766e-04 2.157688140869140625e-04 2.142190933227539062e-04 2.132952213287353516e-04
1.412477546361647018e+00 1.469850540161132812e-04 1.607537269592285156e-04 1.454949378967285156e-04 1.550912857055664062e-04 1.504719257354736328e-04 1.424849033355712891e-04 1.466274261474609375e-04 1.567304134368896484e-04 1.338720321655273438e-04 1.448690891265869141e-04
1.418930308347034819e+00 -3.370344638824462891e-04 -3.365874290466308594e-04 -3.375709056854248047e-04 -3.328025341033935547e-04 -3.344416618347167969e-04 -3.412365913391113281e-04 -3.416538238525390625e-04 -3.495216369628906250e-04 -3.386735916137695312e-04 -3.366172313690185547e-04
1.425383070332422841e+00 2.573728561401367188e-04 2.422928810119628906e-04 2.433657646179199219e-04 2.587139606475830078e-04 2.433061599731445312e-04 2.421736717224121094e-04 2.557635307312011719e-04 2.405345439910888672e-04 2.592802047729492188e-04 2.383589744567871094e-04
1.431835832317810642e+00 2.701580524444580078e-04 2.714991569519042969e-04 2.674758434295654297e-04 2.714693546295166016e-04 2.483129501342773438e-04 2.585947513580322266e-04 2.561211585998535156e-04 2.648234367370605469e-04 2.653002738952636719e-04 2.628266811370849609e-04
1.438288594303198664e+00 -5.436837673187255859e-04 -5.391240119934082031e-04 -5.423724651336669922e-04 -5.429089069366455078e-04 -5.302727222442626953e-04 -5.338788032531738281e-04 -5.302727222442626953e-04 -5.333125591278076172e-04 -5.353093147277832031e-04 -5.454123020172119141e-04
1.444741356288586465e+00 1.090764999389648438e-04 1.121163368225097656e-04 1.142323017120361328e-04 1.076757907867431641e-04 1.111924648284912109e-04 9.030103683471679688e-05 1.072585582733154297e-04 1.071393489837646484e-04 1.024603843688964844e-04 1.102983951568603516e-04
1.451194118273974487e+00 4.432201385498046875e-04 4.349052906036376953e-04 4.431605339050292969e-04 4.413723945617675781e-04 4.492998123168945312e-04 4.405975341796875000e-04 4.397332668304443359e-04 4.346370697021484375e-04 4.632771015167236328e-04 4.425942897796630859e-04
1.457646880259362288e+00 -3.181993961334228516e-04 -3.119111061096191406e-04 -3.107786178588867188e-04 -2.971589565277099609e-04 -3.004372119903564453e-04 -3.062188625335693359e-04 -3.173649311065673828e-04 -3.196001052856445312e-04 -3.047287464141845703e-04 -3.106296062469482422e-04
1.464099642244750310e+00 1.972317695617675781e-04 1.898109912872314453e-04 1.936256885528564453e-04 2.047121524810791016e-04 2.052783966064453125e-04 2.166032791137695312e-04 2.100467681884765625e-04 2.084374427795410156e-04 2.029240131378173828e-04 1.913905143737792969e-04
1.470552404230138110e+00 2.311766147613525391e-04 2.369582653045654297e-04 2.257227897644042969e-04 2.322196960449218750e-04 2.334117889404296875e-04 2.340078353881835938e-04 2.352595329284667969e-04 2.289712429046630859e-04 2.248287200927734375e-04 2.350807189941406250e-04
1.477005166215525911e+00 -2.763867378234863281e-04 -2.669990062713623047e-04 -2.661645412445068359e-04 -2.726316452026367188e-04 -2.640783786773681641e-04 -2.708435058593750000e-04 -2.661049365997314453e-04 -2.659261226654052734e-04 -2.714097499847412109e-04 -2.719163894653320312e-04
1.483457928200913933e+00 -2.950429916381835938e-06 2.157688140869140625e-05 9.417533874511718750e-06 -9.059906005859375000e-06 1.972913742065429688e-05 9.626150131225585938e-06 1.493096351623535156e-05 2.643465995788574219e-05 1.409649848937988281e-05 1.502037048339843750e-05
1.489910690186301734e+00 2.199709415435791016e-04 2.275407314300537109e-04 2.221167087554931641e-04 2.277493476867675781e-04 2.338886260986328125e-04 2.292096614837646484e-04 2.152919769287109375e-04 2.167224884033203125e-04 2.295970916748046875e-04 2.141594886779785156e-04
1.496363452171689756e+00 -1.446604728698730469e-04 -1.445710659027099609e-04 -1.509189605712890625e-04 -1.315176486968994141e-04 -1.381933689117431641e-04 -1.448690891265869141e-04 -1.527667045593261719e-04 -1.552402973175048828e-04 -1.344978809356689453e-04 -1.440942287445068359e-04
1.502816214157077557e+00 -1.686811447143554688e-05 -3.340840339660644531e-05 -1.472234725952148438e-05 -7.390975952148437500e-06 -2.139806747436523438e-05 -1.299381256103515625e-05 -1.505017280578613281e-05 -1.093745231628417969e-05 -1.630187034606933594e-05 -1.969933509826660156e-05
1.509268976142465579e+00 9.047985076904296875e-05 9.754300117492675781e-05 8.425116539001464844e-05 9.235739707946777344e-05 9.199976921081542969e-05 1.003742218017578125e-04 8.773803710937500000e-05 8.755922317504882812e-05 9.316205978393554688e-05 9.518861770629882812e-05
1.515721738127853380e+00 -6.219744682312011719e-05 -6.204843521118164062e-05 -6.231665611267089844e-05 -5.906820297241210938e-05 -6.288290023803710938e-05 -5.206465721130371094e-05 -6.625056266784667969e-05 -7.757544517517089844e-05 -6.937980651855468750e-05 -7.236003875732421875e-05
1.522174500113241402e+00 4.607439041137695312e-05 5.558133125305175781e-05 5.546212196350097656e-05 5.275011062622070312e-05 6.210803985595703125e-05 5.888938903808593750e-05 6.139278411865234375e-05 4.634261131286621094e-05 5.379319190979003906e-05 4.982948303222656250e-05
1.528627262098629203e+00 2.503395080566406250e-06 7.927417755126953125e-06 1.314282417297363281e-05 8.940696716308593750e-08 7.957220077514648438e-06 1.135468482971191406e-05 1.507997512817382812e-05 8.344650268554687500e-07 3.755092620849609375e-06 8.344650268554687500e-06
1.535080024084017225e+00 -5.581974983215332031e-05 -6.610155105590820312e-05 -5.477666854858398438e-05 -4.827976226806640625e-05 -6.252527236938476562e-05 -6.008148193359375000e-05 -6.094574928283691406e-05 -5.629658699035644531e-05 -6.571412086486816406e-05 -6.058812141418457031e-05
1.541532786069405025e+00 4.976987838745117188e-05 4.860758781433105469e-05 3.969669342041015625e-05 4.011392593383789062e-05 4.923343658447265625e-05 3.993511199951171875e-05 5.000829696655273438e-05 4.658102989196777344e-05 4.652142524719238281e-05 3.570318222045898438e-05
1.547985548054793048e+00 -3.591179847717285156e-05 -2.691149711608886719e-05 -3.692507743835449219e-05 -2.211332321166992188e-05 -3.719329833984375000e-05 -2.589821815490722656e-05 -2.041459083557128906e-05 -3.671646118164062500e-05 -2.369284629821777344e-05 -2.750754356384277344e-05
1.554438310040180848e+00 -2.142786979675292969e-05 -2.598762512207031250e-05 -3.826618194580078125e-05 -2.422928810119628906e-05 -2.506375312805175781e-05 -2.235174179077148438e-05 -4.050135612487792969e-05 -3.704428672790527344e-05 -2.756714820861816406e-05 -4.020333290100097656e-05
1.560891072025568649e+00 1.096427440643310547e-04 1.056492328643798828e-04 1.217126846313476562e-04 1.135766506195068359e-04 9.945034980773925781e-05 1.070201396942138672e-04 1.116096973419189453e-04 1.116096973419189453e-04 1.093745231628417969e-04 1.043975353240966797e-04
1.567343834010956671e+00 -1.115500926971435547e-04 -1.023113727569580078e-04 -1.168549060821533203e-04 -1.152455806732177734e-04 -1.091957092285156250e-04 -1.101493835449218750e-04 -1.160800457000732422e-04 -1.044869422912597656e-04 -1.121163368225097656e-04 -1.148283481597900391e-04
1.573796595996344472e+00 -1.236796379089355469e-05 -2.327561378479003906e-05 -1.367926597595214844e-05 -3.069639205932617188e-06 -1.004338264465332031e-05 -2.443790435791015625e-05 -1.618266105651855469e-05 -2.652406692504882812e-05 -1.963973045349121094e-05 -2.658367156982421875e-05
1.580249357981732494e+00 9.071826934814453125e-05 9.459257125854492188e-05 9.325146675109863281e-05 9.995698928833007812e-05 9.724497795104980469e-05 9.539723396301269531e-05 9.727478027343750000e-05 1.014173030853271484e-04 9.423494338989257812e-05 1.005828380584716797e-04
1.586702119967120295e+00 -1.258552074432373047e-04 -1.129508018493652344e-04 -1.175701618194580078e-04 -1.097619533538818359e-04 -1.185834407806396484e-04 -1.145601272583007812e-04 -1.231133937835693359e-04 -1.227855682373046875e-04 -1.268684864044189453e-04 -1.153349876403808594e-04
1.593154881952508317e+00 2.515316009521484375e-05 2.801418304443359375e-05 2.884864807128906250e-05 2.616643905639648438e-05 2.184510231018066406e-05 3.001093864440917969e-05 2.211332321166992188e-05 2.592802047729492188e-05 2.372264862060546875e-05 2.622604370117187500e-05
1.599607643937896118e+00 8.705258369445800781e-05 8.481740951538085938e-05 8.904933929443359375e-05 8.705258369445800781e-05 8.291006088256835938e-05 8.937716484069824219e-05 8.851289749145507812e-05 8.857250213623046875e-05 8.946657180786132812e-05 8.985400199890136719e-05
1.606060405923284140e+00 -1.053810119628906250e-04 -1.082718372344970703e-04 -1.017153263092041016e-04 -1.030266284942626953e-04 -9.995698928833007812e-05 -9.793043136596679688e-05 -9.435415267944335938e-05 -1.001060009002685547e-04 -1.029372215270996094e-04 -1.163780689239501953e-04
1.612513167908671941e+00 1.743435859680175781e-05 2.416968345642089844e-05 2.881884574890136719e-05 1.603364944458007812e-05 2.235174179077148438e-05 1.916289329528808594e-05 1.943111419677734375e-05 2.932548522949218750e-05 2.652406692504882812e-05 3.081560134887695312e-05
1.618965929894059963e+00 2.682209014892578125e-05 2.995133399963378906e-05 3.162026405334472656e-05 3.328919410705566406e-05 3.802776336669921875e-05 2.655386924743652344e-05 2.199411392211914062e-05 3.650784492492675781e-05 2.971291542053222656e-05 3.236532211303710938e-05
1.625418691879447763e+00 -6.315112113952636719e-05 -6.419420242309570312e-05 -6.365776062011718750e-05 -6.407499313354492188e-05 -7.161498069763183594e-05 -6.976723670959472656e-05 -7.057189941406250000e-05 -6.875395774841308594e-05 -7.531046867370605469e-05 -6.666779518127441406e-05
1.631871453864835786e+00 2.086162567138671875e-06 5.900859832763671875e-06 -1.281499862670898438e-06 -1.609325408935546875e-06 -3.486871719360351562e-06 -1.460313796997070312e-06 8.940696716308593750e-06 -8.344650268554687500e-07 4.976987838745117188e-06 6.884336471557617188e-06
1.638324215850223586e+00 6.145238876342773438e-05 4.714727401733398438e-05 4.461407661437988281e-05 5.412101745605468750e-05 5.310773849487304688e-05 6.464123725891113281e-05 4.765391349792480469e-05 5.450844764709472656e-05 6.166100502014160156e-05 6.482005119323730469e-05
1.644776977835611609e+00 -5.757808685302734375e-05 -5.534291267395019531e-05 -6.240606307983398438e-05 -7.474422454833984375e-05 -6.553530693054199219e-05 -6.735324859619140625e-05 -7.134675979614257812e-05 -7.107853889465332031e-05 -6.350874900817871094e-05 -5.444884300231933594e-05
1.651229739820999409e+00 2.333521842956542969e-05 1.651048660278320312e-05 1.126527786254882812e-05 2.530217170715332031e-05 1.868605613708496094e-05 1.543760299682617188e-05 1.657009124755859375e-05 2.169609069824218750e-05 2.121925354003906250e-05 1.952052116394042969e-05
1.657682501806387210e+00 9.176135063171386719e-05 8.884072303771972656e-05 9.441375732421875000e-05 9.021162986755371094e-05 9.542703628540039062e-05 9.432435035705566406e-05 7.227063179016113281e-05 7.733702659606933594e-05 8.606910705566406250e-05 8.180737495422363281e-05
1.664135263791775232e+00 -6.055831909179687500e-05 -6.926059722900390625e-05 -7.438659667968750000e-05 -6.294250488281250000e-05 -7.072091102600097656e-05 -6.887316703796386719e-05 -7.906556129455566406e-05 -7.238984107971191406e-05 -5.599856376647949219e-05 -5.900859832763671875e-05
1.670588025777163033e+00 -2.706050872802734375e-05 -2.878904342651367188e-05 -3.457069396972656250e-05 -3.263354301452636719e-05 -3.775954246520996094e-05 -3.376603126525878906e-05 -3.063678741455078125e-05 -3.328919410705566406e-05 -2.846121788024902344e-05 -3.278255462646484375e-05
1.677040787762551055e+00 -8.404254913330078125e-06 -9.298324584960937500e-06 -2.086162567138671875e-07 1.996755599975585938e-06 -4.440546035766601562e-06 -9.506940841674804688e-06 -1.272559165954589844e-05 -2.264976501464843750e-06 -8.285045623779296875e-06 -5.394220352172851562e-06
1.683493549747938856e+00 -2.640485763549804688e-05 -4.240870475769042969e-05 -4.073977470397949219e-05 -4.562735557556152344e-05 -2.750754356384277344e-05 -3.191828727722167969e-05 -3.391504287719726562e-05 -4.413723945617675781e-05 -3.808736801147460938e-05 -3.793835639953613281e-05
1.689946311733326878e+00 1.683533191680908203e-04 1.596510410308837891e-04 1.642405986785888672e-04 1.580715179443359375e-04 1.535713672637939453e-04 1.589059829711914062e-04 1.623928546905517578e-04 1.610219478607177734e-04 1.591742038726806641e-04 1.513361930847167969e-04
1.696399073718714678e+00 7.960200309753417969e-05 6.598234176635742188e-05 6.827712059020996094e-05 5.674362182617187500e-05 6.964802742004394531e-05 5.593895912170410156e-05 6.327033042907714844e-05 6.020069122314453125e-05 6.785988807678222656e-05 6.538629531860351562e-05
1.702851835704102701e+00 -1.604557037353515625e-04 -1.595914363861083984e-04 -1.495182514190673828e-04 -1.631081104278564453e-04 -1.650452613830566406e-04 -1.669228076934814453e-04 -1.414120197296142578e-04 -1.488327980041503906e-04 -1.563131809234619141e-04 -1.525878906250000000e-04
1.709304597689490501e+00 3.784894943237304688e-05 2.557039260864257812e-05 3.308057785034179688e-05 2.449750900268554688e-05 2.148747444152832031e-05 2.568960189819335938e-05 2.926588058471679688e-05 3.772974014282226562e-05 3.007054328918457031e-05 2.035498619079589844e-05
1.715757359674878524e+00 3.093481063842773438e-05 2.554059028625488281e-05 3.239512443542480469e-05 4.509091377258300781e-05 4.202127456665039062e-05 1.952052116394042969e-05 3.874301910400390625e-05 2.953410148620605469e-05 2.884864807128906250e-05 2.980232238769531250e-05
1.722210121660266324e+00 -9.727478027343750000e-05 -7.134675979614257812e-05 -8.788704872131347656e-05 -8.761882781982421875e-05 -9.596347808837890625e-05 -9.271502494812011719e-05 -8.842349052429199219e-05 -9.435415267944335938e-05 -9.530782699584960938e-05 -8.162856101989746094e-05
1.728662883645654347e+00 1.484155654907226562e-05 2.366304397583007812e-05 1.522898674011230469e-05 1.069903373718261719e-05 2.118945121765136719e-05 1.734495162963867188e-05 1.546740531921386719e-05 1.117587089538574219e-05 2.101063728332519531e-05 1.528859138488769531e-05
1.735115645631042147e+00 5.191564559936523438e-05 5.829334259033203125e-05 5.078315734863281250e-05 5.269050598144531250e-05 4.646182060241699219e-05 5.078315734863281250e-05 5.039572715759277344e-05 5.030632019042968750e-05 4.476308822631835938e-05 5.546212196350097656e-05
1.741568407616429948e+00 -4.467368125915527344e-05 -6.538629531860351562e-05 -5.638599395751953125e-05 -6.514787673950195312e-05 -6.580352783203125000e-05 -6.806850433349609375e-05 -5.143880844116210938e-05 -5.790591239929199219e-05 -5.790591239929199219e-05 -6.702542304992675781e-05
1.748021169601817970e+00 3.096461296081542969e-05 2.330541610717773438e-05 1.680850982666015625e-05 2.220273017883300781e-05 3.233551979064941406e-05 2.136826515197753906e-05 2.399086952209472656e-05 1.305341720581054688e-05 1.603364944458007812e-05 3.504753112792968750e-05
1.754473931587205771e+00 1.182854175567626953e-04 1.267194747924804688e-04 1.259446144104003906e-04 1.020431518554687500e-04 1.294910907745361328e-04 1.212656497955322266e-04 1.238882541656494141e-04 1.187026500701904297e-04 1.170337200164794922e-04 1.204609870910644531e-04
1.760926693572593793e+00 -3.644824028015136719e-05 -4.032254219055175781e-05 -4.380941390991210938e-05 -3.859400749206542969e-05 -3.474950790405273438e-05 -3.445148468017578125e-05 -4.485249519348144531e-05 -3.555417060852050781e-05 -2.348423004150390625e-05 -3.990530967712402344e-05
1.767379455557981593e+00 2.342462539672851562e-05 1.022219657897949219e-05 2.142786979675292969e-05 2.592802047729492188e-05 2.238154411315917969e-05 1.928210258483886719e-05 2.622604370117187500e-05 2.589821815490722656e-05 2.324581146240234375e-05 3.489851951599121094e-05
1.773832217543369616e+00 9.098649024963378906e-05 8.553266525268554688e-05 9.950995445251464844e-05 9.050965309143066406e-05 1.032352447509765625e-04 8.282065391540527344e-05 8.791685104370117188e-05 8.907914161682128906e-05 8.821487426757812500e-05 7.957220077514648438e-05
1.780284979528757416e+00 -4.422664642333984375e-05 -5.108118057250976562e-05 -4.607439041137695312e-05 -4.529953002929687500e-05 -3.233551979064941406e-05 -4.959106445312500000e-05 -5.140900611877441406e-05 -4.523992538452148438e-05 -4.306435585021972656e-05 -5.662441253662109375e-05
1.786737741514145439e+00 -1.034736633300781250e-04 -8.940696716308593750e-05 -8.729100227355957031e-05 -9.331107139587402344e-05 -1.027286052703857422e-04 -8.884072303771972656e-05 -9.876489639282226562e-05 -1.018047332763671875e-04 -1.017749309539794922e-04 -9.584426879882812500e-05
1.793190503499533239e+00 8.979439735412597656e-05 9.089708328247070312e-05 8.955597877502441406e-05 9.331107139587402344e-05 8.979439735412597656e-05 8.776783943176269531e-05 9.447336196899414062e-05 8.711218833923339844e-05 8.997321128845214844e-05 9.140372276306152344e-05
1.799643265484921262e+00 7.626414299011230469e-05 8.344650268554687500e-05 7.352232933044433594e-05 8.437037467956542969e-05 8.252263069152832031e-05 7.817149162292480469e-05 8.532404899597167969e-05 7.894635200500488281e-05 8.323788642883300781e-05 7.179379463195800781e-05
1.806096027470309062e+00 -3.680586814880371094e-05 -4.497170448303222656e-05 -4.601478576660156250e-05 -3.826618194580078125e-05 -4.848837852478027344e-05 -5.111098289489746094e-05 -5.492568016052246094e-05 -5.072355270385742188e-05 -4.243850708007812500e-05 -5.692243576049804688e-05
1.812548789455697085e+00 9.950995445251464844e-05 1.000463962554931641e-04 8.642673492431640625e-05 9.432435035705566406e-05 1.048147678375244141e-04 1.024007797241210938e-04 1.088678836822509766e-04 9.706616401672363281e-05 9.930133819580078125e-05 1.032650470733642578e-04
1.819001551441084885e+00 -9.924173355102539062e-06 -4.678964614868164062e-06 1.373887062072753906e-05 4.559755325317382812e-06 4.708766937255859375e-06 3.486871719360351562e-06 -1.013278961181640625e-06 -3.278255462646484375e-07 6.467103958129882812e-06 -3.188848495483398438e-06
1.825454313426472908e+00 -1.149475574493408203e-04 -1.095533370971679688e-04 -1.278817653656005859e-04 -1.222193241119384766e-04 -1.147985458374023438e-04 -1.099109649658203125e-04 -1.100897789001464844e-04 -1.254677772521972656e-04 -1.168549060821533203e-04 -1.089870929718017578e-04
1.831907075411860708e+00 7.492303848266601562e-05 7.882714271545410156e-05 7.855892181396484375e-05 8.693337440490722656e-05 8.878111839294433594e-05 7.525086402893066406e-05 7.605552673339843750e-05 8.198618888854980469e-05 6.756186485290527344e-05 6.607174873352050781e-05
1.838359837397248508e+00 1.922249794006347656e-05 2.583861351013183594e-05 2.220273017883300781e-05 2.607703208923339844e-05 2.565979957580566406e-05 3.489851951599121094e-05 2.363324165344238281e-05 2.476572990417480469e-05 2.640485763549804688e-05 1.791119575500488281e-05
1.844812599382636531e+00 -1.165866851806640625e-04 -1.002848148345947266e-04 -1.124441623687744141e-04 -1.135766506195068359e-04 -1.163780689239501953e-04 -1.090168952941894531e-04 -1.144409179687500000e-04 -1.015067100524902344e-04 -1.134276390075683594e-04 -1.083910465240478516e-04
1.851265361368024331e+00 1.070499420166015625e-04 1.012086868286132812e-04 1.018941402435302734e-04 1.037120819091796875e-04 1.041889190673828125e-04 1.019537448883056641e-04 1.013576984405517578e-04 9.897351264953613281e-05 1.123547554016113281e-04 9.548664093017578125e-05
1.857718123353412354e+00 3.281235694885253906e-05 4.145503044128417969e-05 4.115700721740722656e-05 4.625320434570312500e-05 4.240870475769042969e-05 3.981590270996093750e-05 4.354119300842285156e-05 5.248188972473144531e-05 4.276633262634277344e-05 4.273653030395507812e-05
1.864170885338800154e+00 -1.525580883026123047e-04 -1.409649848937988281e-04 -1.586973667144775391e-04 -1.532733440399169922e-04 -1.660883426666259766e-04 -1.598000526428222656e-04 -1.629889011383056641e-04 -1.521110534667968750e-04 -1.635551452636718750e-04 -1.550912857055664062e-04
1.870623647324188177e+00 8.672475814819335938e-05 8.183717727661132812e-05 9.021162986755371094e-05 8.654594421386718750e-05 8.437037467956542969e-05 9.083747863769531250e-05 9.512901306152343750e-05 8.919835090637207031e-05 8.556246757507324219e-05 9.596347808837890625e-05
1.877076409309575977e+00 1.069009304046630859e-04 9.977817535400390625e-05 1.083016395568847656e-04 9.322166442871093750e-05 1.027584075927734375e-04 1.027882099151611328e-04 1.052320003509521484e-04 1.018345355987548828e-04 1.052916049957275391e-04 9.384751319885253906e-05
1.883529171294964000e+00 -2.337694168090820312e-04 -2.585053443908691406e-04 -2.358853816986083984e-04 -2.434849739074707031e-04 -2.504289150238037109e-04 -2.350211143493652344e-04 -2.371370792388916016e-04 -2.337098121643066406e-04 -2.379417419433593750e-04 -2.472698688507080078e-04
1.889981933280351800e+00 8.109211921691894531e-05 8.806586265563964844e-05 6.988644599914550781e-05 9.983777999877929688e-05 1.017749309539794922e-04 8.633732795715332031e-05 8.308887481689453125e-05 8.419156074523925781e-05 7.602572441101074219e-05 9.369850158691406250e-05
1.896434695265739823e+00 1.849532127380371094e-04 1.889765262603759766e-04 1.733303070068359375e-04 1.809895038604736328e-04 1.748800277709960938e-04 1.825988292694091797e-04 1.755058765411376953e-04 1.823306083679199219e-04 1.764893531799316406e-04 1.873970031738281250e-04
1.902887457251127623e+00 -2.733469009399414062e-04 -2.696514129638671875e-04 -2.709627151489257812e-04 -2.764463424682617188e-04 -2.762973308563232422e-04 -2.766251564025878906e-04 -2.641379833221435547e-04 -2.704262733459472656e-04 -2.625882625579833984e-04 -2.711117267608642578e-04
1.909340219236515646e+00 9.796023368835449219e-05 1.034438610076904297e-04 1.004338264465332031e-04 1.114308834075927734e-04 1.085698604583740234e-04 9.623169898986816406e-05 1.020431518554687500e-04 1.119375228881835938e-04 1.014471054077148438e-04 1.060068607330322266e-04
1.915792981221903446e+00 2.600252628326416016e-04 2.560317516326904297e-04 2.586245536804199219e-04 2.574622631072998047e-04 2.559423446655273438e-04 2.725720405578613281e-04 2.548098564147949219e-04 2.638995647430419922e-04 2.569556236267089844e-04 2.567172050476074219e-04
1.922245743207291468e+00 -3.990530967712402344e-04 -4.097819328308105469e-04 -3.944337368011474609e-04 -4.007518291473388672e-04 -4.058778285980224609e-04 -4.114210605621337891e-04 -4.056394100189208984e-04 -4.049539566040039062e-04 -4.152059555053710938e-04 -4.042685031890869141e-04
1.928698505192679269e+00 1.800656318664550781e-04 1.919269561767578125e-04 1.905858516693115234e-04 2.004504203796386719e-04 1.848638057708740234e-04 1.934766769409179688e-04 1.989305019378662109e-04 1.882612705230712891e-04 1.854598522186279297e-04 1.904368400573730469e-04
1.935151267178067069e+00 3.581941127777099609e-04 3.567636013031005859e-04 3.444254398345947266e-04 3.486871719360351562e-04 3.569722175598144531e-04 3.575384616851806641e-04 3.515481948852539062e-04 3.615617752075195312e-04 3.533363342285156250e-04 3.554821014404296875e-04
1.941604029163455092e+00 -4.350841045379638672e-04 -4.394054412841796875e-04 -4.418194293975830078e-04 -4.358291625976562500e-04 -4.472136497497558594e-04 -4.412233829498291016e-04 -4.441142082214355469e-04 -4.453063011169433594e-04 -4.416108131408691406e-04 -4.492104053497314453e-04
1.948056791148842892e+00 1.322329044342041016e-04 1.378059387207031250e-04 1.424252986907958984e-04 1.524388790130615234e-04 1.724362373352050781e-04 1.361966133117675781e-04 1.439750194549560547e-04 1.508593559265136719e-04 1.414716243743896484e-04 1.413524150848388672e-04
1.954509553134230915e+00 3.394484519958496094e-04 3.286898136138916016e-04 3.189742565155029297e-04 3.280937671661376953e-04 3.225207328796386719e-04 3.370940685272216797e-04 3.299117088317871094e-04 3.291070461273193359e-04 3.328919410705566406e-04 3.334879875183105469e-04
1.960962315119618715e+00 -4.888474941253662109e-04 -4.887878894805908203e-04 -4.735589027404785156e-04 -4.709661006927490234e-04 -4.765689373016357422e-04 -4.858374595642089844e-04 -4.757642745971679688e-04 -4.871785640716552734e-04 -4.807412624359130859e-04 -4.855096340179443359e-04
1.967415077105006738e+00 1.804232597351074219e-04 1.789033412933349609e-04 1.862943172454833984e-04 1.808106899261474609e-04 1.817941665649414062e-04 1.713037490844726562e-04 1.796185970306396484e-04 1.846551895141601562e-04 1.853108406066894531e-04 1.886785030364990234e-04
1.973867839090394538e+00 3.758072853088378906e-04 3.828108310699462891e-04 3.783404827117919922e-04 3.635287284851074219e-04 3.875195980072021484e-04 3.855526447296142578e-04 3.783404827117919922e-04 3.908276557922363281e-04 3.717839717864990234e-04 3.772974014282226562e-04
1.980320601075782561e+00 -5.302131175994873047e-04 -5.466639995574951172e-04 -5.564987659454345703e-04 -5.537569522857666016e-04 -5.303919315338134766e-04 -5.300045013427734375e-04 -5.390942096710205078e-04 -5.408525466918945312e-04 -5.513429641723632812e-04 -5.308389663696289062e-04
1.986773363061170361e+00 1.317858695983886719e-04 1.388192176818847656e-04 1.258850097656250000e-04 1.093745231628417969e-04 1.223087310791015625e-04 1.163482666015625000e-04 1.158416271209716797e-04 1.213848590850830078e-04 1.247823238372802734e-04 1.198053359985351562e-04
1.993226125046558384e+00 4.367232322692871094e-04 4.189908504486083984e-04 4.279315471649169922e-04 4.171729087829589844e-04 4.270076751708984375e-04 4.294216632843017578e-04 4.276633262634277344e-04 4.389286041259765625e-04 4.347860813140869141e-04 4.343390464782714844e-04
1.999678887031946184e+00 -4.342198371887207031e-04 -4.361271858215332031e-04 -4.492402076721191406e-04 -4.471838474273681641e-04 -4.374086856842041016e-04 -4.449784755706787109e-04 -4.438459873199462891e-04 -4.368722438812255859e-04 -4.489719867706298828e-04 -4.395544528961181641e-04
2.006131649017333984e+00 2.384483814239501953e-04 2.547204494476318359e-04 2.518594264984130859e-04 2.477467060089111328e-04 2.502202987670898438e-04 2.391934394836425781e-04 2.436935901641845703e-04 2.606511116027832031e-04 2.403259277343750000e-04 2.508163452148437500e-04
